#rso
#bi-directional reflectance factor
3.156968e-02,3.153216e-02,3.148704e-02,3.144257e-02,3.139911e-02,3.135734e-02,3.130833e-02,3.126782e-02,3.122748e-02,3.117884e-02,3.113815e-02,3.108812e-02,3.104721e-02,3.100703e-02,3.095866e-02,3.091918e-02,3.087974e-02,3.084004e-02,3.080885e-02,3.076896e-02,3.073637e-02,3.070264e-02,3.066892e-02,3.064346e-02,3.061946e-02,3.058697e-02,3.056225e-02,3.054484e-02,3.051983e-02,3.049517e-02,3.047736e-02,3.045064e-02,3.043287e-02,3.040742e-02,3.039094e-02,3.037462e-02,3.034984e-02,3.033421e-02,3.031863e-02,3.029509e-02,3.028077e-02,3.026878e-02,3.024964e-02,3.023856e-02,3.022079e-02,3.021297e-02,3.020573e-02,3.019064e-02,3.018762e-02,3.018745e-02,3.018236e-02,3.018917e-02,3.019996e-02,3.021264e-02,3.022684e-02,3.024214e-02,3.026722e-02,3.028626e-02,3.030469e-02,3.033054e-02,3.034700e-02,3.036365e-02,3.038483e-02,3.039650e-02,3.041880e-02,3.043447e-02,3.045626e-02,3.047727e-02,3.048754e-02,3.050581e-02,3.052300e-02,3.052707e-02,3.053805e-02,3.054833e-02,3.054892e-02,3.055648e-02,3.056393e-02,3.057726e-02,3.058184e-02,3.059496e-02,3.061095e-02,3.062762e-02,3.065953e-02,3.069705e-02,3.073647e-02,3.079454e-02,3.086497e-02,3.093977e-02,3.103966e-02,3.114986e-02,3.128416e-02,3.142661e-02,3.159825e-02,3.178730e-02,3.200483e-02,3.224182e-02,3.251743e-02,3.282084e-02,3.315897e-02,3.354190e-02,3.396463e-02,3.442622e-02,3.493681e-02,3.550087e-02,3.612769e-02,3.680523e-02,3.754683e-02,3.837632e-02,3.929388e-02,4.026455e-02,4.132396e-02,4.245353e-02,4.366872e-02,4.502870e-02,4.649744e-02,4.799871e-02,4.959482e-02,5.128033e-02,5.305069e-02,5.489556e-02,5.680957e-02,5.872253e-02,6.067858e-02,6.260664e-02,6.454646e-02,6.641421e-02,6.823269e-02,6.996800e-02,7.166404e-02,7.321137e-02,7.471892e-02,7.608650e-02,7.745483e-02,7.863593e-02,7.978780e-02,8.079436e-02,8.177241e-02,8.257129e-02,8.337557e-02,8.404919e-02,8.475122e-02,8.528710e-02,8.574109e-02,8.631166e-02,8.679449e-02,8.734403e-02,8.780836e-02,8.835456e-02,8.880467e-02,8.923267e-02,8.967016e-02,8.997266e-02,9.019380e-02,9.043015e-02,9.050233e-02,9.036084e-02,8.994563e-02,8.951290e-02,8.893781e-02,8.828519e-02,8.765194e-02,8.704112e-02,8.630620e-02,8.555275e-02,8.473052e-02,8.382097e-02,8.285646e-02,8.176531e-02,8.067977e-02,7.954076e-02,7.838319e-02,7.721615e-02,7.605911e-02,7.493046e-02,7.384898e-02,7.280871e-02,7.182500e-02,7.089147e-02,7.002624e-02,6.920030e-02,6.842195e-02,6.767348e-02,6.697006e-02,6.630763e-02,6.568395e-02,6.508504e-02,6.453563e-02,6.402485e-02,6.355428e-02,6.310721e-02,6.271494e-02,6.235213e-02,6.202287e-02,6.168801e-02,6.142079e-02,6.117932e-02,6.095074e-02,6.072507e-02,6.050222e-02,6.027272e-02,5.999668e-02,5.971963e-02,5.942372e-02,5.909576e-02,5.869544e-02,5.829054e-02,5.783811e-02,5.732039e-02,5.679074e-02,5.623282e-02,5.565898e-02,5.506425e-02,5.447277e-02,5.387191e-02,5.325246e-02,5.267371e-02,5.210033e-02,5.156837e-02,5.107044e-02,5.060809e-02,5.021741e-02,4.983732e-02,4.953625e-02,4.925972e-02,4.904656e-02,4.885164e-02,4.868865e-02,4.858371e-02,4.848567e-02,4.840954e-02,4.830375e-02,4.820580e-02,4.805260e-02,4.783299e-02,4.757654e-02,4.722595e-02,4.681690e-02,4.628891e-02,4.570916e-02,4.506900e-02,4.438167e-02,4.364369e-02,4.289752e-02,4.212399e-02,4.136096e-02,4.060886e-02,3.991307e-02,3.925058e-02,3.863830e-02,3.812499e-02,3.764889e-02,3.724779e-02,3.687112e-02,3.652793e-02,3.616303e-02,3.577735e-02,3.535443e-02,3.488624e-02,3.437047e-02,3.380869e-02,3.322228e-02,3.260521e-02,3.200172e-02,3.141696e-02,3.086994e-02,3.035541e-02,2.989321e-02,2.950230e-02,2.916658e-02,2.888920e-02,2.865392e-02,2.846712e-02,2.832120e-02,2.820285e-02,2.811245e-02,2.805088e-02,2.801034e-02,2.800888e-02,2.802864e-02,2.813309e-02,2.827486e-02,2.857726e-02,2.895876e-02,2.956314e-02,3.034505e-02,3.144809e-02,3.282823e-02,3.459333e-02,3.674427e-02,3.940331e-02,4.254436e-02,4.621093e-02,5.041282e-02,5.521097e-02,6.051717e-02,6.623759e-02,7.242304e-02,7.901587e-02,8.591978e-02,9.301857e-02,1.003330e-01,1.078265e-01,1.153049e-01,1.227597e-01,1.301985e-01,1.375603e-01,1.448727e-01,1.521136e-01,1.593103e-01,1.666921e-01,1.738746e-01,1.810239e-01,1.881863e-01,1.953635e-01,2.025858e-01,2.098055e-01,2.170735e-01,2.243556e-01,2.316397e-01,2.389550e-01,2.467178e-01,2.540484e-01,2.613852e-01,2.685419e-01,2.758070e-01,2.830234e-01,2.901884e-01,2.973103e-01,3.043152e-01,3.112171e-01,3.180007e-01,3.246378e-01,3.311974e-01,3.376388e-01,3.437887e-01,3.498290e-01,3.557378e-01,3.614427e-01,3.668708e-01,3.722458e-01,3.773940e-01,3.820670e-01,3.867043e-01,3.909784e-01,3.952102e-01,3.990857e-01,4.029213e-01,4.063923e-01,4.098074e-01,4.129252e-01,4.159705e-01,4.187794e-01,4.216181e-01,4.246500e-01,4.275560e-01,4.306472e-01,4.336152e-01,4.365951e-01,4.397580e-01,4.427688e-01,4.459670e-01,4.488160e-01,4.518338e-01,4.548429e-01,4.576538e-01,4.606163e-01,4.635589e-01,4.664669e-01,4.691381e-01,4.719434e-01,4.746995e-01,4.773887e-01,4.799952e-01,4.825283e-01,4.849592e-01,4.872878e-01,4.895124e-01,4.916076e-01,4.935715e-01,4.953924e-01,4.970650e-01,4.982146e-01,4.995952e-01,5.009830e-01,5.023809e-01,5.037821e-01,5.052005e-01,5.066323e-01,5.078323e-01,5.092807e-01,5.107342e-01,5.119609e-01,5.134435e-01,5.146873e-01,5.159334e-01,5.171922e-01,5.184601e-01,5.199831e-01,5.212693e-01,5.225617e-01,5.238582e-01,5.251666e-01,5.264827e-01,5.278021e-01,5.288714e-01,5.302123e-01,5.315622e-01,5.329138e-01,5.342844e-01,5.353856e-01,5.367710e-01,5.378871e-01,5.390107e-01,5.404226e-01,5.415604e-01,5.427047e-01,5.438543e-01,5.450093e-01,5.461720e-01,5.473452e-01,5.485214e-01,5.496997e-01,5.508874e-01,5.517845e-01,5.529868e-01,5.541862e-01,5.550760e-01,5.562927e-01,5.575141e-01,5.587250e-01,5.596456e-01,5.605715e-01,5.618027e-01,5.627278e-01,5.636699e-01,5.649351e-01,5.658821e-01,5.668369e-01,5.678016e-01,5.690896e-01,5.700621e-01,5.710418e-01,5.720279e-01,5.730141e-01,5.740108e-01,5.750122e-01,5.760225e-01,5.770348e-01,5.780539e-01,5.790705e-01,5.801022e-01,5.811361e-01,5.818292e-01,5.828716e-01,5.835732e-01,5.846228e-01,5.856748e-01,5.863923e-01,5.874588e-01,5.881699e-01,5.892439e-01,5.899654e-01,5.910421e-01,5.917697e-01,5.924963e-01,5.932258e-01,5.943175e-01,5.950512e-01,5.957854e-01,5.965287e-01,5.976351e-01,5.983752e-01,5.991177e-01,5.998657e-01,6.006050e-01,6.013536e-01,6.021124e-01,6.028631e-01,6.036225e-01,6.043815e-01,6.051451e-01,6.055287e-01,6.062997e-01,6.070769e-01,6.078541e-01,6.082480e-01,6.090342e-01,6.098298e-01,6.106105e-01,6.110134e-01,6.118080e-01,6.126031e-01,6.130065e-01,6.134115e-01,6.142221e-01,6.146261e-01,6.154241e-01,6.158375e-01,6.166498e-01,6.170517e-01,6.174569e-01,6.178682e-01,6.182666e-01,6.186690e-01,6.190859e-01,6.194981e-01,6.199044e-01,6.203014e-01,6.207112e-01,6.211231e-01,6.215358e-01,6.219409e-01,6.223444e-01,6.227502e-01,6.231668e-01,6.235895e-01,6.239925e-01,6.243724e-01,6.247752e-01,6.251915e-01,6.256043e-01,6.259972e-01,6.263558e-01,6.267432e-01,6.271382e-01,6.275271e-01,6.279182e-01,6.283049e-01,6.286800e-01,6.290621e-01,6.293986e-01,6.297456e-01,6.301006e-01,6.304312e-01,6.308002e-01,6.311398e-01,6.313791e-01,6.316794e-01,6.319900e-01,6.323183e-01,6.326071e-01,6.327597e-01,6.330442e-01,6.333389e-01,6.335983e-01,6.338709e-01,6.340954e-01,6.343557e-01,6.346388e-01,6.347619e-01,6.347151e-01,6.348204e-01,6.350149e-01,6.351204e-01,6.352128e-01,6.353183e-01,6.354775e-01,6.356416e-01,6.358547e-01,6.360694e-01,6.362697e-01,6.364117e-01,6.367069e-01,6.370830e-01,6.374069e-01,6.377480e-01,6.380680e-01,6.384283e-01,6.388301e-01,6.391602e-01,6.395584e-01,6.399124e-01,6.402393e-01,6.406343e-01,6.409573e-01,6.413084e-01,6.416785e-01,6.421032e-01,6.424744e-01,6.428881e-01,6.432931e-01,6.437082e-01,6.441055e-01,6.445412e-01,6.449636e-01,6.454053e-01,6.457977e-01,6.462597e-01,6.467278e-01,6.471686e-01,6.475923e-01,6.480767e-01,6.485209e-01,6.489652e-01,6.493869e-01,6.498613e-01,6.503036e-01,6.507374e-01,6.512283e-01,6.516732e-01,6.521136e-01,6.525548e-01,6.530121e-01,6.534356e-01,6.538792e-01,6.543237e-01,6.547883e-01,6.552006e-01,6.556631e-01,6.561358e-01,6.565559e-01,6.570303e-01,6.574519e-01,6.579084e-01,6.583174e-01,6.588009e-01,6.592114e-01,6.596190e-01,6.600309e-01,6.604833e-01,6.609166e-01,6.613507e-01,6.617799e-01,6.622155e-01,6.626462e-01,6.630575e-01,6.634695e-01,6.638293e-01,6.642571e-01,6.646619e-01,6.650708e-01,6.653898e-01,6.657093e-01,6.660792e-01,6.664403e-01,6.668019e-01,6.671640e-01,6.675061e-01,6.678692e-01,6.682123e-01,6.685558e-01,6.688492e-01,6.691996e-01,6.695238e-01,6.698037e-01,6.701140e-01,6.703945e-01,6.706961e-01,6.710282e-01,6.713187e-01,6.716066e-01,6.718740e-01,6.721635e-01,6.724264e-01,6.727115e-01,6.729500e-01,6.732096e-01,6.734495e-01,6.736836e-01,6.739137e-01,6.741616e-01,6.744018e-01,6.746223e-01,6.748368e-01,6.750263e-01,6.752308e-01,6.754143e-01,6.756087e-01,6.758033e-01,6.759627e-01,6.761248e-01,6.762766e-01,6.764169e-01,6.765637e-01,6.766990e-01,6.768252e-01,6.769076e-01,6.770113e-01,6.771259e-01,6.772341e-01,6.773435e-01,6.774076e-01,6.774640e-01,6.775204e-01,6.775664e-01,6.776337e-01,6.776744e-01,6.777337e-01,6.777645e-01,6.777911e-01,6.777917e-01,6.777875e-01,6.778029e-01,6.778320e-01,6.778356e-01,6.778132e-01,6.777647e-01,6.777115e-01,6.776347e-01,6.776146e-01,6.775897e-01,6.775625e-01,6.774927e-01,6.774229e-01,6.773981e-01,6.773709e-01,6.773225e-01,6.772528e-01,6.771619e-01,6.771159e-01,6.770888e-01,6.770405e-01,6.769498e-01,6.768738e-01,6.768679e-01,6.769068e-01,6.769010e-01,6.768104e-01,6.767198e-01,6.766569e-01,6.765875e-01,6.765060e-01,6.763797e-01,6.762536e-01,6.761698e-01,6.761071e-01,6.759601e-01,6.757101e-01,6.754370e-01,6.752273e-01,6.750179e-01,6.747246e-01,6.742367e-01,6.736936e-01,6.732079e-01,6.727648e-01,6.723461e-01,6.719048e-01,6.713545e-01,6.706056e-01,6.696269e-01,6.686727e-01,6.679874e-01,6.673855e-01,6.666230e-01,6.655833e-01,6.645051e-01,6.637522e-01,6.632214e-01,6.627516e-01,6.622033e-01,6.615571e-01,6.609721e-01,6.603978e-01,6.598158e-01,6.594377e-01,6.592564e-01,6.590754e-01,6.589004e-01,6.587255e-01,6.585508e-01,6.583822e-01,6.582137e-01,6.582407e-01,6.580724e-01,6.581028e-01,6.581357e-01,6.581628e-01,6.579946e-01,6.580217e-01,6.580428e-01,6.580640e-01,6.578900e-01,6.577103e-01,6.577255e-01,6.577408e-01,6.577501e-01,6.577653e-01,6.577806e-01,6.575950e-01,6.576103e-01,6.576255e-01,6.576441e-01,6.574647e-01,6.574799e-01,6.573007e-01,6.573159e-01,6.573371e-01,6.573464e-01,6.571673e-01,6.571826e-01,6.571919e-01,6.572072e-01,6.570222e-01,6.570316e-01,6.570409e-01,6.570502e-01,6.570535e-01,6.570628e-01,6.570721e-01,6.572756e-01,6.572849e-01,6.572942e-01,6.573034e-01,6.573127e-01,6.573220e-01,6.568660e-01,6.570692e-01,6.570785e-01,6.570878e-01,6.570970e-01,6.568353e-01,6.568386e-01,6.570417e-01,6.570510e-01,6.565957e-01,6.565990e-01,6.568078e-01,6.565465e-01,6.565591e-01,6.563040e-01,6.563193e-01,6.563345e-01,6.558928e-01,6.559140e-01,6.556658e-01,6.556870e-01,6.552466e-01,6.552738e-01,6.550263e-01,6.545932e-01,6.548122e-01,6.543736e-01,6.544008e-01,6.541577e-01,6.541789e-01,6.539328e-01,6.534960e-01,6.535172e-01,6.530754e-01,6.530907e-01,6.528399e-01,6.523936e-01,6.525929e-01,6.521471e-01,6.518915e-01,6.518950e-01,6.514506e-01,6.511959e-01,6.512053e-01,6.507623e-01,6.505120e-01,6.505272e-01,6.502794e-01,6.498442e-01,6.498595e-01,6.494251e-01,6.494403e-01,6.490068e-01,6.485800e-01,6.487818e-01,6.483497e-01,6.479241e-01,6.481254e-01,6.476946e-01,6.477098e-01,6.472797e-01,6.468505e-01,6.468657e-01,6.464353e-01,6.464505e-01,6.460172e-01,6.458480e-01,6.454160e-01,6.452416e-01,6.448107e-01,6.446368e-01,6.442015e-01,6.442109e-01,6.435997e-01,6.436091e-01,6.434362e-01,6.428271e-01,6.426586e-01,6.424865e-01,6.420612e-01,6.418896e-01,6.417181e-01,6.412942e-01,6.411232e-01,6.409524e-01,6.407817e-01,6.401800e-01,6.400100e-01,6.398400e-01,6.396702e-01,6.393216e-01,6.391522e-01,6.388044e-01,6.386355e-01,6.388944e-01,6.376938e-01,6.379516e-01,6.380319e-01,6.381121e-01,6.380145e-01,6.376686e-01,6.375712e-01,6.372260e-01,6.368814e-01,6.369613e-01,6.364405e-01,6.360972e-01,6.355785e-01,6.354821e-01,6.349649e-01,6.344489e-01,6.339341e-01,6.334205e-01,6.329123e-01,6.318129e-01,6.315455e-01,6.304528e-01,6.299474e-01,6.294430e-01,6.291786e-01,6.289145e-01,6.276650e-01,6.268276e-01,6.259933e-01,6.257331e-01,6.250706e-01,6.241764e-01,6.233471e-01,6.219630e-01,6.205876e-01,6.200057e-01,6.184147e-01,6.173850e-01,6.163601e-01,6.158911e-01,6.148779e-01,6.138695e-01,6.130877e-01,6.117712e-01,6.103055e-01,6.084759e-01,6.070320e-01,6.051684e-01,6.039903e-01,6.021523e-01,6.012008e-01,5.997401e-01,5.984379e-01,5.969957e-01,5.960623e-01,5.946358e-01,5.937126e-01,5.928510e-01,5.935228e-01,5.945507e-01,5.948809e-01,5.934584e-01,5.921026e-01,5.912476e-01,5.903919e-01,5.890555e-01,5.884068e-01,5.874734e-01,5.856784e-01,5.834227e-01,5.805937e-01,5.775263e-01,5.747650e-01,5.716975e-01,5.682862e-01,5.654891e-01,5.627032e-01,5.605997e-01,5.584887e-01,5.577203e-01,5.547412e-01,5.511140e-01,5.463613e-01,5.421259e-01,5.361524e-01,5.298378e-01,5.242622e-01,5.180217e-01,5.134492e-01,5.073817e-01,5.019447e-01,4.964360e-01,4.904137e-01,4.841669e-01,4.803707e-01,4.754434e-01,4.690673e-01,4.636616e-01,4.580544e-01,4.536774e-01,4.483630e-01,4.430414e-01,4.381852e-01,4.341034e-01,4.304416e-01,4.260867e-01,4.218371e-01,4.184209e-01,4.140819e-01,4.104079e-01,4.068109e-01,4.034192e-01,4.006268e-01,3.978808e-01,3.948130e-01,3.919164e-01,3.890702e-01,3.866448e-01,3.844867e-01,3.821325e-01,3.796934e-01,3.774024e-01,3.756014e-01,3.733719e-01,3.711677e-01,3.694345e-01,3.677198e-01,3.665653e-01,3.649846e-01,3.634187e-01,3.623962e-01,3.609567e-01,3.599451e-01,3.591386e-01,3.581432e-01,3.572476e-01,3.564546e-01,3.555731e-01,3.546920e-01,3.539110e-01,3.535332e-01,3.527625e-01,3.525778e-01,3.523933e-01,3.522135e-01,3.516341e-01,3.513562e-01,3.512720e-01,3.510890e-01,3.514889e-01,3.513101e-01,3.512222e-01,3.509501e-01,3.512559e-01,3.509837e-01,3.513840e-01,3.516906e-01,3.521920e-01,3.521044e-01,3.523216e-01,3.530279e-01,3.534386e-01,3.538452e-01,3.545629e-01,3.552793e-01,3.561009e-01,3.572332e-01,3.580650e-01,3.589952e-01,3.600530e-01,3.607940e-01,3.619650e-01,3.631392e-01,3.638994e-01,3.655185e-01,3.663939e-01,3.676012e-01,3.688214e-01,3.698165e-01,3.715012e-01,3.721941e-01,3.732286e-01,3.743836e-01,3.756521e-01,3.764734e-01,3.776469e-01,3.788336e-01,3.797838e-01,3.815700e-01,3.824214e-01,3.837537e-01,3.852183e-01,3.863442e-01,3.874517e-01,3.887109e-01,3.904553e-01,3.918587e-01,3.928862e-01,3.943039e-01,3.958639e-01,3.967900e-01,3.984942e-01,3.998159e-01,4.016835e-01,4.027659e-01,4.039907e-01,4.057664e-01,4.068801e-01,4.080011e-01,4.099547e-01,4.110958e-01,4.123811e-01,4.136706e-01,4.148362e-01,4.165879e-01,4.174671e-01,4.193931e-01,4.208791e-01,4.214913e-01,4.227044e-01,4.248355e-01,4.257552e-01,4.271467e-01,4.285532e-01,4.299668e-01,4.313971e-01,4.321992e-01,4.336419e-01,4.349476e-01,4.356055e-01,4.370827e-01,4.379133e-01,4.390870e-01,4.405944e-01,4.412761e-01,4.429642e-01,4.436587e-01,4.447061e-01,4.454073e-01,4.469678e-01,4.476704e-01,4.483813e-01,4.497969e-01,4.506781e-01,4.513989e-01,4.526646e-01,4.535579e-01,4.542898e-01,4.550229e-01,4.566558e-01,4.573981e-01,4.581434e-01,4.590631e-01,4.598149e-01,4.605696e-01,4.616810e-01,4.625484e-01,4.629063e-01,4.635920e-01,4.641036e-01,4.645047e-01,4.651272e-01,4.657194e-01,4.662635e-01,4.669381e-01,4.674911e-01,4.683039e-01,4.686762e-01,4.693122e-01,4.699468e-01,4.705889e-01,4.711544e-01,4.719847e-01,4.726356e-01,4.729366e-01,4.738546e-01,4.739656e-01,4.747279e-01,4.753055e-01,4.758020e-01,4.766829e-01,4.771505e-01,4.781225e-01,4.784224e-01,4.793185e-01,4.800154e-01,4.805196e-01,4.808614e-01,4.815617e-01,4.819886e-01,4.829795e-01,4.836927e-01,4.847259e-01,4.857360e-01,4.865806e-01,4.869275e-01,4.878972e-01,4.884529e-01,4.892226e-01,4.898761e-01,4.905266e-01,4.912169e-01,4.922101e-01,4.927802e-01,4.934454e-01,4.940242e-01,4.947262e-01,4.952549e-01,4.959232e-01,4.961149e-01,4.968269e-01,4.973202e-01,4.981269e-01,4.986285e-01,4.993443e-01,4.997576e-01,5.002631e-01,5.006732e-01,5.012728e-01,5.015928e-01,5.019739e-01,5.027067e-01,5.032144e-01,5.038215e-01,5.042388e-01,5.043074e-01,5.048241e-01,5.051497e-01,5.054433e-01,5.057699e-01,5.060644e-01,5.060719e-01,5.065955e-01,5.071554e-01,5.076743e-01,5.077815e-01,5.082067e-01,5.085425e-01,5.089693e-01,5.086169e-01,5.092703e-01,5.096050e-01,5.098972e-01,5.098686e-01,5.101612e-01,5.102667e-01,5.101950e-01,5.099744e-01,5.104975e-01,5.101422e-01,5.096565e-01,5.095274e-01,5.095014e-01,5.085933e-01,5.083393e-01,5.080237e-01,5.077731e-01,5.066467e-01,5.060756e-01,5.056325e-01,5.049336e-01,5.043998e-01,5.036124e-01,5.029503e-01,5.022610e-01,5.011657e-01,5.004826e-01,4.993973e-01,4.986323e-01,4.986394e-01,5.009275e-01,4.998398e-01,4.992908e-01,4.984338e-01,4.975826e-01,4.965157e-01,4.958867e-01,4.950420e-01,4.940819e-01,4.930339e-01,4.922060e-01,4.908700e-01,4.899257e-01,4.891086e-01,4.878793e-01,4.868664e-01,4.857360e-01,4.845591e-01,4.835302e-01,4.824499e-01,4.816617e-01,4.808724e-01,4.799713e-01,4.787193e-01,4.779420e-01,4.770059e-01,4.760467e-01,4.750879e-01,4.739746e-01,4.729512e-01,4.721182e-01,4.711317e-01,4.702017e-01,4.696760e-01,4.688572e-01,4.681542e-01,4.673420e-01,4.662732e-01,4.658388e-01,4.652490e-01,4.643735e-01,4.635020e-01,4.628919e-01,4.620273e-01,4.615985e-01,4.609180e-01,4.604959e-01,4.598488e-01,4.592483e-01,4.586073e-01,4.581191e-01,4.576280e-01,4.572401e-01,4.568530e-01,4.565393e-01,4.560853e-01,4.560206e-01,4.560841e-01,4.560444e-01,4.558332e-01,4.562132e-01,4.564528e-01,4.566597e-01,4.567504e-01,4.570594e-01,4.576168e-01,4.578832e-01,4.581208e-01,4.580807e-01,4.582452e-01,4.584118e-01,4.584780e-01,4.584397e-01,4.583572e-01,4.579987e-01,4.577121e-01,4.578051e-01,4.573729e-01,4.570873e-01,4.569037e-01,4.564735e-01,4.559701e-01,4.557135e-01,4.555006e-01,4.553454e-01,4.550176e-01,4.546904e-01,4.544355e-01,4.544227e-01,4.541967e-01,4.542860e-01,4.542733e-01,4.544344e-01,4.541798e-01,4.542691e-01,4.544302e-01,4.547636e-01,4.549251e-01,4.551892e-01,4.555240e-01,4.561796e-01,4.569081e-01,4.570005e-01,4.573114e-01,4.577249e-01,4.579638e-01,4.587032e-01,4.591932e-01,4.593310e-01,4.596458e-01,4.596771e-01,4.599923e-01,4.597764e-01,4.596344e-01,4.592422e-01,4.589244e-01,4.588857e-01,4.592732e-01,4.594847e-01,4.595160e-01,4.598754e-01,4.597039e-01,4.599898e-01,4.602020e-01,4.603870e-01,4.603890e-01,4.607500e-01,4.613625e-01,4.615466e-01,4.616267e-01,4.622404e-01,4.623188e-01,4.626516e-01,4.628370e-01,4.632758e-01,4.634562e-01,4.636382e-01,4.634612e-01,4.635700e-01,4.636768e-01,4.638890e-01,4.638116e-01,4.639939e-01,4.642820e-01,4.647220e-01,4.645720e-01,4.648575e-01,4.650710e-01,4.651785e-01,4.657269e-01,4.656522e-01,4.657600e-01,4.659461e-01,4.658699e-01,4.663438e-01,4.664541e-01,4.664900e-01,4.660812e-01,4.663001e-01,4.665462e-01,4.663988e-01,4.661617e-01,4.662300e-01,4.662219e-01,4.661342e-01,4.664160e-01,4.666981e-01,4.664627e-01,4.665886e-01,4.668249e-01,4.661445e-01,4.657553e-01,4.650276e-01,4.643682e-01,4.641615e-01,4.637710e-01,4.632044e-01,4.618898e-01,4.604068e-01,4.598448e-01,4.587273e-01,4.567143e-01,4.552662e-01,4.541736e-01,4.523768e-01,4.504257e-01,4.484979e-01,4.464234e-01,4.445318e-01,4.411612e-01,4.391673e-01,4.344444e-01,4.309457e-01,4.273441e-01,4.244192e-01,4.202018e-01,4.172250e-01,4.130153e-01,4.098424e-01,4.038811e-01,3.989187e-01,3.940962e-01,3.884086e-01,3.832713e-01,3.767826e-01,3.706611e-01,3.610339e-01,3.537535e-01,3.465882e-01,3.397326e-01,3.315825e-01,3.246006e-01,3.136810e-01,3.058401e-01,2.982669e-01,2.908095e-01,2.827382e-01,2.729979e-01,2.652311e-01,2.583118e-01,2.515925e-01,2.447473e-01,2.365034e-01,2.304683e-01,2.250025e-01,2.199345e-01,2.154790e-01,2.089345e-01,2.049914e-01,2.012799e-01,1.973286e-01,1.933348e-01,1.894601e-01,1.868412e-01,1.842843e-01,1.817905e-01,1.793364e-01,1.769624e-01,1.755905e-01,1.733325e-01,1.720570e-01,1.698575e-01,1.686945e-01,1.675232e-01,1.664146e-01,1.653362e-01,1.642913e-01,1.632626e-01,1.631322e-01,1.620494e-01,1.619047e-01,1.609183e-01,1.607296e-01,1.606277e-01,1.605418e-01,1.595695e-01,1.594842e-01,1.593834e-01,1.593184e-01,1.601365e-01,1.601162e-01,1.600708e-01,1.599845e-01,1.607885e-01,1.607883e-01,1.616616e-01,1.616568e-01,1.624810e-01,1.633503e-01,1.633669e-01,1.642498e-01,1.651367e-01,1.660323e-01,1.669854e-01,1.669815e-01,1.679181e-01,1.689356e-01,1.698696e-01,1.708630e-01,1.717935e-01,1.728028e-01,1.738278e-01,1.748354e-01,1.758537e-01,1.768873e-01,1.779277e-01,1.789791e-01,1.800465e-01,1.811214e-01,1.821568e-01,1.832334e-01,1.853637e-01,1.853870e-01,1.876223e-01,1.887824e-01,1.888615e-01,1.907930e-01,1.919092e-01,1.933293e-01,1.943727e-01,1.960426e-01,1.970284e-01,1.979248e-01,1.996169e-01,2.007306e-01,2.021807e-01,2.032529e-01,2.049998e-01,2.059338e-01,2.075265e-01,2.087192e-01,2.097521e-01,2.113976e-01,2.125338e-01,2.141458e-01,2.151257e-01,2.166691e-01,2.176741e-01,2.191378e-01,2.203144e-01,2.215465e-01,2.225549e-01,2.240475e-01,2.250781e-01,2.264009e-01,2.273744e-01,2.288024e-01,2.297501e-01,2.311299e-01,2.321034e-01,2.328266e-01,2.342401e-01,2.356704e-01,2.365488e-01,2.377473e-01,2.386410e-01,2.398148e-01,2.404992e-01,2.417788e-01,2.423862e-01,2.434135e-01,2.440734e-01,2.453454e-01,2.459704e-01,2.468880e-01,2.473831e-01,2.484964e-01,2.488039e-01,2.492317e-01,2.497363e-01,2.504389e-01,2.513428e-01,2.511840e-01,2.518948e-01,2.522113e-01,2.526487e-01,2.522891e-01,2.530063e-01,2.532458e-01,2.535658e-01,2.536052e-01,2.534435e-01,2.541674e-01,2.538034e-01,2.540445e-01,2.540840e-01,2.539217e-01,2.539612e-01,2.535977e-01,2.541205e-01,2.543622e-01,2.539971e-01,2.540366e-01,2.536727e-01,2.535108e-01,2.535501e-01,2.531875e-01,2.532266e-01,2.533457e-01,2.531845e-01,2.530235e-01,2.526604e-01,2.525005e-01,2.530195e-01,2.524589e-01,2.529782e-01,2.524177e-01,2.529360e-01,2.532559e-01,2.531741e-01,2.534941e-01,2.538146e-01,2.539338e-01,2.545360e-01,2.548591e-01,2.549794e-01,2.550993e-01,2.559149e-01,2.558309e-01,2.564456e-01,2.567741e-01,2.571841e-01,2.573071e-01,2.581384e-01,2.580540e-01,2.586800e-01,2.588053e-01,2.592243e-01,2.598538e-01,2.599799e-01,2.598943e-01,2.605290e-01,2.606553e-01,2.610777e-01,2.609909e-01,2.616311e-01,2.617585e-01,2.621864e-01,2.620989e-01,2.627424e-01,2.626545e-01,2.630859e-01,2.632148e-01,2.636482e-01,2.635573e-01,2.639923e-01,2.641222e-01,2.645586e-01,2.644690e-01,2.649066e-01,2.650346e-01,2.652532e-01,2.659147e-01,2.658242e-01,2.662660e-01,2.664863e-01,2.669280e-01,2.668363e-01,2.672816e-01,2.677284e-01,2.674120e-01,2.678569e-01,2.683057e-01,2.685296e-01,2.684372e-01,2.686612e-01,2.691129e-01,2.693357e-01,2.697897e-01,2.702453e-01,2.707024e-01,2.703787e-01,2.708363e-01,2.710627e-01,2.715227e-01,2.717522e-01,2.719820e-01,2.718849e-01,2.721145e-01,2.723449e-01,2.728095e-01,2.730407e-01,2.732699e-01,2.729394e-01,2.734061e-01,2.736378e-01,2.738681e-01,2.735360e-01,2.737685e-01,2.740009e-01,2.736654e-01,2.738982e-01,2.741308e-01,2.743639e-01,2.745973e-01,2.748312e-01,2.744936e-01,2.744895e-01,2.747232e-01,2.749574e-01,2.751919e-01,2.754243e-01,2.756592e-01,2.758950e-01,2.758909e-01,2.761265e-01,2.763626e-01,2.765961e-01,2.765915e-01,2.768279e-01,2.770642e-01,2.770564e-01,2.772926e-01,2.775292e-01,2.775234e-01,2.783443e-01,2.783354e-01,2.785739e-01,2.785676e-01,2.793948e-01,2.793865e-01,2.796268e-01,2.802130e-01,2.804548e-01,2.804495e-01,2.812859e-01,2.812800e-01,2.818734e-01,2.821182e-01,2.829644e-01,2.835647e-01,2.838120e-01,2.844160e-01,2.844095e-01,2.852720e-01,2.852629e-01,2.861315e-01,2.867457e-01,2.867392e-01,2.876176e-01,2.876116e-01,2.882311e-01,2.888553e-01,2.888505e-01,2.894787e-01,2.901098e-01,2.901023e-01,2.907374e-01,2.907331e-01,2.916396e-01,2.916333e-01,2.922760e-01,2.929217e-01,2.929192e-01,2.935685e-01,2.935633e-01,2.942162e-01,2.942143e-01,2.948702e-01,2.948657e-01,2.955247e-01,2.955233e-01,2.961861e-01,2.961821e-01,2.961808e-01,2.968467e-01,2.965667e-01,2.965627e-01,2.965619e-01,2.972297e-01,2.972283e-01,2.972242e-01,2.972235e-01,2.972220e-01,2.965513e-01,2.962689e-01,2.962674e-01,2.956009e-01,2.949367e-01,2.940022e-01,2.939978e-01,2.933408e-01,2.920378e-01,2.911215e-01,2.904773e-01,2.891967e-01,2.882975e-01,2.870384e-01,2.864120e-01,2.849122e-01,2.836824e-01,2.822077e-01,2.810010e-01,2.789653e-01,2.777860e-01,2.757958e-01,2.746429e-01,2.732630e-01,2.715705e-01,2.702171e-01,2.683334e-01,2.672414e-01,2.653981e-01,2.641083e-01,2.625251e-01,2.612623e-01,2.594985e-01,2.584714e-01,2.567439e-01,2.557416e-01,2.545411e-01,2.528635e-01,2.516885e-01,2.505238e-01,2.493695e-01,2.484168e-01,2.472805e-01,2.461544e-01,2.445809e-01,2.434781e-01,2.430219e-01,2.419324e-01,2.412960e-01,2.400372e-01,2.394058e-01,2.383465e-01,2.379081e-01,2.372913e-01,2.366770e-01,2.360661e-01,2.350339e-01,2.344309e-01,2.338303e-01,2.328163e-01,2.318105e-01,2.310513e-01,2.304615e-01,2.293055e-01,2.283276e-01,2.277556e-01,2.271862e-01,2.260608e-01,2.254991e-01,2.249400e-01,2.243834e-01,2.236684e-01,2.227344e-01,2.220290e-01,2.214855e-01,2.209444e-01,2.204056e-01,2.197136e-01,2.191747e-01,2.184900e-01,2.183302e-01,2.176498e-01,2.174910e-01,2.171800e-01,2.173867e-01,2.170759e-01,2.169177e-01,2.169718e-01,2.171781e-01,2.167155e-01,2.172865e-01,2.169754e-01,2.170294e-01,2.168708e-01,2.172901e-01,2.171307e-01,2.168253e-01,2.167273e-01,2.165687e-01,2.166221e-01,2.163121e-01,2.160028e-01,2.162071e-01,2.153925e-01,2.150852e-01,2.149286e-01,2.146227e-01,2.139669e-01,2.136636e-01,2.131548e-01,2.125655e-01,2.120614e-01,2.117627e-01,2.114651e-01,2.108272e-01,2.102442e-01,2.100938e-01,2.094637e-01,2.091722e-01,2.088813e-01,2.085911e-01,2.081666e-01,2.082162e-01,2.079280e-01,2.079775e-01,2.076898e-01,2.074585e-01,2.076548e-01,2.075636e-01,2.072768e-01,2.069907e-01,2.070400e-01,2.068103e-01,2.068595e-01,2.072442e-01,2.069580e-01,2.070073e-01,2.066376e-01,2.066871e-01,2.067362e-01,2.067854e-01,2.065555e-01,2.062708e-01,2.059867e-01,2.055648e-01,2.056133e-01,2.053918e-01,2.051097e-01,2.046909e-01,2.047386e-01,2.043754e-01,2.045595e-01,2.041425e-01,2.037335e-01,2.037807e-01,2.034203e-01,2.031425e-01,2.027305e-01,2.027838e-01,2.021049e-01,2.018302e-01,2.017427e-01,2.014688e-01,2.008039e-01,2.005319e-01,2.001290e-01,1.998652e-01,1.992031e-01,1.984925e-01,1.981033e-01,1.981469e-01,1.975010e-01,1.972363e-01,1.968507e-01,1.965872e-01,1.959497e-01,6.267896e-03,6.267896e-03,6.267896e-03,6.267896e-03,6.267896e-03,6.267896e-03,6.267896e-03,6.267896e-03,6.267896e-03,6.267896e-03,6.267896e-03,6.267896e-03,6.267896e-03,6.267896e-03,6.267896e-03,6.267896e-03,6.267896e-03,6.267896e-03,6.267896e-03,6.267896e-03,6.267896e-03,6.267896e-03,6.267896e-03,6.267896e-03,6.267896e-03,6.267896e-03,6.267896e-03,6.267896e-03,6.267896e-03,6.267896e-03,6.267896e-03,6.267896e-03,6.267896e-03,6.267896e-03,6.267896e-03,6.267896e-03,6.267896e-03,6.267896e-03,6.267896e-03,6.267896e-03,6.267896e-03,6.267896e-03,6.267896e-03,6.267896e-03,6.267896e-03,6.267896e-03,6.267896e-03,6.267896e-03,6.267896e-03,6.267896e-03,6.267896e-03,6.267896e-03,6.267896e-03,6.267896e-03,6.267896e-03,6.267896e-03,6.267896e-03,6.267896e-03,6.267896e-03,6.267896e-03,6.267896e-03,6.267896e-03,6.267896e-03,6.267896e-03,6.267896e-03,6.267896e-03,6.267896e-03,6.267896e-03,6.267896e-03,6.267896e-03,6.267896e-03,6.267896e-03,6.267896e-03,6.267896e-03,6.267896e-03,6.267896e-03,6.267896e-03,6.267896e-03,6.267896e-03,6.267896e-03,6.267896e-03,6.267896e-03,6.267896e-03,6.267896e-03,6.267896e-03,6.267896e-03,6.267896e-03,6.267896e-03,6.267896e-03,6.267896e-03,6.267896e-03,6.267896e-03,6.267896e-03,6.267896e-03,6.267896e-03,6.267896e-03,6.267896e-03,6.267896e-03,6.267896e-03,6.267896e-03,6.267896e-03,6.267896e-03,6.267896e-03,6.267896e-03,6.267896e-03,6.267896e-03,6.267896e-03,6.267896e-03,6.267896e-03,6.267896e-03,6.267896e-03,6.267896e-03,6.267896e-03,6.267896e-03,6.267896e-03,6.267896e-03,6.267896e-03,6.267896e-03,6.267896e-03,6.267896e-03,6.267896e-03,6.267896e-03,6.267896e-03,6.267896e-03,6.267896e-03,6.267896e-03,6.267896e-03,6.267896e-03,6.267896e-03,6.267896e-03,6.267896e-03,6.267896e-03,6.267896e-03,6.267896e-03,6.267896e-03,6.267896e-03,6.267896e-03,6.267896e-03,6.267896e-03,6.267896e-03,6.267896e-03,6.267896e-03,6.267896e-03,6.267896e-03,6.267896e-03,6.267896e-03,6.267896e-03,6.267896e-03,6.267896e-03,6.267896e-03,6.267896e-03,6.267896e-03,6.267896e-03,6.267896e-03,6.267896e-03,6.267896e-03,6.267896e-03,6.267896e-03,6.267896e-03,6.267896e-03,6.267896e-03
1.538277e-02,1.536531e-02,1.534376e-02,1.532239e-02,1.530120e-02,1.528028e-02,1.525540e-02,1.523462e-02,1.521396e-02,1.518910e-02,1.516837e-02,1.514338e-02,1.512280e-02,1.510232e-02,1.507771e-02,1.505732e-02,1.503694e-02,1.501656e-02,1.500038e-02,1.498010e-02,1.496379e-02,1.494734e-02,1.493101e-02,1.491875e-02,1.490674e-02,1.489051e-02,1.487835e-02,1.487027e-02,1.485810e-02,1.484607e-02,1.483810e-02,1.482591e-02,1.481806e-02,1.480611e-02,1.479838e-02,1.479068e-02,1.477881e-02,1.477120e-02,1.476371e-02,1.475200e-02,1.474455e-02,1.473732e-02,1.472608e-02,1.471895e-02,1.470798e-02,1.470135e-02,1.469492e-02,1.468443e-02,1.467891e-02,1.467395e-02,1.466568e-02,1.466258e-02,1.466075e-02,1.465989e-02,1.465995e-02,1.466080e-02,1.466673e-02,1.466957e-02,1.467247e-02,1.467919e-02,1.468145e-02,1.468352e-02,1.468790e-02,1.468773e-02,1.469208e-02,1.469335e-02,1.469777e-02,1.470175e-02,1.470056e-02,1.470404e-02,1.470747e-02,1.470518e-02,1.470726e-02,1.471006e-02,1.470874e-02,1.471142e-02,1.471455e-02,1.472085e-02,1.472323e-02,1.473003e-02,1.473790e-02,1.474574e-02,1.476105e-02,1.477853e-02,1.479684e-02,1.482401e-02,1.485697e-02,1.489372e-02,1.494336e-02,1.500063e-02,1.507046e-02,1.514894e-02,1.524770e-02,1.536263e-02,1.549965e-02,1.565760e-02,1.584840e-02,1.606990e-02,1.632933e-02,1.663304e-02,1.698605e-02,1.739021e-02,1.785265e-02,1.838475e-02,1.899357e-02,1.967782e-02,2.045451e-02,2.133462e-02,2.232258e-02,2.340983e-02,2.462154e-02,2.596367e-02,2.743782e-02,2.906588e-02,3.083304e-02,3.269165e-02,3.465055e-02,3.668792e-02,3.876466e-02,4.085390e-02,4.291040e-02,4.487238e-02,4.672357e-02,4.838331e-02,4.980367e-02,5.095139e-02,5.178895e-02,5.232961e-02,5.257672e-02,5.252747e-02,5.225405e-02,5.177014e-02,5.114938e-02,5.032284e-02,4.940543e-02,4.839208e-02,4.733995e-02,4.623670e-02,4.516183e-02,4.408289e-02,4.306855e-02,4.205332e-02,4.108487e-02,4.022381e-02,3.940910e-02,3.868695e-02,3.801022e-02,3.741531e-02,3.685010e-02,3.632608e-02,3.585161e-02,3.538080e-02,3.493487e-02,3.449699e-02,3.406495e-02,3.362404e-02,3.317351e-02,3.274061e-02,3.229795e-02,3.186493e-02,3.145384e-02,3.103809e-02,3.058298e-02,3.010565e-02,2.960229e-02,2.905890e-02,2.850049e-02,2.790734e-02,2.731570e-02,2.671141e-02,2.611507e-02,2.553045e-02,2.496640e-02,2.442827e-02,2.392515e-02,2.345169e-02,2.301316e-02,2.260315e-02,2.223017e-02,2.187900e-02,2.155338e-02,2.124247e-02,2.095573e-02,2.068823e-02,2.044092e-02,2.020411e-02,1.998843e-02,1.979154e-02,1.961113e-02,1.943936e-02,1.928904e-02,1.915041e-02,1.902418e-02,1.890161e-02,1.879672e-02,1.870057e-02,1.860937e-02,1.852085e-02,1.843269e-02,1.834354e-02,1.824744e-02,1.814678e-02,1.804391e-02,1.793253e-02,1.780763e-02,1.768060e-02,1.754091e-02,1.739271e-02,1.723773e-02,1.708014e-02,1.691966e-02,1.676283e-02,1.660419e-02,1.644815e-02,1.629435e-02,1.614761e-02,1.601016e-02,1.588140e-02,1.576255e-02,1.565619e-02,1.556384e-02,1.547517e-02,1.540355e-02,1.534007e-02,1.528989e-02,1.524364e-02,1.520397e-02,1.517357e-02,1.514933e-02,1.512481e-02,1.509694e-02,1.507107e-02,1.503712e-02,1.498850e-02,1.493417e-02,1.486541e-02,1.478542e-02,1.468539e-02,1.458133e-02,1.446838e-02,1.435554e-02,1.423585e-02,1.411795e-02,1.400181e-02,1.389177e-02,1.378775e-02,1.369745e-02,1.361294e-02,1.353774e-02,1.347902e-02,1.342400e-02,1.338179e-02,1.334009e-02,1.330562e-02,1.326737e-02,1.323167e-02,1.319070e-02,1.315050e-02,1.310546e-02,1.306264e-02,1.301756e-02,1.297707e-02,1.293698e-02,1.290504e-02,1.287805e-02,1.285147e-02,1.283315e-02,1.281555e-02,1.280489e-02,1.279324e-02,1.278718e-02,1.277911e-02,1.277603e-02,1.277004e-02,1.276863e-02,1.276400e-02,1.276372e-02,1.276035e-02,1.275751e-02,1.276023e-02,1.276001e-02,1.276786e-02,1.277504e-02,1.279127e-02,1.282192e-02,1.287064e-02,1.294730e-02,1.307330e-02,1.325738e-02,1.353416e-02,1.392877e-02,1.447807e-02,1.521096e-02,1.617424e-02,1.739390e-02,1.887029e-02,2.064524e-02,2.271740e-02,2.509401e-02,2.773752e-02,3.066151e-02,3.383374e-02,3.721581e-02,4.077511e-02,4.450869e-02,4.837943e-02,5.239244e-02,5.652978e-02,6.080173e-02,6.526953e-02,6.984325e-02,7.455075e-02,7.942553e-02,8.446451e-02,8.969836e-02,9.508778e-02,1.006816e-01,1.064491e-01,1.123905e-01,1.185298e-01,1.249914e-01,1.314784e-01,1.381541e-01,1.449337e-01,1.519048e-01,1.590073e-01,1.662370e-01,1.735480e-01,1.809566e-01,1.884217e-01,1.959179e-01,2.034015e-01,2.109475e-01,2.184985e-01,2.258875e-01,2.331955e-01,2.404510e-01,2.475407e-01,2.544359e-01,2.612604e-01,2.678384e-01,2.739969e-01,2.800619e-01,2.857409e-01,2.912850e-01,2.964291e-01,3.014128e-01,3.059624e-01,3.102977e-01,3.142944e-01,3.180250e-01,3.216745e-01,3.253791e-01,3.292602e-01,3.330946e-01,3.370851e-01,3.410449e-01,3.450297e-01,3.491609e-01,3.532131e-01,3.574170e-01,3.613876e-01,3.654711e-01,3.695427e-01,3.734658e-01,3.774562e-01,3.814116e-01,3.853001e-01,3.889724e-01,3.926588e-01,3.962465e-01,3.996954e-01,4.029724e-01,4.060978e-01,4.090072e-01,4.117009e-01,4.141745e-01,4.163754e-01,4.182997e-01,4.199232e-01,4.212402e-01,4.220815e-01,4.230812e-01,4.240780e-01,4.250799e-01,4.260744e-01,4.270880e-01,4.281152e-01,4.289706e-01,4.299983e-01,4.310222e-01,4.318938e-01,4.329468e-01,4.338270e-01,4.347011e-01,4.355861e-01,4.364783e-01,4.375343e-01,4.384355e-01,4.393353e-01,4.402327e-01,4.411374e-01,4.420429e-01,4.429440e-01,4.436838e-01,4.446009e-01,4.455223e-01,4.464328e-01,4.473697e-01,4.481156e-01,4.490533e-01,4.498090e-01,4.505700e-01,4.515217e-01,4.522892e-01,4.530596e-01,4.538294e-01,4.545985e-01,4.553741e-01,4.561626e-01,4.569442e-01,4.577143e-01,4.584936e-01,4.590855e-01,4.598775e-01,4.606440e-01,4.611832e-01,4.619696e-01,4.627515e-01,4.634850e-01,4.640588e-01,4.646380e-01,4.653868e-01,4.659404e-01,4.665335e-01,4.673348e-01,4.679166e-01,4.685125e-01,4.691244e-01,4.699280e-01,4.705363e-01,4.711542e-01,4.717768e-01,4.723905e-01,4.730207e-01,4.736528e-01,4.742929e-01,4.749327e-01,4.755775e-01,4.762053e-01,4.768620e-01,4.775127e-01,4.779481e-01,4.786022e-01,4.790478e-01,4.797013e-01,4.803488e-01,4.808119e-01,4.814789e-01,4.819144e-01,4.825809e-01,4.830309e-01,4.836854e-01,4.841378e-01,4.845838e-01,4.850277e-01,4.856840e-01,4.861291e-01,4.865718e-01,4.870312e-01,4.876904e-01,4.881244e-01,4.885628e-01,4.890104e-01,4.894303e-01,4.898670e-01,4.903221e-01,4.907521e-01,4.912000e-01,4.916403e-01,4.920809e-01,4.923027e-01,4.927572e-01,4.932164e-01,4.936719e-01,4.939075e-01,4.943775e-01,4.948608e-01,4.953025e-01,4.955477e-01,4.960170e-01,4.964784e-01,4.967163e-01,4.969596e-01,4.974492e-01,4.976846e-01,4.981321e-01,4.983855e-01,4.988609e-01,4.990802e-01,4.993093e-01,4.995515e-01,4.997590e-01,4.999755e-01,5.002272e-01,5.004664e-01,5.006881e-01,5.008833e-01,5.011092e-01,5.013405e-01,5.015720e-01,5.017814e-01,5.019806e-01,5.021852e-01,5.024169e-01,5.026615e-01,5.028533e-01,5.029824e-01,5.031692e-01,5.033878e-01,5.035982e-01,5.037540e-01,5.038154e-01,5.039532e-01,5.041101e-01,5.042491e-01,5.043917e-01,5.045218e-01,5.046193e-01,5.045632e-01,5.045578e-01,5.046682e-01,5.047080e-01,5.047731e-01,5.048498e-01,5.048486e-01,5.046751e-01,5.045709e-01,5.045824e-01,5.046350e-01,5.044983e-01,5.040994e-01,5.039505e-01,5.039170e-01,5.037893e-01,5.036082e-01,5.033907e-01,5.032632e-01,5.031934e-01,5.027157e-01,5.017313e-01,5.012122e-01,5.009210e-01,5.004037e-01,4.998564e-01,4.993416e-01,4.989602e-01,4.985924e-01,4.983440e-01,4.981814e-01,4.979028e-01,4.974801e-01,4.974291e-01,4.975755e-01,4.976763e-01,4.977353e-01,4.978280e-01,4.979309e-01,4.981348e-01,4.982502e-01,4.984461e-01,4.986188e-01,4.987263e-01,4.989144e-01,4.990139e-01,4.991787e-01,4.993877e-01,4.996432e-01,4.998526e-01,5.001589e-01,5.004442e-01,5.007512e-01,5.010142e-01,5.013617e-01,5.016782e-01,5.020396e-01,5.023650e-01,5.027722e-01,5.031886e-01,5.035395e-01,5.039334e-01,5.043884e-01,5.048288e-01,5.051823e-01,5.055703e-01,5.059917e-01,5.064265e-01,5.068407e-01,5.073013e-01,5.077385e-01,5.081678e-01,5.085978e-01,5.090620e-01,5.094475e-01,5.098798e-01,5.103129e-01,5.107930e-01,5.112404e-01,5.117099e-01,5.122017e-01,5.126606e-01,5.131543e-01,5.136151e-01,5.140637e-01,5.144882e-01,5.149946e-01,5.154207e-01,5.158353e-01,5.162628e-01,5.167861e-01,5.172629e-01,5.177406e-01,5.182101e-01,5.186896e-01,5.191608e-01,5.195849e-01,5.200096e-01,5.203975e-01,5.208626e-01,5.213606e-01,5.217789e-01,5.220749e-01,5.223713e-01,5.226939e-01,5.230884e-01,5.234835e-01,5.238792e-01,5.242266e-01,5.246234e-01,5.249717e-01,5.253204e-01,5.256434e-01,5.260027e-01,5.263034e-01,5.265878e-01,5.268494e-01,5.271344e-01,5.274693e-01,5.277814e-01,5.280886e-01,5.283847e-01,5.286313e-01,5.289352e-01,5.291797e-01,5.294816e-01,5.296812e-01,5.299309e-01,5.301381e-01,5.303355e-01,5.305376e-01,5.307916e-01,5.310318e-01,5.312292e-01,5.314168e-01,5.315588e-01,5.317412e-01,5.318734e-01,5.320507e-01,5.322282e-01,5.323510e-01,5.324653e-01,5.325743e-01,5.326705e-01,5.327768e-01,5.328704e-01,5.329625e-01,5.329494e-01,5.329870e-01,5.330698e-01,5.331425e-01,5.332227e-01,5.332102e-01,5.331836e-01,5.331571e-01,5.331253e-01,5.331440e-01,5.331095e-01,5.331342e-01,5.330946e-01,5.330529e-01,5.329582e-01,5.328611e-01,5.328239e-01,5.328231e-01,5.327697e-01,5.326634e-01,5.325044e-01,5.323431e-01,5.321406e-01,5.320754e-01,5.320078e-01,5.319390e-01,5.317697e-01,5.316007e-01,5.315436e-01,5.314751e-01,5.313565e-01,5.311879e-01,5.309694e-01,5.308628e-01,5.307946e-01,5.306766e-01,5.304588e-01,5.302811e-01,5.302631e-01,5.303564e-01,5.303384e-01,5.301211e-01,5.299042e-01,5.297473e-01,5.295804e-01,5.293859e-01,5.290809e-01,5.287763e-01,5.285710e-01,5.284153e-01,5.280624e-01,5.274762e-01,5.268307e-01,5.263338e-01,5.258381e-01,5.251488e-01,5.240158e-01,5.227538e-01,5.216329e-01,5.206131e-01,5.196579e-01,5.186473e-01,5.173967e-01,5.156956e-01,5.134894e-01,5.113506e-01,5.098223e-01,5.084852e-01,5.067974e-01,5.045139e-01,5.021531e-01,5.005136e-01,4.993627e-01,4.983473e-01,4.971650e-01,4.957761e-01,4.945232e-01,4.933002e-01,4.920620e-01,4.912562e-01,4.908698e-01,4.904842e-01,4.901075e-01,4.897315e-01,4.893563e-01,4.889899e-01,4.886242e-01,4.886710e-01,4.883059e-01,4.883672e-01,4.884222e-01,4.884691e-01,4.881046e-01,4.881515e-01,4.881903e-01,4.882291e-01,4.878572e-01,4.874779e-01,4.875086e-01,4.875394e-01,4.875620e-01,4.875927e-01,4.876234e-01,4.872368e-01,4.872675e-01,4.872982e-01,4.873435e-01,4.869657e-01,4.869965e-01,4.866194e-01,4.866502e-01,4.866890e-01,4.867117e-01,4.863353e-01,4.863661e-01,4.863888e-01,4.864195e-01,4.860358e-01,4.860586e-01,4.860813e-01,4.861040e-01,4.861187e-01,4.861414e-01,4.861641e-01,4.865932e-01,4.866159e-01,4.866387e-01,4.866614e-01,4.866841e-01,4.867069e-01,4.863985e-01,4.868277e-01,4.868505e-01,4.868732e-01,4.868960e-01,4.869941e-01,4.870088e-01,4.874389e-01,4.874616e-01,4.871524e-01,4.871671e-01,4.876055e-01,4.877038e-01,4.877412e-01,4.878478e-01,4.878787e-01,4.879097e-01,4.876165e-01,4.876556e-01,4.877703e-01,4.878095e-01,4.875166e-01,4.875639e-01,4.876786e-01,4.873942e-01,4.878489e-01,4.875562e-01,4.876036e-01,4.877331e-01,4.877724e-01,4.878872e-01,4.875946e-01,4.876340e-01,4.873337e-01,4.873648e-01,4.874712e-01,4.871631e-01,4.875925e-01,4.872842e-01,4.873824e-01,4.873972e-01,4.870894e-01,4.871875e-01,4.872105e-01,4.869030e-01,4.870159e-01,4.870470e-01,4.871533e-01,4.868544e-01,4.868855e-01,4.865871e-01,4.866183e-01,4.863203e-01,4.860309e-01,4.864656e-01,4.861680e-01,4.858790e-01,4.863133e-01,4.860160e-01,4.860472e-01,4.857504e-01,4.854540e-01,4.854852e-01,4.851961e-01,4.852273e-01,4.849238e-01,4.845548e-01,4.842523e-01,4.838765e-01,4.835752e-01,4.832007e-01,4.828924e-01,4.829155e-01,4.822201e-01,4.822432e-01,4.818714e-01,4.811797e-01,4.808251e-01,4.804561e-01,4.801602e-01,4.797925e-01,4.794254e-01,4.791312e-01,4.787655e-01,4.784005e-01,4.780361e-01,4.773579e-01,4.769955e-01,4.766339e-01,4.762729e-01,4.755298e-01,4.751709e-01,4.744320e-01,4.740751e-01,4.740280e-01,4.726779e-01,4.726312e-01,4.722080e-01,4.717857e-01,4.709901e-01,4.702666e-01,4.694769e-01,4.687589e-01,4.680435e-01,4.676302e-01,4.665525e-01,4.658450e-01,4.647768e-01,4.640086e-01,4.629502e-01,4.618973e-01,4.608499e-01,4.598080e-01,4.587876e-01,4.571214e-01,4.560344e-01,4.543907e-01,4.533820e-01,4.523785e-01,4.513171e-01,4.502615e-01,4.483297e-01,4.466867e-01,4.450573e-01,4.440346e-01,4.427519e-01,4.415375e-01,4.399438e-01,4.377925e-01,4.356644e-01,4.340661e-01,4.320353e-01,4.305798e-01,4.291353e-01,4.282552e-01,4.268339e-01,4.254231e-01,4.239679e-01,4.219920e-01,4.197469e-01,4.172952e-01,4.151047e-01,4.130427e-01,4.117823e-01,4.097564e-01,4.084676e-01,4.066921e-01,4.052011e-01,4.034567e-01,4.022063e-01,4.004901e-01,3.992599e-01,3.977330e-01,3.973035e-01,3.970886e-01,3.964574e-01,3.947902e-01,3.928414e-01,3.913681e-01,3.899023e-01,3.880057e-01,3.865225e-01,3.845685e-01,3.822989e-01,3.796315e-01,3.763781e-01,3.727190e-01,3.695699e-01,3.655770e-01,3.610467e-01,3.572080e-01,3.527827e-01,3.485578e-01,3.437981e-01,3.405772e-01,3.349997e-01,3.291559e-01,3.226177e-01,3.171673e-01,3.096340e-01,3.022248e-01,2.952460e-01,2.875214e-01,2.820693e-01,2.746341e-01,2.677664e-01,2.611421e-01,2.538948e-01,2.468747e-01,2.422992e-01,2.368438e-01,2.299263e-01,2.241870e-01,2.185918e-01,2.141084e-01,2.089779e-01,2.040328e-01,1.993972e-01,1.955729e-01,1.923844e-01,1.886641e-01,1.850755e-01,1.821969e-01,1.787577e-01,1.759331e-01,1.731895e-01,1.705632e-01,1.684779e-01,1.664394e-01,1.643458e-01,1.623254e-01,1.603503e-01,1.588054e-01,1.573549e-01,1.558715e-01,1.543707e-01,1.529286e-01,1.518995e-01,1.505079e-01,1.491297e-01,1.481461e-01,1.471740e-01,1.466171e-01,1.456929e-01,1.447786e-01,1.442669e-01,1.433977e-01,1.428860e-01,1.424341e-01,1.419373e-01,1.414629e-01,1.410191e-01,1.405587e-01,1.400925e-01,1.396559e-01,1.395561e-01,1.391310e-01,1.390862e-01,1.390414e-01,1.390052e-01,1.386286e-01,1.385571e-01,1.385481e-01,1.385037e-01,1.388445e-01,1.388083e-01,1.387913e-01,1.387287e-01,1.390438e-01,1.389810e-01,1.393243e-01,1.396417e-01,1.400238e-01,1.400070e-01,1.403082e-01,1.409697e-01,1.413307e-01,1.416841e-01,1.423658e-01,1.430443e-01,1.437662e-01,1.448130e-01,1.455506e-01,1.463148e-01,1.473738e-01,1.480943e-01,1.492069e-01,1.503242e-01,1.510799e-01,1.526134e-01,1.534218e-01,1.545958e-01,1.557950e-01,1.566570e-01,1.583030e-01,1.590966e-01,1.602794e-01,1.615236e-01,1.628105e-01,1.636809e-01,1.649621e-01,1.662720e-01,1.672133e-01,1.690525e-01,1.699834e-01,1.713941e-01,1.728770e-01,1.742622e-01,1.753159e-01,1.767774e-01,1.784187e-01,1.799704e-01,1.810557e-01,1.826367e-01,1.843005e-01,1.853873e-01,1.871312e-01,1.883886e-01,1.902434e-01,1.914306e-01,1.926925e-01,1.945628e-01,1.958126e-01,1.970770e-01,1.990792e-01,2.003827e-01,2.017548e-01,2.031312e-01,2.044838e-01,2.065171e-01,2.073374e-01,2.094940e-01,2.110277e-01,2.117652e-01,2.132123e-01,2.155441e-01,2.164305e-01,2.179990e-01,2.196017e-01,2.212136e-01,2.228619e-01,2.237417e-01,2.254110e-01,2.270535e-01,2.278844e-01,2.296284e-01,2.305609e-01,2.321921e-01,2.340000e-01,2.348819e-01,2.368010e-01,2.377166e-01,2.393720e-01,2.403063e-01,2.422353e-01,2.431739e-01,2.441346e-01,2.460438e-01,2.470867e-01,2.480751e-01,2.499623e-01,2.510354e-01,2.520537e-01,2.530783e-01,2.551863e-01,2.562350e-01,2.572918e-01,2.584256e-01,2.594996e-01,2.605820e-01,2.618303e-01,2.629113e-01,2.636087e-01,2.645989e-01,2.655232e-01,2.664579e-01,2.673758e-01,2.684301e-01,2.692321e-01,2.704154e-01,2.712452e-01,2.722716e-01,2.730200e-01,2.739810e-01,2.749339e-01,2.759096e-01,2.767735e-01,2.778423e-01,2.788397e-01,2.795017e-01,2.807126e-01,2.812833e-01,2.822627e-01,2.831646e-01,2.839453e-01,2.849173e-01,2.858566e-01,2.869831e-01,2.876606e-01,2.886720e-01,2.895678e-01,2.903778e-01,2.909330e-01,2.918400e-01,2.925323e-01,2.936923e-01,2.946332e-01,2.956497e-01,2.968511e-01,2.977884e-01,2.983531e-01,2.992739e-01,2.999569e-01,3.007736e-01,3.016229e-01,3.024593e-01,3.031475e-01,3.040991e-01,3.048058e-01,3.056769e-01,3.064082e-01,3.071009e-01,3.075205e-01,3.083888e-01,3.087192e-01,3.094369e-01,3.100198e-01,3.108917e-01,3.114975e-01,3.122098e-01,3.126700e-01,3.132821e-01,3.137276e-01,3.144955e-01,3.147919e-01,3.154401e-01,3.161875e-01,3.167949e-01,3.175770e-01,3.180341e-01,3.184121e-01,3.190454e-01,3.193499e-01,3.198586e-01,3.201645e-01,3.206756e-01,3.206963e-01,3.213408e-01,3.217965e-01,3.224244e-01,3.226225e-01,3.230933e-01,3.234227e-01,3.238957e-01,3.238301e-01,3.244326e-01,3.247614e-01,3.252651e-01,3.254932e-01,3.259989e-01,3.261976e-01,3.266025e-01,3.265052e-01,3.271473e-01,3.270799e-01,3.270460e-01,3.270942e-01,3.273274e-01,3.268146e-01,3.269140e-01,3.266384e-01,3.267408e-01,3.260976e-01,3.259017e-01,3.256581e-01,3.254928e-01,3.250883e-01,3.247625e-01,3.243868e-01,3.242232e-01,3.235910e-01,3.234284e-01,3.227997e-01,3.224822e-01,3.225029e-01,3.240038e-01,3.233731e-01,3.231844e-01,3.226924e-01,3.222170e-01,3.215967e-01,3.212531e-01,3.207646e-01,3.203245e-01,3.197121e-01,3.192465e-01,3.183551e-01,3.179046e-01,3.174420e-01,3.167139e-01,3.161311e-01,3.155610e-01,3.146606e-01,3.142640e-01,3.135209e-01,3.130695e-01,3.126020e-01,3.121634e-01,3.113283e-01,3.108663e-01,3.101130e-01,3.095537e-01,3.089790e-01,3.081178e-01,3.074225e-01,3.068297e-01,3.059546e-01,3.054113e-01,3.049155e-01,3.043328e-01,3.037439e-01,3.031659e-01,3.023382e-01,3.020086e-01,3.013865e-01,3.006806e-01,2.999782e-01,2.995409e-01,2.988441e-01,2.985056e-01,2.979234e-01,2.976044e-01,2.968675e-01,2.964251e-01,2.956966e-01,2.952531e-01,2.947938e-01,2.943116e-01,2.938312e-01,2.934828e-01,2.928923e-01,2.927842e-01,2.924961e-01,2.922303e-01,2.918621e-01,2.919366e-01,2.917702e-01,2.917396e-01,2.912991e-01,2.912448e-01,2.914238e-01,2.910889e-01,2.909066e-01,2.906440e-01,2.903346e-01,2.900283e-01,2.897610e-01,2.895029e-01,2.889690e-01,2.883601e-01,2.878770e-01,2.874510e-01,2.867221e-01,2.862446e-01,2.857459e-01,2.850257e-01,2.841849e-01,2.835696e-01,2.832220e-01,2.825886e-01,2.818602e-01,2.811356e-01,2.805338e-01,2.801477e-01,2.794102e-01,2.790076e-01,2.786259e-01,2.783429e-01,2.777532e-01,2.773556e-01,2.770752e-01,2.768899e-01,2.766105e-01,2.763124e-01,2.761282e-01,2.762708e-01,2.765270e-01,2.761352e-01,2.760898e-01,2.760232e-01,2.758628e-01,2.761223e-01,2.761708e-01,2.760316e-01,2.759864e-01,2.758521e-01,2.758069e-01,2.754811e-01,2.752706e-01,2.748532e-01,2.745509e-01,2.743209e-01,2.743900e-01,2.743665e-01,2.742338e-01,2.744377e-01,2.743637e-01,2.744539e-01,2.744304e-01,2.745437e-01,2.745457e-01,2.747499e-01,2.751596e-01,2.752715e-01,2.754045e-01,2.758014e-01,2.759329e-01,2.762733e-01,2.763859e-01,2.767059e-01,2.768001e-01,2.769089e-01,2.768314e-01,2.768267e-01,2.768199e-01,2.767917e-01,2.766742e-01,2.767829e-01,2.768703e-01,2.771891e-01,2.769723e-01,2.770430e-01,2.770148e-01,2.770080e-01,2.773056e-01,2.772044e-01,2.771976e-01,2.773086e-01,2.771928e-01,2.773747e-01,2.773700e-01,2.772515e-01,2.768273e-01,2.768033e-01,2.766260e-01,2.764144e-01,2.757042e-01,2.754538e-01,2.750900e-01,2.745969e-01,2.743067e-01,2.740171e-01,2.733213e-01,2.727929e-01,2.722624e-01,2.712817e-01,2.703772e-01,2.691528e-01,2.677011e-01,2.669056e-01,2.660115e-01,2.650532e-01,2.630519e-01,2.609961e-01,2.600550e-01,2.582066e-01,2.553137e-01,2.533559e-01,2.515967e-01,2.489192e-01,2.462056e-01,2.435631e-01,2.409012e-01,2.383495e-01,2.341129e-01,2.316430e-01,2.259886e-01,2.220153e-01,2.176341e-01,2.141146e-01,2.092672e-01,2.054957e-01,2.005373e-01,1.961363e-01,1.893779e-01,1.840207e-01,1.789315e-01,1.731115e-01,1.680477e-01,1.619167e-01,1.564711e-01,1.480102e-01,1.419463e-01,1.360318e-01,1.305181e-01,1.240624e-01,1.188153e-01,1.107637e-01,1.051923e-01,1.000418e-01,9.511607e-02,9.003581e-02,8.398690e-02,7.942564e-02,7.548312e-02,7.174295e-02,6.806602e-02,6.374410e-02,6.068878e-02,5.800848e-02,5.558162e-02,5.351404e-02,5.051765e-02,4.878829e-02,4.720265e-02,4.556854e-02,4.392653e-02,4.237100e-02,4.136455e-02,4.039488e-02,3.946027e-02,3.855625e-02,3.768727e-02,3.723622e-02,3.641732e-02,3.599614e-02,3.521700e-02,3.482646e-02,3.443968e-02,3.406646e-02,3.370150e-02,3.334539e-02,3.299636e-02,3.297935e-02,3.262734e-02,3.260915e-02,3.227383e-02,3.224958e-02,3.223687e-02,3.222565e-02,3.189631e-02,3.188508e-02,3.187245e-02,3.186375e-02,3.217235e-02,3.216979e-02,3.216341e-02,3.215176e-02,3.246251e-02,3.246235e-02,3.278602e-02,3.278484e-02,3.310695e-02,3.343869e-02,3.344046e-02,3.377898e-02,3.412198e-02,3.447068e-02,3.483218e-02,3.483168e-02,3.519555e-02,3.557538e-02,3.594879e-02,3.633546e-02,3.671861e-02,3.711781e-02,3.752488e-02,3.793487e-02,3.835207e-02,3.877721e-02,3.920928e-02,3.964890e-02,4.009702e-02,4.055273e-02,4.100916e-02,4.147792e-02,4.243224e-02,4.243655e-02,4.343445e-02,4.395163e-02,4.396477e-02,4.485486e-02,4.538561e-02,4.604646e-02,4.650951e-02,4.730745e-02,4.777585e-02,4.819697e-02,4.899451e-02,4.954721e-02,5.024656e-02,5.076709e-02,5.162675e-02,5.209687e-02,5.291103e-02,5.348693e-02,5.399529e-02,5.485714e-02,5.544733e-02,5.628203e-02,5.681379e-02,5.766169e-02,5.821245e-02,5.901800e-02,5.967389e-02,6.040538e-02,6.099231e-02,6.184997e-02,6.245907e-02,6.325236e-02,6.386801e-02,6.470505e-02,6.527085e-02,6.611916e-02,6.677145e-02,6.724922e-02,6.814068e-02,6.905085e-02,6.965200e-02,7.046577e-02,7.108648e-02,7.192047e-02,7.243931e-02,7.331732e-02,7.383326e-02,7.459747e-02,7.513723e-02,7.605746e-02,7.660404e-02,7.738655e-02,7.791743e-02,7.876338e-02,7.917899e-02,7.988203e-02,8.044043e-02,8.113998e-02,8.198642e-02,8.231703e-02,8.304283e-02,8.349535e-02,8.426441e-02,8.446563e-02,8.522199e-02,8.586863e-02,8.634607e-02,8.685565e-02,8.721828e-02,8.801458e-02,8.823037e-02,8.891406e-02,8.944821e-02,8.982839e-02,9.037141e-02,9.059659e-02,9.127982e-02,9.200195e-02,9.223339e-02,9.280004e-02,9.303505e-02,9.344010e-02,9.401877e-02,9.425879e-02,9.484567e-02,9.523119e-02,9.565213e-02,9.607609e-02,9.633005e-02,9.675923e-02,9.751947e-02,9.759256e-02,9.836379e-02,9.843791e-02,9.921931e-02,9.982248e-02,1.000519e-01,1.006630e-01,1.012798e-01,1.017082e-01,1.023043e-01,1.029376e-01,1.033775e-01,1.038201e-01,1.046342e-01,1.048815e-01,1.055032e-01,1.061694e-01,1.066000e-01,1.070661e-01,1.079234e-01,1.081843e-01,1.088386e-01,1.093216e-01,1.097670e-01,1.104435e-01,1.109378e-01,1.112107e-01,1.118950e-01,1.123996e-01,1.128718e-01,1.131522e-01,1.138562e-01,1.143754e-01,1.148542e-01,1.151427e-01,1.158740e-01,1.161667e-01,1.166584e-01,1.171988e-01,1.176977e-01,1.180050e-01,1.185100e-01,1.190647e-01,1.195768e-01,1.198846e-01,1.204025e-01,1.209787e-01,1.212449e-01,1.220335e-01,1.223518e-01,1.228870e-01,1.231598e-01,1.237083e-01,1.240335e-01,1.245809e-01,1.251324e-01,1.251905e-01,1.257541e-01,1.263142e-01,1.265997e-01,1.269380e-01,1.272258e-01,1.277968e-01,1.280957e-01,1.286732e-01,1.292551e-01,1.298414e-01,1.299032e-01,1.304944e-01,1.308042e-01,1.314023e-01,1.317071e-01,1.320130e-01,1.323839e-01,1.326920e-01,1.330017e-01,1.336166e-01,1.339295e-01,1.342519e-01,1.343166e-01,1.349417e-01,1.352592e-01,1.355869e-01,1.356526e-01,1.359734e-01,1.362950e-01,1.363692e-01,1.366929e-01,1.370172e-01,1.373429e-01,1.376699e-01,1.379981e-01,1.380738e-01,1.380808e-01,1.384107e-01,1.387419e-01,1.390744e-01,1.394170e-01,1.397516e-01,1.400882e-01,1.400953e-01,1.404326e-01,1.407714e-01,1.411198e-01,1.411263e-01,1.414673e-01,1.418090e-01,1.418240e-01,1.421666e-01,1.425106e-01,1.425161e-01,1.431395e-01,1.431534e-01,1.435014e-01,1.435063e-01,1.441370e-01,1.441516e-01,1.445036e-01,1.447926e-01,1.451472e-01,1.451534e-01,1.458055e-01,1.458111e-01,1.461044e-01,1.464644e-01,1.471258e-01,1.474229e-01,1.477878e-01,1.480872e-01,1.480923e-01,1.487559e-01,1.487704e-01,1.494398e-01,1.497448e-01,1.497500e-01,1.504275e-01,1.504332e-01,1.507525e-01,1.510626e-01,1.510697e-01,1.513822e-01,1.516958e-01,1.517125e-01,1.520285e-01,1.520362e-01,1.527338e-01,1.527519e-01,1.530722e-01,1.533936e-01,1.534034e-01,1.537266e-01,1.537462e-01,1.540713e-01,1.540818e-01,1.544080e-01,1.544284e-01,1.547559e-01,1.547671e-01,1.550964e-01,1.551175e-01,1.551287e-01,1.554594e-01,1.550787e-01,1.550999e-01,1.551118e-01,1.554423e-01,1.554535e-01,1.554747e-01,1.554866e-01,1.554979e-01,1.551897e-01,1.548203e-01,1.548315e-01,1.545257e-01,1.542202e-01,1.535315e-01,1.535524e-01,1.532503e-01,1.526389e-01,1.519624e-01,1.516657e-01,1.510748e-01,1.504096e-01,1.498169e-01,1.495275e-01,1.485769e-01,1.479966e-01,1.470719e-01,1.465017e-01,1.452985e-01,1.447399e-01,1.435605e-01,1.430132e-01,1.421321e-01,1.413224e-01,1.404676e-01,1.393477e-01,1.388279e-01,1.377299e-01,1.369035e-01,1.361435e-01,1.353331e-01,1.342810e-01,1.338009e-01,1.327687e-01,1.322896e-01,1.315172e-01,1.305137e-01,1.297580e-01,1.290096e-01,1.282684e-01,1.278233e-01,1.270928e-01,1.263698e-01,1.254306e-01,1.247232e-01,1.245105e-01,1.238115e-01,1.233353e-01,1.223844e-01,1.219249e-01,1.212497e-01,1.210468e-01,1.205879e-01,1.201314e-01,1.196782e-01,1.190230e-01,1.185766e-01,1.181326e-01,1.174911e-01,1.168553e-01,1.161805e-01,1.157577e-01,1.148998e-01,1.142867e-01,1.138685e-01,1.134529e-01,1.126229e-01,1.122147e-01,1.118088e-01,1.114053e-01,1.107808e-01,1.102029e-01,1.095893e-01,1.091987e-01,1.088103e-01,1.084242e-01,1.078264e-01,1.074519e-01,1.068632e-01,1.066587e-01,1.060766e-01,1.058746e-01,1.054669e-01,1.054338e-01,1.050288e-01,1.048300e-01,1.045937e-01,1.045611e-01,1.039595e-01,1.040913e-01,1.036941e-01,1.034619e-01,1.032674e-01,1.031986e-01,1.030045e-01,1.026079e-01,1.021835e-01,1.019924e-01,1.017659e-01,1.013824e-01,1.010012e-01,1.009700e-01,1.002403e-01,9.986553e-02,9.968130e-02,9.931021e-02,9.878431e-02,9.841849e-02,9.808879e-02,9.735781e-02,9.703371e-02,9.667808e-02,9.632485e-02,9.582406e-02,9.512515e-02,9.495486e-02,9.446558e-02,9.412533e-02,9.378701e-02,9.345059e-02,9.294256e-02,9.274757e-02,9.241731e-02,9.222404e-02,9.189670e-02,9.137638e-02,9.134600e-02,9.099299e-02,9.067246e-02,9.035368e-02,9.016743e-02,8.966264e-02,8.947860e-02,8.942424e-02,8.911227e-02,8.892998e-02,8.827995e-02,8.810061e-02,8.792152e-02,8.774300e-02,8.725885e-02,8.695854e-02,8.665984e-02,8.621237e-02,8.603918e-02,8.556515e-02,8.527382e-02,8.483739e-02,8.466814e-02,8.406544e-02,8.404209e-02,8.361534e-02,8.318807e-02,8.302385e-02,8.243910e-02,8.216372e-02,8.175156e-02,8.158797e-02,8.090822e-02,8.064065e-02,8.034953e-02,8.008478e-02,7.942035e-02,7.915999e-02,7.877072e-02,7.851017e-02,7.786906e-02,7.738546e-02,7.700588e-02,7.685936e-02,7.623495e-02,7.599006e-02,7.562035e-02,7.537818e-02,7.477150e-02,4.352191e-03,4.352191e-03,4.352191e-03,4.352191e-03,4.352191e-03,4.352191e-03,4.352191e-03,4.352191e-03,4.352191e-03,4.352191e-03,4.352191e-03,4.352191e-03,4.352191e-03,4.352191e-03,4.352191e-03,4.352191e-03,4.352191e-03,4.352191e-03,4.352191e-03,4.352191e-03,4.352191e-03,4.352191e-03,4.352191e-03,4.352191e-03,4.352191e-03,4.352191e-03,4.352191e-03,4.352191e-03,4.352191e-03,4.352191e-03,4.352191e-03,4.352191e-03,4.352191e-03,4.352191e-03,4.352191e-03,4.352191e-03,4.352191e-03,4.352191e-03,4.352191e-03,4.352191e-03,4.352191e-03,4.352191e-03,4.352191e-03,4.352191e-03,4.352191e-03,4.352191e-03,4.352191e-03,4.352191e-03,4.352191e-03,4.352191e-03,4.352191e-03,4.352191e-03,4.352191e-03,4.352191e-03,4.352191e-03,4.352191e-03,4.352191e-03,4.352191e-03,4.352191e-03,4.352191e-03,4.352191e-03,4.352191e-03,4.352191e-03,4.352191e-03,4.352191e-03,4.352191e-03,4.352191e-03,4.352191e-03,4.352191e-03,4.352191e-03,4.352191e-03,4.352191e-03,4.352191e-03,4.352191e-03,4.352191e-03,4.352191e-03,4.352191e-03,4.352191e-03,4.352191e-03,4.352191e-03,4.352191e-03,4.352191e-03,4.352191e-03,4.352191e-03,4.352191e-03,4.352191e-03,4.352191e-03,4.352191e-03,4.352191e-03,4.352191e-03,4.352191e-03,4.352191e-03,4.352191e-03,4.352191e-03,4.352191e-03,4.352191e-03,4.352191e-03,4.352191e-03,4.352191e-03,4.352191e-03,4.352191e-03,4.352191e-03,4.352191e-03,4.352191e-03,4.352191e-03,4.352191e-03,4.352191e-03,4.352191e-03,4.352191e-03,4.352191e-03,4.352191e-03,4.352191e-03,4.352191e-03,4.352191e-03,4.352191e-03,4.352191e-03,4.352191e-03,4.352191e-03,4.352191e-03,4.352191e-03,4.352191e-03,4.352191e-03,4.352191e-03,4.352191e-03,4.352191e-03,4.352191e-03,4.352191e-03,4.352191e-03,4.352191e-03,4.352191e-03,4.352191e-03,4.352191e-03,4.352191e-03,4.352191e-03,4.352191e-03,4.352191e-03,4.352191e-03,4.352191e-03,4.352191e-03,4.352191e-03,4.352191e-03,4.352191e-03,4.352191e-03,4.352191e-03,4.352191e-03,4.352191e-03,4.352191e-03,4.352191e-03,4.352191e-03,4.352191e-03,4.352191e-03,4.352191e-03,4.352191e-03,4.352191e-03,4.352191e-03,4.352191e-03,4.352191e-03,4.352191e-03,4.352191e-03,4.352191e-03,4.352191e-03
1.187577e-02,1.186047e-02,1.184264e-02,1.182507e-02,1.180796e-02,1.179198e-02,1.177352e-02,1.175826e-02,1.174312e-02,1.172499e-02,1.170987e-02,1.169092e-02,1.167545e-02,1.166026e-02,1.164194e-02,1.162713e-02,1.161233e-02,1.159737e-02,1.158565e-02,1.157057e-02,1.155812e-02,1.154509e-02,1.153209e-02,1.152219e-02,1.151312e-02,1.150092e-02,1.149170e-02,1.148508e-02,1.147571e-02,1.146653e-02,1.145966e-02,1.144937e-02,1.144255e-02,1.143292e-02,1.142677e-02,1.142069e-02,1.141134e-02,1.140555e-02,1.139973e-02,1.139088e-02,1.138560e-02,1.138145e-02,1.137469e-02,1.137078e-02,1.136449e-02,1.136199e-02,1.135963e-02,1.135421e-02,1.135351e-02,1.135398e-02,1.135266e-02,1.135591e-02,1.136057e-02,1.136582e-02,1.137151e-02,1.137757e-02,1.138724e-02,1.139463e-02,1.140167e-02,1.141180e-02,1.141846e-02,1.142539e-02,1.143432e-02,1.143967e-02,1.144931e-02,1.145626e-02,1.146561e-02,1.147473e-02,1.147982e-02,1.148760e-02,1.149476e-02,1.149691e-02,1.150128e-02,1.150493e-02,1.150464e-02,1.150698e-02,1.150905e-02,1.151298e-02,1.151346e-02,1.151726e-02,1.152214e-02,1.152723e-02,1.153791e-02,1.155069e-02,1.156416e-02,1.158473e-02,1.160967e-02,1.163580e-02,1.167123e-02,1.170982e-02,1.175719e-02,1.180685e-02,1.186640e-02,1.193080e-02,1.200497e-02,1.208481e-02,1.217725e-02,1.227761e-02,1.238880e-02,1.251465e-02,1.265179e-02,1.280179e-02,1.296682e-02,1.314839e-02,1.335023e-02,1.356813e-02,1.380597e-02,1.407422e-02,1.437357e-02,1.468983e-02,1.503504e-02,1.540127e-02,1.579686e-02,1.624858e-02,1.674099e-02,1.724364e-02,1.778439e-02,1.836432e-02,1.898381e-02,1.964159e-02,2.033847e-02,2.104496e-02,2.178546e-02,2.253141e-02,2.330651e-02,2.407335e-02,2.485543e-02,2.562255e-02,2.640660e-02,2.715395e-02,2.791710e-02,2.863322e-02,2.937254e-02,3.006505e-02,3.077445e-02,3.143819e-02,3.211747e-02,3.272761e-02,3.336161e-02,3.394412e-02,3.454487e-02,3.509695e-02,3.561132e-02,3.618282e-02,3.672354e-02,3.728982e-02,3.782305e-02,3.839088e-02,3.891853e-02,3.943805e-02,3.994623e-02,4.039308e-02,4.078149e-02,4.120681e-02,4.151649e-02,4.167454e-02,4.162677e-02,4.154792e-02,4.139167e-02,4.117658e-02,4.097375e-02,4.078743e-02,4.054673e-02,4.029215e-02,4.000198e-02,3.968204e-02,3.933026e-02,3.892602e-02,3.851321e-02,3.807674e-02,3.762389e-02,3.716040e-02,3.669406e-02,3.623926e-02,3.579811e-02,3.537080e-02,3.496406e-02,3.458231e-02,3.422649e-02,3.388858e-02,3.356857e-02,3.327038e-02,3.298728e-02,3.272128e-02,3.246827e-02,3.223078e-02,3.201346e-02,3.180699e-02,3.161732e-02,3.143957e-02,3.128536e-02,3.114211e-02,3.101356e-02,3.088658e-02,3.078808e-02,3.070209e-02,3.062076e-02,3.054232e-02,3.046470e-02,3.038247e-02,3.027640e-02,3.016689e-02,3.004399e-02,2.990021e-02,2.971884e-02,2.952834e-02,2.931253e-02,2.906003e-02,2.879868e-02,2.851901e-02,2.823070e-02,2.792939e-02,2.762744e-02,2.731919e-02,2.700102e-02,2.670248e-02,2.640566e-02,2.612844e-02,2.586842e-02,2.562742e-02,2.542306e-02,2.522721e-02,2.507093e-02,2.492933e-02,2.481896e-02,2.472158e-02,2.464150e-02,2.459174e-02,2.454549e-02,2.451105e-02,2.446124e-02,2.441204e-02,2.433299e-02,2.421763e-02,2.407755e-02,2.388523e-02,2.365733e-02,2.336416e-02,2.303848e-02,2.267522e-02,2.228288e-02,2.186096e-02,2.143060e-02,2.098309e-02,2.053889e-02,2.009821e-02,1.968506e-02,1.929204e-02,1.892658e-02,1.861582e-02,1.832880e-02,1.808407e-02,1.785510e-02,1.764278e-02,1.741882e-02,1.717854e-02,1.691549e-02,1.661904e-02,1.629267e-02,1.593116e-02,1.555168e-02,1.514450e-02,1.474217e-02,1.434393e-02,1.396466e-02,1.360345e-02,1.327033e-02,1.298595e-02,1.273446e-02,1.252583e-02,1.234342e-02,1.219977e-02,1.208322e-02,1.199133e-02,1.191774e-02,1.187070e-02,1.183724e-02,1.183958e-02,1.185912e-02,1.194430e-02,1.206198e-02,1.230153e-02,1.259955e-02,1.305523e-02,1.362105e-02,1.439268e-02,1.532069e-02,1.646252e-02,1.780929e-02,1.942136e-02,2.127413e-02,2.338424e-02,2.575730e-02,2.842254e-02,3.133597e-02,3.445364e-02,3.780951e-02,4.137638e-02,4.512057e-02,4.898255e-02,5.298624e-02,5.710945e-02,6.126786e-02,6.545346e-02,6.967403e-02,7.389990e-02,7.814358e-02,8.239583e-02,8.667373e-02,9.109909e-02,9.547655e-02,9.988995e-02,1.043729e-01,1.089213e-01,1.135638e-01,1.182644e-01,1.230658e-01,1.279397e-01,1.328876e-01,1.379272e-01,1.433011e-01,1.484923e-01,1.537673e-01,1.590052e-01,1.643786e-01,1.697915e-01,1.752414e-01,1.807196e-01,1.861951e-01,1.916624e-01,1.971063e-01,2.025000e-01,2.078978e-01,2.132630e-01,2.184498e-01,2.235938e-01,2.286800e-01,2.336394e-01,2.384105e-01,2.431703e-01,2.477661e-01,2.519900e-01,2.562036e-01,2.601188e-01,2.640087e-01,2.675956e-01,2.711515e-01,2.743863e-01,2.775664e-01,2.804836e-01,2.833166e-01,2.859810e-01,2.886802e-01,2.915681e-01,2.943604e-01,2.973280e-01,3.002168e-01,3.031239e-01,3.062065e-01,3.091730e-01,3.123279e-01,3.151814e-01,3.181964e-01,3.212154e-01,3.240668e-01,3.270541e-01,3.300392e-01,3.329984e-01,3.357445e-01,3.386052e-01,3.414287e-01,3.441863e-01,3.468525e-01,3.494506e-01,3.519322e-01,3.543028e-01,3.565661e-01,3.586770e-01,3.606391e-01,3.624374e-01,3.640646e-01,3.651816e-01,3.665151e-01,3.678570e-01,3.692108e-01,3.705621e-01,3.719413e-01,3.733367e-01,3.745068e-01,3.759211e-01,3.773352e-01,3.785378e-01,3.799944e-01,3.812177e-01,3.824367e-01,3.836778e-01,3.849304e-01,3.864283e-01,3.877031e-01,3.889858e-01,3.902667e-01,3.915686e-01,3.928794e-01,3.941882e-01,3.952579e-01,3.965993e-01,3.979519e-01,3.992995e-01,4.006786e-01,4.017866e-01,4.031831e-01,4.043101e-01,4.054457e-01,4.068747e-01,4.080281e-01,4.091897e-01,4.103574e-01,4.115314e-01,4.127157e-01,4.139134e-01,4.151147e-01,4.163166e-01,4.175302e-01,4.184492e-01,4.196823e-01,4.209089e-01,4.218054e-01,4.230559e-01,4.243114e-01,4.255475e-01,4.264927e-01,4.274453e-01,4.287093e-01,4.296578e-01,4.306332e-01,4.319469e-01,4.329263e-01,4.339189e-01,4.349250e-01,4.362668e-01,4.372819e-01,4.383074e-01,4.393403e-01,4.403732e-01,4.414204e-01,4.424739e-01,4.435447e-01,4.446130e-01,4.456892e-01,4.467608e-01,4.478547e-01,4.489505e-01,4.496846e-01,4.507916e-01,4.515382e-01,4.526541e-01,4.537720e-01,4.545465e-01,4.556860e-01,4.564428e-01,4.575917e-01,4.583641e-01,4.595157e-01,4.602962e-01,4.610758e-01,4.618638e-01,4.630348e-01,4.638233e-01,4.646135e-01,4.654166e-01,4.666084e-01,4.674097e-01,4.682097e-01,4.690185e-01,4.698128e-01,4.706204e-01,4.714493e-01,4.722584e-01,4.730819e-01,4.739035e-01,4.747345e-01,4.751485e-01,4.759865e-01,4.768368e-01,4.776813e-01,4.781094e-01,4.789681e-01,4.798448e-01,4.806913e-01,4.811311e-01,4.820006e-01,4.828744e-01,4.833135e-01,4.837573e-01,4.846563e-01,4.850974e-01,4.859673e-01,4.864290e-01,4.873225e-01,4.877579e-01,4.882009e-01,4.886596e-01,4.890897e-01,4.895268e-01,4.899944e-01,4.904485e-01,4.908916e-01,4.913177e-01,4.917713e-01,4.922235e-01,4.926767e-01,4.931158e-01,4.935543e-01,4.939916e-01,4.944482e-01,4.949202e-01,4.953513e-01,4.957403e-01,4.961753e-01,4.966270e-01,4.970742e-01,4.974903e-01,4.978362e-01,4.982413e-01,4.986548e-01,4.990566e-01,4.994672e-01,4.998644e-01,5.002451e-01,5.005760e-01,5.008808e-01,5.012415e-01,5.015789e-01,5.019091e-01,5.022737e-01,5.025894e-01,5.027478e-01,5.029864e-01,5.032810e-01,5.035997e-01,5.038214e-01,5.038207e-01,5.040285e-01,5.042924e-01,5.044843e-01,5.046746e-01,5.048025e-01,5.049949e-01,5.052336e-01,5.051743e-01,5.047859e-01,5.046947e-01,5.047723e-01,5.046811e-01,5.045719e-01,5.044808e-01,5.044860e-01,5.045052e-01,5.046068e-01,5.047439e-01,5.048274e-01,5.048005e-01,5.050508e-01,5.054425e-01,5.057738e-01,5.061022e-01,5.064286e-01,5.067906e-01,5.072322e-01,5.075729e-01,5.080101e-01,5.083988e-01,5.087354e-01,5.091689e-01,5.095007e-01,5.098859e-01,5.103047e-01,5.107875e-01,5.112080e-01,5.117019e-01,5.121770e-01,5.126731e-01,5.131368e-01,5.136611e-01,5.141669e-01,5.147074e-01,5.151846e-01,5.157616e-01,5.163465e-01,5.168790e-01,5.174153e-01,5.180325e-01,5.186060e-01,5.191444e-01,5.196798e-01,5.202755e-01,5.208484e-01,5.214029e-01,5.220315e-01,5.226091e-01,5.231815e-01,5.237553e-01,5.243527e-01,5.248943e-01,5.254727e-01,5.260525e-01,5.266694e-01,5.272271e-01,5.278343e-01,5.284631e-01,5.290322e-01,5.296644e-01,5.302366e-01,5.308358e-01,5.313816e-01,5.320274e-01,5.325761e-01,5.331134e-01,5.336648e-01,5.342912e-01,5.348825e-01,5.354753e-01,5.360624e-01,5.366582e-01,5.372484e-01,5.378025e-01,5.383580e-01,5.388455e-01,5.394339e-01,5.400118e-01,5.405652e-01,5.409863e-01,5.414082e-01,5.418885e-01,5.423884e-01,5.428894e-01,5.433914e-01,5.438560e-01,5.443601e-01,5.448265e-01,5.452939e-01,5.457034e-01,5.461802e-01,5.466112e-01,5.469917e-01,5.473928e-01,5.477745e-01,5.481961e-01,5.486385e-01,5.490419e-01,5.494341e-01,5.497874e-01,5.501827e-01,5.505312e-01,5.509218e-01,5.512275e-01,5.515735e-01,5.518821e-01,5.521831e-01,5.524804e-01,5.528217e-01,5.531458e-01,5.534322e-01,5.537109e-01,5.539457e-01,5.542128e-01,5.544399e-01,5.546954e-01,5.549511e-01,5.551577e-01,5.553591e-01,5.555484e-01,5.557235e-01,5.559069e-01,5.560761e-01,5.562423e-01,5.563181e-01,5.564346e-01,5.565794e-01,5.567160e-01,5.568548e-01,5.569176e-01,5.569628e-01,5.570081e-01,5.570410e-01,5.571147e-01,5.571415e-01,5.572142e-01,5.572294e-01,5.572396e-01,5.572036e-01,5.571620e-01,5.571677e-01,5.571964e-01,5.571796e-01,5.571167e-01,5.570076e-01,5.568930e-01,5.567438e-01,5.566993e-01,5.566493e-01,5.565965e-01,5.564628e-01,5.563291e-01,5.562880e-01,5.562354e-01,5.561424e-01,5.560091e-01,5.558356e-01,5.557544e-01,5.557021e-01,5.556095e-01,5.554365e-01,5.552955e-01,5.552836e-01,5.553637e-01,5.553518e-01,5.551792e-01,5.550067e-01,5.548829e-01,5.547509e-01,5.545989e-01,5.543554e-01,5.541122e-01,5.539492e-01,5.538263e-01,5.535440e-01,5.530751e-01,5.525559e-01,5.521568e-01,5.517584e-01,5.512032e-01,5.502879e-01,5.492676e-01,5.483607e-01,5.475352e-01,5.467638e-01,5.459447e-01,5.449295e-01,5.435468e-01,5.417501e-01,5.400061e-01,5.387591e-01,5.376674e-01,5.362873e-01,5.344191e-01,5.324827e-01,5.311368e-01,5.301918e-01,5.293578e-01,5.283858e-01,5.272425e-01,5.262105e-01,5.252045e-01,5.241830e-01,5.235188e-01,5.232014e-01,5.228846e-01,5.225753e-01,5.222665e-01,5.219582e-01,5.216574e-01,5.213572e-01,5.213988e-01,5.210990e-01,5.211544e-01,5.212030e-01,5.212447e-01,5.209454e-01,5.209871e-01,5.210218e-01,5.210566e-01,5.207508e-01,5.204385e-01,5.204663e-01,5.204941e-01,5.205150e-01,5.205428e-01,5.205706e-01,5.202519e-01,5.202798e-01,5.203076e-01,5.203493e-01,5.200382e-01,5.200660e-01,5.197554e-01,5.197833e-01,5.198181e-01,5.198390e-01,5.195289e-01,5.195568e-01,5.195777e-01,5.196056e-01,5.192891e-01,5.193100e-01,5.193309e-01,5.193519e-01,5.193659e-01,5.193868e-01,5.194078e-01,5.197661e-01,5.197870e-01,5.198080e-01,5.198289e-01,5.198499e-01,5.198709e-01,5.195402e-01,5.198985e-01,5.199195e-01,5.199404e-01,5.199614e-01,5.199681e-01,5.199821e-01,5.203409e-01,5.203619e-01,5.200308e-01,5.200448e-01,5.204106e-01,5.204173e-01,5.204522e-01,5.204660e-01,5.204940e-01,5.205220e-01,5.202050e-01,5.202401e-01,5.202609e-01,5.202960e-01,5.199796e-01,5.200217e-01,5.200426e-01,5.197337e-01,5.201127e-01,5.197968e-01,5.198390e-01,5.198740e-01,5.199092e-01,5.199302e-01,5.196149e-01,5.196501e-01,5.193282e-01,5.193564e-01,5.193704e-01,5.190421e-01,5.193986e-01,5.190703e-01,5.190773e-01,5.190914e-01,5.187638e-01,5.187709e-01,5.187920e-01,5.184650e-01,5.184863e-01,5.185145e-01,5.185286e-01,5.182092e-01,5.182374e-01,5.179186e-01,5.179469e-01,5.176286e-01,5.173179e-01,5.176780e-01,5.173604e-01,5.170502e-01,5.174098e-01,5.170927e-01,5.171209e-01,5.168044e-01,5.164884e-01,5.165166e-01,5.162085e-01,5.162368e-01,5.159149e-01,5.156145e-01,5.152938e-01,5.149874e-01,5.146678e-01,5.143626e-01,5.140372e-01,5.140585e-01,5.134156e-01,5.134370e-01,5.131338e-01,5.124942e-01,5.122072e-01,5.119061e-01,5.115920e-01,5.112920e-01,5.109925e-01,5.106801e-01,5.103816e-01,5.100837e-01,5.097862e-01,5.091580e-01,5.088621e-01,5.085667e-01,5.082717e-01,5.076620e-01,5.073685e-01,5.067616e-01,5.064696e-01,5.065042e-01,5.052505e-01,5.052851e-01,5.050086e-01,5.047326e-01,5.041473e-01,5.035509e-01,5.029694e-01,5.023767e-01,5.017858e-01,5.015147e-01,5.006225e-01,5.000372e-01,4.991519e-01,4.985838e-01,4.977053e-01,4.968307e-01,4.959602e-01,4.950936e-01,4.942463e-01,4.927908e-01,4.919509e-01,4.905125e-01,4.896705e-01,4.888323e-01,4.880098e-01,4.871909e-01,4.855068e-01,4.841280e-01,4.827592e-01,4.819629e-01,4.808838e-01,4.797995e-01,4.784562e-01,4.765795e-01,4.747214e-01,4.734305e-01,4.715921e-01,4.703008e-01,4.690185e-01,4.682736e-01,4.670105e-01,4.657560e-01,4.645207e-01,4.627841e-01,4.608171e-01,4.586169e-01,4.566940e-01,4.547710e-01,4.535879e-01,4.516976e-01,4.505445e-01,4.489219e-01,4.475431e-01,4.459475e-01,4.448268e-01,4.432555e-01,4.421517e-01,4.408434e-01,4.406768e-01,4.407445e-01,4.403528e-01,4.388172e-01,4.370879e-01,4.358173e-01,4.345519e-01,4.328645e-01,4.316294e-01,4.299838e-01,4.279213e-01,4.254663e-01,4.224578e-01,4.190952e-01,4.161768e-01,4.125650e-01,4.084801e-01,4.050372e-01,4.011540e-01,3.975535e-01,3.935408e-01,3.909483e-01,3.861297e-01,3.809766e-01,3.750746e-01,3.701009e-01,3.631990e-01,3.563275e-01,3.499184e-01,3.428024e-01,3.377471e-01,3.308738e-01,3.245442e-01,3.183877e-01,3.116425e-01,3.050345e-01,3.007649e-01,2.956066e-01,2.890365e-01,2.835605e-01,2.781660e-01,2.738549e-01,2.688721e-01,2.640378e-01,2.595164e-01,2.557717e-01,2.526120e-01,2.489105e-01,2.453299e-01,2.424544e-01,2.389838e-01,2.361152e-01,2.333230e-01,2.306546e-01,2.285221e-01,2.264340e-01,2.242590e-01,2.221647e-01,2.201142e-01,2.184852e-01,2.169699e-01,2.154032e-01,2.138083e-01,2.122814e-01,2.111716e-01,2.096969e-01,2.082343e-01,2.071707e-01,2.061191e-01,2.054985e-01,2.045043e-01,2.035203e-01,2.029546e-01,2.020246e-01,2.014578e-01,2.009681e-01,2.004181e-01,1.998977e-01,1.994163e-01,1.989118e-01,1.984000e-01,1.979262e-01,1.977951e-01,1.973345e-01,1.972749e-01,1.972154e-01,1.971659e-01,1.967689e-01,1.966746e-01,1.966606e-01,1.966015e-01,1.969493e-01,1.969001e-01,1.968764e-01,1.967926e-01,1.971063e-01,1.970223e-01,1.973721e-01,1.976877e-01,1.980857e-01,1.980622e-01,1.983546e-01,1.990179e-01,1.993859e-01,1.997447e-01,2.004282e-01,2.011064e-01,2.018370e-01,2.028844e-01,2.036289e-01,2.044063e-01,2.054549e-01,2.061698e-01,2.072772e-01,2.083862e-01,2.091342e-01,2.106543e-01,2.114609e-01,2.126192e-01,2.138019e-01,2.146659e-01,2.162866e-01,2.170537e-01,2.181920e-01,2.193993e-01,2.206546e-01,2.215010e-01,2.227369e-01,2.239997e-01,2.249211e-01,2.267041e-01,2.276017e-01,2.289624e-01,2.304028e-01,2.317133e-01,2.327437e-01,2.341342e-01,2.357387e-01,2.372217e-01,2.382661e-01,2.397710e-01,2.413654e-01,2.423942e-01,2.440707e-01,2.452956e-01,2.470871e-01,2.482157e-01,2.494279e-01,2.512132e-01,2.523974e-01,2.535940e-01,2.555098e-01,2.567393e-01,2.580457e-01,2.593532e-01,2.606242e-01,2.625287e-01,2.633274e-01,2.653583e-01,2.668190e-01,2.675085e-01,2.688562e-01,2.710553e-01,2.719113e-01,2.733818e-01,2.748837e-01,2.763908e-01,2.779311e-01,2.787613e-01,2.803168e-01,2.818301e-01,2.825948e-01,2.842150e-01,2.850900e-01,2.865674e-01,2.882406e-01,2.890475e-01,2.908370e-01,2.916741e-01,2.931451e-01,2.939971e-01,2.957699e-01,2.966224e-01,2.974957e-01,2.992262e-01,3.001896e-01,3.010852e-01,3.027703e-01,3.037584e-01,3.046779e-01,3.056021e-01,3.075174e-01,3.084611e-01,3.094112e-01,3.104490e-01,3.114129e-01,3.123834e-01,3.135430e-01,3.145325e-01,3.151358e-01,3.160197e-01,3.168238e-01,3.176123e-01,3.184312e-01,3.193479e-01,3.200611e-01,3.210904e-01,3.218284e-01,3.227613e-01,3.234032e-01,3.242556e-01,3.250986e-01,3.259628e-01,3.267276e-01,3.276948e-01,3.285763e-01,3.291378e-01,3.302282e-01,3.306840e-01,3.315699e-01,3.323643e-01,3.330520e-01,3.339550e-01,3.347557e-01,3.357948e-01,3.363635e-01,3.373016e-01,3.381112e-01,3.388215e-01,3.393092e-01,3.401277e-01,3.407344e-01,3.417990e-01,3.426478e-01,3.436137e-01,3.447157e-01,3.455879e-01,3.460803e-01,3.469653e-01,3.475875e-01,3.483550e-01,3.491232e-01,3.498785e-01,3.505345e-01,3.514472e-01,3.520899e-01,3.528766e-01,3.535420e-01,3.542008e-01,3.546249e-01,3.554073e-01,3.556968e-01,3.563793e-01,3.569144e-01,3.577305e-01,3.582871e-01,3.589636e-01,3.593945e-01,3.599567e-01,3.603731e-01,3.610699e-01,3.613576e-01,3.619209e-01,3.626298e-01,3.631861e-01,3.638948e-01,3.643214e-01,3.646205e-01,3.652005e-01,3.654954e-01,3.659374e-01,3.662336e-01,3.666775e-01,3.666970e-01,3.672867e-01,3.677448e-01,3.683185e-01,3.684926e-01,3.689309e-01,3.692494e-01,3.696897e-01,3.695738e-01,3.701569e-01,3.704749e-01,3.709098e-01,3.710776e-01,3.715140e-01,3.716883e-01,3.719740e-01,3.718620e-01,3.724469e-01,3.723286e-01,3.722072e-01,3.722184e-01,3.723899e-01,3.718248e-01,3.718499e-01,3.715839e-01,3.716117e-01,3.709047e-01,3.706459e-01,3.703764e-01,3.701128e-01,3.697063e-01,3.693064e-01,3.688938e-01,3.686331e-01,3.679406e-01,3.676818e-01,3.669938e-01,3.666042e-01,3.666238e-01,3.682145e-01,3.675244e-01,3.672750e-01,3.667353e-01,3.662121e-01,3.655340e-01,3.651545e-01,3.646201e-01,3.640991e-01,3.634308e-01,3.629197e-01,3.619867e-01,3.614584e-01,3.609519e-01,3.601606e-01,3.595246e-01,3.588692e-01,3.579646e-01,3.574599e-01,3.566903e-01,3.561985e-01,3.556916e-01,3.551812e-01,3.543110e-01,3.538108e-01,3.530657e-01,3.524587e-01,3.518376e-01,3.509761e-01,3.502572e-01,3.496507e-01,3.488073e-01,3.482186e-01,3.477495e-01,3.471536e-01,3.465819e-01,3.459910e-01,3.451642e-01,3.448382e-01,3.442644e-01,3.435678e-01,3.428747e-01,3.424329e-01,3.417454e-01,3.414112e-01,3.408465e-01,3.405311e-01,3.398624e-01,3.394161e-01,3.387548e-01,3.383352e-01,3.379005e-01,3.374719e-01,3.370446e-01,3.367284e-01,3.362104e-01,3.361214e-01,3.359305e-01,3.357332e-01,3.354248e-01,3.355639e-01,3.355016e-01,3.355272e-01,3.352312e-01,3.352613e-01,3.355135e-01,3.353308e-01,3.352523e-01,3.350563e-01,3.348697e-01,3.346853e-01,3.345110e-01,3.343181e-01,3.339148e-01,3.333985e-01,3.329889e-01,3.327006e-01,3.320807e-01,3.316751e-01,3.312752e-01,3.306618e-01,3.299447e-01,3.294438e-01,3.291480e-01,3.286545e-01,3.280552e-01,3.274587e-01,3.269669e-01,3.266834e-01,3.260971e-01,3.258216e-01,3.255405e-01,3.253672e-01,3.248832e-01,3.246102e-01,3.244381e-01,3.243708e-01,3.241991e-01,3.240337e-01,3.239666e-01,3.242058e-01,3.245438e-01,3.242736e-01,3.243041e-01,3.243389e-01,3.242693e-01,3.246111e-01,3.247464e-01,3.246723e-01,3.247029e-01,3.246086e-01,3.246392e-01,3.243563e-01,3.241740e-01,3.237880e-01,3.235028e-01,3.233259e-01,3.234558e-01,3.234820e-01,3.233886e-01,3.236139e-01,3.235280e-01,3.236538e-01,3.236801e-01,3.238036e-01,3.238054e-01,3.240313e-01,3.244600e-01,3.245823e-01,3.247005e-01,3.251169e-01,3.252336e-01,3.255564e-01,3.256795e-01,3.260075e-01,3.261130e-01,3.262329e-01,3.261434e-01,3.261638e-01,3.261824e-01,3.262052e-01,3.261021e-01,3.262219e-01,3.263461e-01,3.266735e-01,3.264847e-01,3.265929e-01,3.266157e-01,3.266343e-01,3.269665e-01,3.268790e-01,3.268976e-01,3.270198e-01,3.269180e-01,3.271488e-01,3.271693e-01,3.270897e-01,3.266949e-01,3.267214e-01,3.266346e-01,3.264498e-01,3.258714e-01,3.256980e-01,3.254243e-01,3.250347e-01,3.248709e-01,3.247073e-01,3.241382e-01,3.237607e-01,3.234043e-01,3.225348e-01,3.217769e-01,3.207096e-01,3.194834e-01,3.188405e-01,3.180853e-01,3.172514e-01,3.154822e-01,3.136396e-01,3.128154e-01,3.111959e-01,3.086104e-01,3.068424e-01,3.052920e-01,3.029053e-01,3.004587e-01,2.980721e-01,2.956433e-01,2.933270e-01,2.894409e-01,2.871694e-01,2.819332e-01,2.782179e-01,2.741589e-01,2.708893e-01,2.663461e-01,2.628545e-01,2.582091e-01,2.541605e-01,2.477609e-01,2.426421e-01,2.377519e-01,2.321178e-01,2.271786e-01,2.211442e-01,2.157212e-01,2.072436e-01,2.010948e-01,1.950658e-01,1.893986e-01,1.827185e-01,1.772202e-01,1.687044e-01,1.627359e-01,1.571501e-01,1.517507e-01,1.461010e-01,1.393040e-01,1.340892e-01,1.295230e-01,1.251428e-01,1.207766e-01,1.155706e-01,1.118345e-01,1.085122e-01,1.054655e-01,1.028383e-01,9.898385e-02,9.672124e-02,9.462464e-02,9.243410e-02,9.021428e-02,8.808514e-02,8.668662e-02,8.533036e-02,8.401283e-02,8.272508e-02,8.148051e-02,8.082117e-02,7.963332e-02,7.901246e-02,7.786726e-02,7.728781e-02,7.671062e-02,7.615132e-02,7.560535e-02,7.507158e-02,7.454409e-02,7.451418e-02,7.397911e-02,7.394411e-02,7.343635e-02,7.339230e-02,7.336770e-02,7.334860e-02,7.284794e-02,7.282890e-02,7.280448e-02,7.279034e-02,7.325670e-02,7.325176e-02,7.324227e-02,7.322276e-02,7.368931e-02,7.368916e-02,7.417633e-02,7.417678e-02,7.465413e-02,7.514810e-02,7.515394e-02,7.565366e-02,7.616005e-02,7.667272e-02,7.720213e-02,7.720326e-02,7.773479e-02,7.828892e-02,7.882868e-02,7.938580e-02,7.993383e-02,8.050635e-02,8.108571e-02,8.166760e-02,8.225728e-02,8.285382e-02,8.345954e-02,8.407338e-02,8.469461e-02,8.532568e-02,8.595232e-02,8.659294e-02,8.788832e-02,8.789722e-02,8.924218e-02,8.993826e-02,8.996206e-02,9.114818e-02,9.184828e-02,9.272188e-02,9.333702e-02,9.438100e-02,9.499115e-02,9.554138e-02,9.657827e-02,9.728979e-02,9.818880e-02,9.885739e-02,9.995498e-02,1.005524e-01,1.015786e-01,1.023104e-01,1.029534e-01,1.040296e-01,1.047640e-01,1.058024e-01,1.064584e-01,1.074991e-01,1.081724e-01,1.091561e-01,1.099540e-01,1.108338e-01,1.115405e-01,1.125698e-01,1.132981e-01,1.142421e-01,1.149684e-01,1.159631e-01,1.166330e-01,1.176284e-01,1.183853e-01,1.189402e-01,1.199785e-01,1.210346e-01,1.217246e-01,1.226553e-01,1.233636e-01,1.243100e-01,1.248937e-01,1.258908e-01,1.264615e-01,1.273158e-01,1.279132e-01,1.289439e-01,1.295420e-01,1.303983e-01,1.309652e-01,1.319005e-01,1.323345e-01,1.330540e-01,1.336440e-01,1.343892e-01,1.352945e-01,1.355918e-01,1.363588e-01,1.368227e-01,1.375969e-01,1.377467e-01,1.385381e-01,1.391708e-01,1.396539e-01,1.401336e-01,1.404525e-01,1.412753e-01,1.414332e-01,1.420926e-01,1.425891e-01,1.429193e-01,1.434217e-01,1.435844e-01,1.442713e-01,1.449575e-01,1.451234e-01,1.456413e-01,1.458091e-01,1.461544e-01,1.466798e-01,1.468499e-01,1.473803e-01,1.477408e-01,1.480956e-01,1.484522e-01,1.486330e-01,1.489924e-01,1.497327e-01,1.497238e-01,1.504717e-01,1.504628e-01,1.512175e-01,1.517886e-01,1.519789e-01,1.525554e-01,1.531360e-01,1.535250e-01,1.541276e-01,1.547204e-01,1.551175e-01,1.555164e-01,1.563314e-01,1.565330e-01,1.571536e-01,1.577705e-01,1.582000e-01,1.586157e-01,1.594651e-01,1.596756e-01,1.603221e-01,1.607500e-01,1.611889e-01,1.618550e-01,1.622908e-01,1.625089e-01,1.631786e-01,1.636212e-01,1.640831e-01,1.643057e-01,1.649905e-01,1.654432e-01,1.659078e-01,1.661354e-01,1.668433e-01,1.670736e-01,1.675479e-01,1.680150e-01,1.684947e-01,1.687372e-01,1.692215e-01,1.696982e-01,1.701878e-01,1.704271e-01,1.709209e-01,1.714148e-01,1.716684e-01,1.724168e-01,1.726625e-01,1.731693e-01,1.734278e-01,1.739471e-01,1.741968e-01,1.747128e-01,1.752320e-01,1.752292e-01,1.757595e-01,1.762850e-01,1.765531e-01,1.768109e-01,1.770806e-01,1.776142e-01,1.778945e-01,1.784332e-01,1.789752e-01,1.795205e-01,1.795175e-01,1.800662e-01,1.803550e-01,1.809090e-01,1.811915e-01,1.814749e-01,1.817561e-01,1.820409e-01,1.823270e-01,1.828935e-01,1.831820e-01,1.834799e-01,1.834762e-01,1.840500e-01,1.843417e-01,1.846434e-01,1.846396e-01,1.849336e-01,1.852282e-01,1.852325e-01,1.855285e-01,1.858249e-01,1.861224e-01,1.864208e-01,1.867201e-01,1.867245e-01,1.867318e-01,1.870322e-01,1.873335e-01,1.876359e-01,1.879481e-01,1.882520e-01,1.885573e-01,1.885648e-01,1.888707e-01,1.891776e-01,1.894941e-01,1.895011e-01,1.898096e-01,1.901186e-01,1.901341e-01,1.904437e-01,1.907544e-01,1.907604e-01,1.913918e-01,1.914064e-01,1.917202e-01,1.917258e-01,1.923637e-01,1.923789e-01,1.926960e-01,1.930274e-01,1.933467e-01,1.933533e-01,1.940116e-01,1.940178e-01,1.943538e-01,1.946776e-01,1.953446e-01,1.956848e-01,1.960127e-01,1.963553e-01,1.963610e-01,1.970299e-01,1.970451e-01,1.977194e-01,1.980681e-01,1.980739e-01,1.987560e-01,1.987623e-01,1.991255e-01,1.994799e-01,1.994873e-01,1.998441e-01,2.002022e-01,2.002192e-01,2.005798e-01,2.005878e-01,2.012901e-01,2.013083e-01,2.016735e-01,2.020400e-01,2.020497e-01,2.024182e-01,2.024377e-01,2.028082e-01,2.028185e-01,2.031904e-01,2.032105e-01,2.035839e-01,2.035948e-01,2.039702e-01,2.039909e-01,2.040019e-01,2.043788e-01,2.040386e-01,2.040594e-01,2.040709e-01,2.044480e-01,2.044590e-01,2.044798e-01,2.044914e-01,2.045024e-01,2.041471e-01,2.038176e-01,2.038285e-01,2.034757e-01,2.031237e-01,2.024283e-01,2.024488e-01,2.021006e-01,2.013977e-01,2.007148e-01,2.003729e-01,1.996921e-01,1.990209e-01,1.983399e-01,1.980065e-01,1.970068e-01,1.963402e-01,1.953673e-01,1.947123e-01,1.934202e-01,1.927788e-01,1.915127e-01,1.908844e-01,1.899584e-01,1.890295e-01,1.881307e-01,1.869281e-01,1.863312e-01,1.851523e-01,1.842834e-01,1.834111e-01,1.825590e-01,1.814288e-01,1.808758e-01,1.797669e-01,1.792163e-01,1.784038e-01,1.773254e-01,1.765300e-01,1.757418e-01,1.749609e-01,1.744474e-01,1.736777e-01,1.729154e-01,1.719036e-01,1.711571e-01,1.709113e-01,1.701735e-01,1.696911e-01,1.687272e-01,1.682607e-01,1.675460e-01,1.673106e-01,1.668445e-01,1.663807e-01,1.659198e-01,1.652247e-01,1.647703e-01,1.643181e-01,1.636364e-01,1.629605e-01,1.622994e-01,1.618675e-01,1.609905e-01,1.603364e-01,1.599083e-01,1.594825e-01,1.586316e-01,1.582127e-01,1.577959e-01,1.573813e-01,1.567648e-01,1.561446e-01,1.555378e-01,1.551350e-01,1.547342e-01,1.543356e-01,1.537427e-01,1.533551e-01,1.527700e-01,1.525824e-01,1.520028e-01,1.518170e-01,1.514411e-01,1.514544e-01,1.510804e-01,1.508968e-01,1.507213e-01,1.507344e-01,1.501762e-01,1.503845e-01,1.500154e-01,1.498419e-01,1.496609e-01,1.496817e-01,1.495008e-01,1.491299e-01,1.487745e-01,1.485957e-01,1.484251e-01,1.480651e-01,1.477067e-01,1.477190e-01,1.469896e-01,1.466360e-01,1.464623e-01,1.461115e-01,1.455730e-01,1.452264e-01,1.448741e-01,1.441790e-01,1.438316e-01,1.434931e-01,1.431565e-01,1.426394e-01,1.419709e-01,1.418082e-01,1.413009e-01,1.409746e-01,1.406497e-01,1.403262e-01,1.398364e-01,1.396855e-01,1.393667e-01,1.392167e-01,1.389000e-01,1.384317e-01,1.384384e-01,1.381315e-01,1.378195e-01,1.375089e-01,1.373631e-01,1.369051e-01,1.367605e-01,1.367784e-01,1.364722e-01,1.363285e-01,1.357234e-01,1.355815e-01,1.354396e-01,1.352979e-01,1.348529e-01,1.345550e-01,1.342584e-01,1.338134e-01,1.336750e-01,1.332355e-01,1.329445e-01,1.325078e-01,1.323718e-01,1.317997e-01,1.318095e-01,1.313800e-01,1.309489e-01,1.308158e-01,1.302566e-01,1.299777e-01,1.295595e-01,1.294250e-01,1.287329e-01,1.284601e-01,1.281943e-01,1.279237e-01,1.272427e-01,1.269757e-01,1.265757e-01,1.263075e-01,1.256466e-01,1.251173e-01,1.247244e-01,1.246026e-01,1.239544e-01,1.237001e-01,1.233152e-01,1.230631e-01,1.224296e-01,2.635002e-03,2.635002e-03,2.635002e-03,2.635002e-03,2.635002e-03,2.635002e-03,2.635002e-03,2.635002e-03,2.635002e-03,2.635002e-03,2.635002e-03,2.635002e-03,2.635002e-03,2.635002e-03,2.635002e-03,2.635002e-03,2.635002e-03,2.635002e-03,2.635002e-03,2.635002e-03,2.635002e-03,2.635002e-03,2.635002e-03,2.635002e-03,2.635002e-03,2.635002e-03,2.635002e-03,2.635002e-03,2.635002e-03,2.635002e-03,2.635002e-03,2.635002e-03,2.635002e-03,2.635002e-03,2.635002e-03,2.635002e-03,2.635002e-03,2.635002e-03,2.635002e-03,2.635002e-03,2.635002e-03,2.635002e-03,2.635002e-03,2.635002e-03,2.635002e-03,2.635002e-03,2.635002e-03,2.635002e-03,2.635002e-03,2.635002e-03,2.635002e-03,2.635002e-03,2.635002e-03,2.635002e-03,2.635002e-03,2.635002e-03,2.635002e-03,2.635002e-03,2.635002e-03,2.635002e-03,2.635002e-03,2.635002e-03,2.635002e-03,2.635002e-03,2.635002e-03,2.635002e-03,2.635002e-03,2.635002e-03,2.635002e-03,2.635002e-03,2.635002e-03,2.635002e-03,2.635002e-03,2.635002e-03,2.635002e-03,2.635002e-03,2.635002e-03,2.635002e-03,2.635002e-03,2.635002e-03,2.635002e-03,2.635002e-03,2.635002e-03,2.635002e-03,2.635002e-03,2.635002e-03,2.635002e-03,2.635002e-03,2.635002e-03,2.635002e-03,2.635002e-03,2.635002e-03,2.635002e-03,2.635002e-03,2.635002e-03,2.635002e-03,2.635002e-03,2.635002e-03,2.635002e-03,2.635002e-03,2.635002e-03,2.635002e-03,2.635002e-03,2.635002e-03,2.635002e-03,2.635002e-03,2.635002e-03,2.635002e-03,2.635002e-03,2.635002e-03,2.635002e-03,2.635002e-03,2.635002e-03,2.635002e-03,2.635002e-03,2.635002e-03,2.635002e-03,2.635002e-03,2.635002e-03,2.635002e-03,2.635002e-03,2.635002e-03,2.635002e-03,2.635002e-03,2.635002e-03,2.635002e-03,2.635002e-03,2.635002e-03,2.635002e-03,2.635002e-03,2.635002e-03,2.635002e-03,2.635002e-03,2.635002e-03,2.635002e-03,2.635002e-03,2.635002e-03,2.635002e-03,2.635002e-03,2.635002e-03,2.635002e-03,2.635002e-03,2.635002e-03,2.635002e-03,2.635002e-03,2.635002e-03,2.635002e-03,2.635002e-03,2.635002e-03,2.635002e-03,2.635002e-03,2.635002e-03,2.635002e-03,2.635002e-03,2.635002e-03,2.635002e-03,2.635002e-03,2.635002e-03,2.635002e-03,2.635002e-03,2.635002e-03
2.644493e-02,2.641599e-02,2.638017e-02,2.634454e-02,2.630912e-02,2.627465e-02,2.623405e-02,2.619978e-02,2.616623e-02,2.612567e-02,2.609205e-02,2.605132e-02,2.601843e-02,2.598566e-02,2.594594e-02,2.591328e-02,2.588064e-02,2.584798e-02,2.582234e-02,2.579037e-02,2.576456e-02,2.573861e-02,2.571337e-02,2.569442e-02,2.567634e-02,2.565125e-02,2.563305e-02,2.562171e-02,2.560349e-02,2.558601e-02,2.557537e-02,2.555768e-02,2.554776e-02,2.553094e-02,2.552117e-02,2.551143e-02,2.549471e-02,2.548507e-02,2.547615e-02,2.545960e-02,2.545014e-02,2.544094e-02,2.542492e-02,2.541518e-02,2.539939e-02,2.539011e-02,2.538097e-02,2.536430e-02,2.535589e-02,2.534727e-02,2.533233e-02,2.532507e-02,2.531802e-02,2.531154e-02,2.530559e-02,2.530005e-02,2.530199e-02,2.529760e-02,2.529254e-02,2.529491e-02,2.529013e-02,2.528531e-02,2.528643e-02,2.528035e-02,2.528164e-02,2.527656e-02,2.527785e-02,2.527888e-02,2.527231e-02,2.527283e-02,2.527327e-02,2.526558e-02,2.526412e-02,2.526338e-02,2.525488e-02,2.525387e-02,2.525297e-02,2.525380e-02,2.524765e-02,2.524931e-02,2.525162e-02,2.525011e-02,2.525745e-02,2.526625e-02,2.527155e-02,2.528739e-02,2.530608e-02,2.532204e-02,2.535069e-02,2.537877e-02,2.541823e-02,2.545721e-02,2.551198e-02,2.556965e-02,2.564292e-02,2.572154e-02,2.582082e-02,2.593009e-02,2.605574e-02,2.620754e-02,2.637705e-02,2.656838e-02,2.678633e-02,2.703392e-02,2.732050e-02,2.763553e-02,2.798933e-02,2.839037e-02,2.883738e-02,2.932525e-02,2.986672e-02,3.045585e-02,3.109730e-02,3.181302e-02,3.259437e-02,3.339822e-02,3.425434e-02,3.514870e-02,3.607971e-02,3.703275e-02,3.799999e-02,3.894761e-02,3.988362e-02,4.077019e-02,4.161612e-02,4.237510e-02,4.305016e-02,4.364202e-02,4.416026e-02,4.456696e-02,4.490955e-02,4.515946e-02,4.537733e-02,4.547549e-02,4.553850e-02,4.552631e-02,4.548647e-02,4.537187e-02,4.525999e-02,4.510348e-02,4.496426e-02,4.477281e-02,4.456165e-02,4.441424e-02,4.424475e-02,4.413057e-02,4.400058e-02,4.392844e-02,4.383257e-02,4.376016e-02,4.370748e-02,4.362930e-02,4.354699e-02,4.347958e-02,4.338119e-02,4.323588e-02,4.303049e-02,4.284504e-02,4.261847e-02,4.238163e-02,4.215850e-02,4.195137e-02,4.169162e-02,4.141954e-02,4.111446e-02,4.078075e-02,4.042345e-02,4.001279e-02,3.959844e-02,3.916468e-02,3.871926e-02,3.826841e-02,3.781971e-02,3.738625e-02,3.697365e-02,3.657239e-02,3.619401e-02,3.584038e-02,3.551728e-02,3.520746e-02,3.491565e-02,3.464339e-02,3.439091e-02,3.414992e-02,3.392704e-02,3.371247e-02,3.351589e-02,3.333460e-02,3.316803e-02,3.300632e-02,3.286973e-02,3.274202e-02,3.262722e-02,3.250801e-02,3.241681e-02,3.233561e-02,3.225769e-02,3.218740e-02,3.211322e-02,3.203574e-02,3.193995e-02,3.184221e-02,3.173965e-02,3.161729e-02,3.146693e-02,3.131673e-02,3.114315e-02,3.094850e-02,3.074451e-02,3.053333e-02,3.031378e-02,3.009128e-02,2.986677e-02,2.964449e-02,2.941777e-02,2.920234e-02,2.899529e-02,2.880315e-02,2.862506e-02,2.846100e-02,2.832219e-02,2.818461e-02,2.807829e-02,2.798162e-02,2.791026e-02,2.784193e-02,2.778452e-02,2.774611e-02,2.771489e-02,2.768602e-02,2.764763e-02,2.761508e-02,2.756435e-02,2.748609e-02,2.739954e-02,2.728245e-02,2.714588e-02,2.696787e-02,2.677939e-02,2.657362e-02,2.636222e-02,2.613499e-02,2.590954e-02,2.568174e-02,2.546250e-02,2.525189e-02,2.506630e-02,2.489014e-02,2.473136e-02,2.460572e-02,2.448753e-02,2.439465e-02,2.430373e-02,2.422685e-02,2.414175e-02,2.405871e-02,2.396446e-02,2.386794e-02,2.375977e-02,2.365080e-02,2.353717e-02,2.342853e-02,2.332182e-02,2.323017e-02,2.314990e-02,2.307371e-02,2.301491e-02,2.296308e-02,2.292643e-02,2.289322e-02,2.287126e-02,2.285002e-02,2.283872e-02,2.282514e-02,2.282045e-02,2.281240e-02,2.281237e-02,2.280969e-02,2.280957e-02,2.282247e-02,2.283309e-02,2.286634e-02,2.290449e-02,2.297366e-02,2.307984e-02,2.324189e-02,2.347417e-02,2.381939e-02,2.429152e-02,2.495243e-02,2.583330e-02,2.698550e-02,2.844321e-02,3.026987e-02,3.247555e-02,3.503882e-02,3.800784e-02,4.137080e-02,4.509627e-02,4.912190e-02,5.345354e-02,5.806142e-02,6.283041e-02,6.773567e-02,7.276924e-02,7.787584e-02,8.306746e-02,8.831660e-02,9.363479e-02,9.916628e-02,1.046618e-01,1.102183e-01,1.158665e-01,1.216087e-01,1.274644e-01,1.333967e-01,1.394438e-01,1.455781e-01,1.517855e-01,1.580912e-01,1.648102e-01,1.712741e-01,1.778124e-01,1.842766e-01,1.908882e-01,1.975226e-01,2.041758e-01,2.108469e-01,2.174772e-01,2.240705e-01,2.306088e-01,2.370625e-01,2.434930e-01,2.498612e-01,2.560029e-01,2.620633e-01,2.680342e-01,2.738370e-01,2.794090e-01,2.849442e-01,2.902745e-01,2.951643e-01,3.000215e-01,3.045315e-01,3.089972e-01,3.131138e-01,3.171821e-01,3.208845e-01,3.245108e-01,3.278429e-01,3.310818e-01,3.341041e-01,3.371730e-01,3.404430e-01,3.436071e-01,3.469685e-01,3.502202e-01,3.534975e-01,3.569723e-01,3.603058e-01,3.638394e-01,3.670325e-01,3.704060e-01,3.737792e-01,3.769565e-01,3.802971e-01,3.836197e-01,3.869096e-01,3.899561e-01,3.931423e-01,3.962741e-01,3.993297e-01,4.022947e-01,4.051773e-01,4.079390e-01,4.105788e-01,4.130893e-01,4.154463e-01,4.176421e-01,4.196566e-01,4.214932e-01,4.227442e-01,4.242557e-01,4.257697e-01,4.272963e-01,4.288336e-01,4.303851e-01,4.319603e-01,4.332797e-01,4.348703e-01,4.364760e-01,4.378313e-01,4.394714e-01,4.408488e-01,4.422390e-01,4.436336e-01,4.450419e-01,4.467348e-01,4.481666e-01,4.496011e-01,4.510533e-01,4.525064e-01,4.539670e-01,4.554412e-01,4.566374e-01,4.581299e-01,4.596341e-01,4.611454e-01,4.626806e-01,4.639114e-01,4.654611e-01,4.667133e-01,4.679787e-01,4.695662e-01,4.708501e-01,4.721425e-01,4.734394e-01,4.747409e-01,4.760549e-01,4.773911e-01,4.787227e-01,4.800471e-01,4.813899e-01,4.824091e-01,4.837761e-01,4.851177e-01,4.861021e-01,4.874761e-01,4.888510e-01,4.901743e-01,4.911988e-01,4.922327e-01,4.935851e-01,4.945948e-01,4.956531e-01,4.970808e-01,4.981343e-01,4.992048e-01,5.003003e-01,5.017516e-01,5.028516e-01,5.039665e-01,5.050937e-01,5.062114e-01,5.073554e-01,5.085056e-01,5.096556e-01,5.108230e-01,5.120034e-01,5.131650e-01,5.143681e-01,5.155685e-01,5.163759e-01,5.175877e-01,5.184126e-01,5.196311e-01,5.208468e-01,5.216866e-01,5.229337e-01,5.237595e-01,5.250137e-01,5.258626e-01,5.271069e-01,5.279641e-01,5.288124e-01,5.296455e-01,5.309065e-01,5.317611e-01,5.326119e-01,5.334889e-01,5.347649e-01,5.355975e-01,5.364527e-01,5.373218e-01,5.381550e-01,5.390148e-01,5.398847e-01,5.407404e-01,5.416211e-01,5.424944e-01,5.433582e-01,5.438038e-01,5.447043e-01,5.456007e-01,5.465107e-01,5.469816e-01,5.479139e-01,5.488532e-01,5.497541e-01,5.502454e-01,5.511857e-01,5.521023e-01,5.525874e-01,5.530769e-01,5.540353e-01,5.545165e-01,5.554404e-01,5.559307e-01,5.568949e-01,5.573591e-01,5.578334e-01,5.583089e-01,5.587560e-01,5.592157e-01,5.597057e-01,5.601966e-01,5.606651e-01,5.610992e-01,5.615578e-01,5.620408e-01,5.625249e-01,5.629803e-01,5.634095e-01,5.638633e-01,5.643538e-01,5.648453e-01,5.652840e-01,5.656396e-01,5.660556e-01,5.665354e-01,5.670015e-01,5.673776e-01,5.676484e-01,5.680014e-01,5.683976e-01,5.687702e-01,5.691309e-01,5.694926e-01,5.697933e-01,5.699358e-01,5.701152e-01,5.704128e-01,5.706539e-01,5.708908e-01,5.711787e-01,5.713437e-01,5.712744e-01,5.713170e-01,5.714780e-01,5.717162e-01,5.716969e-01,5.713202e-01,5.713014e-01,5.714010e-01,5.713932e-01,5.713125e-01,5.711820e-01,5.711743e-01,5.712275e-01,5.707442e-01,5.695642e-01,5.690237e-01,5.687727e-01,5.682340e-01,5.676359e-01,5.670999e-01,5.667457e-01,5.663919e-01,5.662190e-01,5.661317e-01,5.658990e-01,5.654869e-01,5.655689e-01,5.659358e-01,5.662089e-01,5.664567e-01,5.667155e-01,5.670240e-01,5.674537e-01,5.677592e-01,5.681752e-01,5.685421e-01,5.688340e-01,5.692368e-01,5.695144e-01,5.698683e-01,5.702838e-01,5.707964e-01,5.712134e-01,5.717692e-01,5.723114e-01,5.728698e-01,5.733675e-01,5.740062e-01,5.745839e-01,5.752254e-01,5.758178e-01,5.765253e-01,5.772504e-01,5.778998e-01,5.785772e-01,5.793563e-01,5.801015e-01,5.807587e-01,5.814282e-01,5.821683e-01,5.829062e-01,5.836312e-01,5.844266e-01,5.851713e-01,5.859020e-01,5.866347e-01,5.874367e-01,5.881083e-01,5.888476e-01,5.895892e-01,5.903994e-01,5.911408e-01,5.919578e-01,5.927926e-01,5.935581e-01,5.943983e-01,5.951688e-01,5.959465e-01,5.966707e-01,5.975387e-01,5.982675e-01,5.990008e-01,5.997340e-01,6.006077e-01,6.014150e-01,6.022249e-01,6.030197e-01,6.038348e-01,6.046347e-01,6.053665e-01,6.061004e-01,6.067812e-01,6.075723e-01,6.083968e-01,6.091213e-01,6.096454e-01,6.101705e-01,6.107557e-01,6.114275e-01,6.121010e-01,6.127762e-01,6.133804e-01,6.140589e-01,6.146660e-01,6.152745e-01,6.158241e-01,6.164540e-01,6.169928e-01,6.174909e-01,6.179765e-01,6.184765e-01,6.190517e-01,6.196148e-01,6.201328e-01,6.206559e-01,6.211051e-01,6.216433e-01,6.220880e-01,6.226220e-01,6.229998e-01,6.234539e-01,6.238462e-01,6.242196e-01,6.246007e-01,6.250344e-01,6.254670e-01,6.258375e-01,6.261887e-01,6.264711e-01,6.268107e-01,6.270741e-01,6.274019e-01,6.277301e-01,6.279445e-01,6.281701e-01,6.283833e-01,6.285703e-01,6.287774e-01,6.289584e-01,6.291082e-01,6.291221e-01,6.292132e-01,6.293691e-01,6.295049e-01,6.296545e-01,6.296381e-01,6.296203e-01,6.296025e-01,6.295721e-01,6.296190e-01,6.295822e-01,6.296116e-01,6.295628e-01,6.295090e-01,6.293722e-01,6.292299e-01,6.291549e-01,6.291557e-01,6.290742e-01,6.289100e-01,6.286633e-01,6.284111e-01,6.280719e-01,6.279625e-01,6.278474e-01,6.277295e-01,6.274584e-01,6.271877e-01,6.270656e-01,6.269483e-01,6.267546e-01,6.264848e-01,6.261392e-01,6.259418e-01,6.258252e-01,6.256326e-01,6.252884e-01,6.250006e-01,6.249603e-01,6.250672e-01,6.250270e-01,6.246838e-01,6.243413e-01,6.240946e-01,6.238283e-01,6.235027e-01,6.230315e-01,6.225613e-01,6.222418e-01,6.219976e-01,6.214549e-01,6.205373e-01,6.195530e-01,6.187943e-01,6.180379e-01,6.169905e-01,6.152721e-01,6.133680e-01,6.116747e-01,6.101357e-01,6.086745e-01,6.071545e-01,6.052756e-01,6.027368e-01,5.994540e-01,5.962825e-01,5.940183e-01,5.920401e-01,5.895535e-01,5.861854e-01,5.827381e-01,5.803468e-01,5.786671e-01,5.771859e-01,5.754670e-01,5.734545e-01,5.716415e-01,5.698588e-01,5.680738e-01,5.669126e-01,5.663501e-01,5.657891e-01,5.652451e-01,5.647024e-01,5.641612e-01,5.636367e-01,5.631136e-01,5.631763e-01,5.626543e-01,5.627177e-01,5.627959e-01,5.628586e-01,5.623377e-01,5.624004e-01,5.624477e-01,5.624949e-01,5.619597e-01,5.614103e-01,5.614420e-01,5.614738e-01,5.614901e-01,5.615219e-01,5.615536e-01,5.609901e-01,5.610218e-01,5.610536e-01,5.610863e-01,5.605395e-01,5.605713e-01,5.600258e-01,5.600576e-01,5.601047e-01,5.601211e-01,5.595769e-01,5.596087e-01,5.596251e-01,5.596568e-01,5.590986e-01,5.591150e-01,5.591314e-01,5.591477e-01,5.591488e-01,5.591651e-01,5.591815e-01,5.597725e-01,5.597889e-01,5.598053e-01,5.598217e-01,5.598381e-01,5.598545e-01,5.596784e-01,5.602704e-01,5.602868e-01,5.603032e-01,5.603196e-01,5.607197e-01,5.607206e-01,5.613149e-01,5.613314e-01,5.611541e-01,5.611550e-01,5.617659e-01,5.621682e-01,5.621854e-01,5.626041e-01,5.626362e-01,5.626684e-01,5.625216e-01,5.625694e-01,5.630044e-01,5.630524e-01,5.629055e-01,5.629692e-01,5.634050e-01,5.632737e-01,5.639214e-01,5.637741e-01,5.638382e-01,5.642762e-01,5.643246e-01,5.647628e-01,5.646150e-01,5.646635e-01,5.645000e-01,5.645325e-01,5.649551e-01,5.647754e-01,5.653791e-01,5.651990e-01,5.656067e-01,5.656073e-01,5.654271e-01,5.658351e-01,5.658517e-01,5.656714e-01,5.660803e-01,5.661130e-01,5.665381e-01,5.663734e-01,5.664062e-01,5.662417e-01,5.662745e-01,5.661101e-01,5.659619e-01,5.665841e-01,5.664196e-01,5.662713e-01,5.668942e-01,5.667295e-01,5.667624e-01,5.665978e-01,5.664334e-01,5.664664e-01,5.662865e-01,5.663194e-01,5.661391e-01,5.655843e-01,5.654046e-01,5.648355e-01,5.646565e-01,5.640894e-01,5.638949e-01,5.639117e-01,5.631521e-01,5.631688e-01,5.626056e-01,5.618504e-01,5.612914e-01,5.607330e-01,5.605575e-01,5.600010e-01,5.594458e-01,5.592715e-01,5.587182e-01,5.581663e-01,5.576158e-01,5.568776e-01,5.563303e-01,5.557844e-01,5.552399e-01,5.541381e-01,5.535977e-01,5.525040e-01,5.519675e-01,5.516170e-01,5.501658e-01,5.498182e-01,5.489254e-01,5.480362e-01,5.466105e-01,5.455507e-01,5.441408e-01,5.430929e-01,5.420498e-01,5.411880e-01,5.396305e-01,5.386038e-01,5.370644e-01,5.357077e-01,5.341884e-01,5.326797e-01,5.311813e-01,5.296932e-01,5.282179e-01,5.260927e-01,5.243145e-01,5.222271e-01,5.207992e-01,5.193808e-01,5.176570e-01,5.159470e-01,5.134749e-01,5.111848e-01,5.089191e-01,5.072778e-01,5.054997e-01,5.040313e-01,5.018289e-01,4.990824e-01,4.963716e-01,4.939787e-01,4.916113e-01,4.898232e-01,4.880506e-01,4.868489e-01,4.851131e-01,4.833921e-01,4.814209e-01,4.789438e-01,4.761092e-01,4.731862e-01,4.704314e-01,4.682090e-01,4.668728e-01,4.646899e-01,4.631359e-01,4.611043e-01,4.594495e-01,4.574558e-01,4.559487e-01,4.539907e-01,4.525104e-01,4.504745e-01,4.492392e-01,4.481336e-01,4.468110e-01,4.449348e-01,4.425332e-01,4.406010e-01,4.386796e-01,4.363559e-01,4.342697e-01,4.315818e-01,4.289394e-01,4.259273e-01,4.222853e-01,4.181363e-01,4.146325e-01,4.099166e-01,4.045252e-01,3.998951e-01,3.942982e-01,3.886352e-01,3.821354e-01,3.773792e-01,3.701315e-01,3.628418e-01,3.550714e-01,3.487326e-01,3.400369e-01,3.316937e-01,3.236285e-01,3.147515e-01,3.085528e-01,3.000232e-01,2.920695e-01,2.845030e-01,2.762204e-01,2.683506e-01,2.631035e-01,2.569950e-01,2.492864e-01,2.429146e-01,2.368050e-01,2.318531e-01,2.262780e-01,2.209361e-01,2.158830e-01,2.117241e-01,2.083249e-01,2.043770e-01,2.005703e-01,1.975063e-01,1.939028e-01,1.909743e-01,1.881283e-01,1.853805e-01,1.832190e-01,1.811060e-01,1.789891e-01,1.769334e-01,1.749230e-01,1.734011e-01,1.719341e-01,1.704597e-01,1.689936e-01,1.675669e-01,1.665912e-01,1.652011e-01,1.638323e-01,1.628959e-01,1.619693e-01,1.614706e-01,1.605737e-01,1.596843e-01,1.592114e-01,1.583503e-01,1.578850e-01,1.574482e-01,1.569871e-01,1.565419e-01,1.561117e-01,1.556702e-01,1.552317e-01,1.548064e-01,1.547584e-01,1.543347e-01,1.543120e-01,1.542894e-01,1.542660e-01,1.538702e-01,1.538352e-01,1.538243e-01,1.538018e-01,1.541771e-01,1.541537e-01,1.541451e-01,1.541108e-01,1.544766e-01,1.544421e-01,1.548219e-01,1.551909e-01,1.555861e-01,1.555790e-01,1.559378e-01,1.566958e-01,1.570869e-01,1.574789e-01,1.582501e-01,1.590290e-01,1.598277e-01,1.610249e-01,1.618422e-01,1.626799e-01,1.639023e-01,1.647315e-01,1.659969e-01,1.672790e-01,1.681398e-01,1.698986e-01,1.707998e-01,1.721517e-01,1.735216e-01,1.744749e-01,1.763592e-01,1.772934e-01,1.787100e-01,1.801647e-01,1.816586e-01,1.826634e-01,1.841791e-01,1.857190e-01,1.867846e-01,1.889271e-01,1.900094e-01,1.916613e-01,1.933604e-01,1.950322e-01,1.962207e-01,1.979579e-01,1.998050e-01,2.016244e-01,2.028711e-01,2.047413e-01,2.066700e-01,2.079536e-01,2.099624e-01,2.113536e-01,2.134488e-01,2.148373e-01,2.162686e-01,2.184320e-01,2.198862e-01,2.213594e-01,2.236516e-01,2.251749e-01,2.267447e-01,2.283342e-01,2.299212e-01,2.323376e-01,2.332142e-01,2.357300e-01,2.374754e-01,2.383339e-01,2.400599e-01,2.427553e-01,2.437094e-01,2.455447e-01,2.474075e-01,2.492993e-01,2.512231e-01,2.522164e-01,2.541834e-01,2.561543e-01,2.571546e-01,2.592065e-01,2.602713e-01,2.623052e-01,2.644452e-01,2.655191e-01,2.677492e-01,2.688504e-01,2.709869e-01,2.721156e-01,2.744233e-01,2.755748e-01,2.767397e-01,2.790861e-01,2.803146e-01,2.815176e-01,2.839044e-01,2.851735e-01,2.864203e-01,2.876745e-01,2.902495e-01,2.915391e-01,2.928407e-01,2.941947e-01,2.955212e-01,2.968603e-01,2.982988e-01,2.995738e-01,3.004933e-01,3.017378e-01,3.029504e-01,3.042630e-01,3.054068e-01,3.067940e-01,3.078096e-01,3.093702e-01,3.104079e-01,3.116467e-01,3.126552e-01,3.138668e-01,3.150888e-01,3.163251e-01,3.174175e-01,3.187212e-01,3.199927e-01,3.209016e-01,3.223952e-01,3.232649e-01,3.244588e-01,3.256120e-01,3.266050e-01,3.277107e-01,3.289943e-01,3.302843e-01,3.312422e-01,3.323810e-01,3.334666e-01,3.345012e-01,3.352012e-01,3.363014e-01,3.371848e-01,3.385404e-01,3.396688e-01,3.407470e-01,3.421381e-01,3.431768e-01,3.439118e-01,3.448395e-01,3.456441e-01,3.465196e-01,3.475300e-01,3.485423e-01,3.492443e-01,3.502090e-01,3.510467e-01,3.520858e-01,3.529378e-01,3.536662e-01,3.540062e-01,3.550598e-01,3.554676e-01,3.562058e-01,3.568765e-01,3.578204e-01,3.585022e-01,3.592496e-01,3.597353e-01,3.604249e-01,3.609095e-01,3.618082e-01,3.620919e-01,3.629282e-01,3.637002e-01,3.644018e-01,3.653195e-01,3.658184e-01,3.663927e-01,3.671101e-01,3.674029e-01,3.680536e-01,3.683479e-01,3.690022e-01,3.690132e-01,3.697482e-01,3.701219e-01,3.708506e-01,3.710820e-01,3.715981e-01,3.719031e-01,3.724216e-01,3.725025e-01,3.730894e-01,3.733903e-01,3.740527e-01,3.744280e-01,3.750945e-01,3.753246e-01,3.760680e-01,3.760025e-01,3.767497e-01,3.768324e-01,3.770706e-01,3.772239e-01,3.776127e-01,3.773238e-01,3.776377e-01,3.773498e-01,3.776706e-01,3.773067e-01,3.773213e-01,3.771827e-01,3.773463e-01,3.769840e-01,3.769239e-01,3.767041e-01,3.768671e-01,3.765050e-01,3.766678e-01,3.763061e-01,3.762530e-01,3.762642e-01,3.772565e-01,3.768936e-01,3.769150e-01,3.766412e-01,3.763653e-01,3.760112e-01,3.758106e-01,3.755318e-01,3.754048e-01,3.750528e-01,3.747795e-01,3.741287e-01,3.739986e-01,3.737203e-01,3.732919e-01,3.729418e-01,3.727330e-01,3.719391e-01,3.719524e-01,3.713780e-01,3.710974e-01,3.708131e-01,3.706723e-01,3.700348e-01,3.697522e-01,3.690437e-01,3.686958e-01,3.683445e-01,3.675712e-01,3.670159e-01,3.665285e-01,3.656247e-01,3.652840e-01,3.647331e-01,3.642524e-01,3.636399e-01,3.631624e-01,3.624128e-01,3.620795e-01,3.613358e-01,3.606623e-01,3.599915e-01,3.595894e-01,3.589230e-01,3.585928e-01,3.579971e-01,3.576727e-01,3.567508e-01,3.563589e-01,3.554505e-01,3.549416e-01,3.544304e-01,3.537917e-01,3.531554e-01,3.527144e-01,3.518942e-01,3.517183e-01,3.510910e-01,3.505867e-01,3.500264e-01,3.498415e-01,3.492824e-01,3.490352e-01,3.480999e-01,3.477301e-01,3.476103e-01,3.467455e-01,3.461934e-01,3.457043e-01,3.449719e-01,3.442486e-01,3.436477e-01,3.431720e-01,3.422156e-01,3.413299e-01,3.406223e-01,3.397406e-01,3.386863e-01,3.379904e-01,3.371811e-01,3.361438e-01,3.349352e-01,3.339645e-01,3.334546e-01,3.323801e-01,3.312567e-01,3.301413e-01,3.292000e-01,3.284798e-01,3.272750e-01,3.264603e-01,3.257528e-01,3.251079e-01,3.241968e-01,3.233983e-01,3.227633e-01,3.221840e-01,3.215540e-01,3.208269e-01,3.202549e-01,3.200553e-01,3.200074e-01,3.192355e-01,3.189331e-01,3.185281e-01,3.180725e-01,3.180351e-01,3.177868e-01,3.174357e-01,3.171369e-01,3.168863e-01,3.165886e-01,3.161381e-01,3.158412e-01,3.153422e-01,3.149961e-01,3.146010e-01,3.144586e-01,3.142658e-01,3.140200e-01,3.141285e-01,3.140860e-01,3.140441e-01,3.138518e-01,3.139148e-01,3.139197e-01,3.140282e-01,3.143329e-01,3.143912e-01,3.145499e-01,3.148577e-01,3.150120e-01,3.153689e-01,3.154276e-01,3.156842e-01,3.157352e-01,3.157841e-01,3.157361e-01,3.156379e-01,3.155348e-01,3.153307e-01,3.151742e-01,3.152229e-01,3.151708e-01,3.154221e-01,3.151167e-01,3.150617e-01,3.148583e-01,3.147557e-01,3.149055e-01,3.147522e-01,3.146497e-01,3.147031e-01,3.145520e-01,3.145506e-01,3.144531e-01,3.142098e-01,3.137111e-01,3.135192e-01,3.130756e-01,3.127846e-01,3.117073e-01,3.112272e-01,3.106015e-01,3.098295e-01,3.091616e-01,3.084966e-01,3.074547e-01,3.065085e-01,3.054765e-01,3.042159e-01,3.029199e-01,3.013058e-01,2.992625e-01,2.980506e-01,2.968016e-01,2.955213e-01,2.929401e-01,2.903621e-01,2.891319e-01,2.867011e-01,2.830520e-01,2.806422e-01,2.783503e-01,2.749473e-01,2.715883e-01,2.683128e-01,2.650765e-01,2.619506e-01,2.568537e-01,2.538856e-01,2.471940e-01,2.425804e-01,2.373653e-01,2.331835e-01,2.275300e-01,2.229876e-01,2.171450e-01,2.117474e-01,2.038991e-01,1.977384e-01,1.919169e-01,1.853262e-01,1.796228e-01,1.727912e-01,1.668091e-01,1.575302e-01,1.509360e-01,1.444866e-01,1.385045e-01,1.314809e-01,1.258265e-01,1.171504e-01,1.111748e-01,1.056769e-01,1.004318e-01,9.507942e-02,8.867447e-02,8.388854e-02,7.977208e-02,7.586313e-02,7.204214e-02,6.756936e-02,6.441313e-02,6.165878e-02,5.918053e-02,5.707369e-02,5.402799e-02,5.228933e-02,5.069713e-02,4.907592e-02,4.743964e-02,4.589693e-02,4.491334e-02,4.396274e-02,4.304826e-02,4.217269e-02,4.132635e-02,4.089994e-02,4.010846e-02,3.970859e-02,3.896019e-02,3.858701e-02,3.821861e-02,3.786601e-02,3.751582e-02,3.717298e-02,3.684223e-02,3.683061e-02,3.649675e-02,3.649020e-02,3.616738e-02,3.615287e-02,3.614853e-02,3.614004e-02,3.582234e-02,3.581308e-02,3.580800e-02,3.579975e-02,3.609879e-02,3.609775e-02,3.608966e-02,3.607865e-02,3.638192e-02,3.638108e-02,3.669303e-02,3.668701e-02,3.700742e-02,3.733060e-02,3.732654e-02,3.766253e-02,3.799856e-02,3.834079e-02,3.869859e-02,3.869515e-02,3.905316e-02,3.942668e-02,3.979700e-02,4.018193e-02,4.056501e-02,4.095843e-02,4.136619e-02,4.177345e-02,4.218854e-02,4.261757e-02,4.304887e-02,4.348769e-02,4.394190e-02,4.439901e-02,4.486199e-02,4.534158e-02,4.631729e-02,4.631579e-02,4.734016e-02,4.786507e-02,4.786729e-02,4.878182e-02,4.933653e-02,5.001534e-02,5.048214e-02,5.130780e-02,5.179612e-02,5.222677e-02,5.304655e-02,5.362234e-02,5.435133e-02,5.488804e-02,5.577968e-02,5.626827e-02,5.712868e-02,5.771927e-02,5.824194e-02,5.914853e-02,5.977363e-02,6.064665e-02,6.120791e-02,6.210902e-02,6.269836e-02,6.355312e-02,6.424906e-02,6.503957e-02,6.566840e-02,6.659494e-02,6.724961e-02,6.810743e-02,6.877998e-02,6.967813e-02,7.028539e-02,7.121646e-02,7.193944e-02,7.246541e-02,7.344016e-02,7.443712e-02,7.510569e-02,7.602048e-02,7.671311e-02,7.765154e-02,7.824158e-02,7.922012e-02,7.982183e-02,8.069996e-02,8.132393e-02,8.236237e-02,8.300358e-02,8.392075e-02,8.456841e-02,8.553402e-02,8.605674e-02,8.698198e-02,8.766984e-02,8.851830e-02,8.953493e-02,9.004843e-02,9.093596e-02,9.151673e-02,9.253725e-02,9.291551e-02,9.385111e-02,9.474572e-02,9.536811e-02,9.611301e-02,9.669179e-02,9.769231e-02,9.810696e-02,9.907100e-02,9.986534e-02,1.004828e-01,1.012964e-01,1.017373e-01,1.026330e-01,1.036733e-01,1.041307e-01,1.049948e-01,1.054634e-01,1.061406e-01,1.070332e-01,1.075174e-01,1.084297e-01,1.089965e-01,1.097141e-01,1.104396e-01,1.109475e-01,1.116883e-01,1.127390e-01,1.130407e-01,1.141144e-01,1.144224e-01,1.155158e-01,1.163881e-01,1.167860e-01,1.176734e-01,1.185708e-01,1.192297e-01,1.199740e-01,1.209018e-01,1.215831e-01,1.222696e-01,1.233167e-01,1.237549e-01,1.245557e-01,1.255468e-01,1.260899e-01,1.268239e-01,1.279436e-01,1.284137e-01,1.292687e-01,1.300380e-01,1.306192e-01,1.314960e-01,1.322868e-01,1.327849e-01,1.336893e-01,1.345015e-01,1.351126e-01,1.356278e-01,1.365662e-01,1.374091e-01,1.380455e-01,1.385804e-01,1.395512e-01,1.400964e-01,1.407564e-01,1.416451e-01,1.423180e-01,1.428789e-01,1.435639e-01,1.444839e-01,1.451807e-01,1.457634e-01,1.464711e-01,1.474192e-01,1.477786e-01,1.488677e-01,1.494768e-01,1.502149e-01,1.505848e-01,1.513296e-01,1.519550e-01,1.527150e-01,1.534819e-01,1.537364e-01,1.545093e-01,1.552922e-01,1.556849e-01,1.563446e-01,1.567421e-01,1.575454e-01,1.579453e-01,1.587597e-01,1.595816e-01,1.604112e-01,1.606869e-01,1.615268e-01,1.619472e-01,1.627990e-01,1.632265e-01,1.636560e-01,1.643749e-01,1.648080e-01,1.652451e-01,1.661285e-01,1.665700e-01,1.670109e-01,1.673056e-01,1.682091e-01,1.686587e-01,1.691099e-01,1.694114e-01,1.698690e-01,1.703269e-01,1.706278e-01,1.710914e-01,1.715554e-01,1.720217e-01,1.724903e-01,1.729612e-01,1.732709e-01,1.732620e-01,1.737369e-01,1.742142e-01,1.746939e-01,1.751734e-01,1.756560e-01,1.761430e-01,1.761341e-01,1.766215e-01,1.771115e-01,1.775992e-01,1.775881e-01,1.780810e-01,1.785742e-01,1.785583e-01,1.790519e-01,1.795481e-01,1.795326e-01,1.802040e-01,1.801837e-01,1.806858e-01,1.806680e-01,1.813476e-01,1.813293e-01,1.818375e-01,1.819978e-01,1.825096e-01,1.824960e-01,1.831861e-01,1.831702e-01,1.833328e-01,1.838517e-01,1.845493e-01,1.847120e-01,1.852361e-01,1.854001e-01,1.853818e-01,1.860907e-01,1.860698e-01,1.867861e-01,1.869527e-01,1.869343e-01,1.876592e-01,1.876429e-01,1.878131e-01,1.879838e-01,1.879721e-01,1.881477e-01,1.883236e-01,1.883093e-01,1.884901e-01,1.884807e-01,1.892265e-01,1.892167e-01,1.894016e-01,1.895867e-01,1.895841e-01,1.897720e-01,1.897668e-01,1.899573e-01,1.899571e-01,1.901479e-01,1.901451e-01,1.903363e-01,1.903384e-01,1.905323e-01,1.905318e-01,1.905338e-01,1.907282e-01,1.901568e-01,1.901561e-01,1.901605e-01,1.903542e-01,1.903562e-01,1.903555e-01,1.903599e-01,1.903619e-01,1.901721e-01,1.896006e-01,1.896026e-01,1.894141e-01,1.892236e-01,1.884711e-01,1.884702e-01,1.882813e-01,1.879051e-01,1.871618e-01,1.869752e-01,1.866006e-01,1.858641e-01,1.854940e-01,1.853102e-01,1.843988e-01,1.840338e-01,1.831305e-01,1.827698e-01,1.817035e-01,1.813477e-01,1.802938e-01,1.799427e-01,1.790773e-01,1.785612e-01,1.777042e-01,1.766914e-01,1.763546e-01,1.753553e-01,1.745302e-01,1.740367e-01,1.732225e-01,1.722540e-01,1.719282e-01,1.709723e-01,1.706541e-01,1.698671e-01,1.689289e-01,1.681537e-01,1.673846e-01,1.666216e-01,1.663115e-01,1.655548e-01,1.648060e-01,1.639155e-01,1.631794e-01,1.630295e-01,1.623002e-01,1.617204e-01,1.605752e-01,1.600039e-01,1.592976e-01,1.591535e-01,1.585926e-01,1.580332e-01,1.574790e-01,1.567896e-01,1.562428e-01,1.556973e-01,1.550210e-01,1.543497e-01,1.534214e-01,1.528883e-01,1.518436e-01,1.511953e-01,1.506791e-01,1.501658e-01,1.491541e-01,1.486494e-01,1.481477e-01,1.476487e-01,1.467872e-01,1.461746e-01,1.453275e-01,1.448442e-01,1.443636e-01,1.438857e-01,1.430605e-01,1.425851e-01,1.417740e-01,1.414246e-01,1.406227e-01,1.402780e-01,1.395989e-01,1.393683e-01,1.386965e-01,1.383593e-01,1.378035e-01,1.375776e-01,1.365944e-01,1.364796e-01,1.358288e-01,1.352894e-01,1.349639e-01,1.345355e-01,1.342113e-01,1.335812e-01,1.327476e-01,1.324303e-01,1.319110e-01,1.312937e-01,1.306811e-01,1.304718e-01,1.294747e-01,1.288742e-01,1.285716e-01,1.279794e-01,1.272988e-01,1.267161e-01,1.263264e-01,1.251929e-01,1.248106e-01,1.242462e-01,1.236875e-01,1.230453e-01,1.219574e-01,1.216816e-01,1.210579e-01,1.205236e-01,1.199931e-01,1.194663e-01,1.186918e-01,1.182594e-01,1.177463e-01,1.173194e-01,1.168128e-01,1.158979e-01,1.157341e-01,1.150746e-01,1.145834e-01,1.140956e-01,1.136910e-01,1.128165e-01,1.124192e-01,1.121021e-01,1.116310e-01,1.112402e-01,1.101668e-01,1.097854e-01,1.094048e-01,1.090263e-01,1.082070e-01,1.077616e-01,1.073190e-01,1.066620e-01,1.062983e-01,1.055157e-01,1.050877e-01,1.044522e-01,1.040989e-01,1.031319e-01,1.029877e-01,1.023721e-01,1.017681e-01,1.014289e-01,1.005008e-01,1.001030e-01,9.951437e-02,9.919268e-02,9.823477e-02,9.785086e-02,9.734527e-02,9.696674e-02,9.604714e-02,9.567520e-02,9.512697e-02,9.476650e-02,9.387388e-02,9.328095e-02,9.275882e-02,9.246259e-02,9.160735e-02,9.126048e-02,9.075363e-02,9.041047e-02,8.958251e-02,5.525694e-03,5.525694e-03,5.525694e-03,5.525694e-03,5.525694e-03,5.525694e-03,5.525694e-03,5.525694e-03,5.525694e-03,5.525694e-03,5.525694e-03,5.525694e-03,5.525694e-03,5.525694e-03,5.525694e-03,5.525694e-03,5.525694e-03,5.525694e-03,5.525694e-03,5.525694e-03,5.525694e-03,5.525694e-03,5.525694e-03,5.525694e-03,5.525694e-03,5.525694e-03,5.525694e-03,5.525694e-03,5.525694e-03,5.525694e-03,5.525694e-03,5.525694e-03,5.525694e-03,5.525694e-03,5.525694e-03,5.525694e-03,5.525694e-03,5.525694e-03,5.525694e-03,5.525694e-03,5.525694e-03,5.525694e-03,5.525694e-03,5.525694e-03,5.525694e-03,5.525694e-03,5.525694e-03,5.525694e-03,5.525694e-03,5.525694e-03,5.525694e-03,5.525694e-03,5.525694e-03,5.525694e-03,5.525694e-03,5.525694e-03,5.525694e-03,5.525694e-03,5.525694e-03,5.525694e-03,5.525694e-03,5.525694e-03,5.525694e-03,5.525694e-03,5.525694e-03,5.525694e-03,5.525694e-03,5.525694e-03,5.525694e-03,5.525694e-03,5.525694e-03,5.525694e-03,5.525694e-03,5.525694e-03,5.525694e-03,5.525694e-03,5.525694e-03,5.525694e-03,5.525694e-03,5.525694e-03,5.525694e-03,5.525694e-03,5.525694e-03,5.525694e-03,5.525694e-03,5.525694e-03,5.525694e-03,5.525694e-03,5.525694e-03,5.525694e-03,5.525694e-03,5.525694e-03,5.525694e-03,5.525694e-03,5.525694e-03,5.525694e-03,5.525694e-03,5.525694e-03,5.525694e-03,5.525694e-03,5.525694e-03,5.525694e-03,5.525694e-03,5.525694e-03,5.525694e-03,5.525694e-03,5.525694e-03,5.525694e-03,5.525694e-03,5.525694e-03,5.525694e-03,5.525694e-03,5.525694e-03,5.525694e-03,5.525694e-03,5.525694e-03,5.525694e-03,5.525694e-03,5.525694e-03,5.525694e-03,5.525694e-03,5.525694e-03,5.525694e-03,5.525694e-03,5.525694e-03,5.525694e-03,5.525694e-03,5.525694e-03,5.525694e-03,5.525694e-03,5.525694e-03,5.525694e-03,5.525694e-03,5.525694e-03,5.525694e-03,5.525694e-03,5.525694e-03,5.525694e-03,5.525694e-03,5.525694e-03,5.525694e-03,5.525694e-03,5.525694e-03,5.525694e-03,5.525694e-03,5.525694e-03,5.525694e-03,5.525694e-03,5.525694e-03,5.525694e-03,5.525694e-03,5.525694e-03,5.525694e-03,5.525694e-03,5.525694e-03,5.525694e-03,5.525694e-03,5.525694e-03,5.525694e-03,5.525694e-03,5.525694e-03
1.265500e-02,1.263827e-02,1.262037e-02,1.260353e-02,1.258904e-02,1.257942e-02,1.256961e-02,1.256363e-02,1.255761e-02,1.254904e-02,1.254211e-02,1.252858e-02,1.251964e-02,1.251301e-02,1.250370e-02,1.249896e-02,1.249413e-02,1.248806e-02,1.248527e-02,1.247777e-02,1.247010e-02,1.245841e-02,1.244597e-02,1.243653e-02,1.243154e-02,1.242309e-02,1.241567e-02,1.240734e-02,1.239848e-02,1.239035e-02,1.237951e-02,1.236335e-02,1.235159e-02,1.233928e-02,1.233216e-02,1.232557e-02,1.231531e-02,1.231087e-02,1.230588e-02,1.229969e-02,1.229958e-02,1.230819e-02,1.231776e-02,1.232910e-02,1.234230e-02,1.236379e-02,1.238621e-02,1.240688e-02,1.244052e-02,1.248161e-02,1.252756e-02,1.258382e-02,1.264789e-02,1.271372e-02,1.278030e-02,1.284668e-02,1.291680e-02,1.298639e-02,1.305285e-02,1.311870e-02,1.317792e-02,1.323625e-02,1.328985e-02,1.333718e-02,1.339126e-02,1.344350e-02,1.349436e-02,1.354267e-02,1.358327e-02,1.362514e-02,1.366424e-02,1.369146e-02,1.371871e-02,1.374289e-02,1.376126e-02,1.378033e-02,1.379881e-02,1.382498e-02,1.384689e-02,1.387246e-02,1.390231e-02,1.394170e-02,1.399369e-02,1.405318e-02,1.412308e-02,1.420965e-02,1.431160e-02,1.442555e-02,1.456166e-02,1.471503e-02,1.488723e-02,1.507145e-02,1.527680e-02,1.550223e-02,1.574569e-02,1.600814e-02,1.629626e-02,1.660786e-02,1.694305e-02,1.730461e-02,1.769484e-02,1.810906e-02,1.855302e-02,1.902809e-02,1.953615e-02,2.007549e-02,2.064991e-02,2.126987e-02,2.193770e-02,2.262645e-02,2.335876e-02,2.412217e-02,2.492454e-02,2.580044e-02,2.672209e-02,2.765359e-02,2.862395e-02,2.963175e-02,3.067098e-02,3.174176e-02,3.283776e-02,3.392373e-02,3.502716e-02,3.611191e-02,3.719399e-02,3.823670e-02,3.925186e-02,4.022891e-02,4.118660e-02,4.208159e-02,4.295809e-02,4.377231e-02,4.458724e-02,4.532495e-02,4.604900e-02,4.671153e-02,4.736386e-02,4.794741e-02,4.853225e-02,4.906413e-02,4.961307e-02,5.009472e-02,5.054110e-02,5.103940e-02,5.149940e-02,5.200024e-02,5.246770e-02,5.297949e-02,5.344778e-02,5.391988e-02,5.439868e-02,5.482306e-02,5.519928e-02,5.560195e-02,5.591930e-02,5.612282e-02,5.617850e-02,5.622085e-02,5.617593e-02,5.607659e-02,5.596398e-02,5.587567e-02,5.571133e-02,5.553521e-02,5.530965e-02,5.506063e-02,5.476185e-02,5.439531e-02,5.401462e-02,5.360554e-02,5.316528e-02,5.270285e-02,5.222630e-02,5.176223e-02,5.130283e-02,5.085513e-02,5.042551e-02,5.003094e-02,4.966028e-02,4.931380e-02,4.898433e-02,4.869612e-02,4.841769e-02,4.816005e-02,4.791030e-02,4.768908e-02,4.748994e-02,4.729241e-02,4.711390e-02,4.695408e-02,4.682076e-02,4.669741e-02,4.659167e-02,4.648832e-02,4.642453e-02,4.637822e-02,4.633600e-02,4.629948e-02,4.626433e-02,4.622073e-02,4.613410e-02,4.604606e-02,4.593137e-02,4.577943e-02,4.556325e-02,4.532913e-02,4.505695e-02,4.471632e-02,4.436636e-02,4.398175e-02,4.358372e-02,4.315416e-02,4.272715e-02,4.228727e-02,4.182469e-02,4.139617e-02,4.096062e-02,4.055766e-02,4.017917e-02,3.982344e-02,3.952776e-02,3.924440e-02,3.902322e-02,3.882133e-02,3.866872e-02,3.853638e-02,3.843128e-02,3.837784e-02,3.832316e-02,3.829329e-02,3.823448e-02,3.817557e-02,3.806375e-02,3.789450e-02,3.768278e-02,3.738046e-02,3.702036e-02,3.655027e-02,3.602044e-02,3.542765e-02,3.477705e-02,3.407641e-02,3.336005e-02,3.260815e-02,3.185770e-02,3.110893e-02,3.040221e-02,2.972757e-02,2.909724e-02,2.855810e-02,2.805946e-02,2.763020e-02,2.723030e-02,2.685679e-02,2.646237e-02,2.603370e-02,2.556485e-02,2.503089e-02,2.444050e-02,2.377799e-02,2.307932e-02,2.231859e-02,2.156277e-02,2.080106e-02,2.006605e-02,1.936029e-02,1.869600e-02,1.812413e-02,1.760823e-02,1.717850e-02,1.679464e-02,1.649246e-02,1.624257e-02,1.604710e-02,1.588643e-02,1.578736e-02,1.571357e-02,1.572246e-02,1.576948e-02,1.595629e-02,1.621659e-02,1.673109e-02,1.736335e-02,1.830776e-02,1.944703e-02,2.096361e-02,2.274007e-02,2.486634e-02,2.731911e-02,3.019418e-02,3.343315e-02,3.705662e-02,4.107502e-02,4.553356e-02,5.034352e-02,5.544139e-02,6.087624e-02,6.660769e-02,7.256296e-02,7.864568e-02,8.489812e-02,9.128938e-02,9.765982e-02,1.040067e-01,1.103396e-01,1.166178e-01,1.228472e-01,1.290185e-01,1.351548e-01,1.414623e-01,1.475909e-01,1.536924e-01,1.598162e-01,1.659413e-01,1.721143e-01,1.782713e-01,1.844770e-01,1.906784e-01,1.968870e-01,2.031151e-01,2.097145e-01,2.159247e-01,2.221412e-01,2.281936e-01,2.343247e-01,2.404007e-01,2.464188e-01,2.523726e-01,2.582249e-01,2.639746e-01,2.696093e-01,2.751056e-01,2.805206e-01,2.858210e-01,2.908524e-01,2.957912e-01,3.006066e-01,3.052408e-01,3.096227e-01,3.139608e-01,3.181026e-01,3.218385e-01,3.255479e-01,3.289445e-01,3.323113e-01,3.353743e-01,3.384111e-01,3.411406e-01,3.438335e-01,3.462744e-01,3.486535e-01,3.508574e-01,3.530653e-01,3.554312e-01,3.576803e-01,3.600661e-01,3.623651e-01,3.646537e-01,3.670757e-01,3.693755e-01,3.718251e-01,3.739899e-01,3.762764e-01,3.785502e-01,3.806692e-01,3.828820e-01,3.850880e-01,3.872621e-01,3.892548e-01,3.913277e-01,3.933727e-01,3.953634e-01,3.972743e-01,3.991410e-01,4.009142e-01,4.026090e-01,4.042387e-01,4.057572e-01,4.071779e-01,4.084927e-01,4.096986e-01,4.105407e-01,4.115336e-01,4.125301e-01,4.135324e-01,4.145212e-01,4.155345e-01,4.165558e-01,4.174111e-01,4.184419e-01,4.194600e-01,4.203302e-01,4.213799e-01,4.222596e-01,4.231257e-01,4.240138e-01,4.249068e-01,4.259635e-01,4.268665e-01,4.277723e-01,4.286653e-01,4.295799e-01,4.304986e-01,4.314035e-01,4.321474e-01,4.330795e-01,4.340163e-01,4.349385e-01,4.358862e-01,4.366474e-01,4.376030e-01,4.383719e-01,4.391455e-01,4.401158e-01,4.408969e-01,4.416813e-01,4.424685e-01,4.432586e-01,4.440527e-01,4.448529e-01,4.456539e-01,4.464561e-01,4.472640e-01,4.478731e-01,4.486884e-01,4.495017e-01,4.500920e-01,4.509140e-01,4.517384e-01,4.525572e-01,4.531777e-01,4.538009e-01,4.546289e-01,4.552511e-01,4.558814e-01,4.567259e-01,4.573587e-01,4.579943e-01,4.586356e-01,4.594913e-01,4.601365e-01,4.607851e-01,4.614378e-01,4.620896e-01,4.627474e-01,4.634075e-01,4.640876e-01,4.647529e-01,4.654224e-01,4.660899e-01,4.667655e-01,4.674421e-01,4.678960e-01,4.685768e-01,4.690347e-01,4.697189e-01,4.704042e-01,4.708854e-01,4.715775e-01,4.720400e-01,4.727357e-01,4.732030e-01,4.738989e-01,4.743691e-01,4.748378e-01,4.753237e-01,4.760265e-01,4.764986e-01,4.769697e-01,4.774460e-01,4.781545e-01,4.786442e-01,4.791191e-01,4.795966e-01,4.800690e-01,4.805467e-01,4.810448e-01,4.815235e-01,4.820061e-01,4.824885e-01,4.829901e-01,4.832349e-01,4.837239e-01,4.842328e-01,4.847258e-01,4.849764e-01,4.854734e-01,4.859917e-01,4.864863e-01,4.867423e-01,4.872431e-01,4.877600e-01,4.880162e-01,4.882719e-01,4.887956e-01,4.890509e-01,4.895533e-01,4.898286e-01,4.903372e-01,4.905917e-01,4.908462e-01,4.911193e-01,4.913710e-01,4.916244e-01,4.918999e-01,4.921575e-01,4.924127e-01,4.926638e-01,4.929363e-01,4.931938e-01,4.934517e-01,4.937063e-01,4.939775e-01,4.942338e-01,4.944948e-01,4.947742e-01,4.950293e-01,4.952746e-01,4.955455e-01,4.958078e-01,4.960672e-01,4.963340e-01,4.965716e-01,4.968361e-01,4.970880e-01,4.973373e-01,4.976034e-01,4.978518e-01,4.981112e-01,4.983722e-01,4.985993e-01,4.988374e-01,4.990725e-01,4.993037e-01,4.995434e-01,4.997865e-01,4.999630e-01,5.001736e-01,5.003950e-01,5.006096e-01,5.008313e-01,5.009712e-01,5.011753e-01,5.013901e-01,5.015756e-01,5.017907e-01,5.019614e-01,5.021474e-01,5.023590e-01,5.024883e-01,5.025679e-01,5.026897e-01,5.028639e-01,5.029859e-01,5.031182e-01,5.032404e-01,5.033854e-01,5.035484e-01,5.037165e-01,5.038945e-01,5.040731e-01,5.042111e-01,5.044316e-01,5.046692e-01,5.048938e-01,5.051167e-01,5.053382e-01,5.055693e-01,5.058337e-01,5.060423e-01,5.063038e-01,5.065383e-01,5.067441e-01,5.070027e-01,5.072053e-01,5.074372e-01,5.076770e-01,5.079308e-01,5.081712e-01,5.084309e-01,5.086696e-01,5.089299e-01,5.091826e-01,5.094373e-01,5.097021e-01,5.099750e-01,5.102030e-01,5.104844e-01,5.107699e-01,5.110265e-01,5.112848e-01,5.115755e-01,5.118424e-01,5.121003e-01,5.123562e-01,5.126440e-01,5.129084e-01,5.131517e-01,5.134448e-01,5.137101e-01,5.139719e-01,5.142340e-01,5.144868e-01,5.147415e-01,5.150044e-01,5.152676e-01,5.155392e-01,5.157788e-01,5.160334e-01,5.163098e-01,5.165540e-01,5.168309e-01,5.170757e-01,5.173451e-01,5.175863e-01,5.178683e-01,5.181100e-01,5.183345e-01,5.185767e-01,5.188354e-01,5.190862e-01,5.193373e-01,5.195847e-01,5.198363e-01,5.200841e-01,5.203240e-01,5.205642e-01,5.207582e-01,5.210030e-01,5.212312e-01,5.214682e-01,5.216597e-01,5.218514e-01,5.220724e-01,5.222809e-01,5.224896e-01,5.226985e-01,5.228992e-01,5.231084e-01,5.233094e-01,5.235106e-01,5.236825e-01,5.238881e-01,5.240814e-01,5.242495e-01,5.244389e-01,5.246072e-01,5.247841e-01,5.249821e-01,5.251722e-01,5.253452e-01,5.255099e-01,5.256845e-01,5.258465e-01,5.260183e-01,5.261704e-01,5.263310e-01,5.264847e-01,5.266341e-01,5.267820e-01,5.269513e-01,5.271005e-01,5.272428e-01,5.273808e-01,5.275088e-01,5.276410e-01,5.277649e-01,5.278913e-01,5.280178e-01,5.281426e-01,5.282534e-01,5.283583e-01,5.284559e-01,5.285578e-01,5.286525e-01,5.287569e-01,5.288286e-01,5.289088e-01,5.289915e-01,5.290699e-01,5.291497e-01,5.292266e-01,5.292834e-01,5.293403e-01,5.293911e-01,5.294505e-01,5.294983e-01,5.295688e-01,5.296109e-01,5.296507e-01,5.296793e-01,5.297052e-01,5.297542e-01,5.297918e-01,5.298184e-01,5.298337e-01,5.298379e-01,5.298394e-01,5.298467e-01,5.298598e-01,5.298701e-01,5.298790e-01,5.298709e-01,5.298629e-01,5.298890e-01,5.298980e-01,5.298984e-01,5.298904e-01,5.298739e-01,5.298916e-01,5.299006e-01,5.299011e-01,5.298846e-01,5.298722e-01,5.298898e-01,5.299415e-01,5.299591e-01,5.299427e-01,5.299263e-01,5.299228e-01,5.299150e-01,5.299202e-01,5.298914e-01,5.298625e-01,5.298507e-01,5.298474e-01,5.298101e-01,5.297477e-01,5.296597e-01,5.295971e-01,5.295346e-01,5.294383e-01,5.292615e-01,5.290640e-01,5.288876e-01,5.287283e-01,5.285949e-01,5.284359e-01,5.282306e-01,5.279460e-01,5.275653e-01,5.271937e-01,5.269314e-01,5.267028e-01,5.264080e-01,5.260147e-01,5.255883e-01,5.252953e-01,5.250937e-01,5.249172e-01,5.247078e-01,5.244575e-01,5.242323e-01,5.240292e-01,5.238046e-01,5.236666e-01,5.236108e-01,5.235550e-01,5.235036e-01,5.234522e-01,5.234008e-01,5.233538e-01,5.233068e-01,5.233417e-01,5.232948e-01,5.233474e-01,5.233866e-01,5.234216e-01,5.233748e-01,5.234098e-01,5.234405e-01,5.234712e-01,5.234200e-01,5.233646e-01,5.233910e-01,5.234174e-01,5.234395e-01,5.234659e-01,5.234923e-01,5.234326e-01,5.234590e-01,5.234854e-01,5.235296e-01,5.234743e-01,5.235007e-01,5.234455e-01,5.234719e-01,5.235028e-01,5.235249e-01,5.234697e-01,5.234961e-01,5.235183e-01,5.235448e-01,5.234852e-01,5.235074e-01,5.235295e-01,5.235517e-01,5.235695e-01,5.235916e-01,5.236138e-01,5.237176e-01,5.237397e-01,5.237619e-01,5.237840e-01,5.238062e-01,5.238284e-01,5.233563e-01,5.234600e-01,5.234822e-01,5.235044e-01,5.235265e-01,5.231368e-01,5.231547e-01,5.232582e-01,5.232804e-01,5.228102e-01,5.228281e-01,5.229358e-01,5.225477e-01,5.225878e-01,5.222048e-01,5.222314e-01,5.222580e-01,5.217994e-01,5.218304e-01,5.214535e-01,5.214844e-01,5.210279e-01,5.210631e-01,5.206879e-01,5.202376e-01,5.203529e-01,5.198992e-01,5.199344e-01,5.195796e-01,5.196106e-01,5.192385e-01,5.187876e-01,5.188186e-01,5.183646e-01,5.183913e-01,5.180174e-01,5.175612e-01,5.176626e-01,5.172073e-01,5.168316e-01,5.168499e-01,5.163967e-01,5.160228e-01,5.160453e-01,5.155940e-01,5.152402e-01,5.152669e-01,5.148996e-01,5.144555e-01,5.144822e-01,5.140391e-01,5.140658e-01,5.136237e-01,5.131869e-01,5.132907e-01,5.128506e-01,5.124156e-01,5.125191e-01,5.120809e-01,5.121076e-01,5.116704e-01,5.112342e-01,5.112609e-01,5.108403e-01,5.108670e-01,5.104289e-01,5.103796e-01,5.099427e-01,5.098896e-01,5.094539e-01,5.094011e-01,5.089625e-01,5.089852e-01,5.084766e-01,5.084993e-01,5.084469e-01,5.079398e-01,5.079064e-01,5.078542e-01,5.074237e-01,5.073717e-01,5.073198e-01,5.068906e-01,5.068389e-01,5.067872e-01,5.067356e-01,5.062337e-01,5.061822e-01,5.061308e-01,5.060795e-01,5.059540e-01,5.059028e-01,5.057775e-01,5.057263e-01,5.061238e-01,5.051028e-01,5.054991e-01,5.058220e-01,5.061453e-01,5.063949e-01,5.062695e-01,5.065192e-01,5.063937e-01,5.062683e-01,5.065921e-01,5.063925e-01,5.062671e-01,5.060679e-01,5.063172e-01,5.061180e-01,5.059191e-01,5.057204e-01,5.055219e-01,5.053426e-01,5.046260e-01,5.048001e-01,5.040855e-01,5.038890e-01,5.036928e-01,5.038661e-01,5.040396e-01,5.032554e-01,5.029145e-01,5.025743e-01,5.027467e-01,5.024794e-01,5.018464e-01,5.015044e-01,5.006591e-01,4.998175e-01,4.998447e-01,4.986467e-01,4.979557e-01,4.972671e-01,4.970821e-01,4.964005e-01,4.957214e-01,4.953982e-01,4.945833e-01,4.937026e-01,4.924083e-01,4.915375e-01,4.899812e-01,4.889820e-01,4.874460e-01,4.867982e-01,4.856790e-01,4.846325e-01,4.835259e-01,4.828882e-01,4.817918e-01,4.811601e-01,4.807937e-01,4.820654e-01,4.837469e-01,4.846395e-01,4.835306e-01,4.826938e-01,4.823246e-01,4.819529e-01,4.811233e-01,4.810822e-01,4.809081e-01,4.796282e-01,4.779026e-01,4.757035e-01,4.733853e-01,4.712151e-01,4.691343e-01,4.668953e-01,4.651633e-01,4.638689e-01,4.635387e-01,4.636273e-01,4.647919e-01,4.642231e-01,4.628814e-01,4.603140e-01,4.577781e-01,4.541416e-01,4.499098e-01,4.466657e-01,4.430338e-01,4.402563e-01,4.368544e-01,4.341282e-01,4.311398e-01,4.280103e-01,4.243550e-01,4.225728e-01,4.197736e-01,4.161040e-01,4.129574e-01,4.093344e-01,4.067393e-01,4.032438e-01,3.995866e-01,3.964806e-01,3.938310e-01,3.911378e-01,3.878670e-01,3.846594e-01,3.821118e-01,3.785924e-01,3.754855e-01,3.724372e-01,3.696561e-01,3.672631e-01,3.649068e-01,3.620052e-01,3.593324e-01,3.567054e-01,3.542457e-01,3.521992e-01,3.498301e-01,3.472951e-01,3.449813e-01,3.429937e-01,3.407645e-01,3.385481e-01,3.366434e-01,3.347628e-01,3.333646e-01,3.316898e-01,3.300331e-01,3.288404e-01,3.273756e-01,3.261849e-01,3.253177e-01,3.241638e-01,3.231541e-01,3.223051e-01,3.213283e-01,3.203385e-01,3.195055e-01,3.189250e-01,3.181202e-01,3.178432e-01,3.175667e-01,3.173107e-01,3.167912e-01,3.163695e-01,3.162631e-01,3.159900e-01,3.162539e-01,3.160007e-01,3.158756e-01,3.154775e-01,3.155945e-01,3.151974e-01,3.154604e-01,3.155774e-01,3.160074e-01,3.158833e-01,3.158736e-01,3.162331e-01,3.165182e-01,3.167833e-01,3.171647e-01,3.175272e-01,3.180589e-01,3.186696e-01,3.192052e-01,3.198723e-01,3.203591e-01,3.207283e-01,3.213695e-01,3.219926e-01,3.223856e-01,3.232665e-01,3.238169e-01,3.244499e-01,3.251048e-01,3.257977e-01,3.267184e-01,3.269651e-01,3.272947e-01,3.278034e-01,3.284526e-01,3.288612e-01,3.293545e-01,3.298697e-01,3.304427e-01,3.313701e-01,3.317858e-01,3.324514e-01,3.333042e-01,3.336680e-01,3.343993e-01,3.349303e-01,3.361097e-01,3.368140e-01,3.374118e-01,3.381003e-01,3.389833e-01,3.394172e-01,3.404584e-01,3.414137e-01,3.426618e-01,3.432594e-01,3.440554e-01,3.451253e-01,3.457526e-01,3.463822e-01,3.476482e-01,3.482849e-01,3.491053e-01,3.499089e-01,3.505542e-01,3.514845e-01,3.522004e-01,3.533469e-01,3.543587e-01,3.547109e-01,3.553537e-01,3.567119e-01,3.574490e-01,3.582941e-01,3.591633e-01,3.600171e-01,3.608963e-01,3.614568e-01,3.623223e-01,3.630169e-01,3.633664e-01,3.642639e-01,3.648376e-01,3.653220e-01,3.662308e-01,3.665892e-01,3.677075e-01,3.680888e-01,3.683785e-01,3.687611e-01,3.696878e-01,3.700507e-01,3.704355e-01,3.711625e-01,3.717348e-01,3.721217e-01,3.726452e-01,3.732209e-01,3.736109e-01,3.740003e-01,3.749293e-01,3.753214e-01,3.757143e-01,3.762999e-01,3.766948e-01,3.770905e-01,3.778955e-01,3.784739e-01,3.785500e-01,3.788924e-01,3.790401e-01,3.789857e-01,3.793158e-01,3.794995e-01,3.797731e-01,3.799945e-01,3.802901e-01,3.808193e-01,3.808987e-01,3.812318e-01,3.815454e-01,3.818810e-01,3.821807e-01,3.827166e-01,3.830556e-01,3.830991e-01,3.836742e-01,3.834959e-01,3.839987e-01,3.843015e-01,3.845665e-01,3.852576e-01,3.853736e-01,3.861248e-01,3.861440e-01,3.868609e-01,3.873325e-01,3.875983e-01,3.877909e-01,3.882632e-01,3.884940e-01,3.892359e-01,3.897333e-01,3.906347e-01,3.914069e-01,3.921055e-01,3.922806e-01,3.931776e-01,3.935878e-01,3.942556e-01,3.947303e-01,3.951846e-01,3.958188e-01,3.967343e-01,3.971540e-01,3.976357e-01,3.980789e-01,3.987044e-01,3.992720e-01,3.997373e-01,3.998622e-01,4.005135e-01,4.009012e-01,4.015963e-01,4.020078e-01,4.026445e-01,4.030174e-01,4.034317e-01,4.037843e-01,4.042412e-01,4.045542e-01,4.047635e-01,4.054310e-01,4.058285e-01,4.062899e-01,4.066476e-01,4.065657e-01,4.069871e-01,4.073043e-01,4.074744e-01,4.077924e-01,4.079628e-01,4.079863e-01,4.084123e-01,4.090076e-01,4.094120e-01,4.094994e-01,4.098626e-01,4.102059e-01,4.105704e-01,4.101436e-01,4.107625e-01,4.111052e-01,4.112543e-01,4.111253e-01,4.112744e-01,4.113602e-01,4.110375e-01,4.108242e-01,4.112298e-01,4.108022e-01,4.101644e-01,4.099730e-01,4.098475e-01,4.088548e-01,4.084776e-01,4.082070e-01,4.078333e-01,4.066027e-01,4.059409e-01,4.054673e-01,4.046039e-01,4.040936e-01,4.031973e-01,4.024859e-01,4.016385e-01,4.004532e-01,3.996165e-01,3.984456e-01,3.975819e-01,3.976053e-01,4.000765e-01,3.989032e-01,3.982753e-01,3.973543e-01,3.964585e-01,3.953124e-01,3.946603e-01,3.937578e-01,3.926901e-01,3.915700e-01,3.907062e-01,3.893355e-01,3.882751e-01,3.874274e-01,3.861204e-01,3.850647e-01,3.838124e-01,3.826774e-01,3.815004e-01,3.804168e-01,3.796091e-01,3.787840e-01,3.777879e-01,3.765424e-01,3.757332e-01,3.748600e-01,3.738760e-01,3.728767e-01,3.718169e-01,3.708189e-01,3.700056e-01,3.691310e-01,3.681828e-01,3.677445e-01,3.669472e-01,3.663385e-01,3.655485e-01,3.645374e-01,3.641627e-01,3.637043e-01,3.628962e-01,3.620924e-01,3.615334e-01,3.607368e-01,3.603507e-01,3.597474e-01,3.593853e-01,3.589105e-01,3.583436e-01,3.578734e-01,3.574869e-01,3.570801e-01,3.568278e-01,3.565759e-01,3.563547e-01,3.560949e-01,3.560884e-01,3.563559e-01,3.564697e-01,3.564015e-01,3.569123e-01,3.573852e-01,3.577143e-01,3.581068e-01,3.585920e-01,3.592954e-01,3.598782e-01,3.603375e-01,3.604536e-01,3.608833e-01,3.613153e-01,3.616110e-01,3.617290e-01,3.619426e-01,3.618105e-01,3.617085e-01,3.621111e-01,3.619465e-01,3.618445e-01,3.619002e-01,3.617360e-01,3.615396e-01,3.615629e-01,3.614911e-01,3.616718e-01,3.616640e-01,3.616563e-01,3.616796e-01,3.619215e-01,3.620714e-01,3.624730e-01,3.627159e-01,3.631504e-01,3.631738e-01,3.635778e-01,3.640144e-01,3.646437e-01,3.650829e-01,3.656855e-01,3.663209e-01,3.672187e-01,3.681524e-01,3.685694e-01,3.690849e-01,3.697669e-01,3.702532e-01,3.712061e-01,3.719296e-01,3.722543e-01,3.727808e-01,3.729170e-01,3.734455e-01,3.733685e-01,3.733250e-01,3.730465e-01,3.728018e-01,3.729265e-01,3.734880e-01,3.738487e-01,3.739857e-01,3.744145e-01,3.742347e-01,3.746304e-01,3.749934e-01,3.752218e-01,3.752232e-01,3.756548e-01,3.763250e-01,3.765536e-01,3.766107e-01,3.772641e-01,3.773200e-01,3.776166e-01,3.778467e-01,3.783174e-01,3.785252e-01,3.787535e-01,3.785673e-01,3.787628e-01,3.789570e-01,3.793256e-01,3.792896e-01,3.795188e-01,3.799230e-01,3.803974e-01,3.803485e-01,3.807326e-01,3.811047e-01,3.813012e-01,3.819559e-01,3.819413e-01,3.821386e-01,3.823726e-01,3.823376e-01,3.829608e-01,3.831606e-01,3.833269e-01,3.830300e-01,3.834095e-01,3.839113e-01,3.838641e-01,3.840346e-01,3.843469e-01,3.846242e-01,3.848445e-01,3.855185e-01,3.861951e-01,3.863693e-01,3.869552e-01,3.877478e-01,3.874481e-01,3.875497e-01,3.873371e-01,3.874408e-01,3.877593e-01,3.878374e-01,3.877187e-01,3.872383e-01,3.865421e-01,3.864009e-01,3.861394e-01,3.853062e-01,3.845948e-01,3.843348e-01,3.837226e-01,3.828784e-01,3.820604e-01,3.810349e-01,3.802028e-01,3.785050e-01,3.775017e-01,3.749577e-01,3.728902e-01,3.711382e-01,3.697268e-01,3.674726e-01,3.663507e-01,3.644201e-01,3.638303e-01,3.610503e-01,3.585766e-01,3.561423e-01,3.531381e-01,3.503228e-01,3.465467e-01,3.426360e-01,3.365826e-01,3.317403e-01,3.270991e-01,3.225774e-01,3.173324e-01,3.125329e-01,3.051494e-01,2.997338e-01,2.943001e-01,2.888821e-01,2.826705e-01,2.754493e-01,2.693473e-01,2.638130e-01,2.584665e-01,2.528771e-01,2.461474e-01,2.411596e-01,2.365465e-01,2.322117e-01,2.283274e-01,2.227109e-01,2.191606e-01,2.157766e-01,2.120314e-01,2.083495e-01,2.047333e-01,2.021377e-01,1.996198e-01,1.971619e-01,1.946957e-01,1.923528e-01,1.907839e-01,1.885653e-01,1.871511e-01,1.849649e-01,1.837410e-01,1.824866e-01,1.813257e-01,1.802367e-01,1.792044e-01,1.781702e-01,1.779212e-01,1.767844e-01,1.764831e-01,1.755338e-01,1.751646e-01,1.749531e-01,1.747972e-01,1.738649e-01,1.737108e-01,1.735024e-01,1.733905e-01,1.740500e-01,1.740082e-01,1.739373e-01,1.737828e-01,1.744030e-01,1.744028e-01,1.751541e-01,1.751669e-01,1.757833e-01,1.765026e-01,1.765587e-01,1.772711e-01,1.780019e-01,1.787383e-01,1.795560e-01,1.795696e-01,1.803631e-01,1.812851e-01,1.820473e-01,1.828936e-01,1.836222e-01,1.844960e-01,1.853641e-01,1.862060e-01,1.870551e-01,1.878977e-01,1.887613e-01,1.896322e-01,1.904969e-01,1.913832e-01,1.921763e-01,1.930123e-01,1.946158e-01,1.946822e-01,1.964027e-01,1.973417e-01,1.975159e-01,1.989782e-01,1.997630e-01,2.008587e-01,2.017666e-01,2.030121e-01,2.037543e-01,2.044799e-01,2.058352e-01,2.066504e-01,2.077662e-01,2.086165e-01,2.099651e-01,2.106733e-01,2.118103e-01,2.128152e-01,2.136652e-01,2.148492e-01,2.156774e-01,2.169053e-01,2.175949e-01,2.186499e-01,2.193340e-01,2.203629e-01,2.211825e-01,2.219182e-01,2.225716e-01,2.235461e-01,2.242088e-01,2.250324e-01,2.255659e-01,2.265375e-01,2.271721e-01,2.280007e-01,2.284777e-01,2.288650e-01,2.297223e-01,2.305858e-01,2.310267e-01,2.316188e-01,2.320636e-01,2.326048e-01,2.328594e-01,2.335509e-01,2.336603e-01,2.340699e-01,2.342533e-01,2.348783e-01,2.349885e-01,2.351956e-01,2.350826e-01,2.355883e-01,2.353515e-01,2.347236e-01,2.346112e-01,2.346210e-01,2.347532e-01,2.337808e-01,2.337907e-01,2.335580e-01,2.329566e-01,2.318799e-01,2.318898e-01,2.311785e-01,2.309513e-01,2.301282e-01,2.291944e-01,2.292043e-01,2.281624e-01,2.274742e-01,2.266760e-01,2.257703e-01,2.249841e-01,2.239804e-01,2.238790e-01,2.232166e-01,2.222285e-01,2.214669e-01,2.204944e-01,2.196375e-01,2.188936e-01,2.179436e-01,2.172111e-01,2.169069e-01,2.160778e-01,2.152551e-01,2.143520e-01,2.135425e-01,2.134512e-01,2.124474e-01,2.123574e-01,2.113638e-01,2.112743e-01,2.110860e-01,2.107004e-01,2.105129e-01,2.103256e-01,2.100406e-01,2.103658e-01,2.101788e-01,2.098943e-01,2.096103e-01,2.100169e-01,2.096352e-01,2.099441e-01,2.097582e-01,2.099850e-01,2.097014e-01,2.101088e-01,2.097274e-01,2.100366e-01,2.097533e-01,2.099647e-01,2.102899e-01,2.100058e-01,2.096250e-01,2.099336e-01,2.096503e-01,2.098765e-01,2.094961e-01,2.098042e-01,2.095214e-01,2.097318e-01,2.093520e-01,2.096749e-01,2.092954e-01,2.095055e-01,2.092237e-01,2.094335e-01,2.090703e-01,2.092801e-01,2.089990e-01,2.092084e-01,2.088306e-01,2.090396e-01,2.087744e-01,2.088865e-01,2.091923e-01,2.088148e-01,2.090235e-01,2.091356e-01,2.093603e-01,2.089821e-01,2.091910e-01,2.094004e-01,2.089256e-01,2.091498e-01,2.093590e-01,2.094714e-01,2.090932e-01,2.092054e-01,2.094146e-01,2.095424e-01,2.097523e-01,2.099625e-01,2.101730e-01,2.096953e-01,2.099054e-01,2.100339e-01,2.102445e-01,2.103577e-01,2.104710e-01,2.101051e-01,2.102179e-01,2.103310e-01,2.105421e-01,2.106553e-01,2.107841e-01,2.103040e-01,2.105150e-01,2.106279e-01,2.107566e-01,2.102768e-01,2.103897e-01,2.105024e-01,2.100391e-01,2.101518e-01,2.102643e-01,2.103769e-01,2.104896e-01,2.106024e-01,2.101389e-01,2.101537e-01,2.102661e-01,2.103787e-01,2.104913e-01,2.106195e-01,2.107322e-01,2.108452e-01,2.108600e-01,2.109728e-01,2.110858e-01,2.112141e-01,2.112287e-01,2.113417e-01,2.114545e-01,2.114844e-01,2.115971e-01,2.117100e-01,2.117242e-01,2.124372e-01,2.124667e-01,2.125804e-01,2.125944e-01,2.133127e-01,2.133426e-01,2.134570e-01,2.140799e-01,2.141950e-01,2.142095e-01,2.149536e-01,2.149680e-01,2.155990e-01,2.157155e-01,2.164690e-01,2.171081e-01,2.172258e-01,2.178690e-01,2.178832e-01,2.186346e-01,2.186648e-01,2.194214e-01,2.200768e-01,2.200912e-01,2.208573e-01,2.208719e-01,2.215521e-01,2.222197e-01,2.222349e-01,2.229068e-01,2.235826e-01,2.236141e-01,2.242944e-01,2.243100e-01,2.251049e-01,2.251371e-01,2.258264e-01,2.265196e-01,2.265361e-01,2.272337e-01,2.272667e-01,2.279688e-01,2.279856e-01,2.286919e-01,2.287253e-01,2.294359e-01,2.294530e-01,2.301681e-01,2.302021e-01,2.302193e-01,2.309388e-01,2.308399e-01,2.308739e-01,2.308915e-01,2.316148e-01,2.316321e-01,2.316662e-01,2.316839e-01,2.317012e-01,2.310123e-01,2.309301e-01,2.309474e-01,2.302631e-01,2.295826e-01,2.287924e-01,2.288262e-01,2.281543e-01,2.268057e-01,2.260345e-01,2.253790e-01,2.240789e-01,2.233259e-01,2.220330e-01,2.214004e-01,2.200237e-01,2.187681e-01,2.174392e-01,2.162123e-01,2.142892e-01,2.130967e-01,2.112267e-01,2.100671e-01,2.088245e-01,2.071204e-01,2.059264e-01,2.041762e-01,2.030906e-01,2.013863e-01,2.002409e-01,1.986687e-01,1.975527e-01,1.959360e-01,1.949471e-01,1.933708e-01,1.923924e-01,1.913427e-01,1.898209e-01,1.887975e-01,1.877845e-01,1.867817e-01,1.858791e-01,1.848954e-01,1.839216e-01,1.825091e-01,1.815588e-01,1.811302e-01,1.801933e-01,1.796991e-01,1.787051e-01,1.782318e-01,1.773229e-01,1.769131e-01,1.764357e-01,1.759606e-01,1.754881e-01,1.746051e-01,1.741394e-01,1.736759e-01,1.728098e-01,1.719517e-01,1.714333e-01,1.709958e-01,1.700896e-01,1.692564e-01,1.688169e-01,1.683796e-01,1.674989e-01,1.670679e-01,1.666389e-01,1.662120e-01,1.657254e-01,1.649313e-01,1.644516e-01,1.640350e-01,1.636204e-01,1.632077e-01,1.627373e-01,1.623407e-01,1.618750e-01,1.618277e-01,1.613646e-01,1.613176e-01,1.612119e-01,1.615209e-01,1.614150e-01,1.613680e-01,1.616185e-01,1.619287e-01,1.617632e-01,1.624334e-01,1.623263e-01,1.625794e-01,1.625316e-01,1.631475e-01,1.630993e-01,1.629793e-01,1.631741e-01,1.631259e-01,1.633810e-01,1.632727e-01,1.631645e-01,1.634797e-01,1.629365e-01,1.628286e-01,1.627806e-01,1.626730e-01,1.621939e-01,1.620871e-01,1.616819e-01,1.614462e-01,1.610440e-01,1.609386e-01,1.608334e-01,1.603642e-01,1.601440e-01,1.600977e-01,1.596325e-01,1.595291e-01,1.594258e-01,1.593227e-01,1.591508e-01,1.593949e-01,1.592920e-01,1.595365e-01,1.594334e-01,1.595633e-01,1.598546e-01,1.600428e-01,1.599391e-01,1.598355e-01,1.600815e-01,1.602125e-01,1.604596e-01,1.610606e-01,1.609557e-01,1.612047e-01,1.612786e-01,1.615286e-01,1.617792e-01,1.620305e-01,1.621641e-01,1.620578e-01,1.619517e-01,1.617867e-01,1.620379e-01,1.621595e-01,1.620532e-01,1.618881e-01,1.621394e-01,1.622139e-01,1.625253e-01,1.623593e-01,1.621816e-01,1.624338e-01,1.625084e-01,1.624017e-01,1.622359e-01,1.624762e-01,1.621921e-01,1.620858e-01,1.622784e-01,1.621720e-01,1.618770e-01,1.617709e-01,1.616064e-01,1.614889e-01,1.612080e-01,1.606916e-01,1.605172e-01,1.607644e-01,1.604738e-01,1.603694e-01,1.601955e-01,1.600914e-01,1.598028e-01,3.678427e-03,3.678427e-03,3.678427e-03,3.678427e-03,3.678427e-03,3.678427e-03,3.678427e-03,3.678427e-03,3.678427e-03,3.678427e-03,3.678427e-03,3.678427e-03,3.678427e-03,3.678427e-03,3.678427e-03,3.678427e-03,3.678427e-03,3.678427e-03,3.678427e-03,3.678427e-03,3.678427e-03,3.678427e-03,3.678427e-03,3.678427e-03,3.678427e-03,3.678427e-03,3.678427e-03,3.678427e-03,3.678427e-03,3.678427e-03,3.678427e-03,3.678427e-03,3.678427e-03,3.678427e-03,3.678427e-03,3.678427e-03,3.678427e-03,3.678427e-03,3.678427e-03,3.678427e-03,3.678427e-03,3.678427e-03,3.678427e-03,3.678427e-03,3.678427e-03,3.678427e-03,3.678427e-03,3.678427e-03,3.678427e-03,3.678427e-03,3.678427e-03,3.678427e-03,3.678427e-03,3.678427e-03,3.678427e-03,3.678427e-03,3.678427e-03,3.678427e-03,3.678427e-03,3.678427e-03,3.678427e-03,3.678427e-03,3.678427e-03,3.678427e-03,3.678427e-03,3.678427e-03,3.678427e-03,3.678427e-03,3.678427e-03,3.678427e-03,3.678427e-03,3.678427e-03,3.678427e-03,3.678427e-03,3.678427e-03,3.678427e-03,3.678427e-03,3.678427e-03,3.678427e-03,3.678427e-03,3.678427e-03,3.678427e-03,3.678427e-03,3.678427e-03,3.678427e-03,3.678427e-03,3.678427e-03,3.678427e-03,3.678427e-03,3.678427e-03,3.678427e-03,3.678427e-03,3.678427e-03,3.678427e-03,3.678427e-03,3.678427e-03,3.678427e-03,3.678427e-03,3.678427e-03,3.678427e-03,3.678427e-03,3.678427e-03,3.678427e-03,3.678427e-03,3.678427e-03,3.678427e-03,3.678427e-03,3.678427e-03,3.678427e-03,3.678427e-03,3.678427e-03,3.678427e-03,3.678427e-03,3.678427e-03,3.678427e-03,3.678427e-03,3.678427e-03,3.678427e-03,3.678427e-03,3.678427e-03,3.678427e-03,3.678427e-03,3.678427e-03,3.678427e-03,3.678427e-03,3.678427e-03,3.678427e-03,3.678427e-03,3.678427e-03,3.678427e-03,3.678427e-03,3.678427e-03,3.678427e-03,3.678427e-03,3.678427e-03,3.678427e-03,3.678427e-03,3.678427e-03,3.678427e-03,3.678427e-03,3.678427e-03,3.678427e-03,3.678427e-03,3.678427e-03,3.678427e-03,3.678427e-03,3.678427e-03,3.678427e-03,3.678427e-03,3.678427e-03,3.678427e-03,3.678427e-03,3.678427e-03,3.678427e-03,3.678427e-03,3.678427e-03,3.678427e-03,3.678427e-03,3.678427e-03,3.678427e-03,3.678427e-03
3.611998e-02,3.609617e-02,3.607082e-02,3.604693e-02,3.602498e-02,3.603865e-02,3.608345e-02,3.609945e-02,3.614802e-02,3.619353e-02,3.624173e-02,3.628488e-02,3.636483e-02,3.644581e-02,3.652366e-02,3.660569e-02,3.668779e-02,3.676950e-02,3.685485e-02,3.696857e-02,3.705193e-02,3.713371e-02,3.724796e-02,3.733321e-02,3.745287e-02,3.756906e-02,3.768800e-02,3.780893e-02,3.792759e-02,3.807896e-02,3.823174e-02,3.838046e-02,3.856576e-02,3.874853e-02,3.893553e-02,3.912276e-02,3.930645e-02,3.949461e-02,3.971512e-02,3.990033e-02,4.009010e-02,4.028272e-02,4.047336e-02,4.063450e-02,4.082649e-02,4.099120e-02,4.115642e-02,4.128616e-02,4.145564e-02,4.159558e-02,4.173535e-02,4.188187e-02,4.199952e-02,4.211843e-02,4.223808e-02,4.235837e-02,4.248293e-02,4.260570e-02,4.269483e-02,4.281893e-02,4.293839e-02,4.305786e-02,4.317738e-02,4.329228e-02,4.341264e-02,4.353076e-02,4.365020e-02,4.376887e-02,4.388181e-02,4.399750e-02,4.411188e-02,4.421887e-02,4.429546e-02,4.440333e-02,4.447405e-02,4.457965e-02,4.468490e-02,4.479462e-02,4.490034e-02,4.504220e-02,4.518615e-02,4.536626e-02,4.555494e-02,4.574754e-02,4.597706e-02,4.625026e-02,4.649951e-02,4.675451e-02,4.705728e-02,4.736927e-02,4.766221e-02,4.796260e-02,4.831203e-02,4.864080e-02,4.898550e-02,4.934347e-02,4.972246e-02,5.011811e-02,5.050144e-02,5.094112e-02,5.140280e-02,5.188811e-02,5.239845e-02,5.290481e-02,5.347578e-02,5.407505e-02,5.470744e-02,5.538480e-02,5.610822e-02,5.689247e-02,5.768674e-02,5.854803e-02,5.941983e-02,6.039790e-02,6.142960e-02,6.247821e-02,6.360593e-02,6.474699e-02,6.593027e-02,6.715324e-02,6.841238e-02,6.967331e-02,7.096041e-02,7.223853e-02,7.349282e-02,7.471672e-02,7.593293e-02,7.710514e-02,7.826445e-02,7.929219e-02,8.033991e-02,8.127695e-02,8.220375e-02,8.302483e-02,8.383407e-02,8.457520e-02,8.530496e-02,8.591746e-02,8.656685e-02,8.711924e-02,8.770335e-02,8.824241e-02,8.873985e-02,8.927611e-02,8.981990e-02,9.034699e-02,9.088442e-02,9.147915e-02,9.200733e-02,9.259628e-02,9.313210e-02,9.365249e-02,9.412138e-02,9.463610e-02,9.505521e-02,9.534943e-02,9.548390e-02,9.557825e-02,9.563781e-02,9.560696e-02,9.560445e-02,9.556008e-02,9.549764e-02,9.536834e-02,9.519554e-02,9.498363e-02,9.473308e-02,9.443165e-02,9.410741e-02,9.375408e-02,9.334854e-02,9.293200e-02,9.251450e-02,9.214682e-02,9.176406e-02,9.136717e-02,9.103202e-02,9.072832e-02,9.045819e-02,9.021162e-02,8.998877e-02,8.979172e-02,8.961453e-02,8.946003e-02,8.935634e-02,8.923809e-02,8.914577e-02,8.906817e-02,8.901205e-02,8.893754e-02,8.892590e-02,8.889489e-02,8.891612e-02,8.891476e-02,8.893928e-02,8.897922e-02,8.899163e-02,8.904046e-02,8.909112e-02,8.913661e-02,8.916245e-02,8.917590e-02,8.917360e-02,8.914790e-02,8.908596e-02,8.903906e-02,8.892918e-02,8.878391e-02,8.862117e-02,8.840350e-02,8.821010e-02,8.797553e-02,8.776742e-02,8.751845e-02,8.726523e-02,8.702952e-02,8.680272e-02,8.655982e-02,8.637132e-02,8.621211e-02,8.609054e-02,8.598546e-02,8.592128e-02,8.588039e-02,8.587062e-02,8.588215e-02,8.591416e-02,8.597639e-02,8.604818e-02,8.612866e-02,8.619671e-02,8.625997e-02,8.629382e-02,8.625224e-02,8.620970e-02,8.611161e-02,8.596708e-02,8.575195e-02,8.549901e-02,8.519799e-02,8.490124e-02,8.457062e-02,8.422655e-02,8.386726e-02,8.351235e-02,8.316203e-02,8.284068e-02,8.254679e-02,8.228526e-02,8.208434e-02,8.191434e-02,8.179333e-02,8.165796e-02,8.153939e-02,8.141035e-02,8.126274e-02,8.108933e-02,8.087572e-02,8.063060e-02,8.031303e-02,8.000847e-02,7.967313e-02,7.931014e-02,7.898722e-02,7.868693e-02,7.840707e-02,7.816123e-02,7.797115e-02,7.781881e-02,7.774687e-02,7.767300e-02,7.767522e-02,7.767471e-02,7.773492e-02,7.781564e-02,7.792516e-02,7.805043e-02,7.821518e-02,7.843098e-02,7.868749e-02,7.897941e-02,7.940757e-02,7.990155e-02,8.060464e-02,8.140174e-02,8.243365e-02,8.364494e-02,8.510521e-02,8.680442e-02,8.877631e-02,9.106475e-02,9.361943e-02,9.651192e-02,9.969930e-02,1.031735e-01,1.068737e-01,1.108336e-01,1.150012e-01,1.193587e-01,1.237849e-01,1.283712e-01,1.330259e-01,1.376627e-01,1.423196e-01,1.469657e-01,1.515665e-01,1.561337e-01,1.606554e-01,1.651474e-01,1.696710e-01,1.741786e-01,1.786600e-01,1.831444e-01,1.876261e-01,1.921266e-01,1.966101e-01,2.011528e-01,2.056425e-01,2.101159e-01,2.145420e-01,2.190835e-01,2.234541e-01,2.277998e-01,2.320681e-01,2.363090e-01,2.404856e-01,2.445948e-01,2.486153e-01,2.525526e-01,2.563904e-01,2.601200e-01,2.637764e-01,2.672979e-01,2.707636e-01,2.741152e-01,2.772854e-01,2.803465e-01,2.832620e-01,2.860342e-01,2.887075e-01,2.912305e-01,2.935598e-01,2.957501e-01,2.977753e-01,2.997137e-01,3.014986e-01,3.031998e-01,3.047509e-01,3.061572e-01,3.075080e-01,3.087674e-01,3.099866e-01,3.112116e-01,3.124651e-01,3.136963e-01,3.149534e-01,3.161834e-01,3.174099e-01,3.186576e-01,3.198714e-01,3.211018e-01,3.222677e-01,3.234462e-01,3.246082e-01,3.257238e-01,3.268468e-01,3.279447e-01,3.290163e-01,3.300308e-01,3.310433e-01,3.320202e-01,3.329597e-01,3.338614e-01,3.347792e-01,3.355937e-01,3.363604e-01,3.370742e-01,3.377367e-01,3.383431e-01,3.388301e-01,3.393166e-01,3.396481e-01,3.400736e-01,3.404385e-01,3.408039e-01,3.411725e-01,3.414788e-01,3.418468e-01,3.421834e-01,3.425511e-01,3.429225e-01,3.432607e-01,3.436311e-01,3.439701e-01,3.443732e-01,3.447126e-01,3.450529e-01,3.454272e-01,3.457682e-01,3.460483e-01,3.463931e-01,3.466734e-01,3.469537e-01,3.472376e-01,3.474877e-01,3.477689e-01,3.480504e-01,3.483349e-01,3.486178e-01,3.488680e-01,3.491508e-01,3.494019e-01,3.497146e-01,3.500597e-01,3.503730e-01,3.506866e-01,3.510001e-01,3.513135e-01,3.516276e-01,3.520044e-01,3.523191e-01,3.526324e-01,3.530082e-01,3.532908e-01,3.536680e-01,3.539808e-01,3.542620e-01,3.545770e-01,3.548915e-01,3.551389e-01,3.553578e-01,3.555773e-01,3.557646e-01,3.559194e-01,3.560786e-01,3.562713e-01,3.564291e-01,3.565265e-01,3.566874e-01,3.568799e-01,3.570402e-01,3.572015e-01,3.574250e-01,3.575857e-01,3.578100e-01,3.580344e-01,3.582551e-01,3.584803e-01,3.587679e-01,3.589917e-01,3.592806e-01,3.595689e-01,3.598233e-01,3.601119e-01,3.603675e-01,3.606561e-01,3.609440e-01,3.611969e-01,3.614870e-01,3.617416e-01,3.620316e-01,3.622878e-01,3.625142e-01,3.627707e-01,3.629642e-01,3.631528e-01,3.633793e-01,3.635727e-01,3.637033e-01,3.638982e-01,3.640623e-01,3.641873e-01,3.643173e-01,3.644483e-01,3.645138e-01,3.646436e-01,3.647705e-01,3.648995e-01,3.650304e-01,3.651604e-01,3.653483e-01,3.655074e-01,3.657015e-01,3.659540e-01,3.662110e-01,3.664343e-01,3.666928e-01,3.670107e-01,3.672664e-01,3.675538e-01,3.678124e-01,3.680655e-01,3.683524e-01,3.685770e-01,3.688331e-01,3.690571e-01,3.693137e-01,3.695348e-01,3.697944e-01,3.700169e-01,3.701774e-01,3.703344e-01,3.704928e-01,3.706520e-01,3.708101e-01,3.709718e-01,3.711316e-01,3.712888e-01,3.714444e-01,3.716053e-01,3.717662e-01,3.719249e-01,3.721411e-01,3.723626e-01,3.725869e-01,3.728079e-01,3.730282e-01,3.732424e-01,3.734576e-01,3.737442e-01,3.739667e-01,3.741790e-01,3.744499e-01,3.746605e-01,3.748779e-01,3.750935e-01,3.753047e-01,3.755195e-01,3.757263e-01,3.758612e-01,3.760625e-01,3.762061e-01,3.764120e-01,3.765511e-01,3.766973e-01,3.768309e-01,3.769507e-01,3.770786e-01,3.771488e-01,3.772915e-01,3.774115e-01,3.775084e-01,3.776318e-01,3.776975e-01,3.778220e-01,3.779374e-01,3.780527e-01,3.781772e-01,3.783029e-01,3.784552e-01,3.784881e-01,3.786359e-01,3.787387e-01,3.788865e-01,3.790263e-01,3.791741e-01,3.793357e-01,3.794940e-01,3.796694e-01,3.799118e-01,3.800793e-01,3.802365e-01,3.804917e-01,3.807088e-01,3.809790e-01,3.811870e-01,3.813927e-01,3.816053e-01,3.818240e-01,3.819730e-01,3.821270e-01,3.822775e-01,3.823618e-01,3.824511e-01,3.824707e-01,3.825564e-01,3.826468e-01,3.826839e-01,3.827742e-01,3.829387e-01,3.830417e-01,3.832063e-01,3.833663e-01,3.836039e-01,3.838335e-01,3.840679e-01,3.843022e-01,3.845414e-01,3.848457e-01,3.850839e-01,3.853849e-01,3.856292e-01,3.859351e-01,3.861737e-01,3.864100e-01,3.867153e-01,3.869565e-01,3.871360e-01,3.873811e-01,3.876226e-01,3.877989e-01,3.879752e-01,3.881598e-01,3.883315e-01,3.885081e-01,3.886846e-01,3.888660e-01,3.889783e-01,3.891633e-01,3.894103e-01,3.895882e-01,3.898354e-01,3.900134e-01,3.902561e-01,3.904951e-01,3.908083e-01,3.910475e-01,3.912904e-01,3.915298e-01,3.917788e-01,3.920232e-01,3.922677e-01,3.924466e-01,3.926913e-01,3.928702e-01,3.930445e-01,3.932188e-01,3.933930e-01,3.935064e-01,3.936867e-01,3.937953e-01,3.938907e-01,3.939860e-01,3.940852e-01,3.941901e-01,3.942951e-01,3.944002e-01,3.945004e-01,3.946055e-01,3.947057e-01,3.948060e-01,3.949026e-01,3.950690e-01,3.951645e-01,3.953224e-01,3.954792e-01,3.956372e-01,3.958000e-01,3.959618e-01,3.961823e-01,3.964066e-01,3.966261e-01,3.969164e-01,3.971357e-01,3.974258e-01,3.977059e-01,3.979910e-01,3.983373e-01,3.986174e-01,3.989632e-01,3.992440e-01,3.995281e-01,3.998736e-01,4.001528e-01,4.004929e-01,4.007715e-01,4.010454e-01,4.013234e-01,4.016016e-01,4.018039e-01,4.020103e-01,4.022161e-01,4.023548e-01,4.025603e-01,4.026987e-01,4.027664e-01,4.028943e-01,4.030272e-01,4.031642e-01,4.032345e-01,4.033711e-01,4.034939e-01,4.036201e-01,4.037462e-01,4.038717e-01,4.040020e-01,4.041271e-01,4.042530e-01,4.043774e-01,4.045015e-01,4.046204e-01,4.047390e-01,4.048585e-01,4.049862e-01,4.051087e-01,4.052260e-01,4.053381e-01,4.054498e-01,4.055527e-01,4.056736e-01,4.057941e-01,4.059146e-01,4.060252e-01,4.061358e-01,4.062526e-01,4.063731e-01,4.064887e-01,4.065994e-01,4.067052e-01,4.068172e-01,4.069378e-01,4.070535e-01,4.071594e-01,4.072032e-01,4.073287e-01,4.074605e-01,4.075861e-01,4.076921e-01,4.077981e-01,4.079761e-01,4.080870e-01,4.082566e-01,4.084200e-01,4.085834e-01,4.087566e-01,4.089349e-01,4.090935e-01,4.092240e-01,4.093532e-01,4.094971e-01,4.096412e-01,4.097655e-01,4.097786e-01,4.098442e-01,4.098575e-01,4.098806e-01,4.099052e-01,4.099285e-01,4.098602e-01,4.098104e-01,4.096400e-01,4.094749e-01,4.093734e-01,4.092914e-01,4.091708e-01,4.089794e-01,4.087821e-01,4.086625e-01,4.085960e-01,4.085441e-01,4.084731e-01,4.083782e-01,4.082979e-01,4.082814e-01,4.082014e-01,4.082361e-01,4.083188e-01,4.084015e-01,4.085511e-01,4.087006e-01,4.088502e-01,4.090667e-01,4.092832e-01,4.095476e-01,4.097643e-01,4.100259e-01,4.103575e-01,4.106223e-01,4.108392e-01,4.111041e-01,4.113022e-01,4.115003e-01,4.116503e-01,4.117334e-01,4.118645e-01,4.119957e-01,4.120598e-01,4.121910e-01,4.123223e-01,4.123384e-01,4.124696e-01,4.126009e-01,4.127293e-01,4.128125e-01,4.129438e-01,4.130271e-01,4.131585e-01,4.133570e-01,4.134213e-01,4.135046e-01,4.136360e-01,4.137003e-01,4.138318e-01,4.138480e-01,4.139123e-01,4.139766e-01,4.140410e-01,4.140381e-01,4.141025e-01,4.141668e-01,4.142793e-01,4.143436e-01,4.144080e-01,4.144724e-01,4.145368e-01,4.146011e-01,4.146490e-01,4.147615e-01,4.148259e-01,4.148903e-01,4.149547e-01,4.150508e-01,4.150479e-01,4.151605e-01,4.152249e-01,4.152728e-01,4.152699e-01,4.154499e-01,4.155460e-01,4.156076e-01,4.157711e-01,4.159029e-01,4.160348e-01,4.162175e-01,4.164169e-01,4.166480e-01,4.168475e-01,4.170304e-01,4.172974e-01,4.175288e-01,4.177794e-01,4.180951e-01,4.182783e-01,4.185457e-01,4.187746e-01,4.189746e-01,4.192065e-01,4.193899e-01,4.195901e-01,4.197059e-01,4.198384e-01,4.200029e-01,4.200510e-01,4.201645e-01,4.202126e-01,4.203094e-01,4.203065e-01,4.203547e-01,4.204515e-01,4.205164e-01,4.205646e-01,4.206586e-01,4.207912e-01,4.209559e-01,4.210719e-01,4.212047e-01,4.213208e-01,4.214536e-01,4.215697e-01,4.217537e-01,4.219352e-01,4.220514e-01,4.222355e-01,4.224172e-01,4.225335e-01,4.226665e-01,4.227828e-01,4.228991e-01,4.230321e-01,4.230776e-01,4.232108e-01,4.232591e-01,4.233435e-01,4.233919e-01,4.234083e-01,4.234567e-01,4.234731e-01,4.234536e-01,4.235187e-01,4.235185e-01,4.235836e-01,4.236001e-01,4.235999e-01,4.236137e-01,4.236302e-01,4.236787e-01,4.236953e-01,4.237119e-01,4.237605e-01,4.237771e-01,4.237937e-01,4.238104e-01,4.238105e-01,4.238272e-01,4.238439e-01,4.238607e-01,4.238290e-01,4.238458e-01,4.238142e-01,4.238311e-01,4.238646e-01,4.237999e-01,4.238335e-01,4.238187e-01,4.238040e-01,4.237411e-01,4.237099e-01,4.236472e-01,4.236162e-01,4.235853e-01,4.235709e-01,4.234921e-01,4.234613e-01,4.233827e-01,4.233207e-01,4.232423e-01,4.231641e-01,4.230860e-01,4.230081e-01,4.229279e-01,4.227863e-01,4.226776e-01,4.225365e-01,4.224595e-01,4.223825e-01,4.222746e-01,4.221669e-01,4.219798e-01,4.218093e-01,4.216392e-01,4.215325e-01,4.214100e-01,4.213184e-01,4.210821e-01,4.208508e-01,4.206200e-01,4.204219e-01,4.202228e-01,4.200864e-01,4.199504e-01,4.199439e-01,4.198755e-01,4.198072e-01,4.197089e-01,4.195491e-01,4.193438e-01,4.191234e-01,4.189195e-01,4.187763e-01,4.187403e-01,4.185977e-01,4.185323e-01,4.183392e-01,4.181920e-01,4.179997e-01,4.178686e-01,4.176772e-01,4.175467e-01,4.173420e-01,4.171777e-01,4.170956e-01,4.169829e-01,4.167271e-01,4.163978e-01,4.161956e-01,4.159275e-01,4.156004e-01,4.153044e-01,4.148546e-01,4.144709e-01,4.139633e-01,4.133541e-01,4.126611e-01,4.119920e-01,4.111247e-01,4.101336e-01,4.092480e-01,4.081848e-01,4.070878e-01,4.057540e-01,4.047064e-01,4.031727e-01,4.015850e-01,3.998518e-01,3.983609e-01,3.962595e-01,3.942223e-01,3.921762e-01,3.898580e-01,3.881892e-01,3.857998e-01,3.835350e-01,3.812327e-01,3.786953e-01,3.761808e-01,3.744703e-01,3.723708e-01,3.696599e-01,3.673179e-01,3.649951e-01,3.630378e-01,3.607886e-01,3.585126e-01,3.563491e-01,3.545059e-01,3.528927e-01,3.510686e-01,3.492701e-01,3.477753e-01,3.460648e-01,3.446367e-01,3.432253e-01,3.418951e-01,3.408343e-01,3.398391e-01,3.388322e-01,3.378392e-01,3.369111e-01,3.362268e-01,3.355644e-01,3.348952e-01,3.342184e-01,3.336097e-01,3.332413e-01,3.326456e-01,3.320499e-01,3.316903e-01,3.313328e-01,3.312200e-01,3.309280e-01,3.305836e-01,3.304813e-01,3.302020e-01,3.300963e-01,3.300067e-01,3.299069e-01,3.298105e-01,3.297222e-01,3.296317e-01,3.295367e-01,3.293958e-01,3.294781e-01,3.293428e-01,3.294404e-01,3.295380e-01,3.296407e-01,3.295160e-01,3.296060e-01,3.297164e-01,3.298140e-01,3.301493e-01,3.302521e-01,3.304115e-01,3.305606e-01,3.309431e-01,3.310923e-01,3.314832e-01,3.318669e-01,3.322719e-01,3.324859e-01,3.328685e-01,3.334806e-01,3.339349e-01,3.343304e-01,3.349523e-01,3.355714e-01,3.362056e-01,3.370612e-01,3.377011e-01,3.382915e-01,3.391555e-01,3.397352e-01,3.406155e-01,3.414406e-01,3.420340e-01,3.431103e-01,3.437187e-01,3.445619e-01,3.453592e-01,3.459804e-01,3.470926e-01,3.476999e-01,3.485495e-01,3.494176e-01,3.502950e-01,3.509238e-01,3.518013e-01,3.526886e-01,3.533361e-01,3.545023e-01,3.551482e-01,3.560605e-01,3.569921e-01,3.579590e-01,3.586335e-01,3.595620e-01,3.605301e-01,3.614800e-01,3.621644e-01,3.630622e-01,3.640380e-01,3.646654e-01,3.656575e-01,3.663216e-01,3.672799e-01,3.679273e-01,3.685915e-01,3.694922e-01,3.701534e-01,3.708175e-01,3.718029e-01,3.724744e-01,3.731592e-01,3.738437e-01,3.745242e-01,3.755139e-01,3.759122e-01,3.769253e-01,3.776381e-01,3.780199e-01,3.787159e-01,3.797592e-01,3.801072e-01,3.808240e-01,3.814865e-01,3.822100e-01,3.829399e-01,3.833451e-01,3.840773e-01,3.848656e-01,3.853223e-01,3.861276e-01,3.866629e-01,3.875097e-01,3.883862e-01,3.889745e-01,3.898690e-01,3.904014e-01,3.912525e-01,3.917882e-01,3.926833e-01,3.931576e-01,3.936352e-01,3.944642e-01,3.948922e-01,3.953112e-01,3.960730e-01,3.964421e-01,3.968648e-01,3.972255e-01,3.979559e-01,3.983191e-01,3.986832e-01,3.990586e-01,3.994244e-01,3.997909e-01,4.001817e-01,4.005260e-01,4.007727e-01,4.011040e-01,4.014250e-01,4.017692e-01,4.021310e-01,4.024909e-01,4.028154e-01,4.032777e-01,4.036049e-01,4.039813e-01,4.043607e-01,4.047269e-01,4.051566e-01,4.055883e-01,4.059830e-01,4.064279e-01,4.069261e-01,4.072718e-01,4.077571e-01,4.080907e-01,4.085012e-01,4.089003e-01,4.091969e-01,4.095194e-01,4.098806e-01,4.101788e-01,4.103981e-01,4.106585e-01,4.109051e-01,4.110746e-01,4.112315e-01,4.114139e-01,4.116101e-01,4.119105e-01,4.120946e-01,4.123311e-01,4.126336e-01,4.128580e-01,4.130157e-01,4.132147e-01,4.133863e-01,4.135721e-01,4.138494e-01,4.141265e-01,4.142733e-01,4.145389e-01,4.147771e-01,4.150557e-01,4.152948e-01,4.155732e-01,4.157067e-01,4.159859e-01,4.161321e-01,4.163457e-01,4.165455e-01,4.167995e-01,4.169998e-01,4.172138e-01,4.173742e-01,4.175749e-01,4.177352e-01,4.179764e-01,4.180966e-01,4.183242e-01,4.185392e-01,4.187405e-01,4.189824e-01,4.191434e-01,4.193173e-01,4.195191e-01,4.196398e-01,4.198278e-01,4.199486e-01,4.201368e-01,4.202031e-01,4.204716e-01,4.206065e-01,4.208090e-01,4.209160e-01,4.210779e-01,4.211989e-01,4.213609e-01,4.213735e-01,4.214831e-01,4.215377e-01,4.216602e-01,4.217276e-01,4.218502e-01,4.218908e-01,4.220262e-01,4.220118e-01,4.221485e-01,4.221609e-01,4.222668e-01,4.222935e-01,4.224276e-01,4.224377e-01,4.225577e-01,4.225690e-01,4.227557e-01,4.227518e-01,4.228168e-01,4.228551e-01,4.229470e-01,4.229443e-01,4.229953e-01,4.229528e-01,4.230447e-01,4.230409e-01,4.231328e-01,4.231290e-01,4.232468e-01,4.233133e-01,4.236278e-01,4.236240e-01,4.237558e-01,4.238997e-01,4.239766e-01,4.240397e-01,4.241307e-01,4.242079e-01,4.243117e-01,4.243749e-01,4.244520e-01,4.243936e-01,4.244977e-01,4.245081e-01,4.244907e-01,4.244871e-01,4.245105e-01,4.243589e-01,4.244230e-01,4.243123e-01,4.242561e-01,4.242002e-01,4.241709e-01,4.240464e-01,4.239906e-01,4.238537e-01,4.237840e-01,4.237144e-01,4.235639e-01,4.234540e-01,4.233581e-01,4.231817e-01,4.231124e-01,4.230042e-01,4.229087e-01,4.227869e-01,4.226916e-01,4.225424e-01,4.224749e-01,4.223272e-01,4.221923e-01,4.220575e-01,4.219102e-01,4.217757e-01,4.217085e-01,4.215879e-01,4.215210e-01,4.213348e-01,4.212543e-01,4.211348e-01,4.210949e-01,4.210550e-01,4.209892e-01,4.209234e-01,4.208973e-01,4.207926e-01,4.208859e-01,4.208217e-01,4.207173e-01,4.206657e-01,4.206278e-01,4.205115e-01,4.204602e-01,4.202653e-01,4.201883e-01,4.201641e-01,4.199832e-01,4.198673e-01,4.197638e-01,4.196091e-01,4.195206e-01,4.193923e-01,4.193553e-01,4.192151e-01,4.191533e-01,4.190645e-01,4.189383e-01,4.187725e-01,4.186843e-01,4.185709e-01,4.184060e-01,4.181371e-01,4.179203e-01,4.178058e-01,4.175644e-01,4.173104e-01,4.170568e-01,4.168419e-01,4.166128e-01,4.163356e-01,4.161478e-01,4.159196e-01,4.157702e-01,4.155572e-01,4.153705e-01,4.152218e-01,4.150861e-01,4.149377e-01,4.148302e-01,4.146950e-01,4.147131e-01,4.147034e-01,4.145835e-01,4.145760e-01,4.145440e-01,4.144992e-01,4.146202e-01,4.146257e-01,4.146055e-01,4.145983e-01,4.146018e-01,4.145945e-01,4.145490e-01,4.145407e-01,4.144825e-01,4.144616e-01,4.144291e-01,4.144593e-01,4.144768e-01,4.144805e-01,4.145723e-01,4.146258e-01,4.146805e-01,4.146980e-01,4.148423e-01,4.149076e-01,4.149994e-01,4.150759e-01,4.151550e-01,4.152586e-01,4.153994e-01,4.154377e-01,4.155260e-01,4.156051e-01,4.156690e-01,4.156818e-01,4.156302e-01,4.156184e-01,4.155950e-01,4.155061e-01,4.153929e-01,4.152903e-01,4.152387e-01,4.151627e-01,4.151611e-01,4.150224e-01,4.149454e-01,4.148323e-01,4.147436e-01,4.147174e-01,4.146160e-01,4.145273e-01,4.145410e-01,4.145039e-01,4.144407e-01,4.144173e-01,4.144222e-01,4.142995e-01,4.143172e-01,4.142726e-01,4.142650e-01,4.141266e-01,4.141359e-01,4.141085e-01,4.140434e-01,4.140047e-01,4.139662e-01,4.138945e-01,4.137820e-01,4.136469e-01,4.134497e-01,4.132416e-01,4.128829e-01,4.124717e-01,4.122139e-01,4.119430e-01,4.116619e-01,4.109591e-01,4.102477e-01,4.099047e-01,4.091585e-01,4.080532e-01,4.072902e-01,4.064926e-01,4.053542e-01,4.042101e-01,4.030760e-01,4.018750e-01,4.006916e-01,3.988463e-01,3.976752e-01,3.951462e-01,3.932776e-01,3.912139e-01,3.894251e-01,3.870328e-01,3.849600e-01,3.823739e-01,3.799015e-01,3.762259e-01,3.731761e-01,3.702478e-01,3.667903e-01,3.636092e-01,3.597970e-01,3.562492e-01,3.506347e-01,3.464102e-01,3.420071e-01,3.377408e-01,3.325713e-01,3.281605e-01,3.212930e-01,3.161718e-01,3.112539e-01,3.063236e-01,3.011638e-01,2.947841e-01,2.897292e-01,2.851547e-01,2.806574e-01,2.761541e-01,2.707866e-01,2.667151e-01,2.630528e-01,2.596662e-01,2.566363e-01,2.523226e-01,2.496496e-01,2.471384e-01,2.445220e-01,2.418810e-01,2.393199e-01,2.375575e-01,2.358762e-01,2.342283e-01,2.326072e-01,2.310652e-01,2.302457e-01,2.287900e-01,2.280395e-01,2.266658e-01,2.260261e-01,2.253493e-01,2.247220e-01,2.241473e-01,2.235807e-01,2.230173e-01,2.230492e-01,2.224884e-01,2.225156e-01,2.220098e-01,2.220358e-01,2.220671e-01,2.221442e-01,2.216027e-01,2.216386e-01,2.216288e-01,2.216667e-01,2.222408e-01,2.222388e-01,2.222375e-01,2.221910e-01,2.227685e-01,2.227273e-01,2.233164e-01,2.233191e-01,2.239053e-01,2.245455e-01,2.245918e-01,2.252770e-01,2.259712e-01,2.266719e-01,2.274223e-01,2.275505e-01,2.283505e-01,2.291192e-01,2.299312e-01,2.307097e-01,2.315340e-01,2.323303e-01,2.331732e-01,2.339824e-01,2.347993e-01,2.356207e-01,2.364533e-01,2.372513e-01,2.380967e-01,2.389539e-01,2.398145e-01,2.406826e-01,2.423134e-01,2.424495e-01,2.441171e-01,2.450360e-01,2.451786e-01,2.466615e-01,2.475944e-01,2.487110e-01,2.495174e-01,2.508244e-01,2.516365e-01,2.523764e-01,2.536477e-01,2.546184e-01,2.557347e-01,2.565969e-01,2.578805e-01,2.586666e-01,2.599207e-01,2.608282e-01,2.615992e-01,2.628526e-01,2.637734e-01,2.649642e-01,2.657596e-01,2.669663e-01,2.677280e-01,2.688603e-01,2.697486e-01,2.707417e-01,2.715375e-01,2.726627e-01,2.734756e-01,2.745150e-01,2.752899e-01,2.763586e-01,2.770942e-01,2.782185e-01,2.790700e-01,2.797477e-01,2.809079e-01,2.820817e-01,2.828973e-01,2.839570e-01,2.847873e-01,2.858676e-01,2.865813e-01,2.876892e-01,2.884060e-01,2.893880e-01,2.900717e-01,2.911636e-01,2.918548e-01,2.928122e-01,2.935005e-01,2.944925e-01,2.950038e-01,2.959334e-01,2.966429e-01,2.974994e-01,2.985066e-01,2.990394e-01,2.999157e-01,3.005057e-01,3.014913e-01,3.018901e-01,3.027901e-01,3.036458e-01,3.042562e-01,3.049703e-01,3.055351e-01,3.064659e-01,3.068822e-01,3.077705e-01,3.085076e-01,3.090902e-01,3.098359e-01,3.102642e-01,3.110733e-01,3.119956e-01,3.123802e-01,3.131480e-01,3.135884e-01,3.141972e-01,3.149772e-01,3.154242e-01,3.162124e-01,3.167226e-01,3.173999e-01,3.180806e-01,3.185965e-01,3.193356e-01,3.202619e-01,3.206037e-01,3.215917e-01,3.219363e-01,3.228279e-01,3.235983e-01,3.239566e-01,3.246804e-01,3.253553e-01,3.258497e-01,3.263619e-01,3.270474e-01,3.275496e-01,3.280004e-01,3.287615e-01,3.290813e-01,3.297123e-01,3.304727e-01,3.309765e-01,3.315501e-01,3.324968e-01,3.329348e-01,3.336386e-01,3.343321e-01,3.348434e-01,3.355614e-01,3.362087e-01,3.366569e-01,3.373237e-01,3.379239e-01,3.383975e-01,3.387971e-01,3.394747e-01,3.400846e-01,3.405052e-01,3.409109e-01,3.416045e-01,3.420133e-01,3.424959e-01,3.431195e-01,3.436059e-01,3.440254e-01,3.445706e-01,3.452035e-01,3.456970e-01,3.460615e-01,3.465580e-01,3.471489e-01,3.474294e-01,3.480954e-01,3.484668e-01,3.489157e-01,3.491432e-01,3.495993e-01,3.499188e-01,3.503731e-01,3.508291e-01,3.509823e-01,3.514452e-01,3.519051e-01,3.521380e-01,3.525217e-01,3.527557e-01,3.532204e-01,3.534603e-01,3.539275e-01,3.543965e-01,3.548673e-01,3.550252e-01,3.554983e-01,3.557996e-01,3.562753e-01,3.565161e-01,3.567573e-01,3.571594e-01,3.573441e-01,3.575868e-01,3.580694e-01,3.582557e-01,3.584467e-01,3.585511e-01,3.590376e-01,3.591678e-01,3.593605e-01,3.594660e-01,3.596551e-01,3.597865e-01,3.598386e-01,3.600286e-01,3.601608e-01,3.602933e-01,3.604262e-01,3.605593e-01,3.606124e-01,3.604416e-01,3.605751e-01,3.607090e-01,3.608431e-01,3.609816e-01,3.610579e-01,3.611930e-01,3.610215e-01,3.610983e-01,3.611754e-01,3.611980e-01,3.609676e-01,3.609865e-01,3.609469e-01,3.606615e-01,3.605633e-01,3.604653e-01,3.601173e-01,3.601051e-01,3.597019e-01,3.596038e-01,3.591969e-01,3.591847e-01,3.588397e-01,3.587416e-01,3.584790e-01,3.583808e-01,3.580908e-01,3.580820e-01,3.577332e-01,3.574704e-01,3.573721e-01,3.573047e-01,3.569829e-01,3.568261e-01,3.565042e-01,3.560962e-01,3.559667e-01,3.555615e-01,3.554907e-01,3.551686e-01,3.547602e-01,3.547481e-01,3.543983e-01,3.541964e-01,3.539329e-01,3.537006e-01,3.535546e-01,3.534085e-01,3.531789e-01,3.531502e-01,3.529767e-01,3.531991e-01,3.530868e-01,3.531170e-01,3.531471e-01,3.531498e-01,3.532388e-01,3.532440e-01,3.533919e-01,3.534534e-01,3.536014e-01,3.536655e-01,3.538136e-01,3.539341e-01,3.541412e-01,3.542643e-01,3.543848e-01,3.545922e-01,3.544601e-01,3.545832e-01,3.547628e-01,3.549702e-01,3.550908e-01,3.552141e-01,3.553939e-01,3.555146e-01,3.555485e-01,3.554191e-01,3.555398e-01,3.555739e-01,3.555489e-01,3.553311e-01,3.554545e-01,3.554298e-01,3.553189e-01,3.551024e-01,3.550781e-01,3.549706e-01,3.546967e-01,3.545284e-01,3.545045e-01,3.540881e-01,3.539207e-01,3.535092e-01,3.533426e-01,3.528460e-01,3.526804e-01,3.521281e-01,3.519635e-01,3.515559e-01,3.513672e-01,3.509648e-01,3.505364e-01,3.504325e-01,3.500066e-01,3.496644e-01,3.494800e-01,3.491398e-01,3.487197e-01,3.486216e-01,3.482038e-01,3.481034e-01,3.477685e-01,3.472968e-01,3.469069e-01,3.465183e-01,3.461310e-01,3.459789e-01,3.455359e-01,3.451518e-01,3.446905e-01,3.443092e-01,3.442344e-01,3.438546e-01,3.435537e-01,3.429509e-01,3.427129e-01,3.423383e-01,3.422649e-01,3.419684e-01,3.416155e-01,3.413206e-01,3.408935e-01,3.406003e-01,3.402510e-01,3.398272e-01,3.394048e-01,3.388407e-01,3.384992e-01,3.378083e-01,3.373919e-01,3.370504e-01,3.367097e-01,3.360836e-01,3.357452e-01,3.354077e-01,3.350710e-01,3.345246e-01,3.341180e-01,3.335755e-01,3.332432e-01,3.329117e-01,3.325810e-01,3.320446e-01,3.317196e-01,3.312425e-01,3.309859e-01,3.304562e-01,3.302010e-01,3.297438e-01,3.295037e-01,3.290487e-01,3.287959e-01,3.283566e-01,3.281182e-01,3.274132e-01,3.272441e-01,3.267409e-01,3.263070e-01,3.260034e-01,3.256387e-01,3.252812e-01,3.247251e-01,3.241018e-01,3.237469e-01,3.232656e-01,3.227194e-01,3.221750e-01,3.218889e-01,3.210873e-01,3.204933e-01,3.201443e-01,3.196075e-01,3.189497e-01,3.184164e-01,3.180069e-01,3.170481e-01,3.166415e-01,3.161151e-01,3.156443e-01,3.150546e-01,3.142247e-01,3.139401e-01,3.134105e-01,3.130017e-01,3.125942e-01,3.121880e-01,3.116022e-01,3.112597e-01,3.109112e-01,3.105707e-01,3.102244e-01,3.095910e-01,3.094770e-01,3.089676e-01,3.086265e-01,3.082865e-01,3.080064e-01,3.074392e-01,3.071615e-01,3.069428e-01,3.066085e-01,3.063331e-01,3.055559e-01,3.053360e-01,3.050642e-01,3.047931e-01,3.041925e-01,3.038673e-01,3.035431e-01,3.030045e-01,3.027387e-01,3.020937e-01,3.017750e-01,3.012446e-01,3.009312e-01,3.001413e-01,2.999370e-01,2.994147e-01,2.988907e-01,2.985830e-01,2.978089e-01,2.974508e-01,2.969394e-01,2.966327e-01,2.958708e-01,2.955186e-01,2.950678e-01,2.947179e-01,2.939146e-01,2.935168e-01,2.930226e-01,2.926235e-01,2.918384e-01,2.911991e-01,2.906596e-01,2.902701e-01,2.893948e-01,2.889590e-01,2.883268e-01,2.878430e-01,2.868815e-01,2.208479e-02,2.208479e-02,2.208479e-02,2.208479e-02,2.208479e-02,2.208479e-02,2.208479e-02,2.208479e-02,2.208479e-02,2.208479e-02,2.208479e-02,2.208479e-02,2.208479e-02,2.208479e-02,2.208479e-02,2.208479e-02,2.208479e-02,2.208479e-02,2.208479e-02,2.208479e-02,2.208479e-02,2.208479e-02,2.208479e-02,2.208479e-02,2.208479e-02,2.208479e-02,2.208479e-02,2.208479e-02,2.208479e-02,2.208479e-02,2.208479e-02,2.208479e-02,2.208479e-02,2.208479e-02,2.208479e-02,2.208479e-02,2.208479e-02,2.208479e-02,2.208479e-02,2.208479e-02,2.208479e-02,2.208479e-02,2.208479e-02,2.208479e-02,2.208479e-02,2.208479e-02,2.208479e-02,2.208479e-02,2.208479e-02,2.208479e-02,2.208479e-02,2.208479e-02,2.208479e-02,2.208479e-02,2.208479e-02,2.208479e-02,2.208479e-02,2.208479e-02,2.208479e-02,2.208479e-02,2.208479e-02,2.208479e-02,2.208479e-02,2.208479e-02,2.208479e-02,2.208479e-02,2.208479e-02,2.208479e-02,2.208479e-02,2.208479e-02,2.208479e-02,2.208479e-02,2.208479e-02,2.208479e-02,2.208479e-02,2.208479e-02,2.208479e-02,2.208479e-02,2.208479e-02,2.208479e-02,2.208479e-02,2.208479e-02,2.208479e-02,2.208479e-02,2.208479e-02,2.208479e-02,2.208479e-02,2.208479e-02,2.208479e-02,2.208479e-02,2.208479e-02,2.208479e-02,2.208479e-02,2.208479e-02,2.208479e-02,2.208479e-02,2.208479e-02,2.208479e-02,2.208479e-02,2.208479e-02,2.208479e-02,2.208479e-02,2.208479e-02,2.208479e-02,2.208479e-02,2.208479e-02,2.208479e-02,2.208479e-02,2.208479e-02,2.208479e-02,2.208479e-02,2.208479e-02,2.208479e-02,2.208479e-02,2.208479e-02,2.208479e-02,2.208479e-02,2.208479e-02,2.208479e-02,2.208479e-02,2.208479e-02,2.208479e-02,2.208479e-02,2.208479e-02,2.208479e-02,2.208479e-02,2.208479e-02,2.208479e-02,2.208479e-02,2.208479e-02,2.208479e-02,2.208479e-02,2.208479e-02,2.208479e-02,2.208479e-02,2.208479e-02,2.208479e-02,2.208479e-02,2.208479e-02,2.208479e-02,2.208479e-02,2.208479e-02,2.208479e-02,2.208479e-02,2.208479e-02,2.208479e-02,2.208479e-02,2.208479e-02,2.208479e-02,2.208479e-02,2.208479e-02,2.208479e-02,2.208479e-02,2.208479e-02,2.208479e-02,2.208479e-02,2.208479e-02,2.208479e-02,2.208479e-02,2.208479e-02,2.208479e-02
2.034644e-02,2.032421e-02,2.029648e-02,2.026878e-02,2.024112e-02,2.021358e-02,2.018062e-02,2.015314e-02,2.012572e-02,2.009280e-02,2.006539e-02,2.003243e-02,2.000508e-02,1.997776e-02,1.994494e-02,1.991766e-02,1.989039e-02,1.986312e-02,1.984136e-02,1.981415e-02,1.979234e-02,1.977049e-02,1.974870e-02,1.973235e-02,1.971612e-02,1.969439e-02,1.967814e-02,1.966734e-02,1.965108e-02,1.963489e-02,1.962413e-02,1.960785e-02,1.959715e-02,1.958099e-02,1.957035e-02,1.955971e-02,1.954358e-02,1.953297e-02,1.952242e-02,1.950634e-02,1.949578e-02,1.948533e-02,1.946944e-02,1.945898e-02,1.944316e-02,1.943286e-02,1.942259e-02,1.940683e-02,1.939680e-02,1.938690e-02,1.937175e-02,1.936233e-02,1.935316e-02,1.934421e-02,1.933544e-02,1.932684e-02,1.932391e-02,1.931578e-02,1.930765e-02,1.930508e-02,1.929704e-02,1.928909e-02,1.928637e-02,1.927813e-02,1.927563e-02,1.926787e-02,1.926544e-02,1.926298e-02,1.925486e-02,1.925219e-02,1.924943e-02,1.924074e-02,1.923733e-02,1.923388e-02,1.922477e-02,1.922104e-02,1.921730e-02,1.921418e-02,1.920555e-02,1.920249e-02,1.919977e-02,1.919265e-02,1.919181e-02,1.919166e-02,1.918739e-02,1.919001e-02,1.919423e-02,1.919485e-02,1.920345e-02,1.920948e-02,1.922359e-02,1.923529e-02,1.925629e-02,1.927653e-02,1.930662e-02,1.933710e-02,1.937969e-02,1.942482e-02,1.947854e-02,1.954717e-02,1.962238e-02,1.970952e-02,1.981058e-02,1.992766e-02,2.006753e-02,2.022154e-02,2.039753e-02,2.060138e-02,2.083159e-02,2.109046e-02,2.138262e-02,2.170635e-02,2.206673e-02,2.247714e-02,2.293798e-02,2.342436e-02,2.396003e-02,2.453817e-02,2.516478e-02,2.583209e-02,2.654159e-02,2.727498e-02,2.803953e-02,2.881413e-02,2.961134e-02,3.039624e-02,3.118024e-02,3.194395e-02,3.270262e-02,3.341786e-02,3.412462e-02,3.478071e-02,3.543477e-02,3.602369e-02,3.660477e-02,3.713141e-02,3.764630e-02,3.809105e-02,3.853898e-02,3.893516e-02,3.933261e-02,3.968016e-02,3.999055e-02,4.034282e-02,4.066281e-02,4.100902e-02,4.132530e-02,4.167178e-02,4.198033e-02,4.228348e-02,4.257663e-02,4.281671e-02,4.301548e-02,4.321220e-02,4.332801e-02,4.333809e-02,4.321622e-02,4.306819e-02,4.284568e-02,4.257368e-02,4.229154e-02,4.200618e-02,4.166604e-02,4.130488e-02,4.090605e-02,4.047050e-02,4.000585e-02,3.948776e-02,3.896036e-02,3.840970e-02,3.784824e-02,3.728199e-02,3.672024e-02,3.617606e-02,3.565642e-02,3.515573e-02,3.468296e-02,3.423922e-02,3.383025e-02,3.344060e-02,3.307368e-02,3.272814e-02,3.240466e-02,3.209895e-02,3.181228e-02,3.153885e-02,3.128807e-02,3.105441e-02,3.083919e-02,3.063397e-02,3.045571e-02,3.028994e-02,3.013939e-02,2.999104e-02,2.987003e-02,2.976120e-02,2.965768e-02,2.955890e-02,2.945898e-02,2.935549e-02,2.923430e-02,2.910745e-02,2.897250e-02,2.881829e-02,2.863457e-02,2.844455e-02,2.823076e-02,2.799254e-02,2.774301e-02,2.748283e-02,2.721466e-02,2.694363e-02,2.666925e-02,2.639472e-02,2.611708e-02,2.585324e-02,2.559858e-02,2.536008e-02,2.513765e-02,2.493461e-02,2.476017e-02,2.459237e-02,2.445778e-02,2.433714e-02,2.424262e-02,2.415710e-02,2.408516e-02,2.403487e-02,2.399233e-02,2.395407e-02,2.390603e-02,2.386023e-02,2.379389e-02,2.369754e-02,2.358498e-02,2.343618e-02,2.326106e-02,2.303855e-02,2.279864e-02,2.253411e-02,2.225808e-02,2.196326e-02,2.166718e-02,2.136687e-02,2.107511e-02,2.079205e-02,2.053508e-02,2.029342e-02,2.007334e-02,1.989234e-02,1.972536e-02,1.958854e-02,1.945890e-02,1.934346e-02,1.922059e-02,1.909521e-02,1.895701e-02,1.880883e-02,1.864686e-02,1.847747e-02,1.830229e-02,1.812641e-02,1.795645e-02,1.780093e-02,1.766091e-02,1.753073e-02,1.742168e-02,1.732961e-02,1.725642e-02,1.719436e-02,1.714654e-02,1.710601e-02,1.707786e-02,1.705185e-02,1.703522e-02,1.702013e-02,1.701290e-02,1.700887e-02,1.700863e-02,1.702782e-02,1.705048e-02,1.710912e-02,1.718311e-02,1.731003e-02,1.749125e-02,1.776395e-02,1.813437e-02,1.865202e-02,1.933062e-02,2.023389e-02,2.138092e-02,2.281334e-02,2.455546e-02,2.665620e-02,2.910889e-02,3.187896e-02,3.500638e-02,3.846434e-02,4.222984e-02,4.623441e-02,5.048924e-02,5.495401e-02,5.954904e-02,6.424360e-02,6.903685e-02,7.388315e-02,7.879535e-02,8.375313e-02,8.877103e-02,9.395347e-02,9.913306e-02,1.043730e-01,1.097068e-01,1.151343e-01,1.206804e-01,1.263068e-01,1.320555e-01,1.378983e-01,1.438269e-01,1.498653e-01,1.562214e-01,1.624329e-01,1.687342e-01,1.750134e-01,1.814172e-01,1.878572e-01,1.943289e-01,2.008113e-01,2.072829e-01,2.137276e-01,2.201262e-01,2.264453e-01,2.327497e-01,2.389942e-01,2.450296e-01,2.509669e-01,2.568127e-01,2.624844e-01,2.679400e-01,2.733291e-01,2.785001e-01,2.832712e-01,2.879767e-01,2.923470e-01,2.966325e-01,3.005819e-01,3.044386e-01,3.079426e-01,3.113265e-01,3.144298e-01,3.173845e-01,3.201979e-01,3.230462e-01,3.260547e-01,3.289847e-01,3.320624e-01,3.350699e-01,3.380911e-01,3.412548e-01,3.443143e-01,3.475211e-01,3.504684e-01,3.535381e-01,3.565970e-01,3.595014e-01,3.625012e-01,3.654766e-01,3.684073e-01,3.711381e-01,3.739356e-01,3.766700e-01,3.793167e-01,3.818539e-01,3.842953e-01,3.866016e-01,3.887734e-01,3.908095e-01,3.926746e-01,3.943676e-01,3.958742e-01,3.971876e-01,3.980661e-01,3.991145e-01,4.001660e-01,4.012241e-01,4.022789e-01,4.033512e-01,4.044338e-01,4.053390e-01,4.064299e-01,4.075194e-01,4.084426e-01,4.095581e-01,4.104924e-01,4.114224e-01,4.123654e-01,4.133151e-01,4.144483e-01,4.154096e-01,4.163739e-01,4.173360e-01,4.183096e-01,4.192871e-01,4.202618e-01,4.210563e-01,4.220493e-01,4.230479e-01,4.240409e-01,4.250542e-01,4.258657e-01,4.268863e-01,4.277079e-01,4.285343e-01,4.295711e-01,4.304061e-01,4.312451e-01,4.320863e-01,4.329299e-01,4.337791e-01,4.346367e-01,4.354940e-01,4.363486e-01,4.372100e-01,4.378613e-01,4.387334e-01,4.395965e-01,4.402242e-01,4.411016e-01,4.419797e-01,4.428379e-01,4.434946e-01,4.441554e-01,4.450283e-01,4.456809e-01,4.463541e-01,4.472593e-01,4.479310e-01,4.486113e-01,4.493008e-01,4.502169e-01,4.509086e-01,4.516067e-01,4.523086e-01,4.530082e-01,4.537172e-01,4.544290e-01,4.551507e-01,4.558698e-01,4.565929e-01,4.573099e-01,4.580425e-01,4.587741e-01,4.592633e-01,4.599997e-01,4.604961e-01,4.612355e-01,4.619738e-01,4.624863e-01,4.632374e-01,4.637345e-01,4.644887e-01,4.649951e-01,4.657469e-01,4.662568e-01,4.667646e-01,4.672765e-01,4.680354e-01,4.685459e-01,4.690565e-01,4.695759e-01,4.703427e-01,4.708564e-01,4.713690e-01,4.718871e-01,4.723927e-01,4.729073e-01,4.734360e-01,4.739492e-01,4.744722e-01,4.749923e-01,4.755175e-01,4.757789e-01,4.763083e-01,4.768448e-01,4.773765e-01,4.776462e-01,4.781866e-01,4.787384e-01,4.792667e-01,4.795428e-01,4.800863e-01,4.806310e-01,4.809048e-01,4.811817e-01,4.817425e-01,4.820163e-01,4.825536e-01,4.828412e-01,4.833940e-01,4.836613e-01,4.839340e-01,4.842175e-01,4.844799e-01,4.847470e-01,4.850361e-01,4.853151e-01,4.855857e-01,4.858432e-01,4.861204e-01,4.863965e-01,4.866731e-01,4.869388e-01,4.872034e-01,4.874670e-01,4.877445e-01,4.880327e-01,4.882907e-01,4.885173e-01,4.887772e-01,4.890492e-01,4.893177e-01,4.895626e-01,4.897561e-01,4.899925e-01,4.902349e-01,4.904684e-01,4.907079e-01,4.909374e-01,4.911545e-01,4.913232e-01,4.914845e-01,4.916924e-01,4.918771e-01,4.920623e-01,4.922663e-01,4.924346e-01,4.924947e-01,4.926067e-01,4.927654e-01,4.929412e-01,4.930406e-01,4.929853e-01,4.930745e-01,4.932103e-01,4.932938e-01,4.933702e-01,4.934075e-01,4.934911e-01,4.936082e-01,4.935105e-01,4.931700e-01,4.930495e-01,4.930506e-01,4.929302e-01,4.927969e-01,4.926766e-01,4.926255e-01,4.925847e-01,4.926029e-01,4.926528e-01,4.926582e-01,4.925841e-01,4.927091e-01,4.929352e-01,4.931239e-01,4.933042e-01,4.934891e-01,4.936929e-01,4.939536e-01,4.941479e-01,4.944049e-01,4.946332e-01,4.948239e-01,4.950775e-01,4.952644e-01,4.954893e-01,4.957378e-01,4.960249e-01,4.962741e-01,4.965748e-01,4.968615e-01,4.971630e-01,4.974414e-01,4.977616e-01,4.980687e-01,4.984001e-01,4.986921e-01,4.990482e-01,4.994093e-01,4.997327e-01,5.000651e-01,5.004475e-01,5.008050e-01,5.011307e-01,5.014608e-01,5.018261e-01,5.021815e-01,5.025231e-01,5.029100e-01,5.032672e-01,5.036205e-01,5.039744e-01,5.043433e-01,5.046739e-01,5.050295e-01,5.053857e-01,5.057671e-01,5.061137e-01,5.064864e-01,5.068744e-01,5.072274e-01,5.076167e-01,5.079709e-01,5.083366e-01,5.086718e-01,5.090685e-01,5.094048e-01,5.097319e-01,5.100693e-01,5.104575e-01,5.108212e-01,5.111855e-01,5.115455e-01,5.119111e-01,5.122723e-01,5.126088e-01,5.129458e-01,5.132419e-01,5.136004e-01,5.139581e-01,5.142922e-01,5.145436e-01,5.147952e-01,5.150791e-01,5.153827e-01,5.156868e-01,5.159912e-01,5.162701e-01,5.165753e-01,5.168550e-01,5.171350e-01,5.173829e-01,5.176687e-01,5.179236e-01,5.181514e-01,5.183859e-01,5.186141e-01,5.188687e-01,5.191301e-01,5.193736e-01,5.196079e-01,5.198162e-01,5.200528e-01,5.202583e-01,5.204922e-01,5.206703e-01,5.208749e-01,5.210553e-01,5.212305e-01,5.214046e-01,5.216093e-01,5.218016e-01,5.219695e-01,5.221323e-01,5.222673e-01,5.224237e-01,5.225537e-01,5.227037e-01,5.228537e-01,5.229746e-01,5.230896e-01,5.231980e-01,5.232978e-01,5.234030e-01,5.234995e-01,5.235966e-01,5.236332e-01,5.236965e-01,5.237798e-01,5.238578e-01,5.239378e-01,5.239703e-01,5.239902e-01,5.240101e-01,5.240234e-01,5.240634e-01,5.240733e-01,5.241158e-01,5.241194e-01,5.241204e-01,5.240916e-01,5.240598e-01,5.240613e-01,5.240770e-01,5.240632e-01,5.240198e-01,5.239468e-01,5.238707e-01,5.237743e-01,5.237455e-01,5.237138e-01,5.236805e-01,5.235940e-01,5.235076e-01,5.234836e-01,5.234505e-01,5.233907e-01,5.233044e-01,5.231916e-01,5.231413e-01,5.231082e-01,5.230486e-01,5.229361e-01,5.228447e-01,5.228382e-01,5.228940e-01,5.228875e-01,5.227751e-01,5.226628e-01,5.225824e-01,5.224967e-01,5.223992e-01,5.222398e-01,5.220805e-01,5.219740e-01,5.218940e-01,5.217087e-01,5.214015e-01,5.210592e-01,5.207961e-01,5.205334e-01,5.201665e-01,5.195605e-01,5.188836e-01,5.182814e-01,5.177327e-01,5.172207e-01,5.166750e-01,5.159975e-01,5.150725e-01,5.138678e-01,5.126955e-01,5.118557e-01,5.111194e-01,5.101867e-01,5.089218e-01,5.076060e-01,5.066896e-01,5.060454e-01,5.054761e-01,5.048116e-01,5.040287e-01,5.033210e-01,5.026307e-01,5.019281e-01,5.014707e-01,5.012522e-01,5.010340e-01,5.008208e-01,5.006078e-01,5.003951e-01,5.001873e-01,4.999798e-01,5.000087e-01,4.998014e-01,4.998405e-01,4.998742e-01,4.999032e-01,4.996961e-01,4.997251e-01,4.997494e-01,4.997737e-01,4.995621e-01,4.993461e-01,4.993657e-01,4.993853e-01,4.994002e-01,4.994198e-01,4.994394e-01,4.992189e-01,4.992385e-01,4.992581e-01,4.992879e-01,4.990724e-01,4.990920e-01,4.988768e-01,4.988964e-01,4.989207e-01,4.989356e-01,4.987206e-01,4.987402e-01,4.987551e-01,4.987747e-01,4.985553e-01,4.985702e-01,4.985851e-01,4.986000e-01,4.986102e-01,4.986251e-01,4.986399e-01,4.988892e-01,4.989041e-01,4.989190e-01,4.989339e-01,4.989488e-01,4.989637e-01,4.984876e-01,4.987366e-01,4.987515e-01,4.987664e-01,4.987813e-01,4.985396e-01,4.985498e-01,4.987986e-01,4.988135e-01,4.983382e-01,4.983484e-01,4.986017e-01,4.983604e-01,4.983855e-01,4.981492e-01,4.981688e-01,4.981885e-01,4.977244e-01,4.977488e-01,4.975181e-01,4.975425e-01,4.970801e-01,4.971091e-01,4.968793e-01,4.964233e-01,4.966836e-01,4.962234e-01,4.962524e-01,4.960340e-01,4.960583e-01,4.958299e-01,4.953719e-01,4.953962e-01,4.949345e-01,4.949542e-01,4.947225e-01,4.942579e-01,4.945015e-01,4.940375e-01,4.938024e-01,4.938127e-01,4.933504e-01,4.931163e-01,4.931312e-01,4.926706e-01,4.924477e-01,4.924673e-01,4.922389e-01,4.917852e-01,4.918047e-01,4.913521e-01,4.913716e-01,4.909201e-01,4.904741e-01,4.907177e-01,4.902678e-01,4.898234e-01,4.900662e-01,4.896179e-01,4.896374e-01,4.891901e-01,4.887438e-01,4.887633e-01,4.883240e-01,4.883435e-01,4.878949e-01,4.876936e-01,4.872465e-01,4.870414e-01,4.865959e-01,4.863916e-01,4.859433e-01,4.859582e-01,4.852973e-01,4.853123e-01,4.851094e-01,4.844516e-01,4.842603e-01,4.840586e-01,4.836204e-01,4.834195e-01,4.832188e-01,4.827825e-01,4.825826e-01,4.823828e-01,4.821834e-01,4.815359e-01,4.813373e-01,4.811390e-01,4.809409e-01,4.805305e-01,4.803331e-01,4.799241e-01,4.797273e-01,4.799743e-01,4.786821e-01,4.789278e-01,4.789630e-01,4.789982e-01,4.788228e-01,4.784172e-01,4.782424e-01,4.778382e-01,4.774348e-01,4.774698e-01,4.768588e-01,4.764576e-01,4.758499e-01,4.756777e-01,4.750726e-01,4.744694e-01,4.738682e-01,4.732689e-01,4.726823e-01,4.714590e-01,4.710888e-01,4.698757e-01,4.692891e-01,4.687044e-01,4.683397e-01,4.679758e-01,4.665852e-01,4.656159e-01,4.646516e-01,4.642949e-01,4.635314e-01,4.625592e-01,4.616068e-01,4.600718e-01,4.585493e-01,4.578272e-01,4.561181e-01,4.549981e-01,4.538849e-01,4.533506e-01,4.522508e-01,4.511576e-01,4.502691e-01,4.488282e-01,4.472205e-01,4.452572e-01,4.436803e-01,4.417378e-01,4.405172e-01,4.386079e-01,4.375932e-01,4.360619e-01,4.347096e-01,4.332025e-01,4.322149e-01,4.307286e-01,4.297546e-01,4.288014e-01,4.293580e-01,4.302587e-01,4.304821e-01,4.290076e-01,4.275607e-01,4.266195e-01,4.256804e-01,4.242604e-01,4.235048e-01,4.224392e-01,4.205692e-01,4.182465e-01,4.153542e-01,4.122051e-01,4.093972e-01,4.062233e-01,4.026909e-01,3.997870e-01,3.968240e-01,3.944771e-01,3.920553e-01,3.909805e-01,3.877069e-01,3.838525e-01,3.789656e-01,3.746769e-01,3.686705e-01,3.624272e-01,3.568801e-01,3.507051e-01,3.462286e-01,3.402799e-01,3.349378e-01,3.295952e-01,3.237738e-01,3.178370e-01,3.141922e-01,3.095514e-01,3.035902e-01,2.985769e-01,2.934557e-01,2.894526e-01,2.846609e-01,2.799161e-01,2.755783e-01,2.719564e-01,2.687596e-01,2.649807e-01,2.613125e-01,2.583735e-01,2.546915e-01,2.515983e-01,2.485826e-01,2.457392e-01,2.434184e-01,2.411431e-01,2.386423e-01,2.362776e-01,2.339610e-01,2.320171e-01,2.302767e-01,2.284013e-01,2.264677e-01,2.246488e-01,2.232411e-01,2.214805e-01,2.197416e-01,2.183954e-01,2.170657e-01,2.161909e-01,2.149627e-01,2.137481e-01,2.129729e-01,2.118532e-01,2.110859e-01,2.104665e-01,2.097150e-01,2.090333e-01,2.084259e-01,2.077581e-01,2.070891e-01,2.064925e-01,2.062249e-01,2.056387e-01,2.055090e-01,2.053795e-01,2.052556e-01,2.048042e-01,2.046082e-01,2.045524e-01,2.044241e-01,2.047512e-01,2.046279e-01,2.045671e-01,2.043773e-01,2.046373e-01,2.044473e-01,2.047748e-01,2.050358e-01,2.054384e-01,2.053775e-01,2.055774e-01,2.061658e-01,2.065046e-01,2.068387e-01,2.074398e-01,2.080388e-01,2.087168e-01,2.096597e-01,2.103483e-01,2.111069e-01,2.120049e-01,2.126302e-01,2.136145e-01,2.146017e-01,2.152482e-01,2.166098e-01,2.173443e-01,2.183665e-01,2.194039e-01,2.202295e-01,2.216614e-01,2.222718e-01,2.231809e-01,2.241846e-01,2.252726e-01,2.259853e-01,2.270083e-01,2.280470e-01,2.288617e-01,2.304030e-01,2.311489e-01,2.323066e-01,2.335707e-01,2.345831e-01,2.355285e-01,2.366480e-01,2.381363e-01,2.393736e-01,2.402727e-01,2.415251e-01,2.428937e-01,2.437237e-01,2.452078e-01,2.463474e-01,2.479705e-01,2.489291e-01,2.500036e-01,2.515665e-01,2.525614e-01,2.535645e-01,2.552798e-01,2.563053e-01,2.574466e-01,2.585907e-01,2.596439e-01,2.612246e-01,2.619917e-01,2.637229e-01,2.650399e-01,2.656012e-01,2.667066e-01,2.686208e-01,2.694329e-01,2.706910e-01,2.719689e-01,2.732520e-01,2.745562e-01,2.752834e-01,2.765997e-01,2.778126e-01,2.784240e-01,2.797814e-01,2.805396e-01,2.816519e-01,2.830435e-01,2.836811e-01,2.852270e-01,2.858828e-01,2.869057e-01,2.875697e-01,2.890238e-01,2.896885e-01,2.903651e-01,2.917089e-01,2.925260e-01,2.932157e-01,2.944443e-01,2.952768e-01,2.959802e-01,2.966861e-01,2.982279e-01,2.989453e-01,2.996662e-01,3.005304e-01,3.012594e-01,3.019921e-01,3.030219e-01,3.038433e-01,3.042180e-01,3.048837e-01,3.054077e-01,3.058438e-01,3.064534e-01,3.070573e-01,3.075883e-01,3.082729e-01,3.088176e-01,3.095888e-01,3.099806e-01,3.106077e-01,3.112293e-01,3.118629e-01,3.124222e-01,3.132140e-01,3.138573e-01,3.141825e-01,3.150623e-01,3.152253e-01,3.159533e-01,3.165282e-01,3.170245e-01,3.178479e-01,3.183409e-01,3.192605e-01,3.195855e-01,3.204314e-01,3.211012e-01,3.216102e-01,3.219576e-01,3.226329e-01,3.230655e-01,3.240049e-01,3.246990e-01,3.256568e-01,3.266222e-01,3.274231e-01,3.277742e-01,3.286754e-01,3.292101e-01,3.299379e-01,3.305751e-01,3.312052e-01,3.318546e-01,3.327815e-01,3.333320e-01,3.339833e-01,3.345479e-01,3.352045e-01,3.356922e-01,3.363435e-01,3.365454e-01,3.372189e-01,3.376941e-01,3.384641e-01,3.389529e-01,3.396269e-01,3.400267e-01,3.405203e-01,3.409125e-01,3.415023e-01,3.418032e-01,3.421994e-01,3.428972e-01,3.433897e-01,3.439886e-01,3.443894e-01,3.444968e-01,3.450042e-01,3.453118e-01,3.456206e-01,3.459293e-01,3.462392e-01,3.462507e-01,3.467652e-01,3.472889e-01,3.477951e-01,3.479138e-01,3.483243e-01,3.486481e-01,3.490605e-01,3.487678e-01,3.493844e-01,3.497085e-01,3.500137e-01,3.500241e-01,3.503299e-01,3.504485e-01,3.504393e-01,3.502522e-01,3.507657e-01,3.504698e-01,3.500682e-01,3.499701e-01,3.499821e-01,3.491703e-01,3.489770e-01,3.486860e-01,3.484951e-01,3.474880e-01,3.469977e-01,3.466049e-01,3.460123e-01,3.455263e-01,3.448427e-01,3.442549e-01,3.436714e-01,3.426956e-01,3.421182e-01,3.411522e-01,3.404898e-01,3.405010e-01,3.425694e-01,3.416008e-01,3.411311e-01,3.403685e-01,3.396176e-01,3.386692e-01,3.381176e-01,3.373684e-01,3.365335e-01,3.356043e-01,3.348769e-01,3.336822e-01,3.328583e-01,3.321427e-01,3.310565e-01,3.301683e-01,3.291821e-01,3.281240e-01,3.272451e-01,3.262848e-01,3.255991e-01,3.249074e-01,3.241280e-01,3.230242e-01,3.223446e-01,3.215050e-01,3.206715e-01,3.198338e-01,3.188408e-01,3.179429e-01,3.172075e-01,3.163184e-01,3.155143e-01,3.150397e-01,3.143190e-01,3.136952e-01,3.129811e-01,3.120341e-01,3.116558e-01,3.111180e-01,3.103413e-01,3.095688e-01,3.090391e-01,3.082736e-01,3.078967e-01,3.072921e-01,3.069264e-01,3.063330e-01,3.058080e-01,3.052204e-01,3.047888e-01,3.043500e-01,3.039916e-01,3.036341e-01,3.033493e-01,3.029304e-01,3.028695e-01,3.028928e-01,3.028366e-01,3.026318e-01,3.029468e-01,3.031275e-01,3.032932e-01,3.033223e-01,3.035669e-01,3.040350e-01,3.042156e-01,3.043894e-01,3.043325e-01,3.044341e-01,3.045369e-01,3.045677e-01,3.045119e-01,3.043908e-01,3.040406e-01,3.037620e-01,3.037923e-01,3.033707e-01,3.030935e-01,3.028953e-01,3.024764e-01,3.019865e-01,3.017178e-01,3.015135e-01,3.013232e-01,3.009852e-01,3.006480e-01,3.003818e-01,3.003323e-01,3.000735e-01,3.001019e-01,3.000525e-01,3.001510e-01,2.998859e-01,2.999143e-01,3.000127e-01,3.002582e-01,3.003569e-01,3.005337e-01,3.007801e-01,3.013172e-01,3.019261e-01,3.019560e-01,3.021991e-01,3.025206e-01,3.026933e-01,3.033103e-01,3.037062e-01,3.038014e-01,3.040475e-01,3.040556e-01,3.043022e-01,3.040953e-01,3.039608e-01,3.036038e-01,3.033195e-01,3.032641e-01,3.035811e-01,3.037480e-01,3.037560e-01,3.040671e-01,3.039256e-01,3.041649e-01,3.043325e-01,3.044944e-01,3.044956e-01,3.048082e-01,3.053451e-01,3.055070e-01,3.055892e-01,3.061219e-01,3.062033e-01,3.065113e-01,3.066745e-01,3.070641e-01,3.072183e-01,3.073798e-01,3.072337e-01,3.073227e-01,3.074106e-01,3.075794e-01,3.075044e-01,3.076662e-01,3.079091e-01,3.083007e-01,3.081596e-01,3.083950e-01,3.085649e-01,3.086535e-01,3.091287e-01,3.090612e-01,3.091501e-01,3.093148e-01,3.092402e-01,3.096424e-01,3.097328e-01,3.097496e-01,3.093768e-01,3.095502e-01,3.097227e-01,3.095826e-01,3.093090e-01,3.093342e-01,3.092847e-01,3.091524e-01,3.093411e-01,3.095301e-01,3.092578e-01,3.092890e-01,3.094104e-01,3.087506e-01,3.083303e-01,3.075994e-01,3.068957e-01,3.066331e-01,3.062096e-01,3.056429e-01,3.043546e-01,3.029283e-01,3.023654e-01,3.012531e-01,2.993056e-01,2.979202e-01,2.968414e-01,2.950943e-01,2.932214e-01,2.913813e-01,2.894284e-01,2.876295e-01,2.844739e-01,2.826170e-01,2.782496e-01,2.750521e-01,2.717271e-01,2.690386e-01,2.651991e-01,2.624446e-01,2.586109e-01,2.556229e-01,2.502526e-01,2.458414e-01,2.415853e-01,2.366090e-01,2.321640e-01,2.266145e-01,2.214605e-01,2.134135e-01,2.074264e-01,2.015743e-01,1.960288e-01,1.894914e-01,1.839772e-01,1.754394e-01,1.693941e-01,1.636385e-01,1.580354e-01,1.520621e-01,1.449249e-01,1.393345e-01,1.344132e-01,1.296838e-01,1.249266e-01,1.192619e-01,1.151695e-01,1.115052e-01,1.081398e-01,1.052122e-01,1.009460e-01,9.840977e-02,9.604348e-02,9.354953e-02,9.104219e-02,8.863067e-02,8.701965e-02,8.545499e-02,8.393663e-02,8.245171e-02,8.102070e-02,8.021049e-02,7.885807e-02,7.810768e-02,7.680152e-02,7.611830e-02,7.543333e-02,7.478409e-02,7.415247e-02,7.354056e-02,7.293980e-02,7.287153e-02,7.224447e-02,7.216945e-02,7.159459e-02,7.149652e-02,7.144385e-02,7.139885e-02,7.083369e-02,7.078913e-02,7.073721e-02,7.070310e-02,7.118718e-02,7.117669e-02,7.115265e-02,7.110757e-02,7.158586e-02,7.158576e-02,7.210165e-02,7.209863e-02,7.259131e-02,7.310864e-02,7.311673e-02,7.364353e-02,7.417370e-02,7.471034e-02,7.527958e-02,7.527701e-02,7.583908e-02,7.644643e-02,7.701130e-02,7.761016e-02,7.817732e-02,7.878868e-02,7.941095e-02,8.002591e-02,8.064895e-02,8.128283e-02,8.192249e-02,8.257058e-02,8.323004e-02,8.389584e-02,8.454274e-02,8.521473e-02,8.655399e-02,8.656655e-02,8.797434e-02,8.870580e-02,8.874944e-02,8.997738e-02,9.069240e-02,9.159935e-02,9.226062e-02,9.333549e-02,9.397017e-02,9.454649e-02,9.563679e-02,9.636231e-02,9.730334e-02,9.800077e-02,9.914181e-02,9.975520e-02,1.008058e-01,1.015851e-01,1.022633e-01,1.033579e-01,1.041134e-01,1.051863e-01,1.058451e-01,1.068865e-01,1.075651e-01,1.085554e-01,1.093544e-01,1.102025e-01,1.108946e-01,1.119173e-01,1.126282e-01,1.135443e-01,1.142265e-01,1.152129e-01,1.158706e-01,1.168344e-01,1.175273e-01,1.180408e-01,1.190357e-01,1.200454e-01,1.206753e-01,1.215338e-01,1.221776e-01,1.230278e-01,1.235310e-01,1.244522e-01,1.249111e-01,1.256638e-01,1.261583e-01,1.270862e-01,1.275623e-01,1.282572e-01,1.286548e-01,1.294767e-01,1.297413e-01,1.301339e-01,1.305419e-01,1.310941e-01,1.317937e-01,1.317662e-01,1.323278e-01,1.326033e-01,1.330114e-01,1.328379e-01,1.334078e-01,1.336732e-01,1.339538e-01,1.340732e-01,1.340450e-01,1.346242e-01,1.344471e-01,1.347163e-01,1.348370e-01,1.348085e-01,1.349294e-01,1.347514e-01,1.351862e-01,1.354581e-01,1.352788e-01,1.354004e-01,1.352214e-01,1.351927e-01,1.353142e-01,1.351353e-01,1.352567e-01,1.353929e-01,1.353643e-01,1.353358e-01,1.351570e-01,1.351287e-01,1.355661e-01,1.352363e-01,1.356746e-01,1.353443e-01,1.357828e-01,1.360720e-01,1.360576e-01,1.363476e-01,1.366386e-01,1.367772e-01,1.372387e-01,1.375332e-01,1.376734e-01,1.378137e-01,1.384384e-01,1.384234e-01,1.388954e-01,1.391966e-01,1.395147e-01,1.396589e-01,1.402995e-01,1.402847e-01,1.407686e-01,1.409156e-01,1.412408e-01,1.417309e-01,1.418796e-01,1.418645e-01,1.423582e-01,1.425079e-01,1.428398e-01,1.428244e-01,1.433242e-01,1.434757e-01,1.438113e-01,1.437957e-01,1.443021e-01,1.442864e-01,1.446257e-01,1.447798e-01,1.451212e-01,1.451058e-01,1.454489e-01,1.456047e-01,1.459497e-01,1.459335e-01,1.462800e-01,1.464376e-01,1.466121e-01,1.471362e-01,1.471198e-01,1.474713e-01,1.476478e-01,1.480021e-01,1.479853e-01,1.483405e-01,1.486974e-01,1.485023e-01,1.488604e-01,1.492196e-01,1.494000e-01,1.493832e-01,1.495640e-01,1.499263e-01,1.501089e-01,1.504737e-01,1.508400e-01,1.512081e-01,1.510070e-01,1.513758e-01,1.515620e-01,1.519333e-01,1.521199e-01,1.523069e-01,1.522902e-01,1.524773e-01,1.526652e-01,1.530415e-01,1.532304e-01,1.534203e-01,1.532136e-01,1.535925e-01,1.537824e-01,1.539736e-01,1.537655e-01,1.539561e-01,1.541468e-01,1.539387e-01,1.541296e-01,1.543208e-01,1.545124e-01,1.547044e-01,1.548969e-01,1.546868e-01,1.546867e-01,1.548792e-01,1.550721e-01,1.552654e-01,1.554599e-01,1.556539e-01,1.558486e-01,1.558485e-01,1.560434e-01,1.562387e-01,1.564350e-01,1.564346e-01,1.566306e-01,1.568268e-01,1.568268e-01,1.570232e-01,1.572201e-01,1.572191e-01,1.578335e-01,1.578330e-01,1.580318e-01,1.580306e-01,1.586508e-01,1.586506e-01,1.588513e-01,1.592745e-01,1.594766e-01,1.594760e-01,1.601076e-01,1.601067e-01,1.605361e-01,1.607412e-01,1.613819e-01,1.618174e-01,1.620252e-01,1.624639e-01,1.624628e-01,1.631150e-01,1.631148e-01,1.637722e-01,1.642197e-01,1.642185e-01,1.648845e-01,1.648837e-01,1.653384e-01,1.657942e-01,1.657939e-01,1.662527e-01,1.667137e-01,1.667146e-01,1.671787e-01,1.671788e-01,1.678684e-01,1.678699e-01,1.683403e-01,1.688132e-01,1.688143e-01,1.692899e-01,1.692922e-01,1.697707e-01,1.697721e-01,1.702531e-01,1.702557e-01,1.707393e-01,1.707411e-01,1.712276e-01,1.712306e-01,1.712324e-01,1.717215e-01,1.714906e-01,1.714935e-01,1.714956e-01,1.719863e-01,1.719881e-01,1.719911e-01,1.719932e-01,1.719950e-01,1.715078e-01,1.712783e-01,1.712800e-01,1.707964e-01,1.703150e-01,1.696080e-01,1.696106e-01,1.691351e-01,1.681900e-01,1.674987e-01,1.670338e-01,1.661105e-01,1.654343e-01,1.645257e-01,1.640754e-01,1.629678e-01,1.620834e-01,1.610003e-01,1.601349e-01,1.586496e-01,1.578066e-01,1.563594e-01,1.555379e-01,1.545310e-01,1.533272e-01,1.523456e-01,1.509865e-01,1.502145e-01,1.488887e-01,1.479569e-01,1.468419e-01,1.459324e-01,1.446723e-01,1.439557e-01,1.427252e-01,1.420257e-01,1.411676e-01,1.399781e-01,1.391412e-01,1.383129e-01,1.374931e-01,1.368364e-01,1.360314e-01,1.352348e-01,1.341305e-01,1.333529e-01,1.330406e-01,1.322739e-01,1.318199e-01,1.309208e-01,1.304737e-01,1.297321e-01,1.294340e-01,1.289963e-01,1.285610e-01,1.281284e-01,1.274090e-01,1.269829e-01,1.265589e-01,1.258544e-01,1.251566e-01,1.246103e-01,1.241981e-01,1.233851e-01,1.227102e-01,1.223099e-01,1.219119e-01,1.211241e-01,1.207325e-01,1.203430e-01,1.199556e-01,1.194468e-01,1.188077e-01,1.183070e-01,1.179305e-01,1.175559e-01,1.171832e-01,1.166939e-01,1.163239e-01,1.158406e-01,1.157215e-01,1.152422e-01,1.151241e-01,1.148905e-01,1.150148e-01,1.147816e-01,1.146641e-01,1.146728e-01,1.147968e-01,1.144491e-01,1.148142e-01,1.145813e-01,1.145900e-01,1.144726e-01,1.147225e-01,1.146046e-01,1.143743e-01,1.142682e-01,1.141511e-01,1.141595e-01,1.139285e-01,1.136982e-01,1.138202e-01,1.132420e-01,1.130138e-01,1.128987e-01,1.126718e-01,1.122142e-01,1.119895e-01,1.116446e-01,1.112045e-01,1.108635e-01,1.106432e-01,1.104237e-01,1.099814e-01,1.095501e-01,1.094407e-01,1.090050e-01,1.087910e-01,1.085776e-01,1.083648e-01,1.080508e-01,1.080582e-01,1.078472e-01,1.078546e-01,1.076443e-01,1.074445e-01,1.075581e-01,1.074618e-01,1.072526e-01,1.070441e-01,1.070515e-01,1.068536e-01,1.068609e-01,1.070836e-01,1.068755e-01,1.068829e-01,1.065830e-01,1.065904e-01,1.065976e-01,1.066049e-01,1.064080e-01,1.062019e-01,1.059964e-01,1.056906e-01,1.056976e-01,1.055059e-01,1.053025e-01,1.049998e-01,1.050066e-01,1.047148e-01,1.048207e-01,1.045202e-01,1.042238e-01,1.042304e-01,1.039420e-01,1.037432e-01,1.034475e-01,1.034568e-01,1.029691e-01,1.027733e-01,1.026833e-01,1.024883e-01,1.020107e-01,1.018175e-01,1.015306e-01,1.013418e-01,1.008700e-01,1.003925e-01,1.001148e-01,1.001203e-01,9.966029e-02,9.947399e-02,9.920017e-02,9.901507e-02,9.856306e-02,4.154818e-03,4.154818e-03,4.154818e-03,4.154818e-03,4.154818e-03,4.154818e-03,4.154818e-03,4.154818e-03,4.154818e-03,4.154818e-03,4.154818e-03,4.154818e-03,4.154818e-03,4.154818e-03,4.154818e-03,4.154818e-03,4.154818e-03,4.154818e-03,4.154818e-03,4.154818e-03,4.154818e-03,4.154818e-03,4.154818e-03,4.154818e-03,4.154818e-03,4.154818e-03,4.154818e-03,4.154818e-03,4.154818e-03,4.154818e-03,4.154818e-03,4.154818e-03,4.154818e-03,4.154818e-03,4.154818e-03,4.154818e-03,4.154818e-03,4.154818e-03,4.154818e-03,4.154818e-03,4.154818e-03,4.154818e-03,4.154818e-03,4.154818e-03,4.154818e-03,4.154818e-03,4.154818e-03,4.154818e-03,4.154818e-03,4.154818e-03,4.154818e-03,4.154818e-03,4.154818e-03,4.154818e-03,4.154818e-03,4.154818e-03,4.154818e-03,4.154818e-03,4.154818e-03,4.154818e-03,4.154818e-03,4.154818e-03,4.154818e-03,4.154818e-03,4.154818e-03,4.154818e-03,4.154818e-03,4.154818e-03,4.154818e-03,4.154818e-03,4.154818e-03,4.154818e-03,4.154818e-03,4.154818e-03,4.154818e-03,4.154818e-03,4.154818e-03,4.154818e-03,4.154818e-03,4.154818e-03,4.154818e-03,4.154818e-03,4.154818e-03,4.154818e-03,4.154818e-03,4.154818e-03,4.154818e-03,4.154818e-03,4.154818e-03,4.154818e-03,4.154818e-03,4.154818e-03,4.154818e-03,4.154818e-03,4.154818e-03,4.154818e-03,4.154818e-03,4.154818e-03,4.154818e-03,4.154818e-03,4.154818e-03,4.154818e-03,4.154818e-03,4.154818e-03,4.154818e-03,4.154818e-03,4.154818e-03,4.154818e-03,4.154818e-03,4.154818e-03,4.154818e-03,4.154818e-03,4.154818e-03,4.154818e-03,4.154818e-03,4.154818e-03,4.154818e-03,4.154818e-03,4.154818e-03,4.154818e-03,4.154818e-03,4.154818e-03,4.154818e-03,4.154818e-03,4.154818e-03,4.154818e-03,4.154818e-03,4.154818e-03,4.154818e-03,4.154818e-03,4.154818e-03,4.154818e-03,4.154818e-03,4.154818e-03,4.154818e-03,4.154818e-03,4.154818e-03,4.154818e-03,4.154818e-03,4.154818e-03,4.154818e-03,4.154818e-03,4.154818e-03,4.154818e-03,4.154818e-03,4.154818e-03,4.154818e-03,4.154818e-03,4.154818e-03,4.154818e-03,4.154818e-03,4.154818e-03,4.154818e-03,4.154818e-03,4.154818e-03,4.154818e-03,4.154818e-03,4.154818e-03,4.154818e-03,4.154818e-03,4.154818e-03
1.990242e-02,1.987971e-02,1.985217e-02,1.982498e-02,1.979851e-02,1.977323e-02,1.974340e-02,1.971915e-02,1.969492e-02,1.966545e-02,1.964091e-02,1.961024e-02,1.958539e-02,1.956122e-02,1.953192e-02,1.950839e-02,1.948486e-02,1.946106e-02,1.944264e-02,1.941849e-02,1.939872e-02,1.937783e-02,1.935672e-02,1.934088e-02,1.932628e-02,1.930626e-02,1.929087e-02,1.927966e-02,1.926387e-02,1.924835e-02,1.923649e-02,1.921869e-02,1.920657e-02,1.918990e-02,1.917907e-02,1.916846e-02,1.915241e-02,1.914247e-02,1.913242e-02,1.911761e-02,1.910903e-02,1.910305e-02,1.909304e-02,1.908810e-02,1.907948e-02,1.907786e-02,1.907680e-02,1.907109e-02,1.907417e-02,1.908011e-02,1.908386e-02,1.909615e-02,1.911208e-02,1.912945e-02,1.914779e-02,1.916698e-02,1.919248e-02,1.921459e-02,1.923587e-02,1.926144e-02,1.928062e-02,1.929982e-02,1.932081e-02,1.933534e-02,1.935704e-02,1.937473e-02,1.939580e-02,1.941603e-02,1.942899e-02,1.944693e-02,1.946336e-02,1.947076e-02,1.948218e-02,1.949296e-02,1.949730e-02,1.950543e-02,1.951352e-02,1.952654e-02,1.953395e-02,1.954663e-02,1.956194e-02,1.957938e-02,1.960806e-02,1.964093e-02,1.967777e-02,1.972845e-02,1.978912e-02,1.985592e-02,1.994202e-02,2.003862e-02,2.015307e-02,2.027700e-02,2.042368e-02,2.058607e-02,2.077209e-02,2.097665e-02,2.121289e-02,2.147352e-02,2.176676e-02,2.209752e-02,2.246380e-02,2.287063e-02,2.332061e-02,2.382049e-02,2.437721e-02,2.498449e-02,2.565564e-02,2.640125e-02,2.722394e-02,2.811844e-02,2.909694e-02,3.016204e-02,3.131983e-02,3.260463e-02,3.400286e-02,3.547492e-02,3.705669e-02,3.874321e-02,4.053201e-02,4.241958e-02,4.440047e-02,4.642766e-02,4.852835e-02,5.064658e-02,5.279656e-02,5.491965e-02,5.704217e-02,5.908697e-02,6.110015e-02,6.299136e-02,6.484278e-02,6.653539e-02,6.817668e-02,6.966714e-02,7.110588e-02,7.239158e-02,7.362522e-02,7.467475e-02,7.570434e-02,7.658863e-02,7.743966e-02,7.819880e-02,7.886906e-02,7.958934e-02,8.026660e-02,8.094724e-02,8.158931e-02,8.224412e-02,8.284461e-02,8.339606e-02,8.388831e-02,8.426699e-02,8.453244e-02,8.476431e-02,8.479926e-02,8.458193e-02,8.406057e-02,8.341909e-02,8.265191e-02,8.177203e-02,8.087325e-02,7.991205e-02,7.886796e-02,7.774393e-02,7.654647e-02,7.524701e-02,7.389091e-02,7.245730e-02,7.099256e-02,6.948044e-02,6.796844e-02,6.646658e-02,6.499800e-02,6.358037e-02,6.223175e-02,6.095288e-02,5.975385e-02,5.862264e-02,5.757590e-02,5.658748e-02,5.566182e-02,5.477363e-02,5.393932e-02,5.316123e-02,5.242785e-02,5.172947e-02,5.108942e-02,5.049267e-02,4.994257e-02,4.942446e-02,4.896247e-02,4.853463e-02,4.814375e-02,4.777981e-02,4.745549e-02,4.715867e-02,4.687690e-02,4.659485e-02,4.632107e-02,4.604248e-02,4.574535e-02,4.542393e-02,4.508336e-02,4.471876e-02,4.431069e-02,4.387467e-02,4.339982e-02,4.288586e-02,4.234533e-02,4.177953e-02,4.120599e-02,4.063456e-02,4.005317e-02,3.946436e-02,3.888112e-02,3.832362e-02,3.778930e-02,3.727879e-02,3.680214e-02,3.637618e-02,3.600050e-02,3.565366e-02,3.536068e-02,3.510516e-02,3.488938e-02,3.470689e-02,3.455273e-02,3.443558e-02,3.433633e-02,3.424494e-02,3.414195e-02,3.403036e-02,3.388527e-02,3.368615e-02,3.344107e-02,3.313002e-02,3.275843e-02,3.230293e-02,3.180431e-02,3.124701e-02,3.066325e-02,3.004325e-02,2.941112e-02,2.877077e-02,2.814325e-02,2.752877e-02,2.695445e-02,2.641969e-02,2.592793e-02,2.550923e-02,2.512986e-02,2.480949e-02,2.451102e-02,2.423314e-02,2.394641e-02,2.364360e-02,2.331483e-02,2.294746e-02,2.255157e-02,2.212195e-02,2.167724e-02,2.121109e-02,2.075615e-02,2.031959e-02,1.991316e-02,1.953147e-02,1.919089e-02,1.890429e-02,1.865778e-02,1.845363e-02,1.828101e-02,1.814445e-02,1.803601e-02,1.794937e-02,1.788228e-02,1.783609e-02,1.780529e-02,1.780363e-02,1.781638e-02,1.789052e-02,1.799123e-02,1.820750e-02,1.848096e-02,1.891276e-02,1.947339e-02,2.026896e-02,2.126841e-02,2.256179e-02,2.415910e-02,2.615719e-02,2.856464e-02,3.142654e-02,3.477392e-02,3.865943e-02,4.306347e-02,4.791639e-02,5.327707e-02,5.907210e-02,6.530260e-02,7.183319e-02,7.869458e-02,8.577472e-02,9.303088e-02,1.003804e-01,1.078251e-01,1.153015e-01,1.228219e-01,1.303614e-01,1.379434e-01,1.456197e-01,1.533388e-01,1.611002e-01,1.689584e-01,1.769027e-01,1.849775e-01,1.931159e-01,2.013867e-01,2.097384e-01,2.181652e-01,2.266959e-01,2.353506e-01,2.439907e-01,2.527022e-01,2.614229e-01,2.701620e-01,2.788874e-01,2.875913e-01,2.961968e-01,3.047621e-01,3.132201e-01,3.215438e-01,3.296871e-01,3.377379e-01,3.456339e-01,3.532375e-01,3.605751e-01,3.677166e-01,3.745522e-01,3.811053e-01,3.874257e-01,3.933883e-01,3.989326e-01,4.042488e-01,4.091659e-01,4.138303e-01,4.181097e-01,4.221277e-01,4.257545e-01,4.290885e-01,4.321367e-01,4.348622e-01,4.375872e-01,4.403272e-01,4.431227e-01,4.458998e-01,4.487115e-01,4.515144e-01,4.543043e-01,4.571119e-01,4.598785e-01,4.626599e-01,4.653477e-01,4.680240e-01,4.706539e-01,4.732010e-01,4.757013e-01,4.781385e-01,4.804928e-01,4.827256e-01,4.848742e-01,4.869200e-01,4.888422e-01,4.906207e-01,4.922679e-01,4.937478e-01,4.950626e-01,4.962117e-01,4.971660e-01,4.979255e-01,4.984780e-01,4.988214e-01,4.989986e-01,4.992015e-01,4.994013e-01,4.996012e-01,4.997923e-01,4.999902e-01,5.001918e-01,5.003607e-01,5.005617e-01,5.007541e-01,5.009239e-01,5.011265e-01,5.012966e-01,5.014607e-01,5.016307e-01,5.018013e-01,5.019948e-01,5.021657e-01,5.023335e-01,5.024957e-01,5.026635e-01,5.028311e-01,5.029902e-01,5.031265e-01,5.032945e-01,5.034626e-01,5.036216e-01,5.037907e-01,5.039266e-01,5.040953e-01,5.042316e-01,5.043710e-01,5.045431e-01,5.046827e-01,5.048224e-01,5.049619e-01,5.051012e-01,5.052409e-01,5.053844e-01,5.055243e-01,5.056629e-01,5.058050e-01,5.059122e-01,5.060551e-01,5.061928e-01,5.062868e-01,5.064261e-01,5.065647e-01,5.066960e-01,5.067979e-01,5.069002e-01,5.070298e-01,5.071268e-01,5.072273e-01,5.073612e-01,5.074604e-01,5.075580e-01,5.076598e-01,5.077933e-01,5.078944e-01,5.079964e-01,5.081014e-01,5.082027e-01,5.083082e-01,5.084137e-01,5.085278e-01,5.086338e-01,5.087429e-01,5.088476e-01,5.089576e-01,5.090669e-01,5.091426e-01,5.092521e-01,5.093286e-01,5.094378e-01,5.095464e-01,5.096322e-01,5.097423e-01,5.098176e-01,5.099274e-01,5.100039e-01,5.101097e-01,5.101863e-01,5.102594e-01,5.103403e-01,5.104459e-01,5.105188e-01,5.105886e-01,5.106626e-01,5.107652e-01,5.108422e-01,5.109113e-01,5.109813e-01,5.110459e-01,5.111149e-01,5.111933e-01,5.112615e-01,5.113312e-01,5.114002e-01,5.114801e-01,5.115190e-01,5.115920e-01,5.116761e-01,5.117519e-01,5.117948e-01,5.118717e-01,5.119606e-01,5.120351e-01,5.120816e-01,5.121583e-01,5.122424e-01,5.122882e-01,5.123316e-01,5.124179e-01,5.124606e-01,5.125353e-01,5.125875e-01,5.126645e-01,5.127058e-01,5.127450e-01,5.127934e-01,5.128308e-01,5.128690e-01,5.129181e-01,5.129581e-01,5.129966e-01,5.130331e-01,5.130801e-01,5.131194e-01,5.131587e-01,5.131963e-01,5.132440e-01,5.132842e-01,5.133264e-01,5.133778e-01,5.134169e-01,5.134510e-01,5.134978e-01,5.135420e-01,5.135825e-01,5.136269e-01,5.136587e-01,5.137016e-01,5.137380e-01,5.137729e-01,5.138163e-01,5.138505e-01,5.138904e-01,5.139100e-01,5.139336e-01,5.139700e-01,5.139972e-01,5.140300e-01,5.140571e-01,5.140863e-01,5.140922e-01,5.141051e-01,5.141308e-01,5.141545e-01,5.141730e-01,5.141611e-01,5.141705e-01,5.141926e-01,5.142021e-01,5.142170e-01,5.142195e-01,5.142290e-01,5.142512e-01,5.142359e-01,5.141868e-01,5.141680e-01,5.141724e-01,5.141536e-01,5.141404e-01,5.141216e-01,5.141135e-01,5.141145e-01,5.141171e-01,5.141362e-01,5.141443e-01,5.141327e-01,5.141623e-01,5.141969e-01,5.142374e-01,5.142649e-01,5.143017e-01,5.143328e-01,5.143801e-01,5.144077e-01,5.144514e-01,5.144917e-01,5.145155e-01,5.145555e-01,5.145757e-01,5.146123e-01,5.146524e-01,5.146867e-01,5.147269e-01,5.147779e-01,5.148161e-01,5.148671e-01,5.149146e-01,5.149638e-01,5.150186e-01,5.150769e-01,5.151228e-01,5.151848e-01,5.152505e-01,5.152998e-01,5.153622e-01,5.154279e-01,5.154939e-01,5.155433e-01,5.156020e-01,5.156679e-01,5.157302e-01,5.157796e-01,5.158454e-01,5.159078e-01,5.159664e-01,5.160250e-01,5.160781e-01,5.161332e-01,5.161919e-01,5.162506e-01,5.163128e-01,5.163679e-01,5.164211e-01,5.164872e-01,5.165461e-01,5.166123e-01,5.166712e-01,5.167338e-01,5.167930e-01,5.168631e-01,5.169223e-01,5.169724e-01,5.170317e-01,5.170982e-01,5.171611e-01,5.172240e-01,5.172831e-01,5.173461e-01,5.174052e-01,5.174607e-01,5.175162e-01,5.175593e-01,5.176145e-01,5.176739e-01,5.177256e-01,5.177666e-01,5.178077e-01,5.178522e-01,5.179004e-01,5.179487e-01,5.179970e-01,5.180416e-01,5.180899e-01,5.181346e-01,5.181793e-01,5.182205e-01,5.182691e-01,5.183102e-01,5.183517e-01,5.183931e-01,5.184347e-01,5.184798e-01,5.185249e-01,5.185794e-01,5.186249e-01,5.186668e-01,5.187159e-01,5.187575e-01,5.188063e-01,5.188475e-01,5.188924e-01,5.189373e-01,5.189783e-01,5.190225e-01,5.190754e-01,5.191190e-01,5.191626e-01,5.192023e-01,5.192416e-01,5.192806e-01,5.193160e-01,5.193543e-01,5.193927e-01,5.194318e-01,5.194622e-01,5.194919e-01,5.195173e-01,5.195466e-01,5.195717e-01,5.196014e-01,5.196185e-01,5.196392e-01,5.196629e-01,5.196825e-01,5.197058e-01,5.197305e-01,5.197459e-01,5.197613e-01,5.197760e-01,5.197943e-01,5.198086e-01,5.198353e-01,5.198489e-01,5.198624e-01,5.198718e-01,5.198810e-01,5.199025e-01,5.199183e-01,5.199302e-01,5.199382e-01,5.199422e-01,5.199459e-01,5.199547e-01,5.199651e-01,5.199751e-01,5.199850e-01,5.199876e-01,5.199902e-01,5.200091e-01,5.200190e-01,5.200253e-01,5.200279e-01,5.200269e-01,5.200422e-01,5.200521e-01,5.200584e-01,5.200574e-01,5.200560e-01,5.200695e-01,5.200993e-01,5.201129e-01,5.201119e-01,5.201110e-01,5.201178e-01,5.201205e-01,5.201326e-01,5.201286e-01,5.201245e-01,5.201277e-01,5.201346e-01,5.201269e-01,5.201101e-01,5.200808e-01,5.200623e-01,5.200438e-01,5.200109e-01,5.199413e-01,5.198650e-01,5.197955e-01,5.197332e-01,5.196836e-01,5.196214e-01,5.195371e-01,5.194208e-01,5.192609e-01,5.191047e-01,5.189954e-01,5.189006e-01,5.187771e-01,5.186124e-01,5.184317e-01,5.183085e-01,5.182249e-01,5.181520e-01,5.180649e-01,5.179599e-01,5.178657e-01,5.177847e-01,5.176907e-01,5.176365e-01,5.176180e-01,5.175995e-01,5.175852e-01,5.175708e-01,5.175565e-01,5.175462e-01,5.175360e-01,5.175615e-01,5.175513e-01,5.175859e-01,5.176155e-01,5.176410e-01,5.176309e-01,5.176565e-01,5.176779e-01,5.176994e-01,5.176852e-01,5.176668e-01,5.176842e-01,5.177015e-01,5.177148e-01,5.177322e-01,5.177495e-01,5.177271e-01,5.177444e-01,5.177618e-01,5.177883e-01,5.177700e-01,5.177874e-01,5.177691e-01,5.177865e-01,5.178081e-01,5.178213e-01,5.178030e-01,5.178204e-01,5.178337e-01,5.178511e-01,5.178287e-01,5.178420e-01,5.178552e-01,5.178685e-01,5.178776e-01,5.178908e-01,5.179041e-01,5.179530e-01,5.179663e-01,5.179795e-01,5.179928e-01,5.180060e-01,5.180193e-01,5.174382e-01,5.174871e-01,5.175003e-01,5.175136e-01,5.175269e-01,5.169829e-01,5.169920e-01,5.170407e-01,5.170540e-01,5.164760e-01,5.164851e-01,5.165379e-01,5.159968e-01,5.160193e-01,5.154837e-01,5.155011e-01,5.155186e-01,5.149534e-01,5.149750e-01,5.144464e-01,5.144679e-01,5.139058e-01,5.139314e-01,5.134056e-01,5.128505e-01,5.129108e-01,5.123531e-01,5.123786e-01,5.118663e-01,5.118877e-01,5.113674e-01,5.108140e-01,5.108354e-01,5.102795e-01,5.102969e-01,5.097768e-01,5.092199e-01,5.092674e-01,5.087120e-01,5.081921e-01,5.082015e-01,5.076491e-01,5.071320e-01,5.071454e-01,5.065960e-01,5.060912e-01,5.061085e-01,5.055994e-01,5.050581e-01,5.050755e-01,5.045357e-01,5.045530e-01,5.040147e-01,5.034816e-01,5.035321e-01,5.029966e-01,5.024663e-01,5.025166e-01,5.019838e-01,5.020011e-01,5.014698e-01,5.009399e-01,5.009571e-01,5.004346e-01,5.004518e-01,4.999210e-01,4.999057e-01,4.993764e-01,4.993574e-01,4.988296e-01,4.988107e-01,4.982807e-01,4.982942e-01,4.977371e-01,4.977506e-01,4.977319e-01,4.971765e-01,4.971677e-01,4.971491e-01,4.966275e-01,4.966089e-01,4.965904e-01,4.960704e-01,4.960519e-01,4.960335e-01,4.960151e-01,4.954649e-01,4.954465e-01,4.954282e-01,4.954099e-01,4.953598e-01,4.953415e-01,4.952914e-01,4.952732e-01,4.957859e-01,4.946754e-01,4.951866e-01,4.956672e-01,4.961488e-01,4.965996e-01,4.965491e-01,4.970006e-01,4.969500e-01,4.968995e-01,4.973838e-01,4.973010e-01,4.972504e-01,4.971677e-01,4.976203e-01,4.975375e-01,4.974547e-01,4.973719e-01,4.972892e-01,4.972164e-01,4.965681e-01,4.969872e-01,4.963397e-01,4.962576e-01,4.961754e-01,4.965936e-01,4.970126e-01,4.963334e-01,4.961875e-01,4.960418e-01,4.964596e-01,4.963455e-01,4.957324e-01,4.955833e-01,4.948776e-01,4.941744e-01,4.945252e-01,4.933301e-01,4.926951e-01,4.920620e-01,4.919856e-01,4.913584e-01,4.907333e-01,4.905955e-01,4.899110e-01,4.891982e-01,4.879771e-01,4.872712e-01,4.856175e-01,4.845383e-01,4.829070e-01,4.823081e-01,4.811843e-01,4.800963e-01,4.789850e-01,4.783947e-01,4.772930e-01,4.767079e-01,4.765482e-01,4.783491e-01,4.806604e-01,4.820059e-01,4.808813e-01,4.801941e-01,4.800314e-01,4.798655e-01,4.791821e-01,4.794757e-01,4.797078e-01,4.785092e-01,4.768031e-01,4.745877e-01,4.723304e-01,4.701516e-01,4.683198e-01,4.664230e-01,4.650523e-01,4.644593e-01,4.651719e-01,4.666605e-01,4.692508e-01,4.701637e-01,4.701194e-01,4.686009e-01,4.668010e-01,4.641826e-01,4.607127e-01,4.585741e-01,4.562408e-01,4.543237e-01,4.523641e-01,4.512700e-01,4.497602e-01,4.484316e-01,4.462878e-01,4.458865e-01,4.444218e-01,4.424847e-01,4.408068e-01,4.383534e-01,4.369467e-01,4.345435e-01,4.317987e-01,4.298376e-01,4.281209e-01,4.259008e-01,4.231277e-01,4.203962e-01,4.182700e-01,4.149278e-01,4.118402e-01,4.088049e-01,4.061526e-01,4.037347e-01,4.013512e-01,3.980609e-01,3.951308e-01,3.922507e-01,3.892973e-01,3.869852e-01,3.841312e-01,3.810270e-01,3.782610e-01,3.757058e-01,3.730362e-01,3.703977e-01,3.679590e-01,3.655556e-01,3.636098e-01,3.615244e-01,3.594641e-01,3.578382e-01,3.560711e-01,3.544681e-01,3.533646e-01,3.517991e-01,3.504758e-01,3.493994e-01,3.481067e-01,3.468137e-01,3.457609e-01,3.448526e-01,3.438236e-01,3.433808e-01,3.429393e-01,3.425098e-01,3.419357e-01,3.412737e-01,3.410729e-01,3.406380e-01,3.407847e-01,3.403614e-01,3.401521e-01,3.395095e-01,3.394342e-01,3.387948e-01,3.389407e-01,3.388657e-01,3.392436e-01,3.390369e-01,3.387518e-01,3.388092e-01,3.389667e-01,3.391128e-01,3.391810e-01,3.392385e-01,3.395283e-01,3.397189e-01,3.400094e-01,3.405116e-01,3.404910e-01,3.405480e-01,3.407504e-01,3.409414e-01,3.410092e-01,3.413347e-01,3.416270e-01,3.418190e-01,3.420209e-01,3.425291e-01,3.428683e-01,3.427106e-01,3.424521e-01,3.424300e-01,3.426228e-01,3.426911e-01,3.426582e-01,3.426361e-01,3.429304e-01,3.432594e-01,3.433279e-01,3.435217e-01,3.439537e-01,3.437050e-01,3.442179e-01,3.441954e-01,3.450758e-01,3.452822e-01,3.455809e-01,3.457761e-01,3.462138e-01,3.462822e-01,3.469418e-01,3.477069e-01,3.486158e-01,3.489084e-01,3.494472e-01,3.501174e-01,3.504233e-01,3.507298e-01,3.516443e-01,3.519529e-01,3.525014e-01,3.530408e-01,3.533519e-01,3.537973e-01,3.544487e-01,3.551510e-01,3.559433e-01,3.561127e-01,3.564184e-01,3.573751e-01,3.580391e-01,3.585964e-01,3.591652e-01,3.597261e-01,3.602998e-01,3.607246e-01,3.612906e-01,3.616177e-01,3.617826e-01,3.623643e-01,3.627964e-01,3.628616e-01,3.634481e-01,3.636173e-01,3.644632e-01,3.646429e-01,3.644515e-01,3.646312e-01,3.652235e-01,3.653918e-01,3.655711e-01,3.659059e-01,3.663331e-01,3.665119e-01,3.665867e-01,3.670142e-01,3.671937e-01,3.673720e-01,3.679584e-01,3.681374e-01,3.683165e-01,3.687481e-01,3.689278e-01,3.691076e-01,3.698059e-01,3.702360e-01,3.701036e-01,3.702577e-01,3.701571e-01,3.697966e-01,3.699467e-01,3.698622e-01,3.699856e-01,3.699184e-01,3.700526e-01,3.704575e-01,3.703277e-01,3.704781e-01,3.706192e-01,3.707711e-01,3.709072e-01,3.713153e-01,3.714692e-01,3.713226e-01,3.717476e-01,3.713337e-01,3.717266e-01,3.718633e-01,3.719826e-01,3.726281e-01,3.725112e-01,3.731841e-01,3.730223e-01,3.736808e-01,3.740597e-01,3.741774e-01,3.742641e-01,3.746427e-01,3.747458e-01,3.754160e-01,3.758078e-01,3.767240e-01,3.774126e-01,3.780706e-01,3.781478e-01,3.790703e-01,3.794271e-01,3.800756e-01,3.804635e-01,3.808414e-01,3.814780e-01,3.824192e-01,3.827841e-01,3.831777e-01,3.835550e-01,3.841933e-01,3.848086e-01,3.851957e-01,3.852535e-01,3.859070e-01,3.862615e-01,3.869361e-01,3.873034e-01,3.879534e-01,3.883051e-01,3.886750e-01,3.890172e-01,3.894062e-01,3.897320e-01,3.898262e-01,3.904959e-01,3.908592e-01,3.912519e-01,3.915988e-01,3.913771e-01,3.917528e-01,3.920826e-01,3.921598e-01,3.924902e-01,3.925675e-01,3.925799e-01,3.929597e-01,3.936041e-01,3.939734e-01,3.940148e-01,3.943666e-01,3.947117e-01,3.950648e-01,3.944965e-01,3.951517e-01,3.954963e-01,3.955619e-01,3.953148e-01,3.953803e-01,3.954200e-01,3.948948e-01,3.946125e-01,3.949815e-01,3.944140e-01,3.935664e-01,3.932938e-01,3.930521e-01,3.918660e-01,3.913286e-01,3.910257e-01,3.904927e-01,3.890303e-01,3.881918e-01,3.876205e-01,3.865167e-01,3.859338e-01,3.848238e-01,3.839767e-01,3.828965e-01,3.814975e-01,3.804330e-01,3.790541e-01,3.779900e-01,3.780022e-01,3.808192e-01,3.794376e-01,3.786475e-01,3.775609e-01,3.764903e-01,3.751451e-01,3.743591e-01,3.732983e-01,3.720048e-01,3.706950e-01,3.696676e-01,3.680992e-01,3.668351e-01,3.658301e-01,3.643126e-01,3.630710e-01,3.615936e-01,3.603310e-01,3.589030e-01,3.576755e-01,3.567243e-01,3.557683e-01,3.545929e-01,3.531707e-01,3.522355e-01,3.512776e-01,3.501308e-01,3.489819e-01,3.478138e-01,3.466779e-01,3.457663e-01,3.448329e-01,3.437317e-01,3.432686e-01,3.423764e-01,3.417067e-01,3.408233e-01,3.397136e-01,3.392855e-01,3.388225e-01,3.379423e-01,3.370671e-01,3.364317e-01,3.355649e-01,3.351383e-01,3.344893e-01,3.340757e-01,3.336155e-01,3.329855e-01,3.325296e-01,3.321098e-01,3.316814e-01,3.314483e-01,3.312155e-01,3.309955e-01,3.307610e-01,3.307606e-01,3.311340e-01,3.313131e-01,3.312869e-01,3.318924e-01,3.324851e-01,3.328865e-01,3.334478e-01,3.340488e-01,3.348756e-01,3.356558e-01,3.362523e-01,3.364370e-01,3.370235e-01,3.376132e-01,3.380115e-01,3.381992e-01,3.385641e-01,3.385115e-01,3.384708e-01,3.390527e-01,3.389858e-01,3.389450e-01,3.391077e-01,3.390409e-01,3.389600e-01,3.391086e-01,3.390797e-01,3.394322e-01,3.395682e-01,3.397043e-01,3.398536e-01,3.402328e-01,3.405747e-01,3.411626e-01,3.415449e-01,3.421495e-01,3.423009e-01,3.428950e-01,3.435046e-01,3.443400e-01,3.449550e-01,3.457853e-01,3.466323e-01,3.477403e-01,3.488684e-01,3.494879e-01,3.501512e-01,3.510361e-01,3.516916e-01,3.528494e-01,3.537629e-01,3.542059e-01,3.548883e-01,3.550995e-01,3.557855e-01,3.557538e-01,3.557365e-01,3.554654e-01,3.552092e-01,3.554166e-01,3.561181e-01,3.565816e-01,3.567949e-01,3.572892e-01,3.570590e-01,3.575396e-01,3.580069e-01,3.582626e-01,3.582640e-01,3.587625e-01,3.595206e-01,3.597773e-01,3.598035e-01,3.605574e-01,3.605823e-01,3.608688e-01,3.611274e-01,3.616478e-01,3.618961e-01,3.621535e-01,3.619150e-01,3.621588e-01,3.624016e-01,3.628794e-01,3.628631e-01,3.631218e-01,3.636166e-01,3.641430e-01,3.641216e-01,3.646091e-01,3.650929e-01,3.653397e-01,3.661104e-01,3.661039e-01,3.663520e-01,3.666173e-01,3.666020e-01,3.673629e-01,3.676142e-01,3.678520e-01,3.675590e-01,3.680539e-01,3.687674e-01,3.687480e-01,3.691545e-01,3.696243e-01,3.700797e-01,3.705105e-01,3.714769e-01,3.724488e-01,3.728656e-01,3.738031e-01,3.750079e-01,3.748767e-01,3.752655e-01,3.753425e-01,3.759048e-01,3.765645e-01,3.769453e-01,3.770657e-01,3.770220e-01,3.767074e-01,3.768159e-01,3.770415e-01,3.768338e-01,3.765079e-01,3.767315e-01,3.767931e-01,3.765739e-01,3.763652e-01,3.758858e-01,3.756663e-01,3.748678e-01,3.743927e-01,3.730157e-01,3.716920e-01,3.710170e-01,3.704994e-01,3.694028e-01,3.695100e-01,3.690494e-01,3.704043e-01,3.698264e-01,3.690533e-01,3.682853e-01,3.672027e-01,3.660339e-01,3.641707e-01,3.617318e-01,3.582488e-01,3.550854e-01,3.523064e-01,3.495641e-01,3.466506e-01,3.435225e-01,3.390708e-01,3.357386e-01,3.320719e-01,3.283673e-01,3.236044e-01,3.186148e-01,3.138197e-01,3.093759e-01,3.051381e-01,3.004821e-01,2.949908e-01,2.907994e-01,2.867578e-01,2.829089e-01,2.792853e-01,2.742701e-01,2.708005e-01,2.673717e-01,2.633493e-01,2.595523e-01,2.557395e-01,2.527364e-01,2.498088e-01,2.469462e-01,2.440280e-01,2.412913e-01,2.390384e-01,2.365052e-01,2.345423e-01,2.319980e-01,2.304039e-01,2.287319e-01,2.272701e-01,2.259284e-01,2.246964e-01,2.234705e-01,2.229153e-01,2.214367e-01,2.207927e-01,2.197037e-01,2.188946e-01,2.184441e-01,2.180916e-01,2.170271e-01,2.166785e-01,2.162363e-01,2.159781e-01,2.164251e-01,2.163367e-01,2.161663e-01,2.158199e-01,2.161779e-01,2.161777e-01,2.168027e-01,2.168089e-01,2.171637e-01,2.177048e-01,2.178008e-01,2.183388e-01,2.188856e-01,2.194349e-01,2.201632e-01,2.201704e-01,2.208180e-01,2.217397e-01,2.223030e-01,2.230492e-01,2.235248e-01,2.242851e-01,2.250441e-01,2.257185e-01,2.263966e-01,2.270721e-01,2.277579e-01,2.284473e-01,2.291342e-01,2.298318e-01,2.303345e-01,2.309323e-01,2.319412e-01,2.320496e-01,2.332642e-01,2.339856e-01,2.343008e-01,2.352551e-01,2.356698e-01,2.364261e-01,2.372502e-01,2.380372e-01,2.385462e-01,2.391070e-01,2.401635e-01,2.406454e-01,2.414687e-01,2.421080e-01,2.430795e-01,2.435503e-01,2.442371e-01,2.451139e-01,2.458164e-01,2.465224e-01,2.470666e-01,2.479395e-01,2.483133e-01,2.488489e-01,2.492176e-01,2.498033e-01,2.502518e-01,2.504219e-01,2.506857e-01,2.511531e-01,2.514183e-01,2.517075e-01,2.517379e-01,2.522638e-01,2.525786e-01,2.528633e-01,2.527758e-01,2.527837e-01,2.530762e-01,2.533694e-01,2.533296e-01,2.533061e-01,2.532663e-01,2.531313e-01,2.529016e-01,2.530043e-01,2.525380e-01,2.523255e-01,2.519789e-01,2.519626e-01,2.514996e-01,2.509445e-01,2.501362e-01,2.500505e-01,2.491782e-01,2.473689e-01,2.465827e-01,2.458686e-01,2.452255e-01,2.432797e-01,2.425839e-01,2.417614e-01,2.400606e-01,2.381288e-01,2.374609e-01,2.357550e-01,2.349761e-01,2.332429e-01,2.314736e-01,2.308407e-01,2.290468e-01,2.274531e-01,2.258228e-01,2.241577e-01,2.225713e-01,2.208956e-01,2.202611e-01,2.187796e-01,2.171563e-01,2.156606e-01,2.140801e-01,2.125721e-01,2.111341e-01,2.096140e-01,2.082126e-01,2.075457e-01,2.061213e-01,2.047146e-01,2.032836e-01,2.019122e-01,2.013747e-01,1.999348e-01,1.994070e-01,1.979924e-01,1.974734e-01,1.969126e-01,1.962658e-01,1.957109e-01,1.951587e-01,1.945657e-01,1.947065e-01,1.941593e-01,1.935717e-01,1.929872e-01,1.931641e-01,1.925392e-01,1.926728e-01,1.921360e-01,1.922316e-01,1.916547e-01,1.918300e-01,1.912131e-01,1.913453e-01,1.907735e-01,1.908629e-01,1.909995e-01,1.904293e-01,1.898205e-01,1.899507e-01,1.893859e-01,1.894788e-01,1.888752e-01,1.890042e-01,1.884445e-01,1.885316e-01,1.879333e-01,1.880659e-01,1.874703e-01,1.875568e-01,1.870046e-01,1.870907e-01,1.865053e-01,1.865911e-01,1.860440e-01,1.861293e-01,1.855443e-01,1.856292e-01,1.850915e-01,1.851361e-01,1.852604e-01,1.846803e-01,1.847643e-01,1.848086e-01,1.848972e-01,1.843189e-01,1.844026e-01,1.844864e-01,1.838711e-01,1.839589e-01,1.840423e-01,1.840863e-01,1.835126e-01,1.835564e-01,1.836394e-01,1.836877e-01,1.837708e-01,1.838541e-01,1.839374e-01,1.833253e-01,1.834082e-01,1.834564e-01,1.835394e-01,1.835831e-01,1.836269e-01,1.830601e-01,1.831034e-01,1.831470e-01,1.832296e-01,1.832730e-01,1.833209e-01,1.827122e-01,1.827945e-01,1.828376e-01,1.828852e-01,1.822790e-01,1.823220e-01,1.823648e-01,1.817659e-01,1.818087e-01,1.818512e-01,1.818939e-01,1.819365e-01,1.819791e-01,1.813824e-01,1.813861e-01,1.814285e-01,1.814710e-01,1.815134e-01,1.815601e-01,1.816024e-01,1.816449e-01,1.816486e-01,1.816909e-01,1.817333e-01,1.817797e-01,1.817833e-01,1.818255e-01,1.818675e-01,1.818751e-01,1.819170e-01,1.819589e-01,1.819621e-01,1.826516e-01,1.826589e-01,1.827011e-01,1.827041e-01,1.833986e-01,1.834061e-01,1.834485e-01,1.841085e-01,1.841512e-01,1.841547e-01,1.848632e-01,1.848665e-01,1.855355e-01,1.855787e-01,1.862968e-01,1.869748e-01,1.870185e-01,1.877012e-01,1.877043e-01,1.884323e-01,1.884399e-01,1.891732e-01,1.898698e-01,1.898730e-01,1.906164e-01,1.906197e-01,1.913308e-01,1.920419e-01,1.920457e-01,1.927618e-01,1.934828e-01,1.934912e-01,1.942175e-01,1.942215e-01,1.949964e-01,1.950053e-01,1.957419e-01,1.964835e-01,1.964883e-01,1.972352e-01,1.972447e-01,1.979970e-01,1.980020e-01,1.987595e-01,1.987693e-01,1.995321e-01,1.995373e-01,2.003056e-01,2.003158e-01,2.003211e-01,2.010948e-01,2.010540e-01,2.010642e-01,2.010697e-01,2.018487e-01,2.018540e-01,2.018643e-01,2.018699e-01,2.018752e-01,2.011067e-01,2.010707e-01,2.010760e-01,2.003130e-01,1.995549e-01,1.987570e-01,1.987669e-01,1.980193e-01,1.965343e-01,1.957578e-01,1.950304e-01,1.935896e-01,1.928335e-01,1.914169e-01,1.907178e-01,1.892871e-01,1.879162e-01,1.865266e-01,1.851908e-01,1.831772e-01,1.818832e-01,1.799320e-01,1.786778e-01,1.774019e-01,1.755702e-01,1.743362e-01,1.725238e-01,1.713581e-01,1.695988e-01,1.684330e-01,1.667583e-01,1.656259e-01,1.639663e-01,1.629012e-01,1.612879e-01,1.602491e-01,1.591911e-01,1.576395e-01,1.566104e-01,1.555925e-01,1.545858e-01,1.536217e-01,1.526362e-01,1.516615e-01,1.502315e-01,1.492824e-01,1.488265e-01,1.478922e-01,1.474164e-01,1.464700e-01,1.460042e-01,1.450992e-01,1.446643e-01,1.442056e-01,1.437492e-01,1.432953e-01,1.424178e-01,1.419708e-01,1.415261e-01,1.406664e-01,1.398153e-01,1.393571e-01,1.389276e-01,1.380695e-01,1.372441e-01,1.368234e-01,1.364047e-01,1.355721e-01,1.351598e-01,1.347494e-01,1.343411e-01,1.339118e-01,1.331267e-01,1.327037e-01,1.323054e-01,1.319091e-01,1.315146e-01,1.310999e-01,1.307109e-01,1.303003e-01,1.302797e-01,1.298712e-01,1.298507e-01,1.298083e-01,1.301532e-01,1.301106e-01,1.300901e-01,1.304142e-01,1.307618e-01,1.306967e-01,1.314170e-01,1.313737e-01,1.317032e-01,1.316821e-01,1.323889e-01,1.323676e-01,1.323222e-01,1.326329e-01,1.326116e-01,1.329461e-01,1.329019e-01,1.328577e-01,1.332162e-01,1.327679e-01,1.327237e-01,1.327023e-01,1.326582e-01,1.322354e-01,1.321915e-01,1.317951e-01,1.317051e-01,1.313111e-01,1.312677e-01,1.312244e-01,1.308090e-01,1.307217e-01,1.307008e-01,1.302882e-01,1.302455e-01,1.302028e-01,1.301601e-01,1.300941e-01,1.304186e-01,1.303759e-01,1.307015e-01,1.306586e-01,1.309411e-01,1.312900e-01,1.315971e-01,1.315537e-01,1.315104e-01,1.318409e-01,1.321277e-01,1.324607e-01,1.331751e-01,1.331310e-01,1.334682e-01,1.337379e-01,1.340778e-01,1.344190e-01,1.347617e-01,1.350591e-01,1.350139e-01,1.349688e-01,1.349002e-01,1.352450e-01,1.355425e-01,1.354971e-01,1.354281e-01,1.357750e-01,1.360524e-01,1.364257e-01,1.363559e-01,1.362846e-01,1.366352e-01,1.369156e-01,1.368693e-01,1.367991e-01,1.371503e-01,1.370322e-01,1.369858e-01,1.373154e-01,1.372689e-01,1.371488e-01,1.371023e-01,1.370320e-01,1.369839e-01,1.368658e-01,1.363980e-01,1.363266e-01,1.366773e-01,1.365578e-01,1.365115e-01,1.364398e-01,1.363934e-01,1.362742e-01,4.124513e-03,4.124513e-03,4.124513e-03,4.124513e-03,4.124513e-03,4.124513e-03,4.124513e-03,4.124513e-03,4.124513e-03,4.124513e-03,4.124513e-03,4.124513e-03,4.124513e-03,4.124513e-03,4.124513e-03,4.124513e-03,4.124513e-03,4.124513e-03,4.124513e-03,4.124513e-03,4.124513e-03,4.124513e-03,4.124513e-03,4.124513e-03,4.124513e-03,4.124513e-03,4.124513e-03,4.124513e-03,4.124513e-03,4.124513e-03,4.124513e-03,4.124513e-03,4.124513e-03,4.124513e-03,4.124513e-03,4.124513e-03,4.124513e-03,4.124513e-03,4.124513e-03,4.124513e-03,4.124513e-03,4.124513e-03,4.124513e-03,4.124513e-03,4.124513e-03,4.124513e-03,4.124513e-03,4.124513e-03,4.124513e-03,4.124513e-03,4.124513e-03,4.124513e-03,4.124513e-03,4.124513e-03,4.124513e-03,4.124513e-03,4.124513e-03,4.124513e-03,4.124513e-03,4.124513e-03,4.124513e-03,4.124513e-03,4.124513e-03,4.124513e-03,4.124513e-03,4.124513e-03,4.124513e-03,4.124513e-03,4.124513e-03,4.124513e-03,4.124513e-03,4.124513e-03,4.124513e-03,4.124513e-03,4.124513e-03,4.124513e-03,4.124513e-03,4.124513e-03,4.124513e-03,4.124513e-03,4.124513e-03,4.124513e-03,4.124513e-03,4.124513e-03,4.124513e-03,4.124513e-03,4.124513e-03,4.124513e-03,4.124513e-03,4.124513e-03,4.124513e-03,4.124513e-03,4.124513e-03,4.124513e-03,4.124513e-03,4.124513e-03,4.124513e-03,4.124513e-03,4.124513e-03,4.124513e-03,4.124513e-03,4.124513e-03,4.124513e-03,4.124513e-03,4.124513e-03,4.124513e-03,4.124513e-03,4.124513e-03,4.124513e-03,4.124513e-03,4.124513e-03,4.124513e-03,4.124513e-03,4.124513e-03,4.124513e-03,4.124513e-03,4.124513e-03,4.124513e-03,4.124513e-03,4.124513e-03,4.124513e-03,4.124513e-03,4.124513e-03,4.124513e-03,4.124513e-03,4.124513e-03,4.124513e-03,4.124513e-03,4.124513e-03,4.124513e-03,4.124513e-03,4.124513e-03,4.124513e-03,4.124513e-03,4.124513e-03,4.124513e-03,4.124513e-03,4.124513e-03,4.124513e-03,4.124513e-03,4.124513e-03,4.124513e-03,4.124513e-03,4.124513e-03,4.124513e-03,4.124513e-03,4.124513e-03,4.124513e-03,4.124513e-03,4.124513e-03,4.124513e-03,4.124513e-03,4.124513e-03,4.124513e-03,4.124513e-03,4.124513e-03,4.124513e-03,4.124513e-03,4.124513e-03,4.124513e-03,4.124513e-03
2.133552e-02,2.131236e-02,2.128343e-02,2.125450e-02,2.122557e-02,2.119672e-02,2.116215e-02,2.113331e-02,2.110453e-02,2.106999e-02,2.104123e-02,2.100670e-02,2.097801e-02,2.094933e-02,2.091489e-02,2.088622e-02,2.085756e-02,2.082891e-02,2.080603e-02,2.077745e-02,2.075457e-02,2.073171e-02,2.070890e-02,2.069180e-02,2.067476e-02,2.065197e-02,2.063493e-02,2.062366e-02,2.060663e-02,2.058966e-02,2.057845e-02,2.056149e-02,2.055034e-02,2.053344e-02,2.052230e-02,2.051115e-02,2.049426e-02,2.048312e-02,2.047204e-02,2.045515e-02,2.044401e-02,2.043288e-02,2.041600e-02,2.040481e-02,2.038793e-02,2.037675e-02,2.036556e-02,2.034857e-02,2.033739e-02,2.032616e-02,2.030919e-02,2.029796e-02,2.028669e-02,2.027542e-02,2.026416e-02,2.025290e-02,2.024739e-02,2.023615e-02,2.022485e-02,2.021935e-02,2.020812e-02,2.019689e-02,2.019139e-02,2.018015e-02,2.017466e-02,2.016344e-02,2.015795e-02,2.015246e-02,2.014124e-02,2.013575e-02,2.013026e-02,2.011902e-02,2.011346e-02,2.010796e-02,2.009667e-02,2.009116e-02,2.008566e-02,2.008018e-02,2.006898e-02,2.006356e-02,2.005816e-02,2.004712e-02,2.004184e-02,2.003658e-02,2.002570e-02,2.002066e-02,2.001563e-02,2.000496e-02,2.000018e-02,1.998981e-02,1.998525e-02,1.997514e-02,1.997104e-02,1.996148e-02,1.995796e-02,1.994916e-02,1.994663e-02,1.993910e-02,1.993235e-02,1.993239e-02,1.992810e-02,1.992529e-02,1.992440e-02,1.992585e-02,1.993590e-02,1.994366e-02,1.995562e-02,1.997298e-02,1.999124e-02,2.002149e-02,2.006050e-02,2.010909e-02,2.016890e-02,2.023873e-02,2.032993e-02,2.042915e-02,2.055118e-02,2.068638e-02,2.084545e-02,2.101800e-02,2.120852e-02,2.141521e-02,2.163053e-02,2.185009e-02,2.207920e-02,2.229683e-02,2.250453e-02,2.270009e-02,2.288400e-02,2.304171e-02,2.318579e-02,2.330593e-02,2.342001e-02,2.349249e-02,2.355780e-02,2.359715e-02,2.362626e-02,2.362309e-02,2.362242e-02,2.360303e-02,2.358453e-02,2.354489e-02,2.349218e-02,2.346374e-02,2.342034e-02,2.339636e-02,2.335897e-02,2.334225e-02,2.331039e-02,2.328435e-02,2.326031e-02,2.322136e-02,2.318170e-02,2.313874e-02,2.308164e-02,2.300503e-02,2.290462e-02,2.281227e-02,2.270045e-02,2.258414e-02,2.247235e-02,2.236456e-02,2.224109e-02,2.211624e-02,2.198391e-02,2.184209e-02,2.170060e-02,2.154168e-02,2.138676e-02,2.122915e-02,2.107339e-02,2.092072e-02,2.077333e-02,2.063303e-02,2.050630e-02,2.038216e-02,2.026668e-02,2.015869e-02,2.006444e-02,1.997079e-02,1.988318e-02,1.979976e-02,1.972667e-02,1.965315e-02,1.958902e-02,1.952269e-02,1.946102e-02,1.940812e-02,1.935881e-02,1.930656e-02,1.926382e-02,1.922345e-02,1.918574e-02,1.914285e-02,1.910971e-02,1.907843e-02,1.904808e-02,1.902326e-02,1.899359e-02,1.896363e-02,1.893104e-02,1.889848e-02,1.887017e-02,1.883500e-02,1.879599e-02,1.876229e-02,1.872109e-02,1.868214e-02,1.863792e-02,1.859814e-02,1.855314e-02,1.851321e-02,1.846904e-02,1.843050e-02,1.839207e-02,1.835097e-02,1.831624e-02,1.828384e-02,1.825349e-02,1.822512e-02,1.819985e-02,1.817002e-02,1.814861e-02,1.812830e-02,1.811565e-02,1.809842e-02,1.808235e-02,1.806824e-02,1.805977e-02,1.804667e-02,1.803263e-02,1.802419e-02,1.801400e-02,1.799632e-02,1.798296e-02,1.796687e-02,1.794926e-02,1.792323e-02,1.790173e-02,1.787932e-02,1.786207e-02,1.783918e-02,1.781716e-02,1.779567e-02,1.777549e-02,1.775656e-02,1.774501e-02,1.772934e-02,1.771512e-02,1.770830e-02,1.769690e-02,1.769224e-02,1.768254e-02,1.767893e-02,1.766975e-02,1.766608e-02,1.765676e-02,1.765281e-02,1.764325e-02,1.763918e-02,1.762987e-02,1.762634e-02,1.761771e-02,1.761519e-02,1.761317e-02,1.760600e-02,1.760480e-02,1.759840e-02,1.759783e-02,1.759197e-02,1.759175e-02,1.758615e-02,1.758615e-02,1.758069e-02,1.758086e-02,1.757549e-02,1.757574e-02,1.757045e-02,1.756525e-02,1.756569e-02,1.756062e-02,1.756142e-02,1.755688e-02,1.755310e-02,1.755575e-02,1.755483e-02,1.755687e-02,1.756982e-02,1.758570e-02,1.761625e-02,1.766898e-02,1.776070e-02,1.789566e-02,1.810082e-02,1.840110e-02,1.880427e-02,1.934421e-02,2.004208e-02,2.091140e-02,2.195841e-02,2.318990e-02,2.461472e-02,2.620075e-02,2.794110e-02,2.983288e-02,3.185009e-02,3.400105e-02,3.626815e-02,3.865344e-02,4.122565e-02,4.386227e-02,4.660791e-02,4.947381e-02,5.246601e-02,5.558940e-02,5.882923e-02,6.220071e-02,6.569453e-02,6.929711e-02,7.302587e-02,7.708942e-02,8.105367e-02,8.512693e-02,8.920953e-02,9.345418e-02,9.777493e-02,1.021681e-01,1.066372e-01,1.111318e-01,1.156572e-01,1.201994e-01,1.247341e-01,1.293055e-01,1.338815e-01,1.383366e-01,1.427844e-01,1.472108e-01,1.515552e-01,1.557601e-01,1.599814e-01,1.640833e-01,1.678670e-01,1.716642e-01,1.752123e-01,1.787593e-01,1.820485e-01,1.853303e-01,1.883333e-01,1.913073e-01,1.940499e-01,1.967424e-01,1.992550e-01,2.018168e-01,2.045704e-01,2.072391e-01,2.100977e-01,2.128709e-01,2.156815e-01,2.186859e-01,2.215778e-01,2.246708e-01,2.274632e-01,2.304406e-01,2.334359e-01,2.362644e-01,2.392653e-01,2.422709e-01,2.452665e-01,2.480465e-01,2.509834e-01,2.538904e-01,2.567484e-01,2.595392e-01,2.622674e-01,2.649033e-01,2.674422e-01,2.698787e-01,2.721829e-01,2.743487e-01,2.763611e-01,2.782078e-01,2.794780e-01,2.810092e-01,2.825568e-01,2.841225e-01,2.856990e-01,2.873028e-01,2.889275e-01,2.902951e-01,2.919539e-01,2.936259e-01,2.950425e-01,2.967627e-01,2.982120e-01,2.996687e-01,3.011481e-01,3.026442e-01,3.044507e-01,3.059827e-01,3.075303e-01,3.090878e-01,3.106690e-01,3.122670e-01,3.138755e-01,3.151837e-01,3.168329e-01,3.185012e-01,3.201792e-01,3.218883e-01,3.232681e-01,3.250118e-01,3.264222e-01,3.278464e-01,3.296453e-01,3.311008e-01,3.325705e-01,3.340538e-01,3.355507e-01,3.370636e-01,3.385942e-01,3.401379e-01,3.416930e-01,3.432655e-01,3.444571e-01,3.460604e-01,3.476722e-01,3.488746e-01,3.505207e-01,3.521820e-01,3.538454e-01,3.551113e-01,3.563887e-01,3.581004e-01,3.593932e-01,3.607089e-01,3.624829e-01,3.638193e-01,3.651715e-01,3.665394e-01,3.683765e-01,3.697693e-01,3.711767e-01,3.725967e-01,3.740261e-01,3.754725e-01,3.769318e-01,3.784118e-01,3.798987e-01,3.813996e-01,3.829079e-01,3.844390e-01,3.859814e-01,3.870173e-01,3.885836e-01,3.896386e-01,3.912281e-01,3.928296e-01,3.939220e-01,3.955552e-01,3.966483e-01,3.983062e-01,3.994217e-01,4.011013e-01,4.022350e-01,4.033739e-01,4.045246e-01,4.062528e-01,4.074166e-01,4.085875e-01,4.097719e-01,4.115521e-01,4.127514e-01,4.139549e-01,4.151700e-01,4.163823e-01,4.176089e-01,4.188564e-01,4.200966e-01,4.213525e-01,4.226136e-01,4.238881e-01,4.245261e-01,4.258142e-01,4.271176e-01,4.284234e-01,4.290823e-01,4.304079e-01,4.317529e-01,4.330849e-01,4.337638e-01,4.351219e-01,4.364911e-01,4.371789e-01,4.378721e-01,4.392733e-01,4.399704e-01,4.413632e-01,4.420808e-01,4.435013e-01,4.442065e-01,4.449192e-01,4.456451e-01,4.463531e-01,4.470679e-01,4.478060e-01,4.485366e-01,4.492617e-01,4.499773e-01,4.507144e-01,4.514521e-01,4.521927e-01,4.529257e-01,4.536608e-01,4.543967e-01,4.551481e-01,4.559129e-01,4.566511e-01,4.573623e-01,4.581080e-01,4.588669e-01,4.596253e-01,4.603645e-01,4.610563e-01,4.617922e-01,4.625358e-01,4.632736e-01,4.640201e-01,4.647591e-01,4.654889e-01,4.662783e-01,4.669586e-01,4.676346e-01,4.683423e-01,4.690002e-01,4.697318e-01,4.704305e-01,4.709706e-01,4.716176e-01,4.722594e-01,4.729202e-01,4.735604e-01,4.739928e-01,4.746264e-01,4.752545e-01,4.758314e-01,4.764574e-01,4.769906e-01,4.775727e-01,4.781902e-01,4.785894e-01,4.787946e-01,4.791711e-01,4.796737e-01,4.800519e-01,4.804168e-01,4.807964e-01,4.812491e-01,4.817127e-01,4.822402e-01,4.827448e-01,4.832606e-01,4.836945e-01,4.843395e-01,4.850951e-01,4.857547e-01,4.864662e-01,4.871258e-01,4.878671e-01,4.886710e-01,4.893486e-01,4.901537e-01,4.908713e-01,4.915517e-01,4.923609e-01,4.930417e-01,4.937646e-01,4.945158e-01,4.953739e-01,4.961308e-01,4.969472e-01,4.977526e-01,4.985753e-01,4.993750e-01,5.002259e-01,5.010632e-01,5.019305e-01,5.026960e-01,5.035970e-01,5.045068e-01,5.053791e-01,5.061990e-01,5.071424e-01,5.079967e-01,5.088837e-01,5.097121e-01,5.106486e-01,5.115118e-01,5.123641e-01,5.133352e-01,5.142093e-01,5.150816e-01,5.159574e-01,5.168564e-01,5.177107e-01,5.185972e-01,5.194873e-01,5.204100e-01,5.212264e-01,5.221478e-01,5.230875e-01,5.239196e-01,5.248669e-01,5.257057e-01,5.266309e-01,5.274521e-01,5.284206e-01,5.292485e-01,5.300711e-01,5.309052e-01,5.318039e-01,5.326753e-01,5.335502e-01,5.344225e-01,5.353042e-01,5.361833e-01,5.370344e-01,5.378887e-01,5.386248e-01,5.395106e-01,5.403239e-01,5.411844e-01,5.418689e-01,5.425555e-01,5.433598e-01,5.441156e-01,5.448738e-01,5.456345e-01,5.463650e-01,5.471307e-01,5.478659e-01,5.486034e-01,5.492245e-01,5.499730e-01,5.506839e-01,5.512838e-01,5.519720e-01,5.525752e-01,5.532137e-01,5.539414e-01,5.545639e-01,5.551808e-01,5.557652e-01,5.563800e-01,5.569551e-01,5.575608e-01,5.580868e-01,5.586485e-01,5.591717e-01,5.596890e-01,5.601897e-01,5.607262e-01,5.612443e-01,5.617233e-01,5.621961e-01,5.626168e-01,5.630661e-01,5.634811e-01,5.639068e-01,5.643333e-01,5.646992e-01,5.650714e-01,5.654188e-01,5.657464e-01,5.660820e-01,5.663977e-01,5.667002e-01,5.669196e-01,5.671749e-01,5.674406e-01,5.676990e-01,5.679524e-01,5.681280e-01,5.682841e-01,5.684404e-01,5.685709e-01,5.687375e-01,5.688553e-01,5.690029e-01,5.690962e-01,5.691792e-01,5.692146e-01,5.692383e-01,5.692944e-01,5.693670e-01,5.693932e-01,5.693717e-01,5.693025e-01,5.692216e-01,5.690996e-01,5.690674e-01,5.690234e-01,5.689734e-01,5.688516e-01,5.687299e-01,5.686868e-01,5.686370e-01,5.685513e-01,5.684299e-01,5.682726e-01,5.681938e-01,5.681443e-01,5.680589e-01,5.679020e-01,5.677733e-01,5.677597e-01,5.678243e-01,5.678106e-01,5.676540e-01,5.674975e-01,5.673846e-01,5.672640e-01,5.671223e-01,5.669027e-01,5.666834e-01,5.665355e-01,5.664232e-01,5.661689e-01,5.657447e-01,5.652792e-01,5.649205e-01,5.645624e-01,5.640643e-01,5.632443e-01,5.623302e-01,5.615166e-01,5.607753e-01,5.600782e-01,5.593418e-01,5.584290e-01,5.571862e-01,5.555705e-01,5.540000e-01,5.528749e-01,5.518887e-01,5.506419e-01,5.489495e-01,5.471973e-01,5.459769e-01,5.451182e-01,5.443595e-01,5.434752e-01,5.424350e-01,5.414950e-01,5.405740e-01,5.396422e-01,5.390348e-01,5.387424e-01,5.384505e-01,5.381655e-01,5.378810e-01,5.375968e-01,5.373196e-01,5.370429e-01,5.370773e-01,5.368009e-01,5.368436e-01,5.368846e-01,5.369191e-01,5.366430e-01,5.366775e-01,5.367055e-01,5.367335e-01,5.364512e-01,5.361628e-01,5.361843e-01,5.362057e-01,5.362206e-01,5.362420e-01,5.362635e-01,5.359690e-01,5.359904e-01,5.360119e-01,5.360417e-01,5.357541e-01,5.357756e-01,5.354884e-01,5.355099e-01,5.355379e-01,5.355528e-01,5.352661e-01,5.352875e-01,5.353025e-01,5.353239e-01,5.350311e-01,5.350460e-01,5.350609e-01,5.350759e-01,5.350843e-01,5.350992e-01,5.351141e-01,5.354369e-01,5.354518e-01,5.354668e-01,5.354817e-01,5.354966e-01,5.355116e-01,5.350785e-01,5.354011e-01,5.354160e-01,5.354309e-01,5.354459e-01,5.353205e-01,5.353289e-01,5.356517e-01,5.356666e-01,5.352335e-01,5.352419e-01,5.355710e-01,5.354457e-01,5.354690e-01,5.353503e-01,5.353718e-01,5.353934e-01,5.349743e-01,5.350025e-01,5.348907e-01,5.349189e-01,5.345009e-01,5.345356e-01,5.344242e-01,5.340138e-01,5.343543e-01,5.339375e-01,5.339723e-01,5.338697e-01,5.338979e-01,5.337870e-01,5.333716e-01,5.333998e-01,5.329786e-01,5.330002e-01,5.328833e-01,5.324567e-01,5.327750e-01,5.323486e-01,5.322256e-01,5.322342e-01,5.318090e-01,5.316864e-01,5.317014e-01,5.312774e-01,5.311637e-01,5.311853e-01,5.310696e-01,5.306535e-01,5.306751e-01,5.302598e-01,5.302814e-01,5.298670e-01,5.294599e-01,5.297802e-01,5.293669e-01,5.289608e-01,5.292804e-01,5.288681e-01,5.288897e-01,5.284782e-01,5.280676e-01,5.280891e-01,5.276816e-01,5.277031e-01,5.272877e-01,5.270140e-01,5.266001e-01,5.263210e-01,5.259084e-01,5.256303e-01,5.252128e-01,5.252279e-01,5.245260e-01,5.245411e-01,5.242649e-01,5.235662e-01,5.233003e-01,5.230258e-01,5.226200e-01,5.223466e-01,5.220735e-01,5.216696e-01,5.213974e-01,5.211257e-01,5.208543e-01,5.201673e-01,5.198972e-01,5.196275e-01,5.193582e-01,5.188055e-01,5.185373e-01,5.179868e-01,5.177197e-01,5.178635e-01,5.164969e-01,5.166399e-01,5.165024e-01,5.163651e-01,5.159481e-01,5.154047e-01,5.149897e-01,5.144489e-01,5.139096e-01,5.137741e-01,5.129608e-01,5.124254e-01,5.116175e-01,5.112102e-01,5.104071e-01,5.096070e-01,5.088102e-01,5.080164e-01,5.072350e-01,5.057925e-01,5.051313e-01,5.037035e-01,5.029293e-01,5.021581e-01,5.015088e-01,5.008615e-01,4.992051e-01,4.979348e-01,4.966724e-01,4.960404e-01,4.950422e-01,4.939344e-01,4.926914e-01,4.908525e-01,4.890301e-01,4.879333e-01,4.860268e-01,4.847271e-01,4.834359e-01,4.827411e-01,4.814675e-01,4.802021e-01,4.790511e-01,4.773376e-01,4.754094e-01,4.731695e-01,4.712814e-01,4.692085e-01,4.679186e-01,4.658809e-01,4.647118e-01,4.630161e-01,4.615486e-01,4.598804e-01,4.587429e-01,4.570987e-01,4.559776e-01,4.547509e-01,4.549313e-01,4.554168e-01,4.553006e-01,4.536820e-01,4.519666e-01,4.507658e-01,4.495686e-01,4.478900e-01,4.468011e-01,4.453220e-01,4.432038e-01,4.406351e-01,4.374605e-01,4.339594e-01,4.308828e-01,4.272251e-01,4.231163e-01,4.196877e-01,4.159735e-01,4.127234e-01,4.091921e-01,4.071431e-01,4.027157e-01,3.978063e-01,3.919536e-01,3.869366e-01,3.799467e-01,3.728587e-01,3.663684e-01,3.591555e-01,3.539845e-01,3.470148e-01,3.406532e-01,3.343921e-01,3.275411e-01,3.207162e-01,3.163879e-01,3.110484e-01,3.042205e-01,2.985036e-01,2.927859e-01,2.882524e-01,2.829367e-01,2.777286e-01,2.729029e-01,2.688901e-01,2.654401e-01,2.613828e-01,2.574506e-01,2.542935e-01,2.504190e-01,2.471968e-01,2.440573e-01,2.410726e-01,2.386646e-01,2.363048e-01,2.337851e-01,2.313815e-01,2.290269e-01,2.271100e-01,2.253558e-01,2.235043e-01,2.216134e-01,2.198166e-01,2.184718e-01,2.167296e-01,2.150090e-01,2.137208e-01,2.124475e-01,2.116502e-01,2.104586e-01,2.092793e-01,2.085614e-01,2.074589e-01,2.067479e-01,2.061521e-01,2.054546e-01,2.048113e-01,2.042262e-01,2.035950e-01,2.029628e-01,2.023872e-01,2.021797e-01,2.016130e-01,2.015127e-01,2.014125e-01,2.013170e-01,2.008553e-01,2.007032e-01,2.006608e-01,2.005614e-01,2.009275e-01,2.008324e-01,2.007857e-01,2.006387e-01,2.009529e-01,2.008057e-01,2.011730e-01,2.014888e-01,2.019163e-01,2.018696e-01,2.021389e-01,2.028247e-01,2.032043e-01,2.035802e-01,2.042801e-01,2.049800e-01,2.057443e-01,2.068350e-01,2.076126e-01,2.084470e-01,2.095134e-01,2.102477e-01,2.113900e-01,2.125387e-01,2.132988e-01,2.148780e-01,2.157146e-01,2.169094e-01,2.181219e-01,2.190400e-01,2.207085e-01,2.214628e-01,2.225922e-01,2.238032e-01,2.250871e-01,2.259369e-01,2.271782e-01,2.284386e-01,2.293814e-01,2.312023e-01,2.320980e-01,2.334773e-01,2.349501e-01,2.362256e-01,2.372994e-01,2.386733e-01,2.403546e-01,2.418393e-01,2.428947e-01,2.444038e-01,2.460169e-01,2.470295e-01,2.487509e-01,2.500279e-01,2.518793e-01,2.530167e-01,2.542546e-01,2.560774e-01,2.572603e-01,2.584542e-01,2.604269e-01,2.616507e-01,2.629755e-01,2.643069e-01,2.655680e-01,2.674679e-01,2.683060e-01,2.703480e-01,2.718523e-01,2.725263e-01,2.738613e-01,2.760897e-01,2.769828e-01,2.784636e-01,2.799673e-01,2.814811e-01,2.830197e-01,2.838560e-01,2.854137e-01,2.868912e-01,2.876370e-01,2.892472e-01,2.901241e-01,2.915353e-01,2.931923e-01,2.939748e-01,2.957747e-01,2.965787e-01,2.979407e-01,2.987569e-01,3.005009e-01,3.013223e-01,3.021567e-01,3.038208e-01,3.047813e-01,3.056345e-01,3.072144e-01,3.081963e-01,3.090696e-01,3.099467e-01,3.118182e-01,3.127118e-01,3.136107e-01,3.146361e-01,3.155467e-01,3.164628e-01,3.176402e-01,3.186108e-01,3.191362e-01,3.199732e-01,3.206886e-01,3.213561e-01,3.221221e-01,3.229417e-01,3.236123e-01,3.245364e-01,3.252229e-01,3.261395e-01,3.266941e-01,3.274872e-01,3.282770e-01,3.290797e-01,3.297882e-01,3.307339e-01,3.315511e-01,3.320254e-01,3.330854e-01,3.334175e-01,3.342843e-01,3.350166e-01,3.356484e-01,3.365727e-01,3.372669e-01,3.383120e-01,3.387941e-01,3.397444e-01,3.405376e-01,3.411879e-01,3.416302e-01,3.424310e-01,3.429837e-01,3.440576e-01,3.448798e-01,3.459072e-01,3.470101e-01,3.478996e-01,3.483511e-01,3.492987e-01,3.499167e-01,3.507098e-01,3.514572e-01,3.521987e-01,3.528890e-01,3.538651e-01,3.545026e-01,3.552674e-01,3.559196e-01,3.566202e-01,3.570973e-01,3.578646e-01,3.581204e-01,3.588376e-01,3.593759e-01,3.602175e-01,3.607697e-01,3.614888e-01,3.619249e-01,3.624826e-01,3.629118e-01,3.635941e-01,3.639044e-01,3.644129e-01,3.651572e-01,3.657160e-01,3.664097e-01,3.668488e-01,3.670613e-01,3.676359e-01,3.679535e-01,3.683490e-01,3.686679e-01,3.690651e-01,3.690768e-01,3.696604e-01,3.701749e-01,3.707503e-01,3.708983e-01,3.713489e-01,3.716828e-01,3.721354e-01,3.719104e-01,3.725474e-01,3.728810e-01,3.732757e-01,3.733646e-01,3.737603e-01,3.739082e-01,3.740581e-01,3.738891e-01,3.744743e-01,3.742459e-01,3.739616e-01,3.739122e-01,3.740037e-01,3.732658e-01,3.731700e-01,3.728669e-01,3.727737e-01,3.718559e-01,3.714487e-01,3.710910e-01,3.706281e-01,3.701462e-01,3.695604e-01,3.690221e-01,3.685651e-01,3.676706e-01,3.672175e-01,3.663303e-01,3.657605e-01,3.657721e-01,3.677157e-01,3.668260e-01,3.664338e-01,3.657342e-01,3.650445e-01,3.641715e-01,3.636646e-01,3.629745e-01,3.622417e-01,3.613837e-01,3.607123e-01,3.595697e-01,3.588432e-01,3.581802e-01,3.571717e-01,3.563470e-01,3.554649e-01,3.544089e-01,3.536602e-01,3.527292e-01,3.520891e-01,3.514428e-01,3.507480e-01,3.496809e-01,3.490443e-01,3.481901e-01,3.474088e-01,3.466226e-01,3.456236e-01,3.447473e-01,3.440231e-01,3.430891e-01,3.423329e-01,3.418217e-01,3.411109e-01,3.404598e-01,3.397553e-01,3.387992e-01,3.384114e-01,3.378100e-01,3.370149e-01,3.362239e-01,3.356929e-01,3.349087e-01,3.345223e-01,3.338901e-01,3.335147e-01,3.328324e-01,3.323065e-01,3.316313e-01,3.311646e-01,3.306910e-01,3.302636e-01,3.298373e-01,3.295098e-01,3.289968e-01,3.289113e-01,3.288157e-01,3.286741e-01,3.283933e-01,3.286311e-01,3.286834e-01,3.287802e-01,3.286301e-01,3.287711e-01,3.291511e-01,3.291422e-01,3.291863e-01,3.290444e-01,3.289913e-01,3.289398e-01,3.288507e-01,3.287108e-01,3.284215e-01,3.279498e-01,3.275742e-01,3.274270e-01,3.268609e-01,3.264879e-01,3.261593e-01,3.255979e-01,3.249422e-01,3.245209e-01,3.242462e-01,3.238697e-01,3.233577e-01,3.228475e-01,3.224321e-01,3.222443e-01,3.217802e-01,3.216370e-01,3.214503e-01,3.213999e-01,3.209885e-01,3.208461e-01,3.207959e-01,3.208798e-01,3.208296e-01,3.208230e-01,3.209068e-01,3.213112e-01,3.218076e-01,3.216661e-01,3.218024e-01,3.219811e-01,3.220249e-01,3.225268e-01,3.227996e-01,3.228011e-01,3.229383e-01,3.228892e-01,3.230266e-01,3.227564e-01,3.225797e-01,3.221751e-01,3.218641e-01,3.217307e-01,3.219597e-01,3.220539e-01,3.220051e-01,3.222851e-01,3.221595e-01,3.223467e-01,3.224411e-01,3.225879e-01,3.225895e-01,3.228705e-01,3.233799e-01,3.235259e-01,3.236292e-01,3.241348e-01,3.242369e-01,3.245704e-01,3.247174e-01,3.250951e-01,3.252329e-01,3.253772e-01,3.252472e-01,3.252984e-01,3.253479e-01,3.254407e-01,3.253442e-01,3.254885e-01,3.256762e-01,3.260544e-01,3.258704e-01,3.260506e-01,3.261437e-01,3.261934e-01,3.266163e-01,3.265271e-01,3.265769e-01,3.267240e-01,3.266285e-01,3.269568e-01,3.270084e-01,3.269661e-01,3.265481e-01,3.266449e-01,3.266818e-01,3.265006e-01,3.260272e-01,3.259352e-01,3.257482e-01,3.254587e-01,3.254534e-01,3.254481e-01,3.249798e-01,3.247777e-01,3.246269e-01,3.237922e-01,3.231405e-01,3.221612e-01,3.210974e-01,3.205891e-01,3.199416e-01,3.191721e-01,3.175031e-01,3.157230e-01,3.149657e-01,3.134686e-01,3.109969e-01,3.092837e-01,3.078413e-01,3.055808e-01,3.032287e-01,3.009211e-01,2.985335e-01,2.962910e-01,2.924557e-01,2.902046e-01,2.849785e-01,2.812252e-01,2.771963e-01,2.739429e-01,2.693786e-01,2.659541e-01,2.613178e-01,2.574351e-01,2.510019e-01,2.457930e-01,2.407932e-01,2.350014e-01,2.298776e-01,2.235611e-01,2.178061e-01,2.088146e-01,2.022170e-01,1.957520e-01,1.896570e-01,1.824636e-01,1.764823e-01,1.672188e-01,1.607019e-01,1.545570e-01,1.486016e-01,1.423305e-01,1.348072e-01,1.289925e-01,1.238989e-01,1.190116e-01,1.141297e-01,1.083273e-01,1.041582e-01,1.004480e-01,9.705377e-02,9.411994e-02,8.984032e-02,8.732464e-02,8.498962e-02,8.255047e-02,8.009058e-02,7.773550e-02,7.618381e-02,7.467863e-02,7.322024e-02,7.180025e-02,7.043002e-02,6.968395e-02,6.838856e-02,6.769330e-02,6.644812e-02,6.580810e-02,6.516970e-02,6.455988e-02,6.396374e-02,6.338378e-02,6.281531e-02,6.276744e-02,6.218239e-02,6.213116e-02,6.158442e-02,6.151621e-02,6.148026e-02,6.144833e-02,6.091076e-02,6.087911e-02,6.084363e-02,6.081911e-02,6.129868e-02,6.129150e-02,6.127381e-02,6.124166e-02,6.171958e-02,6.171947e-02,6.222558e-02,6.222228e-02,6.271614e-02,6.322825e-02,6.323266e-02,6.375510e-02,6.428127e-02,6.481454e-02,6.537426e-02,6.537145e-02,6.592786e-02,6.651957e-02,6.708361e-02,6.767524e-02,6.824670e-02,6.885189e-02,6.946894e-02,7.008288e-02,7.070566e-02,7.134037e-02,7.198135e-02,7.263159e-02,7.329435e-02,7.396404e-02,7.462399e-02,7.530626e-02,7.667744e-02,7.668547e-02,7.812151e-02,7.886415e-02,7.889432e-02,8.015590e-02,8.089908e-02,8.183049e-02,8.249520e-02,8.360721e-02,8.426195e-02,8.485151e-02,8.596776e-02,8.672423e-02,8.769440e-02,8.841254e-02,8.959278e-02,9.023108e-02,9.133224e-02,9.212741e-02,9.282341e-02,9.397455e-02,9.476615e-02,9.588504e-02,9.658337e-02,9.769206e-02,9.841372e-02,9.946503e-02,1.003158e-01,1.012411e-01,1.019885e-01,1.030883e-01,1.038583e-01,1.048554e-01,1.056126e-01,1.066730e-01,1.073835e-01,1.084389e-01,1.092215e-01,1.097968e-01,1.108907e-01,1.120029e-01,1.127159e-01,1.136862e-01,1.144173e-01,1.153912e-01,1.159815e-01,1.170189e-01,1.175819e-01,1.184583e-01,1.190539e-01,1.201164e-01,1.207045e-01,1.215539e-01,1.220879e-01,1.230431e-01,1.234337e-01,1.240669e-01,1.246198e-01,1.253350e-01,1.262170e-01,1.263912e-01,1.271238e-01,1.275371e-01,1.282060e-01,1.282204e-01,1.289713e-01,1.294858e-01,1.299123e-01,1.302642e-01,1.304482e-01,1.312216e-01,1.312367e-01,1.317669e-01,1.321275e-01,1.323161e-01,1.326794e-01,1.326948e-01,1.333153e-01,1.338601e-01,1.338756e-01,1.342463e-01,1.342621e-01,1.344561e-01,1.348296e-01,1.348456e-01,1.352210e-01,1.354998e-01,1.356972e-01,1.358951e-01,1.359116e-01,1.361103e-01,1.367591e-01,1.365923e-01,1.372454e-01,1.370776e-01,1.377342e-01,1.382093e-01,1.383114e-01,1.387897e-01,1.392705e-01,1.395638e-01,1.401365e-01,1.406256e-01,1.409239e-01,1.412230e-01,1.420035e-01,1.421105e-01,1.427019e-01,1.432069e-01,1.436068e-01,1.439166e-01,1.447241e-01,1.448353e-01,1.454470e-01,1.457643e-01,1.461765e-01,1.467986e-01,1.471208e-01,1.472353e-01,1.478646e-01,1.481906e-01,1.486151e-01,1.487314e-01,1.493720e-01,1.497039e-01,1.501353e-01,1.502537e-01,1.509064e-01,1.510259e-01,1.514644e-01,1.518046e-01,1.522470e-01,1.523690e-01,1.528147e-01,1.531604e-01,1.536098e-01,1.537329e-01,1.541853e-01,1.545368e-01,1.547654e-01,1.554522e-01,1.555779e-01,1.560397e-01,1.562719e-01,1.567381e-01,1.568654e-01,1.573340e-01,1.578051e-01,1.576984e-01,1.581723e-01,1.586479e-01,1.588870e-01,1.590178e-01,1.592580e-01,1.597394e-01,1.599824e-01,1.604677e-01,1.609557e-01,1.614463e-01,1.613353e-01,1.618280e-01,1.620771e-01,1.625739e-01,1.628237e-01,1.630743e-01,1.632123e-01,1.634636e-01,1.637159e-01,1.642217e-01,1.644758e-01,1.647316e-01,1.646163e-01,1.651271e-01,1.653833e-01,1.656417e-01,1.655252e-01,1.657830e-01,1.660411e-01,1.659248e-01,1.661836e-01,1.664429e-01,1.667028e-01,1.669635e-01,1.672249e-01,1.671072e-01,1.671071e-01,1.673689e-01,1.676315e-01,1.678948e-01,1.681600e-01,1.684244e-01,1.686900e-01,1.686900e-01,1.689559e-01,1.692226e-01,1.694908e-01,1.694904e-01,1.697582e-01,1.700264e-01,1.700267e-01,1.702953e-01,1.705647e-01,1.705635e-01,1.712301e-01,1.712296e-01,1.715017e-01,1.715000e-01,1.721733e-01,1.721732e-01,1.724480e-01,1.728500e-01,1.731267e-01,1.731259e-01,1.738119e-01,1.738107e-01,1.742185e-01,1.744992e-01,1.751947e-01,1.756080e-01,1.758923e-01,1.763085e-01,1.763069e-01,1.770137e-01,1.770134e-01,1.777258e-01,1.781500e-01,1.781483e-01,1.788694e-01,1.788682e-01,1.792996e-01,1.797310e-01,1.797306e-01,1.801648e-01,1.806008e-01,1.806019e-01,1.810408e-01,1.810409e-01,1.817853e-01,1.817873e-01,1.822319e-01,1.826785e-01,1.826800e-01,1.831291e-01,1.831321e-01,1.835836e-01,1.835856e-01,1.840392e-01,1.840427e-01,1.844984e-01,1.845008e-01,1.849591e-01,1.849631e-01,1.849655e-01,1.854259e-01,1.851137e-01,1.851176e-01,1.851206e-01,1.855817e-01,1.855842e-01,1.855882e-01,1.855911e-01,1.855936e-01,1.851372e-01,1.848272e-01,1.848296e-01,1.843765e-01,1.839249e-01,1.831668e-01,1.831705e-01,1.827242e-01,1.818354e-01,1.810924e-01,1.806550e-01,1.797852e-01,1.790565e-01,1.781986e-01,1.777734e-01,1.766367e-01,1.757991e-01,1.746855e-01,1.738641e-01,1.723670e-01,1.715646e-01,1.701016e-01,1.693176e-01,1.682740e-01,1.671224e-01,1.661028e-01,1.647207e-01,1.639797e-01,1.626281e-01,1.616554e-01,1.605811e-01,1.596295e-01,1.583391e-01,1.576471e-01,1.563841e-01,1.557064e-01,1.548037e-01,1.535791e-01,1.526971e-01,1.518237e-01,1.509587e-01,1.503200e-01,1.494691e-01,1.486267e-01,1.474840e-01,1.466604e-01,1.463556e-01,1.455426e-01,1.450359e-01,1.440318e-01,1.435337e-01,1.427468e-01,1.424554e-01,1.419665e-01,1.414801e-01,1.409967e-01,1.402325e-01,1.397563e-01,1.392823e-01,1.385336e-01,1.377915e-01,1.371413e-01,1.366811e-01,1.357709e-01,1.350531e-01,1.346053e-01,1.341598e-01,1.332775e-01,1.328392e-01,1.324033e-01,1.319698e-01,1.313642e-01,1.306843e-01,1.300884e-01,1.296671e-01,1.292481e-01,1.288313e-01,1.282490e-01,1.278361e-01,1.272614e-01,1.270947e-01,1.265251e-01,1.263599e-01,1.260322e-01,1.261045e-01,1.257778e-01,1.256141e-01,1.255242e-01,1.255960e-01,1.251101e-01,1.254163e-01,1.250921e-01,1.250027e-01,1.248403e-01,1.249846e-01,1.248220e-01,1.245014e-01,1.242534e-01,1.240923e-01,1.240037e-01,1.236850e-01,1.233676e-01,1.234370e-01,1.227382e-01,1.224244e-01,1.222670e-01,1.219553e-01,1.214230e-01,1.211148e-01,1.207386e-01,1.201329e-01,1.197615e-01,1.194601e-01,1.191600e-01,1.186475e-01,1.180574e-01,1.179089e-01,1.174053e-01,1.171137e-01,1.168232e-01,1.165338e-01,1.161048e-01,1.160252e-01,1.157392e-01,1.156599e-01,1.153753e-01,1.150154e-01,1.150794e-01,1.148606e-01,1.145790e-01,1.142985e-01,1.142210e-01,1.138669e-01,1.137897e-01,1.139136e-01,1.136356e-01,1.135587e-01,1.130707e-01,1.129946e-01,1.129183e-01,1.128420e-01,1.124943e-01,1.122216e-01,1.119500e-01,1.115453e-01,1.114704e-01,1.111312e-01,1.108637e-01,1.104652e-01,1.103912e-01,1.099242e-01,1.099811e-01,1.095875e-01,1.091984e-01,1.091256e-01,1.086669e-01,1.084083e-01,1.080235e-01,1.079542e-01,1.073201e-01,1.070665e-01,1.068708e-01,1.066188e-01,1.059992e-01,1.057502e-01,1.053800e-01,1.051357e-01,1.045273e-01,1.039890e-01,1.036307e-01,1.035629e-01,1.029708e-01,1.027326e-01,1.023808e-01,1.021444e-01,1.015647e-01,4.327322e-03,4.327322e-03,4.327322e-03,4.327322e-03,4.327322e-03,4.327322e-03,4.327322e-03,4.327322e-03,4.327322e-03,4.327322e-03,4.327322e-03,4.327322e-03,4.327322e-03,4.327322e-03,4.327322e-03,4.327322e-03,4.327322e-03,4.327322e-03,4.327322e-03,4.327322e-03,4.327322e-03,4.327322e-03,4.327322e-03,4.327322e-03,4.327322e-03,4.327322e-03,4.327322e-03,4.327322e-03,4.327322e-03,4.327322e-03,4.327322e-03,4.327322e-03,4.327322e-03,4.327322e-03,4.327322e-03,4.327322e-03,4.327322e-03,4.327322e-03,4.327322e-03,4.327322e-03,4.327322e-03,4.327322e-03,4.327322e-03,4.327322e-03,4.327322e-03,4.327322e-03,4.327322e-03,4.327322e-03,4.327322e-03,4.327322e-03,4.327322e-03,4.327322e-03,4.327322e-03,4.327322e-03,4.327322e-03,4.327322e-03,4.327322e-03,4.327322e-03,4.327322e-03,4.327322e-03,4.327322e-03,4.327322e-03,4.327322e-03,4.327322e-03,4.327322e-03,4.327322e-03,4.327322e-03,4.327322e-03,4.327322e-03,4.327322e-03,4.327322e-03,4.327322e-03,4.327322e-03,4.327322e-03,4.327322e-03,4.327322e-03,4.327322e-03,4.327322e-03,4.327322e-03,4.327322e-03,4.327322e-03,4.327322e-03,4.327322e-03,4.327322e-03,4.327322e-03,4.327322e-03,4.327322e-03,4.327322e-03,4.327322e-03,4.327322e-03,4.327322e-03,4.327322e-03,4.327322e-03,4.327322e-03,4.327322e-03,4.327322e-03,4.327322e-03,4.327322e-03,4.327322e-03,4.327322e-03,4.327322e-03,4.327322e-03,4.327322e-03,4.327322e-03,4.327322e-03,4.327322e-03,4.327322e-03,4.327322e-03,4.327322e-03,4.327322e-03,4.327322e-03,4.327322e-03,4.327322e-03,4.327322e-03,4.327322e-03,4.327322e-03,4.327322e-03,4.327322e-03,4.327322e-03,4.327322e-03,4.327322e-03,4.327322e-03,4.327322e-03,4.327322e-03,4.327322e-03,4.327322e-03,4.327322e-03,4.327322e-03,4.327322e-03,4.327322e-03,4.327322e-03,4.327322e-03,4.327322e-03,4.327322e-03,4.327322e-03,4.327322e-03,4.327322e-03,4.327322e-03,4.327322e-03,4.327322e-03,4.327322e-03,4.327322e-03,4.327322e-03,4.327322e-03,4.327322e-03,4.327322e-03,4.327322e-03,4.327322e-03,4.327322e-03,4.327322e-03,4.327322e-03,4.327322e-03,4.327322e-03,4.327322e-03,4.327322e-03,4.327322e-03,4.327322e-03,4.327322e-03,4.327322e-03,4.327322e-03,4.327322e-03
2.821769e-02,2.818699e-02,2.814867e-02,2.811038e-02,2.807212e-02,2.803392e-02,2.798812e-02,2.794996e-02,2.791182e-02,2.786605e-02,2.782792e-02,2.778216e-02,2.774406e-02,2.770598e-02,2.766030e-02,2.762225e-02,2.758422e-02,2.754618e-02,2.751578e-02,2.747778e-02,2.744737e-02,2.741694e-02,2.738654e-02,2.736374e-02,2.734098e-02,2.731061e-02,2.728784e-02,2.727266e-02,2.724990e-02,2.722715e-02,2.721200e-02,2.718924e-02,2.717410e-02,2.715138e-02,2.713626e-02,2.712116e-02,2.709845e-02,2.708335e-02,2.706828e-02,2.704560e-02,2.703053e-02,2.701549e-02,2.699287e-02,2.697783e-02,2.695525e-02,2.694028e-02,2.692532e-02,2.690278e-02,2.688792e-02,2.687311e-02,2.685081e-02,2.683620e-02,2.682171e-02,2.680732e-02,2.679303e-02,2.677882e-02,2.677230e-02,2.675832e-02,2.674436e-02,2.673797e-02,2.672399e-02,2.671003e-02,2.670349e-02,2.668933e-02,2.668284e-02,2.666889e-02,2.666242e-02,2.665592e-02,2.664174e-02,2.663516e-02,2.662860e-02,2.661425e-02,2.660746e-02,2.660071e-02,2.658636e-02,2.657957e-02,2.657281e-02,2.656640e-02,2.655242e-02,2.654606e-02,2.653984e-02,2.652655e-02,2.652124e-02,2.651627e-02,2.650433e-02,2.650062e-02,2.649774e-02,2.648828e-02,2.648764e-02,2.648105e-02,2.648347e-02,2.648009e-02,2.648664e-02,2.648879e-02,2.650123e-02,2.651006e-02,2.653106e-02,2.655047e-02,2.657600e-02,2.661618e-02,2.665853e-02,2.670949e-02,2.677194e-02,2.684764e-02,2.694522e-02,2.705159e-02,2.717688e-02,2.732194e-02,2.748161e-02,2.766957e-02,2.788653e-02,2.813281e-02,2.840907e-02,2.871058e-02,2.905186e-02,2.941344e-02,2.980958e-02,3.022318e-02,3.066276e-02,3.111096e-02,3.156746e-02,3.203001e-02,3.248200e-02,3.291659e-02,3.333159e-02,3.370410e-02,3.402063e-02,3.430777e-02,3.454966e-02,3.474283e-02,3.489493e-02,3.501880e-02,3.512708e-02,3.516413e-02,3.517946e-02,3.516158e-02,3.512179e-02,3.504939e-02,3.497519e-02,3.488443e-02,3.480313e-02,3.468405e-02,3.455458e-02,3.446365e-02,3.435025e-02,3.427727e-02,3.418558e-02,3.413260e-02,3.405688e-02,3.399572e-02,3.394927e-02,3.388235e-02,3.381977e-02,3.374847e-02,3.366844e-02,3.357351e-02,3.346294e-02,3.337095e-02,3.324277e-02,3.310776e-02,3.296963e-02,3.284065e-02,3.267716e-02,3.251360e-02,3.233285e-02,3.213583e-02,3.193104e-02,3.168899e-02,3.145168e-02,3.120468e-02,3.095352e-02,3.070100e-02,3.045125e-02,3.021007e-02,2.998566e-02,2.976478e-02,2.955648e-02,2.936124e-02,2.918653e-02,2.901501e-02,2.885332e-02,2.870104e-02,2.856352e-02,2.842806e-02,2.830596e-02,2.818406e-02,2.807139e-02,2.797106e-02,2.787816e-02,2.778385e-02,2.770571e-02,2.763247e-02,2.756520e-02,2.748941e-02,2.743378e-02,2.738288e-02,2.733401e-02,2.729246e-02,2.724491e-02,2.719589e-02,2.713617e-02,2.707792e-02,2.702192e-02,2.695283e-02,2.686883e-02,2.679145e-02,2.669955e-02,2.660082e-02,2.649592e-02,2.639294e-02,2.628195e-02,2.617324e-02,2.606125e-02,2.595548e-02,2.584687e-02,2.574088e-02,2.564218e-02,2.555215e-02,2.546824e-02,2.538944e-02,2.532283e-02,2.525114e-02,2.519844e-02,2.514871e-02,2.511529e-02,2.507740e-02,2.504405e-02,2.501958e-02,2.500165e-02,2.498110e-02,2.495562e-02,2.493828e-02,2.491251e-02,2.487125e-02,2.483215e-02,2.477992e-02,2.472114e-02,2.464067e-02,2.456154e-02,2.447737e-02,2.439583e-02,2.430472e-02,2.421629e-02,2.412781e-02,2.404393e-02,2.396460e-02,2.390078e-02,2.383581e-02,2.377767e-02,2.373667e-02,2.369313e-02,2.366334e-02,2.362944e-02,2.360574e-02,2.357429e-02,2.354921e-02,2.351587e-02,2.348803e-02,2.345190e-02,2.342207e-02,2.338613e-02,2.335813e-02,2.332614e-02,2.330423e-02,2.328580e-02,2.326314e-02,2.325067e-02,2.323401e-02,2.322670e-02,2.321401e-02,2.320976e-02,2.319940e-02,2.319714e-02,2.318816e-02,2.318693e-02,2.317887e-02,2.317840e-02,2.317117e-02,2.316426e-02,2.316583e-02,2.316077e-02,2.316585e-02,2.316586e-02,2.317214e-02,2.319321e-02,2.322284e-02,2.327360e-02,2.336658e-02,2.350196e-02,2.371508e-02,2.402948e-02,2.448648e-02,2.510964e-02,2.595656e-02,2.705618e-02,2.841128e-02,3.006996e-02,3.204965e-02,3.433270e-02,3.689724e-02,3.974343e-02,4.287497e-02,4.618274e-02,4.965759e-02,5.328984e-02,5.703195e-02,6.089339e-02,6.484648e-02,6.889573e-02,7.319697e-02,7.746443e-02,8.181298e-02,8.626139e-02,9.081449e-02,9.548054e-02,1.002338e-01,1.050967e-01,1.100524e-01,1.150825e-01,1.202087e-01,1.258153e-01,1.311096e-01,1.364739e-01,1.417397e-01,1.471809e-01,1.526494e-01,1.581414e-01,1.636793e-01,1.691694e-01,1.746371e-01,1.800680e-01,1.854373e-01,1.907972e-01,1.961136e-01,2.012265e-01,2.063151e-01,2.113425e-01,2.162477e-01,2.209449e-01,2.256606e-01,2.302277e-01,2.343780e-01,2.385568e-01,2.424306e-01,2.463258e-01,2.499132e-01,2.535229e-01,2.568096e-01,2.601035e-01,2.631250e-01,2.661405e-01,2.688875e-01,2.716805e-01,2.747007e-01,2.775903e-01,2.807073e-01,2.836889e-01,2.867026e-01,2.899494e-01,2.930332e-01,2.963569e-01,2.992863e-01,3.024410e-01,3.056095e-01,3.085617e-01,3.117312e-01,3.149023e-01,3.180629e-01,3.209631e-01,3.240704e-01,3.271511e-01,3.301882e-01,3.331682e-01,3.360950e-01,3.389445e-01,3.417124e-01,3.443936e-01,3.469651e-01,3.494211e-01,3.517493e-01,3.539406e-01,3.554657e-01,3.573093e-01,3.591718e-01,3.610558e-01,3.629575e-01,3.648894e-01,3.668468e-01,3.684915e-01,3.704863e-01,3.725031e-01,3.742073e-01,3.762786e-01,3.780219e-01,3.797777e-01,3.815557e-01,3.833549e-01,3.855314e-01,3.873735e-01,3.892349e-01,3.911131e-01,3.930134e-01,3.949326e-01,3.968714e-01,3.984448e-01,4.004255e-01,4.024289e-01,4.044486e-01,4.065038e-01,4.081592e-01,4.102532e-01,4.119467e-01,4.136549e-01,4.158133e-01,4.175591e-01,4.193220e-01,4.210996e-01,4.228923e-01,4.247056e-01,4.265412e-01,4.283916e-01,4.302495e-01,4.321276e-01,4.335533e-01,4.354716e-01,4.373912e-01,4.388155e-01,4.407824e-01,4.427643e-01,4.447292e-01,4.462327e-01,4.477516e-01,4.497812e-01,4.513086e-01,4.528807e-01,4.550055e-01,4.565956e-01,4.582142e-01,4.598547e-01,4.620524e-01,4.637195e-01,4.654080e-01,4.671094e-01,4.688210e-01,4.705564e-01,4.723075e-01,4.740741e-01,4.758608e-01,4.776620e-01,4.794671e-01,4.813093e-01,4.831613e-01,4.844012e-01,4.862827e-01,4.875500e-01,4.894579e-01,4.913763e-01,4.926834e-01,4.946491e-01,4.959548e-01,4.979490e-01,4.992887e-01,5.013061e-01,5.026684e-01,5.040379e-01,5.054063e-01,5.074813e-01,5.088793e-01,5.102891e-01,5.117196e-01,5.138621e-01,5.152864e-01,5.167320e-01,5.181967e-01,5.196469e-01,5.211187e-01,5.226118e-01,5.240955e-01,5.256084e-01,5.271229e-01,5.286334e-01,5.293922e-01,5.309416e-01,5.324918e-01,5.340571e-01,5.348432e-01,5.364407e-01,5.380491e-01,5.396363e-01,5.404462e-01,5.420816e-01,5.437101e-01,5.445255e-01,5.453566e-01,5.470409e-01,5.478714e-01,5.495336e-01,5.503846e-01,5.520978e-01,5.529271e-01,5.537777e-01,5.546371e-01,5.554678e-01,5.563124e-01,5.571925e-01,5.580709e-01,5.589311e-01,5.597621e-01,5.606232e-01,5.615046e-01,5.623895e-01,5.632503e-01,5.640839e-01,5.649380e-01,5.658290e-01,5.667286e-01,5.675762e-01,5.683477e-01,5.691837e-01,5.700670e-01,5.709504e-01,5.717560e-01,5.724477e-01,5.732355e-01,5.740620e-01,5.748682e-01,5.756704e-01,5.764708e-01,5.772198e-01,5.779213e-01,5.785520e-01,5.792658e-01,5.799599e-01,5.806183e-01,5.813729e-01,5.820141e-01,5.823723e-01,5.828911e-01,5.834935e-01,5.841578e-01,5.846241e-01,5.846818e-01,5.851448e-01,5.856920e-01,5.861175e-01,5.865263e-01,5.868304e-01,5.872580e-01,5.877524e-01,5.876914e-01,5.869928e-01,5.868705e-01,5.870561e-01,5.869337e-01,5.867542e-01,5.866321e-01,5.866943e-01,5.867607e-01,5.870074e-01,5.872844e-01,5.874743e-01,5.874751e-01,5.879778e-01,5.887834e-01,5.894354e-01,5.901214e-01,5.907732e-01,5.915261e-01,5.924115e-01,5.931249e-01,5.940123e-01,5.947983e-01,5.955150e-01,5.964075e-01,5.971250e-01,5.979173e-01,5.987770e-01,5.998040e-01,6.006706e-01,6.016759e-01,6.026775e-01,6.036914e-01,6.046432e-01,6.057334e-01,6.067651e-01,6.078687e-01,6.088627e-01,6.100442e-01,6.112362e-01,6.123579e-01,6.134481e-01,6.147221e-01,6.158930e-01,6.170373e-01,6.181445e-01,6.193782e-01,6.205674e-01,6.217549e-01,6.230743e-01,6.242820e-01,6.254907e-01,6.267055e-01,6.279974e-01,6.291512e-01,6.303845e-01,6.316241e-01,6.329448e-01,6.341434e-01,6.354760e-01,6.368233e-01,6.380466e-01,6.394082e-01,6.406444e-01,6.419428e-01,6.431196e-01,6.445154e-01,6.457046e-01,6.468985e-01,6.480993e-01,6.494660e-01,6.507597e-01,6.520603e-01,6.533614e-01,6.546756e-01,6.559905e-01,6.572296e-01,6.584749e-01,6.595888e-01,6.609231e-01,6.622166e-01,6.634801e-01,6.644398e-01,6.654030e-01,6.665109e-01,6.676540e-01,6.688022e-01,6.699556e-01,6.710268e-01,6.721901e-01,6.732706e-01,6.743556e-01,6.752991e-01,6.763997e-01,6.774085e-01,6.782805e-01,6.792137e-01,6.800918e-01,6.810635e-01,6.820978e-01,6.829914e-01,6.838897e-01,6.846991e-01,6.855957e-01,6.863953e-01,6.872825e-01,6.879710e-01,6.887548e-01,6.894397e-01,6.901186e-01,6.907761e-01,6.915195e-01,6.922518e-01,6.928835e-01,6.935088e-01,6.940169e-01,6.946135e-01,6.951157e-01,6.956832e-01,6.962520e-01,6.966830e-01,6.971334e-01,6.975527e-01,6.979485e-01,6.983531e-01,6.987341e-01,6.990883e-01,6.992437e-01,6.994965e-01,6.998148e-01,7.001252e-01,7.004281e-01,7.005168e-01,7.005925e-01,7.006682e-01,7.007118e-01,7.008531e-01,7.008805e-01,7.009866e-01,7.009835e-01,7.009675e-01,7.008393e-01,7.006966e-01,7.006357e-01,7.006596e-01,7.005729e-01,7.003743e-01,7.000640e-01,6.997395e-01,6.993007e-01,6.991422e-01,6.989692e-01,6.987891e-01,6.984155e-01,6.980425e-01,6.978602e-01,6.976810e-01,6.974055e-01,6.970341e-01,6.965672e-01,6.962902e-01,6.961122e-01,6.958386e-01,6.953740e-01,6.949975e-01,6.949159e-01,6.950224e-01,6.949408e-01,6.944781e-01,6.940162e-01,6.936583e-01,6.932928e-01,6.928388e-01,6.921994e-01,6.915616e-01,6.911133e-01,6.907597e-01,6.900320e-01,6.888381e-01,6.875595e-01,6.865639e-01,6.855723e-01,6.842185e-01,6.820466e-01,6.796313e-01,6.774982e-01,6.755599e-01,6.737231e-01,6.718137e-01,6.694798e-01,6.663212e-01,6.622714e-01,6.583691e-01,6.555859e-01,6.531570e-01,6.501126e-01,6.460055e-01,6.418116e-01,6.389054e-01,6.368637e-01,6.350642e-01,6.329805e-01,6.305466e-01,6.283560e-01,6.261930e-01,6.240422e-01,6.226272e-01,6.219294e-01,6.212337e-01,6.205454e-01,6.198592e-01,6.191751e-01,6.184982e-01,6.178233e-01,6.178470e-01,6.171740e-01,6.172002e-01,6.172291e-01,6.172528e-01,6.165816e-01,6.166053e-01,6.166237e-01,6.166421e-01,6.159675e-01,6.152897e-01,6.153028e-01,6.153160e-01,6.153238e-01,6.153370e-01,6.153501e-01,6.146690e-01,6.146822e-01,6.146953e-01,6.147111e-01,6.140372e-01,6.140504e-01,6.133785e-01,6.133916e-01,6.134099e-01,6.134179e-01,6.127479e-01,6.127610e-01,6.127690e-01,6.127821e-01,6.121089e-01,6.121169e-01,6.121248e-01,6.121328e-01,6.121355e-01,6.121434e-01,6.121514e-01,6.128403e-01,6.128482e-01,6.128561e-01,6.128641e-01,6.128720e-01,6.128799e-01,6.126683e-01,6.133585e-01,6.133664e-01,6.133743e-01,6.133822e-01,6.138538e-01,6.138564e-01,6.145498e-01,6.145576e-01,6.143446e-01,6.143472e-01,6.150471e-01,6.155218e-01,6.155322e-01,6.160130e-01,6.160262e-01,6.160394e-01,6.158358e-01,6.158543e-01,6.163412e-01,6.163598e-01,6.161559e-01,6.161799e-01,6.166674e-01,6.164686e-01,6.171854e-01,6.169809e-01,6.170050e-01,6.174966e-01,6.175154e-01,6.180056e-01,6.178004e-01,6.178192e-01,6.176087e-01,6.176220e-01,6.181069e-01,6.178908e-01,6.185951e-01,6.183785e-01,6.188593e-01,6.188616e-01,6.186448e-01,6.191260e-01,6.191338e-01,6.189167e-01,6.194007e-01,6.194141e-01,6.199023e-01,6.196901e-01,6.197035e-01,6.194915e-01,6.195048e-01,6.192931e-01,6.190870e-01,6.197999e-01,6.195879e-01,6.193817e-01,6.200954e-01,6.198831e-01,6.198965e-01,6.196845e-01,6.194726e-01,6.194860e-01,6.192710e-01,6.192844e-01,6.190674e-01,6.183838e-01,6.181677e-01,6.174812e-01,6.172659e-01,6.165822e-01,6.163623e-01,6.163701e-01,6.154677e-01,6.154756e-01,6.147972e-01,6.139010e-01,6.132297e-01,6.125580e-01,6.123475e-01,6.116784e-01,6.110112e-01,6.108022e-01,6.101377e-01,6.094750e-01,6.088143e-01,6.079412e-01,6.072849e-01,6.066305e-01,6.059780e-01,6.046706e-01,6.040237e-01,6.027273e-01,6.020859e-01,6.016546e-01,5.999575e-01,5.995303e-01,5.984646e-01,5.974039e-01,5.957165e-01,5.944664e-01,5.928005e-01,5.915664e-01,5.903389e-01,5.893155e-01,5.874909e-01,5.862854e-01,5.844851e-01,5.828909e-01,5.811173e-01,5.793577e-01,5.776118e-01,5.758795e-01,5.741645e-01,5.717076e-01,5.696391e-01,5.672315e-01,5.655780e-01,5.639370e-01,5.619397e-01,5.599604e-01,5.571240e-01,5.544929e-01,5.518931e-01,5.500026e-01,5.479644e-01,5.462877e-01,5.437807e-01,5.406543e-01,5.375729e-01,5.348435e-01,5.321649e-01,5.301383e-01,5.281310e-01,5.267543e-01,5.247818e-01,5.228277e-01,5.205879e-01,5.177868e-01,5.145874e-01,5.112986e-01,5.081971e-01,5.057061e-01,5.042036e-01,5.017605e-01,5.000116e-01,4.977446e-01,4.958996e-01,4.936781e-01,4.919952e-01,4.898161e-01,4.881652e-01,4.858927e-01,4.845004e-01,4.832401e-01,4.817492e-01,4.796769e-01,4.770187e-01,4.748700e-01,4.727426e-01,4.701761e-01,4.678650e-01,4.648986e-01,4.619902e-01,4.586879e-01,4.546978e-01,4.501535e-01,4.463294e-01,4.411727e-01,4.352801e-01,4.302241e-01,4.241073e-01,4.179149e-01,4.108151e-01,4.056191e-01,3.977221e-01,3.897937e-01,3.813579e-01,3.744867e-01,3.650657e-01,3.560318e-01,3.472947e-01,3.376795e-01,3.309666e-01,3.217273e-01,3.131047e-01,3.049066e-01,2.959246e-01,2.873913e-01,2.816949e-01,2.750677e-01,2.666999e-01,2.597810e-01,2.531468e-01,2.477664e-01,2.417083e-01,2.359044e-01,2.304084e-01,2.258842e-01,2.221905e-01,2.178962e-01,2.137545e-01,2.104204e-01,2.064971e-01,2.033093e-01,2.002107e-01,1.972160e-01,1.948604e-01,1.925555e-01,1.902478e-01,1.880063e-01,1.858121e-01,1.841516e-01,1.825495e-01,1.809403e-01,1.793410e-01,1.777820e-01,1.767156e-01,1.751962e-01,1.737003e-01,1.726766e-01,1.716636e-01,1.711171e-01,1.701341e-01,1.691610e-01,1.686421e-01,1.676976e-01,1.671873e-01,1.667069e-01,1.662008e-01,1.657118e-01,1.652387e-01,1.647536e-01,1.642719e-01,1.638057e-01,1.637519e-01,1.632871e-01,1.632598e-01,1.632325e-01,1.632041e-01,1.627692e-01,1.627289e-01,1.627136e-01,1.626865e-01,1.630928e-01,1.630643e-01,1.630503e-01,1.630087e-01,1.634035e-01,1.633619e-01,1.637714e-01,1.641696e-01,1.645951e-01,1.645809e-01,1.649681e-01,1.657911e-01,1.662108e-01,1.666334e-01,1.674703e-01,1.683159e-01,1.691822e-01,1.704843e-01,1.713708e-01,1.722809e-01,1.736105e-01,1.745124e-01,1.758883e-01,1.772844e-01,1.782202e-01,1.801364e-01,1.811155e-01,1.825874e-01,1.840803e-01,1.851157e-01,1.871678e-01,1.881836e-01,1.897269e-01,1.913105e-01,1.929363e-01,1.940282e-01,1.956783e-01,1.973542e-01,1.985112e-01,2.008435e-01,2.020192e-01,2.038161e-01,2.056629e-01,2.074801e-01,2.087697e-01,2.106590e-01,2.126649e-01,2.146422e-01,2.159946e-01,2.180296e-01,2.201242e-01,2.215192e-01,2.237000e-01,2.252091e-01,2.274840e-01,2.289920e-01,2.305448e-01,2.328968e-01,2.344750e-01,2.360737e-01,2.385613e-01,2.402138e-01,2.419156e-01,2.436392e-01,2.453603e-01,2.479830e-01,2.489294e-01,2.516576e-01,2.535479e-01,2.544762e-01,2.563474e-01,2.592678e-01,2.602998e-01,2.622875e-01,2.643070e-01,2.663554e-01,2.684375e-01,2.695096e-01,2.716387e-01,2.737694e-01,2.748475e-01,2.770640e-01,2.782065e-01,2.804032e-01,2.827108e-01,2.838612e-01,2.862642e-01,2.874462e-01,2.897538e-01,2.909652e-01,2.934520e-01,2.946918e-01,2.959451e-01,2.984781e-01,2.998026e-01,3.011003e-01,3.036816e-01,3.050534e-01,3.063982e-01,3.077547e-01,3.105404e-01,3.119351e-01,3.133427e-01,3.148062e-01,3.162408e-01,3.176891e-01,3.192421e-01,3.206190e-01,3.216148e-01,3.229616e-01,3.242747e-01,3.256992e-01,3.269320e-01,3.284345e-01,3.295293e-01,3.312155e-01,3.323334e-01,3.336678e-01,3.347518e-01,3.360579e-01,3.373719e-01,3.387003e-01,3.398729e-01,3.412730e-01,3.426350e-01,3.436107e-01,3.452163e-01,3.461519e-01,3.474328e-01,3.486708e-01,3.497400e-01,3.509276e-01,3.523138e-01,3.537050e-01,3.547441e-01,3.559716e-01,3.571446e-01,3.582688e-01,3.590256e-01,3.602197e-01,3.611754e-01,3.626391e-01,3.638632e-01,3.650238e-01,3.665256e-01,3.676450e-01,3.684413e-01,3.694380e-01,3.703073e-01,3.712500e-01,3.723365e-01,3.734260e-01,3.741806e-01,3.752123e-01,3.761125e-01,3.772303e-01,3.781451e-01,3.789185e-01,3.792748e-01,3.804093e-01,3.808447e-01,3.816333e-01,3.823521e-01,3.833640e-01,3.840941e-01,3.848934e-01,3.854106e-01,3.861492e-01,3.866660e-01,3.876316e-01,3.879303e-01,3.888310e-01,3.896563e-01,3.904088e-01,3.913952e-01,3.919276e-01,3.925469e-01,3.933158e-01,3.936242e-01,3.943236e-01,3.946338e-01,3.953371e-01,3.953422e-01,3.961244e-01,3.965168e-01,3.972990e-01,3.975427e-01,3.980937e-01,3.984144e-01,3.989681e-01,3.990604e-01,3.996914e-01,4.000136e-01,4.007330e-01,4.011424e-01,4.018662e-01,4.021148e-01,4.029286e-01,4.028587e-01,4.036676e-01,4.037620e-01,4.040226e-01,4.041916e-01,4.046099e-01,4.043010e-01,4.046409e-01,4.043236e-01,4.046647e-01,4.042772e-01,4.042946e-01,4.041429e-01,4.043254e-01,4.039303e-01,4.038693e-01,4.036386e-01,4.038205e-01,4.034348e-01,4.036165e-01,4.032313e-01,4.031717e-01,4.031767e-01,4.042114e-01,4.038249e-01,4.038433e-01,4.035382e-01,4.032361e-01,4.028529e-01,4.026296e-01,4.023253e-01,4.021883e-01,4.018074e-01,4.015081e-01,4.008112e-01,4.006717e-01,4.003731e-01,3.999182e-01,3.995444e-01,3.993284e-01,3.984787e-01,3.985033e-01,3.978924e-01,3.975972e-01,3.972988e-01,3.971596e-01,3.964818e-01,3.961853e-01,3.954251e-01,3.950595e-01,3.946910e-01,3.938632e-01,3.932716e-01,3.927519e-01,3.917791e-01,3.914209e-01,3.908262e-01,3.903137e-01,3.896540e-01,3.891449e-01,3.883426e-01,3.879837e-01,3.871792e-01,3.864568e-01,3.857374e-01,3.853122e-01,3.845974e-01,3.842428e-01,3.836022e-01,3.832528e-01,3.822546e-01,3.818356e-01,3.808465e-01,3.802909e-01,3.797339e-01,3.790355e-01,3.783399e-01,3.778565e-01,3.769601e-01,3.767567e-01,3.760631e-01,3.755115e-01,3.748962e-01,3.746862e-01,3.740689e-01,3.737941e-01,3.727694e-01,3.723589e-01,3.722173e-01,3.712669e-01,3.706588e-01,3.701242e-01,3.693206e-01,3.685216e-01,3.678624e-01,3.673374e-01,3.662884e-01,3.653162e-01,3.645424e-01,3.635726e-01,3.624233e-01,3.616626e-01,3.607767e-01,3.596463e-01,3.583355e-01,3.572803e-01,3.567266e-01,3.555568e-01,3.543364e-01,3.531249e-01,3.521020e-01,3.513214e-01,3.500111e-01,3.491211e-01,3.483544e-01,3.476484e-01,3.466589e-01,3.457868e-01,3.450918e-01,3.444550e-01,3.437656e-01,3.429643e-01,3.423357e-01,3.421030e-01,3.420392e-01,3.411921e-01,3.408528e-01,3.404005e-01,3.398956e-01,3.398340e-01,3.395512e-01,3.391617e-01,3.388266e-01,3.385490e-01,3.382151e-01,3.377226e-01,3.373960e-01,3.368531e-01,3.364756e-01,3.360408e-01,3.358749e-01,3.356568e-01,3.353846e-01,3.354919e-01,3.354423e-01,3.353871e-01,3.351696e-01,3.352253e-01,3.352259e-01,3.353332e-01,3.356549e-01,3.357100e-01,3.358756e-01,3.361970e-01,3.363625e-01,3.367446e-01,3.368000e-01,3.370718e-01,3.371247e-01,3.371789e-01,3.371280e-01,3.370186e-01,3.369086e-01,3.366875e-01,3.365231e-01,3.365770e-01,3.365200e-01,3.367905e-01,3.364642e-01,3.364053e-01,3.361849e-01,3.360754e-01,3.362343e-01,3.360722e-01,3.359628e-01,3.360172e-01,3.358541e-01,3.358498e-01,3.357412e-01,3.354706e-01,3.349332e-01,3.347161e-01,3.342264e-01,3.339065e-01,3.327293e-01,3.321968e-01,3.315074e-01,3.306612e-01,3.299223e-01,3.291869e-01,3.280445e-01,3.270072e-01,3.258744e-01,3.245052e-01,3.230941e-01,3.213477e-01,3.191296e-01,3.178122e-01,3.164581e-01,3.150710e-01,3.122862e-01,3.095065e-01,3.081789e-01,3.055584e-01,3.016265e-01,2.990330e-01,2.965656e-01,2.929003e-01,2.892846e-01,2.857571e-01,2.822764e-01,2.789136e-01,2.734236e-01,2.702293e-01,2.630185e-01,2.580509e-01,2.524233e-01,2.479134e-01,2.418122e-01,2.369074e-01,2.305918e-01,2.247482e-01,2.162553e-01,2.095872e-01,2.032811e-01,1.961402e-01,1.899610e-01,1.825523e-01,1.760668e-01,1.659970e-01,1.588402e-01,1.518412e-01,1.453494e-01,1.377244e-01,1.315897e-01,1.221714e-01,1.156917e-01,1.097337e-01,1.040543e-01,9.826223e-02,9.133451e-02,8.616642e-02,8.172757e-02,7.751689e-02,7.340501e-02,6.859577e-02,6.521043e-02,6.226010e-02,5.960881e-02,5.735938e-02,5.410743e-02,5.225706e-02,5.056471e-02,4.884378e-02,4.710738e-02,4.547262e-02,4.443384e-02,4.342968e-02,4.246459e-02,4.154185e-02,4.064951e-02,4.020138e-02,3.936747e-02,3.894689e-02,3.815864e-02,3.776482e-02,3.737712e-02,3.700557e-02,3.663549e-02,3.627327e-02,3.592425e-02,3.591109e-02,3.555875e-02,3.555129e-02,3.520969e-02,3.519361e-02,3.518840e-02,3.517759e-02,3.484238e-02,3.483162e-02,3.482648e-02,3.481675e-02,3.513110e-02,3.513005e-02,3.512129e-02,3.511041e-02,3.542940e-02,3.542938e-02,3.575752e-02,3.575086e-02,3.608852e-02,3.642795e-02,3.642245e-02,3.677497e-02,3.712739e-02,3.748648e-02,3.786149e-02,3.785492e-02,3.822917e-02,3.862098e-02,3.900857e-02,3.941285e-02,3.981431e-02,4.022759e-02,4.065563e-02,4.108395e-02,4.152074e-02,4.197278e-02,4.242711e-02,4.289052e-02,4.336982e-02,4.385210e-02,4.434093e-02,4.484785e-02,4.588249e-02,4.587776e-02,4.696518e-02,4.752102e-02,4.752008e-02,4.849151e-02,4.908022e-02,4.980114e-02,5.029587e-02,5.117424e-02,5.169290e-02,5.214974e-02,5.302257e-02,5.363418e-02,5.441098e-02,5.498203e-02,5.593427e-02,5.645433e-02,5.737333e-02,5.800282e-02,5.856075e-02,5.953100e-02,6.019874e-02,6.113348e-02,6.173400e-02,6.269992e-02,6.333234e-02,6.424901e-02,6.499625e-02,6.584585e-02,6.652149e-02,6.751812e-02,6.822206e-02,6.914519e-02,6.987020e-02,7.083713e-02,7.149070e-02,7.249318e-02,7.327257e-02,7.383816e-02,7.488833e-02,7.596284e-02,7.668312e-02,7.767004e-02,7.841670e-02,7.942959e-02,8.006588e-02,8.112231e-02,8.177188e-02,8.272080e-02,8.339574e-02,8.451936e-02,8.521351e-02,8.620710e-02,8.690917e-02,8.795494e-02,8.852314e-02,8.952897e-02,9.027535e-02,9.119608e-02,9.229947e-02,9.285941e-02,9.382321e-02,9.445426e-02,9.556512e-02,9.597886e-02,9.699573e-02,9.797067e-02,9.864771e-02,9.946042e-02,1.000928e-01,1.011813e-01,1.016356e-01,1.026874e-01,1.035550e-01,1.042303e-01,1.051192e-01,1.056028e-01,1.065788e-01,1.077152e-01,1.082185e-01,1.091635e-01,1.096779e-01,1.104197e-01,1.113964e-01,1.119283e-01,1.129269e-01,1.135461e-01,1.143314e-01,1.151255e-01,1.156821e-01,1.164919e-01,1.176381e-01,1.179704e-01,1.191407e-01,1.194800e-01,1.206749e-01,1.216273e-01,1.220632e-01,1.230336e-01,1.240167e-01,1.247394e-01,1.255530e-01,1.265697e-01,1.273172e-01,1.280720e-01,1.292157e-01,1.296979e-01,1.305711e-01,1.316561e-01,1.322457e-01,1.330499e-01,1.342688e-01,1.347830e-01,1.357141e-01,1.365540e-01,1.371858e-01,1.381403e-01,1.390055e-01,1.395506e-01,1.405375e-01,1.414279e-01,1.420936e-01,1.426592e-01,1.436834e-01,1.446077e-01,1.453033e-01,1.458907e-01,1.469500e-01,1.475488e-01,1.482687e-01,1.492434e-01,1.499773e-01,1.505930e-01,1.513384e-01,1.523477e-01,1.531078e-01,1.537498e-01,1.545220e-01,1.555634e-01,1.559544e-01,1.571456e-01,1.578169e-01,1.586242e-01,1.590284e-01,1.598423e-01,1.605334e-01,1.613648e-01,1.622035e-01,1.624869e-01,1.633318e-01,1.641882e-01,1.646174e-01,1.653446e-01,1.657790e-01,1.666578e-01,1.670943e-01,1.679852e-01,1.688844e-01,1.697918e-01,1.700988e-01,1.710177e-01,1.714747e-01,1.724065e-01,1.728739e-01,1.733434e-01,1.741351e-01,1.746106e-01,1.750885e-01,1.760549e-01,1.765396e-01,1.770229e-01,1.773533e-01,1.783417e-01,1.788374e-01,1.793321e-01,1.796701e-01,1.801725e-01,1.806773e-01,1.810161e-01,1.815252e-01,1.820367e-01,1.825508e-01,1.830675e-01,1.835867e-01,1.839354e-01,1.839314e-01,1.844550e-01,1.849813e-01,1.855103e-01,1.860384e-01,1.865726e-01,1.871097e-01,1.871057e-01,1.876454e-01,1.881879e-01,1.887294e-01,1.887253e-01,1.892732e-01,1.898239e-01,1.898160e-01,1.903694e-01,1.909256e-01,1.909211e-01,1.916624e-01,1.916542e-01,1.922172e-01,1.922126e-01,1.929628e-01,1.929548e-01,1.935247e-01,1.937058e-01,1.942797e-01,1.942754e-01,1.950366e-01,1.950321e-01,1.952158e-01,1.957978e-01,1.965698e-01,1.967559e-01,1.973461e-01,1.975336e-01,1.975289e-01,1.983166e-01,1.983084e-01,1.991019e-01,1.992925e-01,1.992878e-01,2.000885e-01,2.000840e-01,2.002731e-01,2.004659e-01,2.004616e-01,2.006551e-01,2.008489e-01,2.008411e-01,2.010356e-01,2.010316e-01,2.018460e-01,2.018385e-01,2.020350e-01,2.022318e-01,2.022282e-01,2.024256e-01,2.024184e-01,2.026162e-01,2.026128e-01,2.028111e-01,2.028040e-01,2.030026e-01,2.029993e-01,2.031984e-01,2.031915e-01,2.031882e-01,2.033877e-01,2.027557e-01,2.027487e-01,2.027456e-01,2.029443e-01,2.029410e-01,2.029339e-01,2.029307e-01,2.029273e-01,2.027219e-01,2.020893e-01,2.020858e-01,2.018817e-01,2.016778e-01,2.008555e-01,2.008482e-01,2.006459e-01,2.002461e-01,1.994337e-01,1.992338e-01,1.988349e-01,1.980320e-01,1.976408e-01,1.974438e-01,1.964589e-01,1.960729e-01,1.950956e-01,1.947141e-01,1.935657e-01,1.931893e-01,1.920561e-01,1.916846e-01,1.907483e-01,1.902001e-01,1.892718e-01,1.881777e-01,1.878189e-01,1.867391e-01,1.858435e-01,1.853189e-01,1.844348e-01,1.833878e-01,1.830396e-01,1.820058e-01,1.816663e-01,1.808113e-01,1.797984e-01,1.789580e-01,1.781242e-01,1.772968e-01,1.769670e-01,1.761484e-01,1.753362e-01,1.743741e-01,1.735756e-01,1.734160e-01,1.726247e-01,1.719918e-01,1.707422e-01,1.701159e-01,1.693493e-01,1.691959e-01,1.685835e-01,1.679746e-01,1.673695e-01,1.666230e-01,1.660258e-01,1.654320e-01,1.646997e-01,1.639727e-01,1.629569e-01,1.623758e-01,1.612390e-01,1.605367e-01,1.599746e-01,1.594157e-01,1.583127e-01,1.577632e-01,1.572167e-01,1.566733e-01,1.557303e-01,1.550666e-01,1.541393e-01,1.536129e-01,1.530895e-01,1.525689e-01,1.516656e-01,1.511472e-01,1.502574e-01,1.498736e-01,1.489958e-01,1.486170e-01,1.478698e-01,1.476139e-01,1.468747e-01,1.465045e-01,1.458903e-01,1.456398e-01,1.445594e-01,1.444269e-01,1.437128e-01,1.431171e-01,1.427616e-01,1.422837e-01,1.419313e-01,1.412424e-01,1.403229e-01,1.399781e-01,1.394066e-01,1.387315e-01,1.380615e-01,1.378314e-01,1.367428e-01,1.360879e-01,1.357592e-01,1.351118e-01,1.343731e-01,1.337361e-01,1.333156e-01,1.320742e-01,1.316618e-01,1.310449e-01,1.304326e-01,1.297344e-01,1.285397e-01,1.282390e-01,1.275595e-01,1.269726e-01,1.263900e-01,1.258114e-01,1.249607e-01,1.244826e-01,1.239177e-01,1.234457e-01,1.228881e-01,1.218780e-01,1.216944e-01,1.209670e-01,1.204266e-01,1.198899e-01,1.194414e-01,1.184750e-01,1.180347e-01,1.176794e-01,1.171614e-01,1.167284e-01,1.155458e-01,1.151220e-01,1.147005e-01,1.142813e-01,1.133785e-01,1.128892e-01,1.124031e-01,1.116831e-01,1.112806e-01,1.104204e-01,1.099505e-01,1.092545e-01,1.088652e-01,1.078028e-01,1.076443e-01,1.069705e-01,1.063097e-01,1.059362e-01,1.049172e-01,1.044823e-01,1.038384e-01,1.034846e-01,1.024349e-01,1.020155e-01,1.014601e-01,1.010467e-01,1.000411e-01,9.963628e-02,9.903716e-02,9.864528e-02,9.766935e-02,9.702665e-02,9.645797e-02,9.613514e-02,9.520348e-02,9.482772e-02,9.427860e-02,9.390824e-02,9.300933e-02,5.559138e-03,5.559138e-03,5.559138e-03,5.559138e-03,5.559138e-03,5.559138e-03,5.559138e-03,5.559138e-03,5.559138e-03,5.559138e-03,5.559138e-03,5.559138e-03,5.559138e-03,5.559138e-03,5.559138e-03,5.559138e-03,5.559138e-03,5.559138e-03,5.559138e-03,5.559138e-03,5.559138e-03,5.559138e-03,5.559138e-03,5.559138e-03,5.559138e-03,5.559138e-03,5.559138e-03,5.559138e-03,5.559138e-03,5.559138e-03,5.559138e-03,5.559138e-03,5.559138e-03,5.559138e-03,5.559138e-03,5.559138e-03,5.559138e-03,5.559138e-03,5.559138e-03,5.559138e-03,5.559138e-03,5.559138e-03,5.559138e-03,5.559138e-03,5.559138e-03,5.559138e-03,5.559138e-03,5.559138e-03,5.559138e-03,5.559138e-03,5.559138e-03,5.559138e-03,5.559138e-03,5.559138e-03,5.559138e-03,5.559138e-03,5.559138e-03,5.559138e-03,5.559138e-03,5.559138e-03,5.559138e-03,5.559138e-03,5.559138e-03,5.559138e-03,5.559138e-03,5.559138e-03,5.559138e-03,5.559138e-03,5.559138e-03,5.559138e-03,5.559138e-03,5.559138e-03,5.559138e-03,5.559138e-03,5.559138e-03,5.559138e-03,5.559138e-03,5.559138e-03,5.559138e-03,5.559138e-03,5.559138e-03,5.559138e-03,5.559138e-03,5.559138e-03,5.559138e-03,5.559138e-03,5.559138e-03,5.559138e-03,5.559138e-03,5.559138e-03,5.559138e-03,5.559138e-03,5.559138e-03,5.559138e-03,5.559138e-03,5.559138e-03,5.559138e-03,5.559138e-03,5.559138e-03,5.559138e-03,5.559138e-03,5.559138e-03,5.559138e-03,5.559138e-03,5.559138e-03,5.559138e-03,5.559138e-03,5.559138e-03,5.559138e-03,5.559138e-03,5.559138e-03,5.559138e-03,5.559138e-03,5.559138e-03,5.559138e-03,5.559138e-03,5.559138e-03,5.559138e-03,5.559138e-03,5.559138e-03,5.559138e-03,5.559138e-03,5.559138e-03,5.559138e-03,5.559138e-03,5.559138e-03,5.559138e-03,5.559138e-03,5.559138e-03,5.559138e-03,5.559138e-03,5.559138e-03,5.559138e-03,5.559138e-03,5.559138e-03,5.559138e-03,5.559138e-03,5.559138e-03,5.559138e-03,5.559138e-03,5.559138e-03,5.559138e-03,5.559138e-03,5.559138e-03,5.559138e-03,5.559138e-03,5.559138e-03,5.559138e-03,5.559138e-03,5.559138e-03,5.559138e-03,5.559138e-03,5.559138e-03,5.559138e-03,5.559138e-03,5.559138e-03,5.559138e-03,5.559138e-03,5.559138e-03,5.559138e-03,5.559138e-03
3.058755e-02,3.037177e-02,3.017934e-02,3.001707e-02,2.989661e-02,2.984021e-02,2.982434e-02,2.981877e-02,2.981327e-02,2.980942e-02,2.979166e-02,2.973834e-02,2.970921e-02,2.970438e-02,2.970304e-02,2.971950e-02,2.973698e-02,2.974695e-02,2.976515e-02,2.976477e-02,2.974301e-02,2.968922e-02,2.963447e-02,2.958574e-02,2.957468e-02,2.955666e-02,2.952682e-02,2.947212e-02,2.943667e-02,2.940500e-02,2.933677e-02,2.925036e-02,2.918052e-02,2.912532e-02,2.909577e-02,2.906729e-02,2.903344e-02,2.902657e-02,2.901741e-02,2.902459e-02,2.905649e-02,2.915010e-02,2.926872e-02,2.938226e-02,2.952373e-02,2.970685e-02,2.988949e-02,3.007169e-02,3.031868e-02,3.060474e-02,3.093060e-02,3.128851e-02,3.168060e-02,3.206903e-02,3.245525e-02,3.282326e-02,3.318987e-02,3.355360e-02,3.389929e-02,3.421590e-02,3.450375e-02,3.478102e-02,3.502102e-02,3.523912e-02,3.547442e-02,3.571159e-02,3.592948e-02,3.613599e-02,3.631388e-02,3.649068e-02,3.666789e-02,3.679414e-02,3.691668e-02,3.703057e-02,3.713075e-02,3.722809e-02,3.732330e-02,3.745435e-02,3.757530e-02,3.770203e-02,3.784267e-02,3.802904e-02,3.825580e-02,3.852015e-02,3.881528e-02,3.916144e-02,3.957133e-02,4.001212e-02,4.051842e-02,4.108163e-02,4.170543e-02,4.234939e-02,4.304803e-02,4.381782e-02,4.460865e-02,4.544640e-02,4.633948e-02,4.730680e-02,4.830103e-02,4.934406e-02,5.046837e-02,5.158226e-02,5.276719e-02,5.400359e-02,5.528927e-02,5.661914e-02,5.799582e-02,5.945188e-02,6.098594e-02,6.247923e-02,6.406169e-02,6.566120e-02,6.729907e-02,6.905074e-02,7.084514e-02,7.259583e-02,7.436639e-02,7.615930e-02,7.795686e-02,7.975641e-02,8.154699e-02,8.326104e-02,8.495293e-02,8.655998e-02,8.812005e-02,8.957283e-02,9.087293e-02,9.214513e-02,9.335873e-02,9.444164e-02,9.547653e-02,9.647739e-02,9.755163e-02,9.841475e-02,9.925325e-02,9.999463e-02,1.007184e-01,1.013328e-01,1.019521e-01,1.024940e-01,1.031517e-01,1.035298e-01,1.038614e-01,1.043627e-01,1.047214e-01,1.052259e-01,1.055910e-01,1.061120e-01,1.064843e-01,1.068580e-01,1.073449e-01,1.076655e-01,1.079419e-01,1.082498e-01,1.084665e-01,1.085609e-01,1.084936e-01,1.085282e-01,1.083786e-01,1.081854e-01,1.080063e-01,1.079553e-01,1.077174e-01,1.075653e-01,1.073589e-01,1.071029e-01,1.067945e-01,1.062953e-01,1.058819e-01,1.054227e-01,1.049283e-01,1.044065e-01,1.038688e-01,1.033372e-01,1.028155e-01,1.023065e-01,1.018214e-01,1.013675e-01,1.009481e-01,1.005522e-01,1.001803e-01,9.983798e-02,9.951548e-02,9.921945e-02,9.894081e-02,9.868619e-02,9.846489e-02,9.825949e-02,9.808237e-02,9.792613e-02,9.781087e-02,9.771497e-02,9.764587e-02,9.748854e-02,9.747515e-02,9.748546e-02,9.750453e-02,9.752628e-02,9.755113e-02,9.756620e-02,9.744150e-02,9.739976e-02,9.732768e-02,9.721384e-02,9.692959e-02,9.671178e-02,9.643895e-02,9.599275e-02,9.561290e-02,9.518437e-02,9.473154e-02,9.415386e-02,9.365472e-02,9.312930e-02,9.248852e-02,9.196947e-02,9.136128e-02,9.087182e-02,9.041494e-02,8.991761e-02,8.958199e-02,8.918717e-02,8.896035e-02,8.868967e-02,8.856828e-02,8.840425e-02,8.828272e-02,8.831332e-02,8.827305e-02,8.834214e-02,8.829551e-02,8.832314e-02,8.819705e-02,8.797932e-02,8.776744e-02,8.733975e-02,8.688727e-02,8.618211e-02,8.537530e-02,8.452330e-02,8.349883e-02,8.237587e-02,8.127249e-02,8.002790e-02,7.876717e-02,7.749015e-02,7.632482e-02,7.514226e-02,7.402435e-02,7.311298e-02,7.221370e-02,7.143717e-02,7.070825e-02,7.007032e-02,6.933607e-02,6.852570e-02,6.762437e-02,6.662072e-02,6.544036e-02,6.408750e-02,6.263124e-02,6.100755e-02,5.939107e-02,5.768348e-02,5.599381e-02,5.435918e-02,5.274976e-02,5.133311e-02,5.002411e-02,4.893778e-02,4.792482e-02,4.711923e-02,4.646427e-02,4.593500e-02,4.549598e-02,4.525270e-02,4.505795e-02,4.510558e-02,4.528377e-02,4.584204e-02,4.662814e-02,4.808927e-02,4.983656e-02,5.237681e-02,5.528951e-02,5.899536e-02,6.317181e-02,6.789307e-02,7.307838e-02,7.891972e-02,8.512927e-02,9.174720e-02,9.874134e-02,1.062405e-01,1.138715e-01,1.215978e-01,1.294756e-01,1.375933e-01,1.455320e-01,1.533223e-01,1.610192e-01,1.688409e-01,1.761502e-01,1.831951e-01,1.900068e-01,1.965604e-01,2.028893e-01,2.089984e-01,2.149247e-01,2.212819e-01,2.269513e-01,2.324773e-01,2.379056e-01,2.432320e-01,2.484919e-01,2.536481e-01,2.587479e-01,2.637620e-01,2.686985e-01,2.735722e-01,2.793205e-01,2.840683e-01,2.887563e-01,2.930508e-01,2.975699e-01,3.020080e-01,3.063687e-01,3.107429e-01,3.149370e-01,3.190441e-01,3.230615e-01,3.269833e-01,3.308423e-01,3.346273e-01,3.381581e-01,3.417382e-01,3.452533e-01,3.486800e-01,3.518711e-01,3.551624e-01,3.583703e-01,3.611457e-01,3.640407e-01,3.666703e-01,3.694276e-01,3.719224e-01,3.745538e-01,3.769202e-01,3.794216e-01,3.816833e-01,3.840773e-01,3.861142e-01,3.881657e-01,3.904499e-01,3.925453e-01,3.948696e-01,3.970142e-01,3.991645e-01,4.015510e-01,4.037344e-01,4.061667e-01,4.081530e-01,4.103740e-01,4.126037e-01,4.146047e-01,4.168346e-01,4.190773e-01,4.213216e-01,4.233198e-01,4.255487e-01,4.277846e-01,4.300110e-01,4.322188e-01,4.344294e-01,4.366134e-01,4.387803e-01,4.409363e-01,4.430604e-01,4.451588e-01,4.472248e-01,4.492649e-01,4.507240e-01,4.524829e-01,4.542523e-01,4.560389e-01,4.578368e-01,4.596604e-01,4.615087e-01,4.630581e-01,4.649314e-01,4.668208e-01,4.684177e-01,4.703544e-01,4.719815e-01,4.736180e-01,4.752703e-01,4.769401e-01,4.789508e-01,4.806530e-01,4.823661e-01,4.840936e-01,4.858342e-01,4.875871e-01,4.893543e-01,4.907895e-01,4.925876e-01,4.944022e-01,4.962255e-01,4.980809e-01,4.995706e-01,5.014504e-01,5.029691e-01,5.045007e-01,5.064289e-01,5.079872e-01,5.095576e-01,5.111365e-01,5.127241e-01,5.143279e-01,5.159536e-01,5.175832e-01,5.192102e-01,5.208557e-01,5.221045e-01,5.237814e-01,5.254423e-01,5.266637e-01,5.283643e-01,5.300707e-01,5.317356e-01,5.330168e-01,5.343101e-01,5.360199e-01,5.373002e-01,5.386309e-01,5.404277e-01,5.417609e-01,5.431179e-01,5.444988e-01,5.463369e-01,5.477298e-01,5.491407e-01,5.505629e-01,5.519834e-01,5.534291e-01,5.548846e-01,5.563462e-01,5.578259e-01,5.593180e-01,5.607991e-01,5.623213e-01,5.638445e-01,5.648650e-01,5.664060e-01,5.674483e-01,5.690027e-01,5.705581e-01,5.716251e-01,5.732190e-01,5.742738e-01,5.758818e-01,5.769647e-01,5.785742e-01,5.796702e-01,5.807637e-01,5.818459e-01,5.834855e-01,5.845923e-01,5.857017e-01,5.868354e-01,5.885087e-01,5.896088e-01,5.907321e-01,5.918718e-01,5.929814e-01,5.941158e-01,5.952647e-01,5.963993e-01,5.975617e-01,5.987189e-01,5.998655e-01,6.004482e-01,6.016343e-01,6.028154e-01,6.040112e-01,6.046193e-01,6.058417e-01,6.070706e-01,6.082653e-01,6.088938e-01,6.101331e-01,6.113516e-01,6.119768e-01,6.126120e-01,6.138791e-01,6.145075e-01,6.157408e-01,6.163820e-01,6.176614e-01,6.182758e-01,6.189064e-01,6.195402e-01,6.201436e-01,6.207608e-01,6.214117e-01,6.220630e-01,6.226913e-01,6.232841e-01,6.239045e-01,6.245502e-01,6.251976e-01,6.258155e-01,6.264022e-01,6.270145e-01,6.276663e-01,6.283207e-01,6.289190e-01,6.294297e-01,6.300059e-01,6.306445e-01,6.312743e-01,6.318099e-01,6.322280e-01,6.327399e-01,6.332976e-01,6.338308e-01,6.343525e-01,6.348750e-01,6.353337e-01,6.356589e-01,6.359881e-01,6.364345e-01,6.368304e-01,6.372126e-01,6.376647e-01,6.379859e-01,6.380401e-01,6.382298e-01,6.385371e-01,6.389219e-01,6.390461e-01,6.387699e-01,6.388941e-01,6.391360e-01,6.392568e-01,6.393149e-01,6.393033e-01,6.394241e-01,6.396112e-01,6.392131e-01,6.380824e-01,6.376210e-01,6.374780e-01,6.370178e-01,6.364931e-01,6.360346e-01,6.357728e-01,6.355115e-01,6.354457e-01,6.354527e-01,6.353221e-01,6.349960e-01,6.352019e-01,6.357228e-01,6.361217e-01,6.365136e-01,6.369029e-01,6.373618e-01,6.379534e-01,6.383997e-01,6.389827e-01,6.394971e-01,6.399351e-01,6.405104e-01,6.409390e-01,6.414461e-01,6.420210e-01,6.427241e-01,6.433019e-01,6.440272e-01,6.447437e-01,6.454731e-01,6.461365e-01,6.469504e-01,6.476977e-01,6.485159e-01,6.492650e-01,6.501574e-01,6.510647e-01,6.518950e-01,6.527349e-01,6.537097e-01,6.546260e-01,6.554682e-01,6.563079e-01,6.572376e-01,6.581544e-01,6.590639e-01,6.600631e-01,6.609900e-01,6.619077e-01,6.628287e-01,6.638281e-01,6.646827e-01,6.656134e-01,6.665475e-01,6.675589e-01,6.684828e-01,6.695045e-01,6.705404e-01,6.714880e-01,6.725318e-01,6.734866e-01,6.744623e-01,6.753612e-01,6.764340e-01,6.773396e-01,6.782522e-01,6.791642e-01,6.802346e-01,6.812314e-01,6.822319e-01,6.832221e-01,6.842301e-01,6.852278e-01,6.861497e-01,6.870747e-01,6.879234e-01,6.889205e-01,6.899312e-01,6.908547e-01,6.915337e-01,6.922143e-01,6.929824e-01,6.938299e-01,6.946800e-01,6.955327e-01,6.963055e-01,6.971632e-01,6.979405e-01,6.987200e-01,6.994137e-01,7.002125e-01,7.009144e-01,7.015447e-01,7.021810e-01,7.028142e-01,7.035334e-01,7.042592e-01,7.049057e-01,7.055606e-01,7.061316e-01,7.067962e-01,7.073607e-01,7.080192e-01,7.084977e-01,7.090634e-01,7.095507e-01,7.100228e-01,7.104935e-01,7.110282e-01,7.115625e-01,7.120175e-01,7.124571e-01,7.128076e-01,7.132299e-01,7.135651e-01,7.139701e-01,7.143758e-01,7.146507e-01,7.149432e-01,7.152174e-01,7.154660e-01,7.157314e-01,7.159711e-01,7.161768e-01,7.162208e-01,7.163535e-01,7.165562e-01,7.167424e-01,7.169360e-01,7.169343e-01,7.169317e-01,7.169291e-01,7.169077e-01,7.169751e-01,7.169445e-01,7.169848e-01,7.169364e-01,7.168805e-01,7.167276e-01,7.165663e-01,7.164780e-01,7.164772e-01,7.163805e-01,7.161870e-01,7.158969e-01,7.155987e-01,7.151962e-01,7.150580e-01,7.149115e-01,7.147609e-01,7.144347e-01,7.141089e-01,7.139509e-01,7.138010e-01,7.135637e-01,7.132392e-01,7.128280e-01,7.125839e-01,7.124350e-01,7.121991e-01,7.117897e-01,7.114513e-01,7.113899e-01,7.114943e-01,7.114329e-01,7.110250e-01,7.106178e-01,7.103140e-01,7.099942e-01,7.095977e-01,7.090374e-01,7.084784e-01,7.080917e-01,7.077912e-01,7.071497e-01,7.060778e-01,7.049327e-01,7.040454e-01,7.031612e-01,7.019453e-01,6.999712e-01,6.977805e-01,6.958375e-01,6.940712e-01,6.923923e-01,6.906494e-01,6.885058e-01,6.856079e-01,6.818743e-01,6.782704e-01,6.756974e-01,6.734499e-01,6.706284e-01,6.668111e-01,6.629095e-01,6.602030e-01,6.583010e-01,6.566237e-01,6.546793e-01,6.524051e-01,6.503567e-01,6.483370e-01,6.463223e-01,6.450045e-01,6.443603e-01,6.437179e-01,6.430892e-01,6.424622e-01,6.418370e-01,6.412253e-01,6.406152e-01,6.406631e-01,6.400545e-01,6.401026e-01,6.401624e-01,6.402103e-01,6.396032e-01,6.396511e-01,6.396872e-01,6.397232e-01,6.391056e-01,6.384778e-01,6.385019e-01,6.385260e-01,6.385382e-01,6.385624e-01,6.385865e-01,6.379485e-01,6.379726e-01,6.379967e-01,6.380213e-01,6.373968e-01,6.374210e-01,6.367982e-01,6.368223e-01,6.368583e-01,6.368706e-01,6.362495e-01,6.362736e-01,6.362860e-01,6.363102e-01,6.356789e-01,6.356913e-01,6.357037e-01,6.357160e-01,6.357166e-01,6.357290e-01,6.357414e-01,6.363972e-01,6.364096e-01,6.364219e-01,6.364343e-01,6.364467e-01,6.364590e-01,6.364568e-01,6.371141e-01,6.371265e-01,6.371388e-01,6.371512e-01,6.377954e-01,6.377958e-01,6.384563e-01,6.384687e-01,6.384663e-01,6.384666e-01,6.391407e-01,6.397897e-01,6.398021e-01,6.404648e-01,6.404892e-01,6.405136e-01,6.405353e-01,6.405719e-01,6.412486e-01,6.412853e-01,6.413072e-01,6.413562e-01,6.420350e-01,6.420692e-01,6.427772e-01,6.427992e-01,6.428485e-01,6.435312e-01,6.435683e-01,6.442529e-01,6.442751e-01,6.443124e-01,6.443221e-01,6.443469e-01,6.450210e-01,6.450182e-01,6.456965e-01,6.456937e-01,6.463586e-01,6.463582e-01,6.463553e-01,6.470217e-01,6.470340e-01,6.470310e-01,6.476985e-01,6.477235e-01,6.484059e-01,6.484157e-01,6.484407e-01,6.484504e-01,6.484754e-01,6.484852e-01,6.485078e-01,6.492074e-01,6.492172e-01,6.492398e-01,6.499414e-01,6.499512e-01,6.499763e-01,6.499861e-01,6.499960e-01,6.500211e-01,6.500173e-01,6.500425e-01,6.500394e-01,6.493883e-01,6.493853e-01,6.487232e-01,6.487202e-01,6.480600e-01,6.480443e-01,6.480566e-01,6.473832e-01,6.473955e-01,6.467392e-01,6.460696e-01,6.454166e-01,6.447658e-01,6.447632e-01,6.441143e-01,6.434671e-01,6.434646e-01,6.428193e-01,6.421758e-01,6.415340e-01,6.408792e-01,6.402410e-01,6.396045e-01,6.389697e-01,6.376928e-01,6.370631e-01,6.357963e-01,6.351718e-01,6.345633e-01,6.332810e-01,6.326774e-01,6.314480e-01,6.302248e-01,6.283884e-01,6.271669e-01,6.253539e-01,6.241479e-01,6.229481e-01,6.217680e-01,6.199821e-01,6.188033e-01,6.170396e-01,6.153024e-01,6.135647e-01,6.118398e-01,6.101275e-01,6.084277e-01,6.067431e-01,6.044952e-01,6.022939e-01,6.000884e-01,5.984606e-01,5.968443e-01,5.947145e-01,5.926043e-01,5.899635e-01,5.873646e-01,5.847951e-01,5.827745e-01,5.807604e-01,5.792536e-01,5.767655e-01,5.738125e-01,5.708980e-01,5.680427e-01,5.656631e-01,5.637868e-01,5.619265e-01,5.605610e-01,5.587359e-01,5.569260e-01,5.546919e-01,5.520265e-01,5.489559e-01,5.459185e-01,5.429330e-01,5.408099e-01,5.395527e-01,5.374630e-01,5.358232e-01,5.337721e-01,5.321447e-01,5.301291e-01,5.285387e-01,5.265574e-01,5.249940e-01,5.226771e-01,5.207965e-01,5.189479e-01,5.170988e-01,5.152177e-01,5.126250e-01,5.104428e-01,5.082779e-01,5.057717e-01,5.033122e-01,5.001834e-01,4.974262e-01,4.943570e-01,4.906743e-01,4.864042e-01,4.828531e-01,4.778212e-01,4.720147e-01,4.669685e-01,4.606472e-01,4.540031e-01,4.462823e-01,4.403977e-01,4.319991e-01,4.237338e-01,4.151604e-01,4.082478e-01,3.987705e-01,3.897897e-01,3.809296e-01,3.711575e-01,3.643622e-01,3.549198e-01,3.460273e-01,3.376204e-01,3.283792e-01,3.196809e-01,3.137846e-01,3.070102e-01,2.984609e-01,2.913961e-01,2.846808e-01,2.791892e-01,2.730586e-01,2.672117e-01,2.616242e-01,2.570282e-01,2.533221e-01,2.490200e-01,2.448680e-01,2.415174e-01,2.376213e-01,2.344680e-01,2.313998e-01,2.284150e-01,2.260828e-01,2.237994e-01,2.215624e-01,2.193680e-01,2.172179e-01,2.156310e-01,2.140697e-01,2.125318e-01,2.110117e-01,2.095151e-01,2.085277e-01,2.070689e-01,2.056274e-01,2.046762e-01,2.037337e-01,2.032674e-01,2.023394e-01,2.014191e-01,2.009642e-01,2.000578e-01,1.996064e-01,1.991590e-01,1.987140e-01,1.982695e-01,1.978280e-01,1.973897e-01,1.969510e-01,1.965146e-01,1.965141e-01,1.960819e-01,1.960833e-01,1.960848e-01,1.960885e-01,1.956577e-01,1.956581e-01,1.956628e-01,1.956642e-01,1.960998e-01,1.961035e-01,1.961064e-01,1.961097e-01,1.965469e-01,1.965502e-01,1.969904e-01,1.974317e-01,1.978792e-01,1.978828e-01,1.983294e-01,1.992228e-01,1.996781e-01,2.001325e-01,2.010448e-01,2.019629e-01,2.028930e-01,2.042973e-01,2.052492e-01,2.062078e-01,2.076602e-01,2.086394e-01,2.101277e-01,2.116340e-01,2.126543e-01,2.147157e-01,2.157676e-01,2.173568e-01,2.189725e-01,2.200652e-01,2.222788e-01,2.234049e-01,2.251083e-01,2.268433e-01,2.286035e-01,2.297976e-01,2.316039e-01,2.334434e-01,2.346915e-01,2.372142e-01,2.385029e-01,2.404548e-01,2.424458e-01,2.444674e-01,2.458379e-01,2.479197e-01,2.500403e-01,2.521988e-01,2.536644e-01,2.558833e-01,2.581509e-01,2.596874e-01,2.620233e-01,2.636142e-01,2.660316e-01,2.676654e-01,2.693278e-01,2.718495e-01,2.735657e-01,2.753050e-01,2.779508e-01,2.797503e-01,2.815768e-01,2.834232e-01,2.852995e-01,2.881518e-01,2.891314e-01,2.920756e-01,2.940760e-01,2.950949e-01,2.971357e-01,3.002621e-01,3.013313e-01,3.034696e-01,3.056462e-01,3.078519e-01,3.100993e-01,3.112451e-01,3.135404e-01,3.158788e-01,3.170640e-01,3.194634e-01,3.206896e-01,3.231391e-01,3.256430e-01,3.269140e-01,3.294862e-01,3.307960e-01,3.334175e-01,3.347622e-01,3.374709e-01,3.388431e-01,3.402350e-01,3.430387e-01,3.444632e-01,3.459051e-01,3.488094e-01,3.502861e-01,3.517832e-01,3.532925e-01,3.563355e-01,3.578891e-01,3.594579e-01,3.610381e-01,3.626382e-01,3.642543e-01,3.658863e-01,3.673749e-01,3.685389e-01,3.700403e-01,3.715597e-01,3.732515e-01,3.746358e-01,3.763715e-01,3.775996e-01,3.795459e-01,3.808056e-01,3.822504e-01,3.835293e-01,3.850017e-01,3.864818e-01,3.879830e-01,3.893102e-01,3.908328e-01,3.923759e-01,3.935412e-01,3.952961e-01,3.964770e-01,3.978680e-01,3.992739e-01,4.004881e-01,4.017118e-01,4.033444e-01,4.047979e-01,4.060350e-01,4.073029e-01,4.085672e-01,4.098405e-01,4.107020e-01,4.119873e-01,4.130737e-01,4.146010e-01,4.159227e-01,4.170399e-01,4.186095e-01,4.197465e-01,4.206482e-01,4.215777e-01,4.224937e-01,4.234274e-01,4.245930e-01,4.257581e-01,4.264770e-01,4.274400e-01,4.283894e-01,4.295868e-01,4.305553e-01,4.312926e-01,4.315607e-01,4.327706e-01,4.332696e-01,4.340216e-01,4.347632e-01,4.357641e-01,4.365204e-01,4.372774e-01,4.377938e-01,4.385581e-01,4.390700e-01,4.400881e-01,4.403548e-01,4.413740e-01,4.421584e-01,4.429324e-01,4.439712e-01,4.444977e-01,4.452774e-01,4.460719e-01,4.463468e-01,4.471398e-01,4.474162e-01,4.482135e-01,4.482256e-01,4.490365e-01,4.493292e-01,4.501324e-01,4.504147e-01,4.509589e-01,4.512482e-01,4.517947e-01,4.520626e-01,4.526127e-01,4.528998e-01,4.537071e-01,4.542511e-01,4.550639e-01,4.553482e-01,4.564240e-01,4.564329e-01,4.572609e-01,4.575358e-01,4.580825e-01,4.583571e-01,4.589184e-01,4.589058e-01,4.594623e-01,4.591935e-01,4.597556e-01,4.597367e-01,4.600132e-01,4.600130e-01,4.605598e-01,4.602833e-01,4.605541e-01,4.605427e-01,4.610908e-01,4.610717e-01,4.616212e-01,4.616019e-01,4.618793e-01,4.618916e-01,4.622577e-01,4.622384e-01,4.625228e-01,4.625197e-01,4.625189e-01,4.625045e-01,4.625100e-01,4.625020e-01,4.627740e-01,4.627596e-01,4.627588e-01,4.624540e-01,4.627186e-01,4.627128e-01,4.626871e-01,4.626749e-01,4.629284e-01,4.623460e-01,4.628855e-01,4.625820e-01,4.625711e-01,4.625531e-01,4.628076e-01,4.625052e-01,4.624871e-01,4.619126e-01,4.618955e-01,4.618712e-01,4.612924e-01,4.609988e-01,4.607047e-01,4.598609e-01,4.598441e-01,4.592902e-01,4.589989e-01,4.584485e-01,4.581586e-01,4.575913e-01,4.573221e-01,4.565057e-01,4.559495e-01,4.553950e-01,4.551183e-01,4.545663e-01,4.542945e-01,4.537510e-01,4.534876e-01,4.524237e-01,4.521491e-01,4.510975e-01,4.505810e-01,4.500589e-01,4.492843e-01,4.485129e-01,4.480024e-01,4.469869e-01,4.467469e-01,4.457485e-01,4.449987e-01,4.442508e-01,4.437704e-01,4.427963e-01,4.423140e-01,4.408437e-01,4.401249e-01,4.396609e-01,4.382171e-01,4.372650e-01,4.365491e-01,4.353648e-01,4.341922e-01,4.332627e-01,4.325665e-01,4.311710e-01,4.300133e-01,4.290914e-01,4.277274e-01,4.263581e-01,4.254546e-01,4.243340e-01,4.229902e-01,4.214293e-01,4.201081e-01,4.194523e-01,4.179318e-01,4.164193e-01,4.149196e-01,4.136459e-01,4.125946e-01,4.109214e-01,4.096856e-01,4.086578e-01,4.076441e-01,4.064220e-01,4.052176e-01,4.042237e-01,4.032401e-01,4.022575e-01,4.010895e-01,4.001236e-01,3.995643e-01,3.992000e-01,3.980481e-01,3.974867e-01,3.967377e-01,3.959876e-01,3.956373e-01,3.950882e-01,3.945321e-01,3.939822e-01,3.936088e-01,3.930619e-01,3.925039e-01,3.921362e-01,3.915770e-01,3.912071e-01,3.906595e-01,3.903086e-01,3.899541e-01,3.895894e-01,3.896077e-01,3.896135e-01,3.894460e-01,3.890935e-01,3.891106e-01,3.891137e-01,3.891320e-01,3.893368e-01,3.893509e-01,3.895464e-01,3.897479e-01,3.899408e-01,3.903245e-01,3.903387e-01,3.905406e-01,3.905449e-01,3.905528e-01,3.905553e-01,3.903797e-01,3.902011e-01,3.898408e-01,3.896518e-01,3.896597e-01,3.894861e-01,3.896839e-01,3.893163e-01,3.891364e-01,3.887784e-01,3.886015e-01,3.886177e-01,3.884369e-01,3.882604e-01,3.882712e-01,3.880871e-01,3.879193e-01,3.877464e-01,3.873934e-01,3.868470e-01,3.865000e-01,3.857878e-01,3.854348e-01,3.840125e-01,3.833162e-01,3.824447e-01,3.813942e-01,3.803648e-01,3.793417e-01,3.779729e-01,3.766137e-01,3.751056e-01,3.735919e-01,3.719324e-01,3.699462e-01,3.673490e-01,3.657523e-01,3.641613e-01,3.625884e-01,3.594732e-01,3.564139e-01,3.549062e-01,3.519369e-01,3.475768e-01,3.447292e-01,3.419426e-01,3.378509e-01,3.338568e-01,3.299705e-01,3.261770e-01,3.224749e-01,3.165075e-01,3.130403e-01,3.052554e-01,2.999356e-01,2.938215e-01,2.889237e-01,2.823424e-01,2.769565e-01,2.700975e-01,2.635945e-01,2.544023e-01,2.472284e-01,2.404544e-01,2.327995e-01,2.261986e-01,2.183159e-01,2.114617e-01,2.007758e-01,1.932072e-01,1.857689e-01,1.788564e-01,1.707022e-01,1.641542e-01,1.540357e-01,1.470402e-01,1.405975e-01,1.344249e-01,1.281138e-01,1.204768e-01,1.147536e-01,1.097972e-01,1.050542e-01,1.003880e-01,9.486028e-02,9.092885e-02,8.747314e-02,8.433551e-02,8.165566e-02,7.772691e-02,7.547142e-02,7.339594e-02,7.126967e-02,6.909920e-02,6.703616e-02,6.571922e-02,6.444000e-02,6.320143e-02,6.200679e-02,6.084454e-02,6.027294e-02,5.916917e-02,5.862367e-02,5.756964e-02,5.704897e-02,5.653565e-02,5.603566e-02,5.553801e-02,5.504769e-02,5.456983e-02,5.456401e-02,5.408739e-02,5.408686e-02,5.361768e-02,5.361153e-02,5.361122e-02,5.360580e-02,5.314308e-02,5.313745e-02,5.313693e-02,5.313140e-02,5.358276e-02,5.358266e-02,5.357703e-02,5.357097e-02,5.402892e-02,5.402871e-02,5.449379e-02,5.448838e-02,5.496551e-02,5.544474e-02,5.543967e-02,5.593176e-02,5.642584e-02,5.692747e-02,5.744259e-02,5.743788e-02,5.795562e-02,5.848687e-02,5.902070e-02,5.956825e-02,6.011887e-02,6.067839e-02,6.125233e-02,6.182976e-02,6.241652e-02,6.301803e-02,6.362405e-02,6.423981e-02,6.487116e-02,6.550775e-02,6.615471e-02,6.681785e-02,6.817171e-02,6.816747e-02,6.957348e-02,7.029018e-02,7.028634e-02,7.153639e-02,7.229228e-02,7.321237e-02,7.383594e-02,7.495112e-02,7.560440e-02,7.617925e-02,7.727033e-02,7.803978e-02,7.900383e-02,7.971303e-02,8.089091e-02,8.153561e-02,8.266864e-02,8.343516e-02,8.411497e-02,8.530449e-02,8.611709e-02,8.725100e-02,8.798403e-02,8.915960e-02,8.992450e-02,9.103246e-02,9.193464e-02,9.296780e-02,9.378460e-02,9.497926e-02,9.582666e-02,9.693645e-02,9.781337e-02,9.896379e-02,9.974239e-02,1.009361e-01,1.018765e-01,1.025570e-01,1.038054e-01,1.050802e-01,1.059436e-01,1.071190e-01,1.080117e-01,1.092231e-01,1.099907e-01,1.112419e-01,1.120338e-01,1.131653e-01,1.139815e-01,1.153126e-01,1.161558e-01,1.173563e-01,1.182248e-01,1.194649e-01,1.201793e-01,1.214529e-01,1.223759e-01,1.235014e-01,1.248390e-01,1.256075e-01,1.267864e-01,1.275810e-01,1.289938e-01,1.296010e-01,1.308479e-01,1.321114e-01,1.329668e-01,1.340470e-01,1.349200e-01,1.362604e-01,1.369306e-01,1.383020e-01,1.394616e-01,1.403995e-01,1.415912e-01,1.423098e-01,1.435368e-01,1.450306e-01,1.457809e-01,1.470571e-01,1.478272e-01,1.488700e-01,1.501961e-01,1.509966e-01,1.523577e-01,1.531858e-01,1.542996e-01,1.554284e-01,1.562796e-01,1.574358e-01,1.589132e-01,1.594999e-01,1.610139e-01,1.616151e-01,1.631655e-01,1.644247e-01,1.650567e-01,1.663427e-01,1.676469e-01,1.686354e-01,1.696407e-01,1.709939e-01,1.720198e-01,1.730568e-01,1.744697e-01,1.751756e-01,1.762581e-01,1.777128e-01,1.784524e-01,1.795650e-01,1.810817e-01,1.818404e-01,1.830028e-01,1.841710e-01,1.849635e-01,1.861636e-01,1.873700e-01,1.881797e-01,1.894200e-01,1.906664e-01,1.915122e-01,1.923559e-01,1.936496e-01,1.949501e-01,1.958326e-01,1.967133e-01,1.980638e-01,1.989641e-01,1.998828e-01,2.012653e-01,2.022046e-01,2.031417e-01,2.040989e-01,2.055386e-01,2.065171e-01,2.074928e-01,2.084895e-01,2.099897e-01,2.104992e-01,2.120393e-01,2.130665e-01,2.141155e-01,2.146441e-01,2.157089e-01,2.167706e-01,2.178558e-01,2.189517e-01,2.194915e-01,2.206044e-01,2.217278e-01,2.222941e-01,2.234216e-01,2.239965e-01,2.251543e-01,2.257390e-01,2.269148e-01,2.281028e-01,2.293032e-01,2.298949e-01,2.311141e-01,2.317311e-01,2.329699e-01,2.335948e-01,2.342230e-01,2.354754e-01,2.361128e-01,2.367548e-01,2.380479e-01,2.386995e-01,2.393559e-01,2.399997e-01,2.413287e-01,2.419974e-01,2.426723e-01,2.433342e-01,2.440152e-01,2.446991e-01,2.453726e-01,2.460652e-01,2.467607e-01,2.474602e-01,2.481637e-01,2.488713e-01,2.495683e-01,2.495667e-01,2.502824e-01,2.510023e-01,2.517263e-01,2.524563e-01,2.531878e-01,2.539248e-01,2.539231e-01,2.546633e-01,2.554079e-01,2.561575e-01,2.561547e-01,2.569071e-01,2.576628e-01,2.576605e-01,2.584196e-01,2.591832e-01,2.591780e-01,2.599638e-01,2.599591e-01,2.607321e-01,2.607256e-01,2.615210e-01,2.615174e-01,2.622999e-01,2.623124e-01,2.630997e-01,2.630955e-01,2.639076e-01,2.639022e-01,2.639148e-01,2.647120e-01,2.655331e-01,2.655447e-01,2.663508e-01,2.663624e-01,2.663555e-01,2.671840e-01,2.671790e-01,2.680139e-01,2.680257e-01,2.680187e-01,2.688604e-01,2.688546e-01,2.688708e-01,2.688839e-01,2.688807e-01,2.688963e-01,2.689119e-01,2.689104e-01,2.689286e-01,2.689265e-01,2.697792e-01,2.697803e-01,2.697998e-01,2.698193e-01,2.698211e-01,2.698419e-01,2.698455e-01,2.698676e-01,2.698706e-01,2.698927e-01,2.698975e-01,2.699195e-01,2.699239e-01,2.699472e-01,2.699532e-01,2.699575e-01,2.699809e-01,2.691489e-01,2.691549e-01,2.691604e-01,2.691835e-01,2.691878e-01,2.691936e-01,2.691992e-01,2.692034e-01,2.691887e-01,2.683630e-01,2.683672e-01,2.683525e-01,2.683366e-01,2.674958e-01,2.675014e-01,2.674856e-01,2.674510e-01,2.666157e-01,2.665999e-01,2.665670e-01,2.657360e-01,2.657006e-01,2.656848e-01,2.648396e-01,2.648044e-01,2.639662e-01,2.639311e-01,2.630790e-01,2.630442e-01,2.621965e-01,2.621618e-01,2.613389e-01,2.612878e-01,2.604714e-01,2.596426e-01,2.596097e-01,2.587863e-01,2.579854e-01,2.579355e-01,2.571399e-01,2.563319e-01,2.563007e-01,2.554979e-01,2.554659e-01,2.546852e-01,2.538912e-01,2.531189e-01,2.523512e-01,2.515880e-01,2.515564e-01,2.507969e-01,2.500429e-01,2.492772e-01,2.485322e-01,2.485167e-01,2.477761e-01,2.470558e-01,2.456271e-01,2.449205e-01,2.442008e-01,2.441856e-01,2.434855e-01,2.427883e-01,2.420961e-01,2.413914e-01,2.407069e-01,2.400252e-01,2.393322e-01,2.386431e-01,2.373214e-01,2.366582e-01,2.353424e-01,2.346753e-01,2.340263e-01,2.333807e-01,2.321009e-01,2.314655e-01,2.308334e-01,2.302047e-01,2.289720e-01,2.283393e-01,2.271258e-01,2.265163e-01,2.259099e-01,2.253066e-01,2.241238e-01,2.235290e-01,2.223648e-01,2.217923e-01,2.206445e-01,2.200804e-01,2.189620e-01,2.184176e-01,2.173152e-01,2.167671e-01,2.156918e-01,2.151628e-01,2.135594e-01,2.130521e-01,2.119996e-01,2.109686e-01,2.104494e-01,2.094442e-01,2.089312e-01,2.079172e-01,2.064254e-01,2.059262e-01,2.049492e-01,2.039699e-01,2.029993e-01,2.025262e-01,2.010854e-01,2.001396e-01,1.996682e-01,1.987354e-01,1.978013e-01,1.968847e-01,1.964170e-01,1.946203e-01,1.941625e-01,1.932768e-01,1.923992e-01,1.915205e-01,1.898053e-01,1.893783e-01,1.885257e-01,1.876880e-01,1.868572e-01,1.860330e-01,1.848130e-01,1.840144e-01,1.832137e-01,1.824275e-01,1.816393e-01,1.800924e-01,1.797167e-01,1.785775e-01,1.778192e-01,1.770666e-01,1.763282e-01,1.748630e-01,1.741410e-01,1.734326e-01,1.727130e-01,1.720069e-01,1.702566e-01,1.695689e-01,1.688856e-01,1.682072e-01,1.668604e-01,1.661888e-01,1.655220e-01,1.645318e-01,1.638841e-01,1.626011e-01,1.619596e-01,1.610069e-01,1.603830e-01,1.588374e-01,1.585333e-01,1.576158e-01,1.567114e-01,1.561165e-01,1.546426e-01,1.540548e-01,1.531824e-01,1.526145e-01,1.511924e-01,1.506272e-01,1.497948e-01,1.492386e-01,1.478745e-01,1.473302e-01,1.465232e-01,1.459915e-01,1.446748e-01,1.438861e-01,1.431152e-01,1.426060e-01,1.413452e-01,1.408412e-01,1.400977e-01,1.396008e-01,1.383849e-01,4.908117e-03,4.908117e-03,4.908117e-03,4.908117e-03,4.908117e-03,4.908117e-03,4.908117e-03,4.908117e-03,4.908117e-03,4.908117e-03,4.908117e-03,4.908117e-03,4.908117e-03,4.908117e-03,4.908117e-03,4.908117e-03,4.908117e-03,4.908117e-03,4.908117e-03,4.908117e-03,4.908117e-03,4.908117e-03,4.908117e-03,4.908117e-03,4.908117e-03,4.908117e-03,4.908117e-03,4.908117e-03,4.908117e-03,4.908117e-03,4.908117e-03,4.908117e-03,4.908117e-03,4.908117e-03,4.908117e-03,4.908117e-03,4.908117e-03,4.908117e-03,4.908117e-03,4.908117e-03,4.908117e-03,4.908117e-03,4.908117e-03,4.908117e-03,4.908117e-03,4.908117e-03,4.908117e-03,4.908117e-03,4.908117e-03,4.908117e-03,4.908117e-03,4.908117e-03,4.908117e-03,4.908117e-03,4.908117e-03,4.908117e-03,4.908117e-03,4.908117e-03,4.908117e-03,4.908117e-03,4.908117e-03,4.908117e-03,4.908117e-03,4.908117e-03,4.908117e-03,4.908117e-03,4.908117e-03,4.908117e-03,4.908117e-03,4.908117e-03,4.908117e-03,4.908117e-03,4.908117e-03,4.908117e-03,4.908117e-03,4.908117e-03,4.908117e-03,4.908117e-03,4.908117e-03,4.908117e-03,4.908117e-03,4.908117e-03,4.908117e-03,4.908117e-03,4.908117e-03,4.908117e-03,4.908117e-03,4.908117e-03,4.908117e-03,4.908117e-03,4.908117e-03,4.908117e-03,4.908117e-03,4.908117e-03,4.908117e-03,4.908117e-03,4.908117e-03,4.908117e-03,4.908117e-03,4.908117e-03,4.908117e-03,4.908117e-03,4.908117e-03,4.908117e-03,4.908117e-03,4.908117e-03,4.908117e-03,4.908117e-03,4.908117e-03,4.908117e-03,4.908117e-03,4.908117e-03,4.908117e-03,4.908117e-03,4.908117e-03,4.908117e-03,4.908117e-03,4.908117e-03,4.908117e-03,4.908117e-03,4.908117e-03,4.908117e-03,4.908117e-03,4.908117e-03,4.908117e-03,4.908117e-03,4.908117e-03,4.908117e-03,4.908117e-03,4.908117e-03,4.908117e-03,4.908117e-03,4.908117e-03,4.908117e-03,4.908117e-03,4.908117e-03,4.908117e-03,4.908117e-03,4.908117e-03,4.908117e-03,4.908117e-03,4.908117e-03,4.908117e-03,4.908117e-03,4.908117e-03,4.908117e-03,4.908117e-03,4.908117e-03,4.908117e-03,4.908117e-03,4.908117e-03,4.908117e-03,4.908117e-03,4.908117e-03,4.908117e-03,4.908117e-03,4.908117e-03,4.908117e-03,4.908117e-03,4.908117e-03,4.908117e-03
2.458871e-02,2.456199e-02,2.452866e-02,2.449535e-02,2.446206e-02,2.442891e-02,2.438923e-02,2.435613e-02,2.432312e-02,2.428349e-02,2.425051e-02,2.421085e-02,2.417794e-02,2.414504e-02,2.410551e-02,2.407265e-02,2.403980e-02,2.400694e-02,2.398072e-02,2.394795e-02,2.392169e-02,2.389541e-02,2.386922e-02,2.384956e-02,2.383003e-02,2.380390e-02,2.378437e-02,2.377143e-02,2.375190e-02,2.373246e-02,2.371959e-02,2.370009e-02,2.368729e-02,2.366791e-02,2.365516e-02,2.364241e-02,2.362305e-02,2.361032e-02,2.359766e-02,2.357832e-02,2.356562e-02,2.355299e-02,2.353378e-02,2.352108e-02,2.350191e-02,2.348931e-02,2.347672e-02,2.345747e-02,2.344501e-02,2.343258e-02,2.341367e-02,2.340150e-02,2.338941e-02,2.337742e-02,2.336552e-02,2.335372e-02,2.334861e-02,2.333707e-02,2.332548e-02,2.332063e-02,2.330921e-02,2.329789e-02,2.329309e-02,2.328170e-02,2.327710e-02,2.326603e-02,2.326150e-02,2.325699e-02,2.324581e-02,2.324117e-02,2.323645e-02,2.322487e-02,2.321966e-02,2.321439e-02,2.320233e-02,2.319683e-02,2.319128e-02,2.318603e-02,2.317415e-02,2.316895e-02,2.316397e-02,2.315307e-02,2.314921e-02,2.314579e-02,2.313663e-02,2.313498e-02,2.313426e-02,2.312801e-02,2.312994e-02,2.312698e-02,2.313226e-02,2.313275e-02,2.314211e-02,2.314756e-02,2.316228e-02,2.317389e-02,2.319604e-02,2.321638e-02,2.324189e-02,2.327988e-02,2.331860e-02,2.336492e-02,2.342012e-02,2.348553e-02,2.356897e-02,2.365909e-02,2.376386e-02,2.388999e-02,2.403496e-02,2.420268e-02,2.439575e-02,2.461131e-02,2.485620e-02,2.514686e-02,2.548540e-02,2.584322e-02,2.625153e-02,2.670588e-02,2.721836e-02,2.778319e-02,2.840876e-02,2.907387e-02,2.979609e-02,3.055328e-02,3.137527e-02,3.221683e-02,3.311079e-02,3.401810e-02,3.497879e-02,3.592877e-02,3.693073e-02,3.790114e-02,3.892716e-02,3.992479e-02,4.097730e-02,4.199610e-02,4.306431e-02,4.405738e-02,4.511078e-02,4.611091e-02,4.714815e-02,4.814821e-02,4.910375e-02,5.015644e-02,5.118066e-02,5.224998e-02,5.328309e-02,5.437460e-02,5.541609e-02,5.645276e-02,5.746170e-02,5.837987e-02,5.919737e-02,6.008397e-02,6.075975e-02,6.115436e-02,6.116093e-02,6.108912e-02,6.087813e-02,6.054813e-02,6.023056e-02,5.993001e-02,5.955100e-02,5.914250e-02,5.867760e-02,5.816929e-02,5.761301e-02,5.698157e-02,5.632983e-02,5.564384e-02,5.493338e-02,5.420803e-02,5.347979e-02,5.277225e-02,5.208941e-02,5.142733e-02,5.079817e-02,5.021008e-02,4.966473e-02,4.914609e-02,4.865538e-02,4.820107e-02,4.777200e-02,4.736700e-02,4.698381e-02,4.662340e-02,4.629317e-02,4.598066e-02,4.569322e-02,4.542179e-02,4.518739e-02,4.496890e-02,4.477198e-02,4.458030e-02,4.442804e-02,4.429427e-02,4.416717e-02,4.404732e-02,4.392617e-02,4.379822e-02,4.363951e-02,4.347157e-02,4.328620e-02,4.306735e-02,4.279817e-02,4.251386e-02,4.219123e-02,4.182245e-02,4.143572e-02,4.102631e-02,4.060370e-02,4.017010e-02,3.973126e-02,3.928822e-02,3.883660e-02,3.840861e-02,3.799051e-02,3.759831e-02,3.723147e-02,3.689499e-02,3.660686e-02,3.633177e-02,3.611082e-02,3.591310e-02,3.575772e-02,3.562038e-02,3.550648e-02,3.543077e-02,3.536497e-02,3.530985e-02,3.523673e-02,3.516428e-02,3.505453e-02,3.489388e-02,3.470051e-02,3.444087e-02,3.413273e-02,3.374016e-02,3.331012e-02,3.283226e-02,3.232586e-02,3.178389e-02,3.123497e-02,3.067270e-02,3.012117e-02,2.958072e-02,2.908154e-02,2.861121e-02,2.817898e-02,2.781681e-02,2.748405e-02,2.720557e-02,2.694433e-02,2.670598e-02,2.645493e-02,2.619171e-02,2.590370e-02,2.558621e-02,2.523983e-02,2.486672e-02,2.447977e-02,2.407796e-02,2.368732e-02,2.331560e-02,2.297235e-02,2.265172e-02,2.236951e-02,2.213247e-02,2.193271e-02,2.176752e-02,2.163064e-02,2.152128e-02,2.143751e-02,2.136849e-02,2.131740e-02,2.128060e-02,2.125778e-02,2.125499e-02,2.126378e-02,2.132226e-02,2.140011e-02,2.157276e-02,2.179234e-02,2.214772e-02,2.262079e-02,2.330400e-02,2.418162e-02,2.533804e-02,2.678561e-02,2.862271e-02,3.085512e-02,3.353127e-02,3.667732e-02,4.035388e-02,4.452585e-02,4.912866e-02,5.421718e-02,5.974144e-02,6.565931e-02,7.186109e-02,7.836908e-02,8.512111e-02,9.199589e-02,9.895217e-02,1.059912e-01,1.130504e-01,1.201466e-01,1.272541e-01,1.343946e-01,1.417212e-01,1.489862e-01,1.562843e-01,1.636629e-01,1.711173e-01,1.786825e-01,1.863019e-01,1.940332e-01,2.018333e-01,2.096919e-01,2.176371e-01,2.259467e-01,2.339964e-01,2.421016e-01,2.501137e-01,2.582257e-01,2.663204e-01,2.743918e-01,2.824155e-01,2.903617e-01,2.982134e-01,3.059486e-01,3.135303e-01,3.210355e-01,3.284141e-01,3.354932e-01,3.424067e-01,3.491648e-01,3.556755e-01,3.618949e-01,3.679982e-01,3.738165e-01,3.791503e-01,3.843784e-01,3.892072e-01,3.939171e-01,3.982367e-01,4.024349e-01,4.062335e-01,4.098854e-01,4.132249e-01,4.163967e-01,4.193984e-01,4.224286e-01,4.256163e-01,4.287091e-01,4.319472e-01,4.350928e-01,4.382441e-01,4.415324e-01,4.446975e-01,4.479995e-01,4.510206e-01,4.541573e-01,4.572706e-01,4.602126e-01,4.632464e-01,4.662402e-01,4.691779e-01,4.719028e-01,4.746923e-01,4.774053e-01,4.800237e-01,4.825314e-01,4.849369e-01,4.872059e-01,4.893392e-01,4.913321e-01,4.931617e-01,4.948233e-01,4.963009e-01,4.975959e-01,4.984591e-01,4.994953e-01,5.005302e-01,5.015701e-01,5.026101e-01,5.036558e-01,5.047132e-01,5.055996e-01,5.066644e-01,5.077305e-01,5.086302e-01,5.097123e-01,5.106203e-01,5.115328e-01,5.124477e-01,5.133673e-01,5.144667e-01,5.153949e-01,5.163208e-01,5.172526e-01,5.181856e-01,5.191219e-01,5.200588e-01,5.208180e-01,5.217656e-01,5.227172e-01,5.236682e-01,5.246296e-01,5.254024e-01,5.263698e-01,5.271495e-01,5.279377e-01,5.289222e-01,5.297168e-01,5.305143e-01,5.313138e-01,5.321153e-01,5.329206e-01,5.337366e-01,5.345477e-01,5.353585e-01,5.361793e-01,5.367982e-01,5.376259e-01,5.384446e-01,5.390557e-01,5.398830e-01,5.407117e-01,5.415259e-01,5.421464e-01,5.427694e-01,5.435871e-01,5.442016e-01,5.448263e-01,5.456617e-01,5.462870e-01,5.469108e-01,5.475455e-01,5.483891e-01,5.490262e-01,5.496668e-01,5.503160e-01,5.509584e-01,5.516121e-01,5.522677e-01,5.529265e-01,5.535867e-01,5.542558e-01,5.549162e-01,5.555909e-01,5.562658e-01,5.567233e-01,5.574016e-01,5.578632e-01,5.585439e-01,5.592248e-01,5.596929e-01,5.603809e-01,5.608448e-01,5.615353e-01,5.620044e-01,5.626882e-01,5.631597e-01,5.636238e-01,5.640875e-01,5.647765e-01,5.652429e-01,5.657027e-01,5.661738e-01,5.668615e-01,5.673210e-01,5.677830e-01,5.682478e-01,5.687002e-01,5.691639e-01,5.696316e-01,5.700952e-01,5.705635e-01,5.710308e-01,5.715049e-01,5.717500e-01,5.722294e-01,5.727165e-01,5.732046e-01,5.734613e-01,5.739540e-01,5.744564e-01,5.749442e-01,5.752118e-01,5.757072e-01,5.762004e-01,5.764674e-01,5.767288e-01,5.772300e-01,5.774903e-01,5.779846e-01,5.782482e-01,5.787501e-01,5.790081e-01,5.792612e-01,5.795161e-01,5.797648e-01,5.800158e-01,5.802735e-01,5.805300e-01,5.807828e-01,5.810299e-01,5.812826e-01,5.815382e-01,5.817941e-01,5.820453e-01,5.823002e-01,5.825581e-01,5.828224e-01,5.830883e-01,5.833441e-01,5.835860e-01,5.838394e-01,5.841096e-01,5.843706e-01,5.846178e-01,5.848530e-01,5.850966e-01,5.853465e-01,5.855925e-01,5.858378e-01,5.860823e-01,5.863179e-01,5.865513e-01,5.867657e-01,5.869778e-01,5.872029e-01,5.874051e-01,5.876313e-01,5.878379e-01,5.879879e-01,5.881732e-01,5.883561e-01,5.885582e-01,5.887345e-01,5.888330e-01,5.890086e-01,5.891816e-01,5.893428e-01,5.895092e-01,5.896498e-01,5.898113e-01,5.899843e-01,5.900723e-01,5.900510e-01,5.901286e-01,5.902495e-01,5.903271e-01,5.903952e-01,5.904729e-01,5.905821e-01,5.906921e-01,5.908329e-01,5.909801e-01,5.911114e-01,5.912104e-01,5.914042e-01,5.916400e-01,5.918509e-01,5.920661e-01,5.922675e-01,5.924937e-01,5.927418e-01,5.929437e-01,5.931823e-01,5.933957e-01,5.935880e-01,5.938171e-01,5.939997e-01,5.942036e-01,5.944184e-01,5.946588e-01,5.948739e-01,5.951205e-01,5.953568e-01,5.956040e-01,5.958406e-01,5.961087e-01,5.963668e-01,5.966358e-01,5.968790e-01,5.971594e-01,5.974503e-01,5.977202e-01,5.979860e-01,5.982784e-01,5.985555e-01,5.988267e-01,5.990832e-01,5.993765e-01,5.996445e-01,5.999021e-01,6.001967e-01,6.004655e-01,6.007241e-01,6.009829e-01,6.012528e-01,6.015013e-01,6.017608e-01,6.020207e-01,6.022917e-01,6.025260e-01,6.027976e-01,6.030801e-01,6.033258e-01,6.036089e-01,6.038550e-01,6.041276e-01,6.043740e-01,6.046690e-01,6.049159e-01,6.051633e-01,6.054107e-01,6.056805e-01,6.059395e-01,6.061988e-01,6.064473e-01,6.067071e-01,6.069562e-01,6.071943e-01,6.074326e-01,6.076447e-01,6.078836e-01,6.081180e-01,6.083461e-01,6.085249e-01,6.087039e-01,6.089099e-01,6.091116e-01,6.093134e-01,6.095153e-01,6.097061e-01,6.099083e-01,6.100993e-01,6.102905e-01,6.104546e-01,6.106572e-01,6.108374e-01,6.110018e-01,6.111821e-01,6.113466e-01,6.115226e-01,6.117146e-01,6.118900e-01,6.120663e-01,6.122313e-01,6.124165e-01,6.125791e-01,6.127618e-01,6.129191e-01,6.130880e-01,6.132543e-01,6.134092e-01,6.135703e-01,6.137305e-01,6.138890e-01,6.140450e-01,6.141896e-01,6.143288e-01,6.144681e-01,6.145960e-01,6.147300e-01,6.148640e-01,6.149685e-01,6.150768e-01,6.151797e-01,6.152682e-01,6.153684e-01,6.154542e-01,6.155245e-01,6.155818e-01,6.156506e-01,6.157254e-01,6.157886e-01,6.158607e-01,6.159059e-01,6.159495e-01,6.159930e-01,6.160311e-01,6.160807e-01,6.161160e-01,6.161590e-01,6.161891e-01,6.162169e-01,6.162308e-01,6.162422e-01,6.162618e-01,6.162913e-01,6.163070e-01,6.163087e-01,6.162965e-01,6.162817e-01,6.162518e-01,6.162551e-01,6.162559e-01,6.162554e-01,6.162318e-01,6.162083e-01,6.162067e-01,6.162063e-01,6.161943e-01,6.161709e-01,6.161360e-01,6.161229e-01,6.161225e-01,6.161106e-01,6.160758e-01,6.160406e-01,6.160517e-01,6.160847e-01,6.160958e-01,6.160610e-01,6.160263e-01,6.160149e-01,6.159916e-01,6.159677e-01,6.159219e-01,6.158762e-01,6.158535e-01,6.158422e-01,6.157851e-01,6.156696e-01,6.155439e-01,6.154526e-01,6.153613e-01,6.152244e-01,6.149727e-01,6.146990e-01,6.144479e-01,6.142200e-01,6.140027e-01,6.137752e-01,6.134793e-01,6.130823e-01,6.125495e-01,6.120293e-01,6.116567e-01,6.113298e-01,6.109134e-01,6.103401e-01,6.097465e-01,6.093329e-01,6.090427e-01,6.087863e-01,6.084857e-01,6.081300e-01,6.078080e-01,6.074978e-01,6.071767e-01,6.069782e-01,6.068904e-01,6.068026e-01,6.067264e-01,6.066502e-01,6.065741e-01,6.065095e-01,6.064450e-01,6.064908e-01,6.064264e-01,6.064720e-01,6.065294e-01,6.065754e-01,6.065111e-01,6.065571e-01,6.065916e-01,6.066261e-01,6.065503e-01,6.064630e-01,6.064860e-01,6.065089e-01,6.065203e-01,6.065433e-01,6.065663e-01,6.064675e-01,6.064905e-01,6.065135e-01,6.065363e-01,6.064492e-01,6.064722e-01,6.063851e-01,6.064082e-01,6.064429e-01,6.064543e-01,6.063673e-01,6.063904e-01,6.064018e-01,6.064249e-01,6.063263e-01,6.063378e-01,6.063492e-01,6.063607e-01,6.063605e-01,6.063720e-01,6.063835e-01,6.065050e-01,6.065164e-01,6.065279e-01,6.065393e-01,6.065508e-01,6.065623e-01,6.062497e-01,6.063711e-01,6.063825e-01,6.063940e-01,6.064055e-01,6.062030e-01,6.062028e-01,6.063241e-01,6.063356e-01,6.060235e-01,6.060233e-01,6.061562e-01,6.059541e-01,6.059653e-01,6.057751e-01,6.057983e-01,6.058215e-01,6.055336e-01,6.055685e-01,6.053904e-01,6.054253e-01,6.051381e-01,6.051847e-01,6.050070e-01,6.047320e-01,6.048877e-01,6.046013e-01,6.046480e-01,6.044708e-01,6.045058e-01,6.043288e-01,6.040432e-01,6.040783e-01,6.037813e-01,6.038047e-01,6.036167e-01,6.033088e-01,6.034290e-01,6.031213e-01,6.029223e-01,6.029224e-01,6.026155e-01,6.024170e-01,6.024288e-01,6.021226e-01,6.019247e-01,6.019481e-01,6.017618e-01,6.014681e-01,6.014915e-01,6.011983e-01,6.012216e-01,6.009288e-01,6.006478e-01,6.007784e-01,6.004861e-01,6.002058e-01,6.003362e-01,6.000445e-01,6.000679e-01,5.997767e-01,5.994858e-01,5.995092e-01,5.992077e-01,5.992311e-01,5.989295e-01,5.988467e-01,5.985456e-01,5.984514e-01,5.981509e-01,5.980570e-01,5.977456e-01,5.977575e-01,5.973524e-01,5.973644e-01,5.972708e-01,5.968666e-01,5.967738e-01,5.966805e-01,5.963825e-01,5.962894e-01,5.961963e-01,5.958990e-01,5.958061e-01,5.957133e-01,5.956205e-01,5.952194e-01,5.951269e-01,5.950344e-01,5.949419e-01,5.947452e-01,5.946529e-01,5.944564e-01,5.943642e-01,5.945792e-01,5.937696e-01,5.939840e-01,5.940946e-01,5.942052e-01,5.942117e-01,5.940157e-01,5.940223e-01,5.938265e-01,5.936309e-01,5.937413e-01,5.934420e-01,5.932468e-01,5.929482e-01,5.929548e-01,5.926566e-01,5.923589e-01,5.920615e-01,5.917645e-01,5.914689e-01,5.907677e-01,5.906719e-01,5.899731e-01,5.896789e-01,5.893851e-01,5.892900e-01,5.891949e-01,5.883991e-01,5.879042e-01,5.874105e-01,5.873163e-01,5.869247e-01,5.863377e-01,5.858364e-01,5.849518e-01,5.840706e-01,5.837787e-01,5.827087e-01,5.820334e-01,5.813600e-01,5.810874e-01,5.804274e-01,5.797692e-01,5.793031e-01,5.784532e-01,5.775093e-01,5.762847e-01,5.753494e-01,5.740452e-01,5.732190e-01,5.719264e-01,5.712916e-01,5.702766e-01,5.693598e-01,5.683531e-01,5.677180e-01,5.667184e-01,5.660877e-01,5.655462e-01,5.661759e-01,5.670905e-01,5.674600e-01,5.664519e-01,5.655356e-01,5.649955e-01,5.644469e-01,5.635385e-01,5.631711e-01,5.626123e-01,5.613534e-01,5.597363e-01,5.576920e-01,5.554857e-01,5.534659e-01,5.512855e-01,5.488677e-01,5.468958e-01,5.450163e-01,5.437260e-01,5.425089e-01,5.422889e-01,5.404210e-01,5.380031e-01,5.346530e-01,5.315946e-01,5.272414e-01,5.225272e-01,5.184287e-01,5.138103e-01,5.103776e-01,5.058486e-01,5.018287e-01,4.976737e-01,4.931313e-01,4.882971e-01,4.854303e-01,4.815858e-01,4.765685e-01,4.722744e-01,4.677174e-01,4.641840e-01,4.598012e-01,4.553484e-01,4.513123e-01,4.478933e-01,4.447447e-01,4.409761e-01,4.372783e-01,4.342984e-01,4.304454e-01,4.271439e-01,4.238981e-01,4.208485e-01,4.183089e-01,4.158068e-01,4.129475e-01,4.102542e-01,4.076028e-01,4.052927e-01,4.032623e-01,4.010133e-01,3.986613e-01,3.964637e-01,3.946990e-01,3.925563e-01,3.904310e-01,3.887241e-01,3.870332e-01,3.858671e-01,3.843194e-01,3.827819e-01,3.817551e-01,3.803535e-01,3.793331e-01,3.785377e-01,3.775356e-01,3.766399e-01,3.758566e-01,3.749772e-01,3.740946e-01,3.733199e-01,3.729084e-01,3.721467e-01,3.719490e-01,3.717515e-01,3.715619e-01,3.710084e-01,3.707072e-01,3.706235e-01,3.704276e-01,3.707963e-01,3.706079e-01,3.705195e-01,3.702297e-01,3.704962e-01,3.702065e-01,3.705775e-01,3.708445e-01,3.713296e-01,3.712437e-01,3.714141e-01,3.720400e-01,3.724255e-01,3.728011e-01,3.734396e-01,3.740726e-01,3.748228e-01,3.758262e-01,3.765837e-01,3.774424e-01,3.783590e-01,3.790067e-01,3.800417e-01,3.810717e-01,3.817369e-01,3.831574e-01,3.839429e-01,3.849955e-01,3.860587e-01,3.869637e-01,3.884335e-01,3.890098e-01,3.898589e-01,3.908367e-01,3.919297e-01,3.926352e-01,3.936200e-01,3.946178e-01,3.954534e-01,3.969847e-01,3.977093e-01,3.988438e-01,4.001159e-01,4.010286e-01,4.020100e-01,4.030532e-01,4.045986e-01,4.057832e-01,4.066695e-01,4.078555e-01,4.091896e-01,4.099581e-01,4.114301e-01,4.126018e-01,4.142305e-01,4.151449e-01,4.162051e-01,4.177176e-01,4.186560e-01,4.195989e-01,4.212798e-01,4.222354e-01,4.233345e-01,4.244324e-01,4.254032e-01,4.268513e-01,4.276357e-01,4.292509e-01,4.305265e-01,4.310357e-01,4.320317e-01,4.338296e-01,4.346367e-01,4.357989e-01,4.369701e-01,4.381458e-01,4.393355e-01,4.400181e-01,4.412116e-01,4.422711e-01,4.428079e-01,4.440299e-01,4.447381e-01,4.456584e-01,4.469026e-01,4.474620e-01,4.488751e-01,4.494415e-01,4.502241e-01,4.507941e-01,4.520696e-01,4.526325e-01,4.532036e-01,4.543261e-01,4.550524e-01,4.556245e-01,4.565903e-01,4.573188e-01,4.578969e-01,4.584710e-01,4.597701e-01,4.603491e-01,4.609295e-01,4.616729e-01,4.622568e-01,4.628422e-01,4.637618e-01,4.644636e-01,4.647106e-01,4.652381e-01,4.656020e-01,4.658469e-01,4.663311e-01,4.667550e-01,4.671762e-01,4.676663e-01,4.680955e-01,4.687517e-01,4.690151e-01,4.695059e-01,4.699977e-01,4.704968e-01,4.709374e-01,4.716082e-01,4.721170e-01,4.723243e-01,4.730595e-01,4.730904e-01,4.737075e-01,4.741544e-01,4.745354e-01,4.752684e-01,4.755937e-01,4.763908e-01,4.765831e-01,4.773223e-01,4.778771e-01,4.782512e-01,4.785091e-01,4.790602e-01,4.793808e-01,4.801853e-01,4.807462e-01,4.816147e-01,4.824330e-01,4.831284e-01,4.833857e-01,4.842069e-01,4.846520e-01,4.852905e-01,4.858136e-01,4.863323e-01,4.869114e-01,4.877521e-01,4.882109e-01,4.887405e-01,4.892067e-01,4.898014e-01,4.902662e-01,4.907951e-01,4.909429e-01,4.915404e-01,4.919414e-01,4.926070e-01,4.930150e-01,4.936125e-01,4.939562e-01,4.943664e-01,4.947060e-01,4.951838e-01,4.954581e-01,4.957413e-01,4.963509e-01,4.967600e-01,4.972419e-01,4.975855e-01,4.976063e-01,4.980226e-01,4.983001e-01,4.985191e-01,4.987972e-01,4.990166e-01,4.990288e-01,4.994549e-01,4.999382e-01,5.003535e-01,5.004384e-01,5.007866e-01,5.010719e-01,5.014210e-01,5.010973e-01,5.016396e-01,5.019182e-01,5.021277e-01,5.020723e-01,5.022820e-01,5.023596e-01,5.022347e-01,5.020426e-01,5.024536e-01,5.021283e-01,5.016785e-01,5.015505e-01,5.015028e-01,5.007141e-01,5.004670e-01,5.002120e-01,4.999730e-01,4.989917e-01,4.984816e-01,4.980986e-01,4.974607e-01,4.970128e-01,4.963118e-01,4.957300e-01,4.950993e-01,4.941401e-01,4.935142e-01,4.925622e-01,4.918832e-01,4.918953e-01,4.939116e-01,4.929580e-01,4.924701e-01,4.917291e-01,4.909882e-01,4.900548e-01,4.895094e-01,4.887714e-01,4.879166e-01,4.869967e-01,4.862724e-01,4.851036e-01,4.842586e-01,4.835368e-01,4.824453e-01,4.815471e-01,4.805274e-01,4.795027e-01,4.785592e-01,4.776049e-01,4.768993e-01,4.761910e-01,4.753678e-01,4.742567e-01,4.735574e-01,4.727414e-01,4.718780e-01,4.710128e-01,4.700339e-01,4.691233e-01,4.683829e-01,4.675292e-01,4.666876e-01,4.662377e-01,4.655077e-01,4.648971e-01,4.641719e-01,4.632250e-01,4.628450e-01,4.623471e-01,4.615746e-01,4.608050e-01,4.602585e-01,4.594940e-01,4.591155e-01,4.585187e-01,4.581476e-01,4.576060e-01,4.570687e-01,4.565359e-01,4.561197e-01,4.556988e-01,4.553851e-01,4.550720e-01,4.548138e-01,4.544527e-01,4.544156e-01,4.545300e-01,4.545327e-01,4.543810e-01,4.547587e-01,4.550335e-01,4.552514e-01,4.554120e-01,4.557367e-01,4.562781e-01,4.566012e-01,4.568726e-01,4.568752e-01,4.570919e-01,4.573148e-01,4.574300e-01,4.574385e-01,4.574440e-01,4.571861e-01,4.569774e-01,4.571451e-01,4.568266e-01,4.566183e-01,4.565170e-01,4.561995e-01,4.558219e-01,4.556605e-01,4.555021e-01,4.554472e-01,4.552315e-01,4.550162e-01,4.548554e-01,4.549035e-01,4.547944e-01,4.549543e-01,4.550024e-01,4.552169e-01,4.550560e-01,4.552160e-01,4.554307e-01,4.558065e-01,4.560217e-01,4.563497e-01,4.567271e-01,4.573831e-01,4.580904e-01,4.582586e-01,4.585929e-01,4.590357e-01,4.593157e-01,4.600416e-01,4.605432e-01,4.607163e-01,4.610544e-01,4.611136e-01,4.614523e-01,4.612955e-01,4.611948e-01,4.608732e-01,4.606081e-01,4.606165e-01,4.610103e-01,4.612396e-01,4.612989e-01,4.616408e-01,4.614868e-01,4.617728e-01,4.620029e-01,4.621863e-01,4.621926e-01,4.625358e-01,4.630962e-01,4.632741e-01,4.633420e-01,4.639058e-01,4.639675e-01,4.642534e-01,4.644322e-01,4.648295e-01,4.649974e-01,4.651640e-01,4.650009e-01,4.651168e-01,4.652264e-01,4.654472e-01,4.653836e-01,4.655504e-01,4.658286e-01,4.662218e-01,4.661056e-01,4.663796e-01,4.666014e-01,4.667115e-01,4.672182e-01,4.671589e-01,4.672693e-01,4.674438e-01,4.673862e-01,4.678365e-01,4.679537e-01,4.680196e-01,4.676812e-01,4.679171e-01,4.682033e-01,4.680991e-01,4.679953e-01,4.681225e-01,4.681920e-01,4.681991e-01,4.685518e-01,4.689050e-01,4.688075e-01,4.690403e-01,4.693913e-01,4.688868e-01,4.686668e-01,4.681497e-01,4.677544e-01,4.676988e-01,4.674688e-01,4.670743e-01,4.661011e-01,4.649647e-01,4.645637e-01,4.637624e-01,4.622358e-01,4.611092e-01,4.603149e-01,4.589701e-01,4.574673e-01,4.559803e-01,4.543385e-01,4.528630e-01,4.501836e-01,4.485877e-01,4.447705e-01,4.418843e-01,4.389914e-01,4.366292e-01,4.331686e-01,4.308132e-01,4.274021e-01,4.250111e-01,4.201273e-01,4.159968e-01,4.119575e-01,4.071373e-01,4.027308e-01,3.970930e-01,3.916621e-01,3.830863e-01,3.764913e-01,3.699801e-01,3.636945e-01,3.562032e-01,3.496785e-01,3.394352e-01,3.319963e-01,3.247286e-01,3.175177e-01,3.096031e-01,3.000528e-01,2.923234e-01,2.853839e-01,2.786239e-01,2.716830e-01,2.632890e-01,2.571058e-01,2.514703e-01,2.462180e-01,2.415754e-01,2.347571e-01,2.306033e-01,2.266799e-01,2.224665e-01,2.182225e-01,2.140893e-01,2.112602e-01,2.085007e-01,2.058059e-01,2.031403e-01,2.005696e-01,1.990422e-01,1.965937e-01,1.951805e-01,1.927876e-01,1.915108e-01,1.902197e-01,1.890007e-01,1.878245e-01,1.866888e-01,1.855648e-01,1.854020e-01,1.842110e-01,1.840229e-01,1.829547e-01,1.827159e-01,1.825837e-01,1.824790e-01,1.814257e-01,1.813214e-01,1.811903e-01,1.811125e-01,1.819787e-01,1.819523e-01,1.818997e-01,1.817937e-01,1.826392e-01,1.826386e-01,1.835715e-01,1.835718e-01,1.844319e-01,1.853547e-01,1.853829e-01,1.863146e-01,1.872551e-01,1.882041e-01,1.892186e-01,1.892210e-01,1.902180e-01,1.913097e-01,1.922974e-01,1.933518e-01,1.943289e-01,1.954041e-01,1.964901e-01,1.975564e-01,1.986332e-01,1.997198e-01,2.008181e-01,2.019266e-01,2.030461e-01,2.041779e-01,2.052556e-01,2.063757e-01,2.085806e-01,2.086180e-01,2.109347e-01,2.121480e-01,2.122564e-01,2.142521e-01,2.153919e-01,2.168623e-01,2.179638e-01,2.196812e-01,2.206955e-01,2.216297e-01,2.233858e-01,2.245270e-01,2.260193e-01,2.271295e-01,2.289263e-01,2.298859e-01,2.315020e-01,2.327455e-01,2.338173e-01,2.354864e-01,2.366403e-01,2.382871e-01,2.392768e-01,2.408262e-01,2.418323e-01,2.433057e-01,2.444872e-01,2.456976e-01,2.466987e-01,2.481782e-01,2.491986e-01,2.505008e-01,2.514426e-01,2.528635e-01,2.538044e-01,2.551513e-01,2.560785e-01,2.567756e-01,2.581554e-01,2.595495e-01,2.603867e-01,2.615234e-01,2.623728e-01,2.634769e-01,2.641082e-01,2.653320e-01,2.658657e-01,2.668138e-01,2.674054e-01,2.686031e-01,2.691480e-01,2.699563e-01,2.703420e-01,2.713778e-01,2.715782e-01,2.717873e-01,2.721781e-01,2.727589e-01,2.735322e-01,2.731772e-01,2.737622e-01,2.739676e-01,2.741834e-01,2.736364e-01,2.742233e-01,2.742482e-01,2.744543e-01,2.742880e-01,2.739311e-01,2.745192e-01,2.739708e-01,2.739957e-01,2.738299e-01,2.734741e-01,2.733089e-01,2.727650e-01,2.731585e-01,2.731832e-01,2.726383e-01,2.724740e-01,2.719333e-01,2.715821e-01,2.714190e-01,2.708823e-01,2.707200e-01,2.707343e-01,2.703876e-01,2.700417e-01,2.695145e-01,2.691722e-01,2.695573e-01,2.688449e-01,2.692306e-01,2.685198e-01,2.689016e-01,2.691015e-01,2.689313e-01,2.691297e-01,2.693269e-01,2.693394e-01,2.698986e-01,2.700968e-01,2.701095e-01,2.701205e-01,2.708681e-01,2.706943e-01,2.712592e-01,2.714608e-01,2.718451e-01,2.718595e-01,2.726212e-01,2.724483e-01,2.730218e-01,2.730395e-01,2.734253e-01,2.740057e-01,2.740219e-01,2.738473e-01,2.744250e-01,2.744396e-01,2.748303e-01,2.746531e-01,2.752340e-01,2.752487e-01,2.756372e-01,2.754589e-01,2.760460e-01,2.758672e-01,2.762590e-01,2.762737e-01,2.766667e-01,2.764899e-01,2.768851e-01,2.768999e-01,2.772946e-01,2.771125e-01,2.775077e-01,2.775237e-01,2.777240e-01,2.783158e-01,2.781324e-01,2.785288e-01,2.787287e-01,2.791295e-01,2.789433e-01,2.793418e-01,2.797415e-01,2.793579e-01,2.797603e-01,2.801611e-01,2.803633e-01,2.801772e-01,2.803794e-01,2.807819e-01,2.809877e-01,2.813919e-01,2.817972e-01,2.822036e-01,2.818134e-01,2.822199e-01,2.824294e-01,2.828376e-01,2.830435e-01,2.832497e-01,2.830625e-01,2.832669e-01,2.834733e-01,2.838844e-01,2.840899e-01,2.842984e-01,2.839006e-01,2.843129e-01,2.845172e-01,2.847262e-01,2.843272e-01,2.845333e-01,2.847378e-01,2.843396e-01,2.845457e-01,2.847502e-01,2.849550e-01,2.851600e-01,2.853654e-01,2.849653e-01,2.849624e-01,2.851674e-01,2.853728e-01,2.855783e-01,2.857868e-01,2.859911e-01,2.861975e-01,2.861944e-01,2.863992e-01,2.866043e-01,2.868103e-01,2.868054e-01,2.870091e-01,2.872112e-01,2.872068e-01,2.874072e-01,2.876079e-01,2.875991e-01,2.884199e-01,2.884116e-01,2.886135e-01,2.886026e-01,2.894289e-01,2.894223e-01,2.896256e-01,2.902439e-01,2.904482e-01,2.904410e-01,2.912797e-01,2.912704e-01,2.918955e-01,2.921019e-01,2.929479e-01,2.935778e-01,2.937845e-01,2.944178e-01,2.944062e-01,2.952604e-01,2.952510e-01,2.961120e-01,2.967549e-01,2.967429e-01,2.976143e-01,2.976043e-01,2.982599e-01,2.989138e-01,2.989079e-01,2.995687e-01,3.002324e-01,3.002286e-01,3.008994e-01,3.008953e-01,3.017988e-01,3.017992e-01,3.024789e-01,3.031615e-01,3.031639e-01,3.038517e-01,3.038564e-01,3.045495e-01,3.045540e-01,3.052502e-01,3.052571e-01,3.059564e-01,3.059632e-01,3.066680e-01,3.066771e-01,3.066840e-01,3.073920e-01,3.071605e-01,3.071697e-01,3.071787e-01,3.078890e-01,3.078959e-01,3.079050e-01,3.079142e-01,3.079210e-01,3.072241e-01,3.069951e-01,3.070019e-01,3.063090e-01,3.056169e-01,3.046954e-01,3.047042e-01,3.040191e-01,3.026535e-01,3.017493e-01,3.010770e-01,2.997388e-01,2.988491e-01,2.975259e-01,2.968716e-01,2.953443e-01,2.940508e-01,2.925532e-01,2.912831e-01,2.891846e-01,2.879424e-01,2.858878e-01,2.846725e-01,2.832632e-01,2.814766e-01,2.800986e-01,2.781528e-01,2.770010e-01,2.750957e-01,2.737766e-01,2.721015e-01,2.708093e-01,2.689834e-01,2.679032e-01,2.661139e-01,2.650540e-01,2.638238e-01,2.620835e-01,2.608773e-01,2.596815e-01,2.584958e-01,2.574910e-01,2.563224e-01,2.551650e-01,2.535292e-01,2.523951e-01,2.519134e-01,2.507925e-01,2.501552e-01,2.488888e-01,2.482621e-01,2.471709e-01,2.467073e-01,2.460888e-01,2.454717e-01,2.448588e-01,2.437935e-01,2.431882e-01,2.425843e-01,2.415369e-01,2.404977e-01,2.397567e-01,2.391683e-01,2.379991e-01,2.369874e-01,2.364111e-01,2.358374e-01,2.346987e-01,2.341325e-01,2.335687e-01,2.330073e-01,2.323075e-01,2.313390e-01,2.306482e-01,2.300994e-01,2.295528e-01,2.290087e-01,2.283302e-01,2.277908e-01,2.271199e-01,2.269833e-01,2.263155e-01,2.261796e-01,2.259099e-01,2.261682e-01,2.258985e-01,2.257630e-01,2.258870e-01,2.261451e-01,2.257405e-01,2.263939e-01,2.261225e-01,2.262468e-01,2.261098e-01,2.266304e-01,2.264918e-01,2.262195e-01,2.262095e-01,2.260713e-01,2.261944e-01,2.259221e-01,2.256504e-01,2.259069e-01,2.251094e-01,2.248383e-01,2.247015e-01,2.244323e-01,2.237746e-01,2.235074e-01,2.229857e-01,2.224589e-01,2.219415e-01,2.216782e-01,2.214164e-01,2.207756e-01,2.202594e-01,2.201284e-01,2.194952e-01,2.192391e-01,2.189834e-01,2.187283e-01,2.183485e-01,2.184659e-01,2.182128e-01,2.183301e-01,2.180772e-01,2.179438e-01,2.181887e-01,2.181800e-01,2.179274e-01,2.176753e-01,2.177931e-01,2.176610e-01,2.177787e-01,2.182674e-01,2.180145e-01,2.181326e-01,2.178734e-01,2.179924e-01,2.181104e-01,2.182286e-01,2.180949e-01,2.178422e-01,2.175901e-01,2.172124e-01,2.173296e-01,2.171969e-01,2.169461e-01,2.165702e-01,2.166858e-01,2.164282e-01,2.166669e-01,2.162919e-01,2.159192e-01,2.160341e-01,2.157778e-01,2.155287e-01,2.151570e-01,2.152724e-01,2.146574e-01,2.144104e-01,2.144016e-01,2.141551e-01,2.135460e-01,2.133001e-01,2.129350e-01,2.126919e-01,2.120886e-01,2.113735e-01,2.110146e-01,2.111226e-01,2.105267e-01,2.102858e-01,2.099282e-01,2.096874e-01,2.090967e-01,4.888003e-03,4.888003e-03,4.888003e-03,4.888003e-03,4.888003e-03,4.888003e-03,4.888003e-03,4.888003e-03,4.888003e-03,4.888003e-03,4.888003e-03,4.888003e-03,4.888003e-03,4.888003e-03,4.888003e-03,4.888003e-03,4.888003e-03,4.888003e-03,4.888003e-03,4.888003e-03,4.888003e-03,4.888003e-03,4.888003e-03,4.888003e-03,4.888003e-03,4.888003e-03,4.888003e-03,4.888003e-03,4.888003e-03,4.888003e-03,4.888003e-03,4.888003e-03,4.888003e-03,4.888003e-03,4.888003e-03,4.888003e-03,4.888003e-03,4.888003e-03,4.888003e-03,4.888003e-03,4.888003e-03,4.888003e-03,4.888003e-03,4.888003e-03,4.888003e-03,4.888003e-03,4.888003e-03,4.888003e-03,4.888003e-03,4.888003e-03,4.888003e-03,4.888003e-03,4.888003e-03,4.888003e-03,4.888003e-03,4.888003e-03,4.888003e-03,4.888003e-03,4.888003e-03,4.888003e-03,4.888003e-03,4.888003e-03,4.888003e-03,4.888003e-03,4.888003e-03,4.888003e-03,4.888003e-03,4.888003e-03,4.888003e-03,4.888003e-03,4.888003e-03,4.888003e-03,4.888003e-03,4.888003e-03,4.888003e-03,4.888003e-03,4.888003e-03,4.888003e-03,4.888003e-03,4.888003e-03,4.888003e-03,4.888003e-03,4.888003e-03,4.888003e-03,4.888003e-03,4.888003e-03,4.888003e-03,4.888003e-03,4.888003e-03,4.888003e-03,4.888003e-03,4.888003e-03,4.888003e-03,4.888003e-03,4.888003e-03,4.888003e-03,4.888003e-03,4.888003e-03,4.888003e-03,4.888003e-03,4.888003e-03,4.888003e-03,4.888003e-03,4.888003e-03,4.888003e-03,4.888003e-03,4.888003e-03,4.888003e-03,4.888003e-03,4.888003e-03,4.888003e-03,4.888003e-03,4.888003e-03,4.888003e-03,4.888003e-03,4.888003e-03,4.888003e-03,4.888003e-03,4.888003e-03,4.888003e-03,4.888003e-03,4.888003e-03,4.888003e-03,4.888003e-03,4.888003e-03,4.888003e-03,4.888003e-03,4.888003e-03,4.888003e-03,4.888003e-03,4.888003e-03,4.888003e-03,4.888003e-03,4.888003e-03,4.888003e-03,4.888003e-03,4.888003e-03,4.888003e-03,4.888003e-03,4.888003e-03,4.888003e-03,4.888003e-03,4.888003e-03,4.888003e-03,4.888003e-03,4.888003e-03,4.888003e-03,4.888003e-03,4.888003e-03,4.888003e-03,4.888003e-03,4.888003e-03,4.888003e-03,4.888003e-03,4.888003e-03,4.888003e-03,4.888003e-03,4.888003e-03,4.888003e-03,4.888003e-03,4.888003e-03
2.517894e-02,2.515169e-02,2.511779e-02,2.508393e-02,2.505011e-02,2.501704e-02,2.497794e-02,2.494496e-02,2.491262e-02,2.487359e-02,2.484129e-02,2.480221e-02,2.477050e-02,2.473882e-02,2.470043e-02,2.466880e-02,2.463718e-02,2.460555e-02,2.458065e-02,2.454965e-02,2.452470e-02,2.449970e-02,2.447535e-02,2.445706e-02,2.443948e-02,2.441521e-02,2.439763e-02,2.438670e-02,2.436912e-02,2.435218e-02,2.434187e-02,2.432484e-02,2.431516e-02,2.429882e-02,2.428920e-02,2.427958e-02,2.426326e-02,2.425366e-02,2.424469e-02,2.422841e-02,2.421886e-02,2.420939e-02,2.419327e-02,2.418319e-02,2.416712e-02,2.415715e-02,2.414719e-02,2.412993e-02,2.412009e-02,2.410973e-02,2.409281e-02,2.408268e-02,2.407204e-02,2.406146e-02,2.405093e-02,2.404045e-02,2.403669e-02,2.402634e-02,2.401536e-02,2.401170e-02,2.400136e-02,2.399108e-02,2.398739e-02,2.397701e-02,2.397343e-02,2.396323e-02,2.395965e-02,2.395608e-02,2.394576e-02,2.394208e-02,2.393834e-02,2.392776e-02,2.392313e-02,2.391904e-02,2.390757e-02,2.390333e-02,2.389907e-02,2.389498e-02,2.388420e-02,2.388072e-02,2.387736e-02,2.386831e-02,2.386619e-02,2.386432e-02,2.385683e-02,2.385708e-02,2.385725e-02,2.385124e-02,2.385329e-02,2.384947e-02,2.385252e-02,2.384966e-02,2.385507e-02,2.385442e-02,2.386152e-02,2.386342e-02,2.387365e-02,2.387929e-02,2.388639e-02,2.390322e-02,2.391657e-02,2.393281e-02,2.395290e-02,2.397673e-02,2.401277e-02,2.404779e-02,2.408932e-02,2.413923e-02,2.419248e-02,2.426129e-02,2.434173e-02,2.443490e-02,2.454207e-02,2.466525e-02,2.481599e-02,2.497747e-02,2.517018e-02,2.538414e-02,2.563453e-02,2.591248e-02,2.622734e-02,2.657660e-02,2.696033e-02,2.737466e-02,2.783650e-02,2.832060e-02,2.884005e-02,2.938769e-02,2.997824e-02,3.057763e-02,3.122096e-02,3.187243e-02,3.258188e-02,3.327777e-02,3.402392e-02,3.476574e-02,3.555153e-02,3.630058e-02,3.710322e-02,3.788262e-02,3.871426e-02,3.949292e-02,4.024710e-02,4.109587e-02,4.190874e-02,4.277752e-02,4.359778e-02,4.448565e-02,4.530927e-02,4.612105e-02,4.693682e-02,4.764458e-02,4.827406e-02,4.892779e-02,4.941721e-02,4.969047e-02,4.967150e-02,4.961173e-02,4.940200e-02,4.909128e-02,4.877886e-02,4.849143e-02,4.811821e-02,4.775502e-02,4.735533e-02,4.690839e-02,4.643466e-02,4.587297e-02,4.533374e-02,4.476629e-02,4.418880e-02,4.360690e-02,4.303090e-02,4.247077e-02,4.193728e-02,4.142262e-02,4.093849e-02,4.048020e-02,4.005974e-02,3.965719e-02,3.927927e-02,3.891607e-02,3.857854e-02,3.825959e-02,3.796368e-02,3.767685e-02,3.741511e-02,3.717557e-02,3.695627e-02,3.674542e-02,3.656522e-02,3.639904e-02,3.625035e-02,3.608502e-02,3.596633e-02,3.586033e-02,3.575995e-02,3.566392e-02,3.556677e-02,3.546620e-02,3.533257e-02,3.520818e-02,3.507684e-02,3.492724e-02,3.473227e-02,3.454786e-02,3.433670e-02,3.408713e-02,3.383845e-02,3.357799e-02,3.330834e-02,3.302284e-02,3.274588e-02,3.246673e-02,3.217198e-02,3.190250e-02,3.163196e-02,3.138820e-02,3.116187e-02,3.094650e-02,3.077180e-02,3.059342e-02,3.046122e-02,3.033460e-02,3.024639e-02,3.015808e-02,3.008472e-02,3.004419e-02,3.000384e-02,2.997667e-02,2.992994e-02,2.989528e-02,2.982918e-02,2.972875e-02,2.962025e-02,2.946280e-02,2.928407e-02,2.904330e-02,2.878303e-02,2.850173e-02,2.820017e-02,2.787587e-02,2.755504e-02,2.722152e-02,2.689627e-02,2.657946e-02,2.629617e-02,2.602373e-02,2.577497e-02,2.557471e-02,2.538547e-02,2.523102e-02,2.508347e-02,2.495553e-02,2.481457e-02,2.467011e-02,2.450934e-02,2.433826e-02,2.414637e-02,2.394322e-02,2.373165e-02,2.351675e-02,2.330766e-02,2.311257e-02,2.293433e-02,2.276737e-02,2.262372e-02,2.250117e-02,2.240161e-02,2.231811e-02,2.225121e-02,2.219577e-02,2.215649e-02,2.212156e-02,2.209898e-02,2.208081e-02,2.207257e-02,2.207127e-02,2.207691e-02,2.211019e-02,2.215070e-02,2.224293e-02,2.235684e-02,2.254433e-02,2.279899e-02,2.316942e-02,2.365912e-02,2.432385e-02,2.517834e-02,2.630219e-02,2.770932e-02,2.945102e-02,3.155676e-02,3.409680e-02,3.703714e-02,4.034495e-02,4.406348e-02,4.818985e-02,5.262760e-02,5.731654e-02,6.226375e-02,6.748161e-02,7.274518e-02,7.807549e-02,8.346595e-02,8.886279e-02,9.427732e-02,9.968550e-02,1.051009e-01,1.107946e-01,1.162755e-01,1.217578e-01,1.272731e-01,1.328187e-01,1.384152e-01,1.440233e-01,1.496820e-01,1.553580e-01,1.610432e-01,1.667548e-01,1.730391e-01,1.787798e-01,1.845264e-01,1.900556e-01,1.957423e-01,2.013903e-01,2.069972e-01,2.126021e-01,2.180860e-01,2.234910e-01,2.288069e-01,2.340180e-01,2.391670e-01,2.442337e-01,2.490497e-01,2.538286e-01,2.585154e-01,2.630601e-01,2.673603e-01,2.716786e-01,2.758430e-01,2.795688e-01,2.833248e-01,2.867745e-01,2.902597e-01,2.934439e-01,2.966695e-01,2.995882e-01,3.025354e-01,3.052270e-01,3.079446e-01,3.103724e-01,3.128257e-01,3.154890e-01,3.180014e-01,3.207199e-01,3.232879e-01,3.258707e-01,3.286613e-01,3.312791e-01,3.341102e-01,3.365512e-01,3.391937e-01,3.418374e-01,3.442696e-01,3.468959e-01,3.495161e-01,3.521207e-01,3.544835e-01,3.570348e-01,3.595605e-01,3.620504e-01,3.644945e-01,3.669058e-01,3.692501e-01,3.715353e-01,3.737594e-01,3.759073e-01,3.779767e-01,3.799507e-01,3.818430e-01,3.831702e-01,3.847748e-01,3.863824e-01,3.880039e-01,3.896357e-01,3.912745e-01,3.929386e-01,3.943420e-01,3.960330e-01,3.977355e-01,3.991745e-01,4.009087e-01,4.023715e-01,4.038538e-01,4.053390e-01,4.068355e-01,4.086363e-01,4.101583e-01,4.116799e-01,4.132226e-01,4.147681e-01,4.163256e-01,4.178926e-01,4.191623e-01,4.207545e-01,4.223593e-01,4.239745e-01,4.256051e-01,4.269243e-01,4.285788e-01,4.299173e-01,4.312779e-01,4.329813e-01,4.343622e-01,4.357525e-01,4.371520e-01,4.385611e-01,4.399796e-01,4.414219e-01,4.428600e-01,4.443080e-01,4.457801e-01,4.468911e-01,4.483814e-01,4.498676e-01,4.509990e-01,4.525038e-01,4.540191e-01,4.555302e-01,4.566781e-01,4.578321e-01,4.593550e-01,4.605081e-01,4.616674e-01,4.632177e-01,4.643915e-01,4.655561e-01,4.667426e-01,4.683294e-01,4.695310e-01,4.707392e-01,4.719700e-01,4.731916e-01,4.744362e-01,4.756877e-01,4.769456e-01,4.782113e-01,4.795007e-01,4.807809e-01,4.820852e-01,4.833971e-01,4.842929e-01,4.856177e-01,4.865223e-01,4.878602e-01,4.892060e-01,4.901234e-01,4.914825e-01,4.924107e-01,4.937835e-01,4.947210e-01,4.960898e-01,4.970368e-01,4.979696e-01,4.989039e-01,5.002976e-01,5.012436e-01,5.021751e-01,5.031289e-01,5.045297e-01,5.054715e-01,5.064199e-01,5.073723e-01,5.083096e-01,5.092695e-01,5.102302e-01,5.111980e-01,5.121698e-01,5.131455e-01,5.141409e-01,5.146613e-01,5.156668e-01,5.166921e-01,5.177257e-01,5.182736e-01,5.193142e-01,5.203749e-01,5.214244e-01,5.220008e-01,5.230576e-01,5.241145e-01,5.246974e-01,5.252614e-01,5.263279e-01,5.268958e-01,5.279740e-01,5.285409e-01,5.296265e-01,5.302021e-01,5.307583e-01,5.313108e-01,5.318694e-01,5.324294e-01,5.329855e-01,5.335481e-01,5.341119e-01,5.346770e-01,5.352379e-01,5.358057e-01,5.363747e-01,5.369450e-01,5.375322e-01,5.381265e-01,5.387224e-01,5.393139e-01,5.399124e-01,5.405122e-01,5.411076e-01,5.417323e-01,5.423368e-01,5.429364e-01,5.435651e-01,5.441675e-01,5.447777e-01,5.453893e-01,5.459960e-01,5.466106e-01,5.472200e-01,5.479248e-01,5.485436e-01,5.490799e-01,5.497017e-01,5.502402e-01,5.508424e-01,5.514389e-01,5.519869e-01,5.525926e-01,5.531141e-01,5.536667e-01,5.542691e-01,5.548223e-01,5.554346e-01,5.559615e-01,5.565196e-01,5.571284e-01,5.576886e-01,5.582505e-01,5.588062e-01,5.593924e-01,5.600044e-01,5.605932e-01,5.611529e-01,5.617443e-01,5.623289e-01,5.629231e-01,5.635192e-01,5.641085e-01,5.647080e-01,5.652659e-01,5.658596e-01,5.664623e-01,5.670838e-01,5.676920e-01,5.682574e-01,5.688679e-01,5.694115e-01,5.700249e-01,5.706315e-01,5.711631e-01,5.717476e-01,5.722727e-01,5.727828e-01,5.733460e-01,5.738334e-01,5.743376e-01,5.748429e-01,5.753951e-01,5.759023e-01,5.764360e-01,5.769551e-01,5.774908e-01,5.780274e-01,5.786004e-01,5.791648e-01,5.797305e-01,5.802448e-01,5.808130e-01,5.814080e-01,5.819884e-01,5.825229e-01,5.830961e-01,5.836331e-01,5.842184e-01,5.847313e-01,5.853350e-01,5.858503e-01,5.863508e-01,5.869320e-01,5.874503e-01,5.879432e-01,5.884369e-01,5.889425e-01,5.894378e-01,5.899342e-01,5.904315e-01,5.909298e-01,5.913372e-01,5.918482e-01,5.923759e-01,5.928122e-01,5.933417e-01,5.937795e-01,5.943106e-01,5.947767e-01,5.953371e-01,5.958049e-01,5.962851e-01,5.967546e-01,5.972253e-01,5.976965e-01,5.981686e-01,5.986139e-01,5.990874e-01,5.995342e-01,5.999814e-01,6.004293e-01,6.008226e-01,6.012442e-01,6.016270e-01,6.020495e-01,6.024045e-01,6.027598e-01,6.031836e-01,6.035403e-01,6.038975e-01,6.042550e-01,6.046128e-01,6.049712e-01,6.053298e-01,6.056889e-01,6.059797e-01,6.063679e-01,6.067280e-01,6.070480e-01,6.074372e-01,6.077580e-01,6.080794e-01,6.084701e-01,6.088076e-01,6.091586e-01,6.095098e-01,6.098836e-01,6.102287e-01,6.105964e-01,6.109572e-01,6.113187e-01,6.117025e-01,6.120577e-01,6.124285e-01,6.127573e-01,6.130930e-01,6.134512e-01,6.137805e-01,6.141252e-01,6.144412e-01,6.147573e-01,6.150599e-01,6.153628e-01,6.156082e-01,6.158748e-01,6.161274e-01,6.163434e-01,6.165893e-01,6.167986e-01,6.169572e-01,6.171519e-01,6.173471e-01,6.175283e-01,6.176797e-01,6.178540e-01,6.180067e-01,6.181663e-01,6.183261e-01,6.184716e-01,6.186174e-01,6.187559e-01,6.188733e-01,6.189983e-01,6.191176e-01,6.192303e-01,6.193365e-01,6.194231e-01,6.195170e-01,6.196049e-01,6.196861e-01,6.197607e-01,6.198288e-01,6.198758e-01,6.199314e-01,6.199804e-01,6.200261e-01,6.200713e-01,6.201166e-01,6.201481e-01,6.201939e-01,6.202394e-01,6.202848e-01,6.203299e-01,6.203613e-01,6.204071e-01,6.204528e-01,6.204980e-01,6.205131e-01,6.205593e-01,6.205917e-01,6.206379e-01,6.206832e-01,6.207285e-01,6.208046e-01,6.208502e-01,6.209117e-01,6.209871e-01,6.210626e-01,6.211386e-01,6.212148e-01,6.212902e-01,6.213501e-01,6.214241e-01,6.214989e-01,6.215737e-01,6.216476e-01,6.216888e-01,6.217600e-01,6.218012e-01,6.218429e-01,6.218706e-01,6.219123e-01,6.219222e-01,6.219605e-01,6.219654e-01,6.219705e-01,6.219788e-01,6.219880e-01,6.219953e-01,6.219849e-01,6.219884e-01,6.219957e-01,6.220056e-01,6.220163e-01,6.220260e-01,6.220345e-01,6.220437e-01,6.220694e-01,6.220786e-01,6.221211e-01,6.221659e-01,6.222108e-01,6.222865e-01,6.223623e-01,6.224381e-01,6.225448e-01,6.226517e-01,6.227610e-01,6.228680e-01,6.229631e-01,6.231036e-01,6.232133e-01,6.233207e-01,6.234305e-01,6.235093e-01,6.235882e-01,6.236648e-01,6.237102e-01,6.237581e-01,6.238060e-01,6.238227e-01,6.238707e-01,6.239186e-01,6.239330e-01,6.239810e-01,6.240290e-01,6.240626e-01,6.241083e-01,6.241563e-01,6.242020e-01,6.242501e-01,6.243295e-01,6.243464e-01,6.243921e-01,6.244403e-01,6.244572e-01,6.245054e-01,6.245199e-01,6.245368e-01,6.245537e-01,6.245707e-01,6.245562e-01,6.245731e-01,6.245900e-01,6.246094e-01,6.246263e-01,6.246432e-01,6.246601e-01,6.246771e-01,6.246940e-01,6.246842e-01,6.247036e-01,6.247205e-01,6.247375e-01,6.247544e-01,6.247471e-01,6.247326e-01,6.247520e-01,6.247689e-01,6.247592e-01,6.247447e-01,6.247955e-01,6.247882e-01,6.247907e-01,6.248149e-01,6.248634e-01,6.249119e-01,6.249652e-01,6.250453e-01,6.251012e-01,6.251813e-01,6.252349e-01,6.253467e-01,6.254028e-01,6.254881e-01,6.256026e-01,6.256564e-01,6.257686e-01,6.258104e-01,6.258911e-01,6.259475e-01,6.260015e-01,6.260823e-01,6.261046e-01,6.261537e-01,6.261785e-01,6.261690e-01,6.261888e-01,6.261793e-01,6.261723e-01,6.261579e-01,6.261485e-01,6.261415e-01,6.261588e-01,6.261495e-01,6.261280e-01,6.261772e-01,6.262021e-01,6.262246e-01,6.262739e-01,6.262965e-01,6.263458e-01,6.263684e-01,6.264229e-01,6.264747e-01,6.264973e-01,6.265520e-01,6.266038e-01,6.266266e-01,6.266761e-01,6.266988e-01,6.267216e-01,6.267712e-01,6.267475e-01,6.267971e-01,6.267879e-01,6.268351e-01,6.268260e-01,6.268412e-01,6.268320e-01,6.268472e-01,6.268060e-01,6.268236e-01,6.268120e-01,6.268296e-01,6.268448e-01,6.268333e-01,6.268340e-01,6.268493e-01,6.268402e-01,6.268554e-01,6.268706e-01,6.268615e-01,6.268767e-01,6.268920e-01,6.269072e-01,6.268958e-01,6.269110e-01,6.269263e-01,6.269415e-01,6.269544e-01,6.269696e-01,6.269825e-01,6.269977e-01,6.270397e-01,6.269992e-01,6.270412e-01,6.270807e-01,6.271203e-01,6.271575e-01,6.271704e-01,6.272075e-01,6.272204e-01,6.272333e-01,6.272729e-01,6.272835e-01,6.272964e-01,6.273069e-01,6.273441e-01,6.273546e-01,6.273652e-01,6.273757e-01,6.273862e-01,6.273822e-01,6.273637e-01,6.273985e-01,6.273800e-01,6.273906e-01,6.274011e-01,6.274360e-01,6.274708e-01,6.274499e-01,6.274557e-01,6.274616e-01,6.274964e-01,6.275046e-01,6.274886e-01,6.274620e-01,6.274388e-01,6.274156e-01,6.274457e-01,6.273982e-01,6.273799e-01,6.273615e-01,6.274046e-01,6.274186e-01,6.274327e-01,6.274711e-01,6.274805e-01,6.274875e-01,6.274679e-01,6.274749e-01,6.274336e-01,6.274236e-01,6.273823e-01,6.273966e-01,6.273495e-01,6.273047e-01,6.272576e-01,6.272395e-01,6.271924e-01,6.271743e-01,6.271780e-01,6.272577e-01,6.273966e-01,6.274823e-01,6.274027e-01,6.273448e-01,6.273485e-01,6.273196e-01,6.272618e-01,6.272571e-01,6.272151e-01,6.271284e-01,6.269804e-01,6.267866e-01,6.266028e-01,6.263914e-01,6.261947e-01,6.259911e-01,6.258188e-01,6.256874e-01,6.256304e-01,6.255819e-01,6.256003e-01,6.255136e-01,6.253719e-01,6.251443e-01,6.249048e-01,6.245741e-01,6.242235e-01,6.239327e-01,6.236380e-01,6.234109e-01,6.231335e-01,6.229406e-01,6.226897e-01,6.224738e-01,6.222060e-01,6.220950e-01,6.218769e-01,6.216124e-01,6.213715e-01,6.210790e-01,6.208617e-01,6.205698e-01,6.202064e-01,6.199410e-01,6.196989e-01,6.193971e-01,6.190786e-01,6.187604e-01,6.184913e-01,6.181400e-01,6.178264e-01,6.175132e-01,6.172572e-01,6.170244e-01,6.168232e-01,6.165320e-01,6.162805e-01,6.160606e-01,6.158384e-01,6.156670e-01,6.154314e-01,6.151846e-01,6.149946e-01,6.148274e-01,6.146241e-01,6.144348e-01,6.142682e-01,6.141019e-01,6.139697e-01,6.138600e-01,6.137192e-01,6.136127e-01,6.135284e-01,6.134356e-01,6.133929e-01,6.132869e-01,6.132193e-01,6.131769e-01,6.130962e-01,6.130289e-01,6.129554e-01,6.129045e-01,6.128179e-01,6.128170e-01,6.128161e-01,6.128020e-01,6.127788e-01,6.127530e-01,6.127640e-01,6.127632e-01,6.128348e-01,6.128208e-01,6.128763e-01,6.128687e-01,6.129467e-01,6.129392e-01,6.130422e-01,6.131204e-01,6.132352e-01,6.133224e-01,6.133625e-01,6.134632e-01,6.135848e-01,6.136882e-01,6.137759e-01,6.138769e-01,6.139897e-01,6.141132e-01,6.142261e-01,6.143459e-01,6.144313e-01,6.145010e-01,6.146115e-01,6.147038e-01,6.147603e-01,6.148751e-01,6.149567e-01,6.150491e-01,6.150965e-01,6.152166e-01,6.153182e-01,6.153497e-01,6.153921e-01,6.154461e-01,6.155387e-01,6.155954e-01,6.156630e-01,6.157171e-01,6.157989e-01,6.159141e-01,6.159709e-01,6.160637e-01,6.161681e-01,6.162292e-01,6.163498e-01,6.164041e-01,6.165725e-01,6.166519e-01,6.167340e-01,6.167950e-01,6.168996e-01,6.169244e-01,6.170679e-01,6.171682e-01,6.172910e-01,6.173547e-01,6.174298e-01,6.175090e-01,6.175589e-01,6.176087e-01,6.177454e-01,6.177952e-01,6.178703e-01,6.179591e-01,6.180090e-01,6.180953e-01,6.181729e-01,6.182705e-01,6.183847e-01,6.184118e-01,6.184755e-01,6.185984e-01,6.186435e-01,6.187324e-01,6.187749e-01,6.188639e-01,6.189388e-01,6.189911e-01,6.190801e-01,6.191623e-01,6.192360e-01,6.193435e-01,6.194610e-01,6.195648e-01,6.197051e-01,6.198444e-01,6.200102e-01,6.201027e-01,6.201816e-01,6.202743e-01,6.204150e-01,6.204892e-01,6.205492e-01,6.206319e-01,6.206985e-01,6.207256e-01,6.207501e-01,6.207839e-01,6.208110e-01,6.208051e-01,6.208615e-01,6.208556e-01,6.208496e-01,6.208832e-01,6.208772e-01,6.208711e-01,6.209301e-01,6.209470e-01,6.209087e-01,6.209147e-01,6.208809e-01,6.208386e-01,6.208608e-01,6.208292e-01,6.208636e-01,6.208674e-01,6.208873e-01,6.209492e-01,6.209769e-01,6.209990e-01,6.210688e-01,6.211240e-01,6.211770e-01,6.212722e-01,6.213606e-01,6.213861e-01,6.214836e-01,6.214839e-01,6.215768e-01,6.216300e-01,6.216476e-01,6.217304e-01,6.217273e-01,6.217644e-01,6.217381e-01,6.217729e-01,6.217971e-01,6.217480e-01,6.217277e-01,6.217185e-01,6.217004e-01,6.217520e-01,6.217280e-01,6.218003e-01,6.218371e-01,6.218693e-01,6.218635e-01,6.219186e-01,6.219380e-01,6.219678e-01,6.220080e-01,6.220631e-01,6.220905e-01,6.221789e-01,6.222317e-01,6.222717e-01,6.223096e-01,6.224188e-01,6.224751e-01,6.225302e-01,6.225382e-01,6.225989e-01,6.226495e-01,6.227125e-01,6.227480e-01,6.228238e-01,6.228569e-01,6.228924e-01,6.229407e-01,6.229783e-01,6.230244e-01,6.230367e-01,6.230974e-01,6.231479e-01,6.231855e-01,6.232338e-01,6.232186e-01,6.232539e-01,6.233000e-01,6.233100e-01,6.233560e-01,6.233660e-01,6.233845e-01,6.234536e-01,6.235096e-01,6.235601e-01,6.235656e-01,6.236139e-01,6.236446e-01,6.236929e-01,6.236139e-01,6.236535e-01,6.236503e-01,6.236417e-01,6.235901e-01,6.235815e-01,6.235529e-01,6.234961e-01,6.234400e-01,6.234566e-01,6.233775e-01,6.233095e-01,6.232711e-01,6.232534e-01,6.231712e-01,6.231284e-01,6.231194e-01,6.231105e-01,6.230033e-01,6.229332e-01,6.229014e-01,6.228085e-01,6.227745e-01,6.226795e-01,6.225888e-01,6.224961e-01,6.223892e-01,6.222966e-01,6.221900e-01,6.221291e-01,6.221476e-01,6.224372e-01,6.223305e-01,6.222947e-01,6.222810e-01,6.222181e-01,6.221456e-01,6.221078e-01,6.220604e-01,6.219749e-01,6.219026e-01,6.218400e-01,6.217068e-01,6.216369e-01,6.215406e-01,6.214098e-01,6.212887e-01,6.211603e-01,6.210163e-01,6.208751e-01,6.207335e-01,6.206038e-01,6.204894e-01,6.203524e-01,6.201712e-01,6.200570e-01,6.199384e-01,6.197844e-01,6.196457e-01,6.195027e-01,6.193468e-01,6.192308e-01,6.191104e-01,6.189570e-01,6.188882e-01,6.187724e-01,6.186640e-01,6.185484e-01,6.184060e-01,6.183245e-01,6.182537e-01,6.181360e-01,6.180185e-01,6.178789e-01,6.177615e-01,6.176952e-01,6.176023e-01,6.175211e-01,6.174483e-01,6.173577e-01,6.173186e-01,6.172689e-01,6.172342e-01,6.172218e-01,6.172094e-01,6.171992e-01,6.171695e-01,6.172196e-01,6.172782e-01,6.172810e-01,6.172930e-01,6.173468e-01,6.173811e-01,6.174104e-01,6.174553e-01,6.175069e-01,6.175850e-01,6.176544e-01,6.177037e-01,6.177063e-01,6.177534e-01,6.178343e-01,6.178439e-01,6.178802e-01,6.179345e-01,6.179759e-01,6.179857e-01,6.180644e-01,6.180698e-01,6.180795e-01,6.181116e-01,6.181170e-01,6.180863e-01,6.180823e-01,6.180604e-01,6.180786e-01,6.180723e-01,6.180660e-01,6.180620e-01,6.180506e-01,6.180665e-01,6.181112e-01,6.180997e-01,6.181466e-01,6.181424e-01,6.181871e-01,6.182339e-01,6.183052e-01,6.183520e-01,6.184550e-01,6.185262e-01,6.186603e-01,6.187625e-01,6.188412e-01,6.189264e-01,6.190339e-01,6.191170e-01,6.192875e-01,6.193974e-01,6.194582e-01,6.195436e-01,6.195979e-01,6.196833e-01,6.196951e-01,6.197092e-01,6.196966e-01,6.196862e-01,6.197226e-01,6.198102e-01,6.198733e-01,6.199277e-01,6.199952e-01,6.199892e-01,6.200546e-01,6.201177e-01,6.201951e-01,6.202294e-01,6.202970e-01,6.203570e-01,6.204001e-01,6.204208e-01,6.205310e-01,6.205174e-01,6.205305e-01,6.205736e-01,6.206090e-01,6.206335e-01,6.206078e-01,6.205674e-01,6.205738e-01,6.205458e-01,6.205402e-01,6.205035e-01,6.204777e-01,6.204742e-01,6.204751e-01,6.204203e-01,6.204327e-01,6.204270e-01,6.203989e-01,6.204220e-01,6.203693e-01,6.203412e-01,6.203496e-01,6.203474e-01,6.203682e-01,6.203744e-01,6.204128e-01,6.203657e-01,6.204286e-01,6.205277e-01,6.205417e-01,6.206259e-01,6.207189e-01,6.208098e-01,6.209147e-01,6.210525e-01,6.211904e-01,6.213095e-01,6.214593e-01,6.216154e-01,6.216486e-01,6.217288e-01,6.217616e-01,6.218532e-01,6.219234e-01,6.219853e-01,6.220063e-01,6.219705e-01,6.219102e-01,6.219127e-01,6.218668e-01,6.217743e-01,6.216955e-01,6.216149e-01,6.215123e-01,6.214014e-01,6.212744e-01,6.210882e-01,6.209430e-01,6.207131e-01,6.205274e-01,6.201951e-01,6.198988e-01,6.196724e-01,6.194335e-01,6.191431e-01,6.189215e-01,6.186665e-01,6.185815e-01,6.182703e-01,6.179382e-01,6.176406e-01,6.172822e-01,6.168714e-01,6.164064e-01,6.158578e-01,6.151228e-01,6.144670e-01,6.137717e-01,6.130942e-01,6.123100e-01,6.115208e-01,6.104516e-01,6.095709e-01,6.086306e-01,6.076397e-01,6.065454e-01,6.052923e-01,6.041300e-01,6.030291e-01,6.019198e-01,6.007608e-01,5.994505e-01,5.983245e-01,5.972528e-01,5.962516e-01,5.952457e-01,5.939341e-01,5.929802e-01,5.920131e-01,5.909365e-01,5.898854e-01,5.888165e-01,5.879606e-01,5.871239e-01,5.862898e-01,5.854506e-01,5.846519e-01,5.840348e-01,5.833053e-01,5.827638e-01,5.820464e-01,5.816307e-01,5.811647e-01,5.807849e-01,5.804431e-01,5.801229e-01,5.798163e-01,5.797066e-01,5.793244e-01,5.792070e-01,5.789390e-01,5.787669e-01,5.786917e-01,5.786540e-01,5.783572e-01,5.782901e-01,5.781856e-01,5.781395e-01,5.782931e-01,5.782722e-01,5.782175e-01,5.780914e-01,5.782241e-01,5.781946e-01,5.783900e-01,5.783769e-01,5.785227e-01,5.787270e-01,5.787644e-01,5.790115e-01,5.792457e-01,5.794801e-01,5.797996e-01,5.798756e-01,5.801912e-01,5.805536e-01,5.808489e-01,5.811700e-01,5.814448e-01,5.817534e-01,5.821056e-01,5.823937e-01,5.826821e-01,5.829842e-01,5.832732e-01,5.835323e-01,5.838353e-01,5.841252e-01,5.843727e-01,5.846553e-01,5.850738e-01,5.851729e-01,5.856487e-01,5.859405e-01,5.860828e-01,5.864670e-01,5.867089e-01,5.870189e-01,5.873165e-01,5.876443e-01,5.878917e-01,5.881276e-01,5.885019e-01,5.887648e-01,5.890933e-01,5.893497e-01,5.896728e-01,5.898885e-01,5.901943e-01,5.904954e-01,5.907241e-01,5.909855e-01,5.912360e-01,5.915220e-01,5.916859e-01,5.919066e-01,5.920536e-01,5.922769e-01,5.924294e-01,5.925360e-01,5.926470e-01,5.928316e-01,5.929427e-01,5.930714e-01,5.931071e-01,5.932798e-01,5.933933e-01,5.935681e-01,5.936134e-01,5.936948e-01,5.938554e-01,5.940160e-01,5.940953e-01,5.942067e-01,5.942860e-01,5.943609e-01,5.943984e-01,5.945175e-01,5.945109e-01,5.945806e-01,5.945644e-01,5.946297e-01,5.945914e-01,5.945486e-01,5.944441e-01,5.944896e-01,5.943337e-01,5.940631e-01,5.939590e-01,5.938746e-01,5.938100e-01,5.934665e-01,5.933823e-01,5.932589e-01,5.929752e-01,5.926133e-01,5.925295e-01,5.922271e-01,5.921043e-01,5.917829e-01,5.914424e-01,5.913592e-01,5.909998e-01,5.906994e-01,5.903799e-01,5.900414e-01,5.897228e-01,5.893658e-01,5.892641e-01,5.889659e-01,5.885789e-01,5.882622e-01,5.879075e-01,5.875725e-01,5.872572e-01,5.869039e-01,5.865895e-01,5.864508e-01,5.861489e-01,5.858474e-01,5.855138e-01,5.852441e-01,5.851753e-01,5.848371e-01,5.847995e-01,5.844619e-01,5.843627e-01,5.842754e-01,5.841193e-01,5.840013e-01,5.838526e-01,5.836849e-01,5.836845e-01,5.835360e-01,5.833686e-01,5.831705e-01,5.832330e-01,5.830469e-01,5.831212e-01,5.830038e-01,5.830767e-01,5.829405e-01,5.830953e-01,5.829710e-01,5.830761e-01,5.830016e-01,5.830879e-01,5.831799e-01,5.830746e-01,5.829506e-01,5.830249e-01,5.828889e-01,5.829312e-01,5.827765e-01,5.828508e-01,5.827150e-01,5.827395e-01,5.825850e-01,5.826460e-01,5.824916e-01,5.825469e-01,5.824114e-01,5.824668e-01,5.822994e-01,5.823856e-01,5.822502e-01,5.823056e-01,5.821206e-01,5.821759e-01,5.819968e-01,5.820333e-01,5.820764e-01,5.818917e-01,5.819161e-01,5.819217e-01,5.819328e-01,5.817174e-01,5.817417e-01,5.817660e-01,5.815628e-01,5.815739e-01,5.815981e-01,5.816036e-01,5.814194e-01,5.814249e-01,5.814490e-01,5.814413e-01,5.814654e-01,5.814896e-01,5.815137e-01,5.813108e-01,5.813349e-01,5.813580e-01,5.813820e-01,5.813874e-01,5.813928e-01,5.811954e-01,5.811699e-01,5.811752e-01,5.811992e-01,5.811736e-01,5.811346e-01,5.809012e-01,5.809251e-01,5.808685e-01,5.808295e-01,5.805964e-01,5.805707e-01,5.805142e-01,5.802371e-01,5.802114e-01,5.801548e-01,5.800983e-01,5.800417e-01,5.799851e-01,5.797085e-01,5.796026e-01,5.795460e-01,5.794895e-01,5.794329e-01,5.793628e-01,5.792754e-01,5.792188e-01,5.791129e-01,5.790255e-01,5.789382e-01,5.788064e-01,5.786699e-01,5.785519e-01,5.784032e-01,5.782224e-01,5.780433e-01,5.778642e-01,5.776668e-01,5.776925e-01,5.774508e-01,5.772720e-01,5.770445e-01,5.770700e-01,5.768590e-01,5.766805e-01,5.766875e-01,5.765090e-01,5.763428e-01,5.763537e-01,5.761572e-01,5.761639e-01,5.759857e-01,5.759659e-01,5.759421e-01,5.757336e-01,5.757099e-01,5.754833e-01,5.754474e-01,5.752064e-01,5.752007e-01,5.751768e-01,5.749505e-01,5.749750e-01,5.747790e-01,5.748005e-01,5.748066e-01,5.746710e-01,5.747373e-01,5.748036e-01,5.746528e-01,5.747793e-01,5.746737e-01,5.748182e-01,5.747275e-01,5.748840e-01,5.750406e-01,5.750253e-01,5.752121e-01,5.751815e-01,5.753986e-01,5.754135e-01,5.756307e-01,5.756303e-01,5.758476e-01,5.758929e-01,5.761408e-01,5.761706e-01,5.762159e-01,5.764641e-01,5.764913e-01,5.765212e-01,5.765971e-01,5.768455e-01,5.768910e-01,5.769210e-01,5.769971e-01,5.770426e-01,5.768851e-01,5.768970e-01,5.769426e-01,5.767853e-01,5.765975e-01,5.764223e-01,5.764524e-01,5.762650e-01,5.758756e-01,5.757011e-01,5.755144e-01,5.751109e-01,5.749066e-01,5.744890e-01,5.743033e-01,5.738688e-01,5.734530e-01,5.730049e-01,5.725906e-01,5.719601e-01,5.715475e-01,5.708895e-01,5.704786e-01,5.700507e-01,5.694741e-01,5.690332e-01,5.684413e-01,5.680643e-01,5.674747e-01,5.670816e-01,5.665118e-01,5.661203e-01,5.655353e-01,5.651485e-01,5.645659e-01,5.641948e-01,5.638071e-01,5.631982e-01,5.627828e-01,5.623680e-01,5.619540e-01,5.615439e-01,5.611021e-01,5.606902e-01,5.600890e-01,5.596787e-01,5.594755e-01,5.590663e-01,5.588467e-01,5.584215e-01,5.582178e-01,5.578107e-01,5.576091e-01,5.573909e-01,5.571440e-01,5.569262e-01,5.564926e-01,5.562753e-01,5.560296e-01,5.555975e-01,5.551662e-01,5.549049e-01,5.546473e-01,5.541725e-01,5.537437e-01,5.535004e-01,5.532574e-01,5.528136e-01,5.525713e-01,5.523292e-01,5.520873e-01,5.518292e-01,5.514044e-01,5.511470e-01,5.509063e-01,5.506658e-01,5.504256e-01,5.501692e-01,5.499165e-01,5.496886e-01,5.496313e-01,5.493758e-01,5.493185e-01,5.492450e-01,5.493415e-01,5.492679e-01,5.492106e-01,5.492907e-01,5.493870e-01,5.492690e-01,5.495471e-01,5.494453e-01,5.495252e-01,5.494396e-01,5.497014e-01,5.495876e-01,5.494708e-01,5.495343e-01,5.494206e-01,5.494722e-01,5.493422e-01,5.492121e-01,5.492799e-01,5.489656e-01,5.488077e-01,5.486941e-01,5.485643e-01,5.482392e-01,5.481096e-01,5.478157e-01,5.476395e-01,5.473461e-01,5.472169e-01,5.471156e-01,5.468201e-01,5.466866e-01,5.466016e-01,5.463344e-01,5.462611e-01,5.461878e-01,5.461145e-01,5.460385e-01,5.461445e-01,5.460989e-01,5.462047e-01,5.461591e-01,5.462605e-01,5.464238e-01,5.465136e-01,5.464678e-01,5.464221e-01,5.465557e-01,5.466850e-01,5.468187e-01,5.471321e-01,5.470862e-01,5.472200e-01,5.473054e-01,5.474672e-01,5.476011e-01,5.477351e-01,5.478367e-01,5.477906e-01,5.477444e-01,5.476541e-01,5.477880e-01,5.478755e-01,5.478293e-01,5.477389e-01,5.478447e-01,5.479021e-01,5.479961e-01,5.479056e-01,5.478291e-01,5.479349e-01,5.479921e-01,5.479177e-01,5.478272e-01,5.479469e-01,5.478520e-01,5.477777e-01,5.478670e-01,5.477926e-01,5.476839e-01,5.475815e-01,5.474910e-01,5.474028e-01,5.472801e-01,5.469544e-01,5.468503e-01,5.468995e-01,5.467353e-01,5.466053e-01,5.464456e-01,5.462878e-01,5.460684e-01,5.296424e-03,5.296424e-03,5.296424e-03,5.296424e-03,5.296424e-03,5.296424e-03,5.296424e-03,5.296424e-03,5.296424e-03,5.296424e-03,5.296424e-03,5.296424e-03,5.296424e-03,5.296424e-03,5.296424e-03,5.296424e-03,5.296424e-03,5.296424e-03,5.296424e-03,5.296424e-03,5.296424e-03,5.296424e-03,5.296424e-03,5.296424e-03,5.296424e-03,5.296424e-03,5.296424e-03,5.296424e-03,5.296424e-03,5.296424e-03,5.296424e-03,5.296424e-03,5.296424e-03,5.296424e-03,5.296424e-03,5.296424e-03,5.296424e-03,5.296424e-03,5.296424e-03,5.296424e-03,5.296424e-03,5.296424e-03,5.296424e-03,5.296424e-03,5.296424e-03,5.296424e-03,5.296424e-03,5.296424e-03,5.296424e-03,5.296424e-03,5.296424e-03,5.296424e-03,5.296424e-03,5.296424e-03,5.296424e-03,5.296424e-03,5.296424e-03,5.296424e-03,5.296424e-03,5.296424e-03,5.296424e-03,5.296424e-03,5.296424e-03,5.296424e-03,5.296424e-03,5.296424e-03,5.296424e-03,5.296424e-03,5.296424e-03,5.296424e-03,5.296424e-03,5.296424e-03,5.296424e-03,5.296424e-03,5.296424e-03,5.296424e-03,5.296424e-03,5.296424e-03,5.296424e-03,5.296424e-03,5.296424e-03,5.296424e-03,5.296424e-03,5.296424e-03,5.296424e-03,5.296424e-03,5.296424e-03,5.296424e-03,5.296424e-03,5.296424e-03,5.296424e-03,5.296424e-03,5.296424e-03,5.296424e-03,5.296424e-03,5.296424e-03,5.296424e-03,5.296424e-03,5.296424e-03,5.296424e-03,5.296424e-03,5.296424e-03,5.296424e-03,5.296424e-03,5.296424e-03,5.296424e-03,5.296424e-03,5.296424e-03,5.296424e-03,5.296424e-03,5.296424e-03,5.296424e-03,5.296424e-03,5.296424e-03,5.296424e-03,5.296424e-03,5.296424e-03,5.296424e-03,5.296424e-03,5.296424e-03,5.296424e-03,5.296424e-03,5.296424e-03,5.296424e-03,5.296424e-03,5.296424e-03,5.296424e-03,5.296424e-03,5.296424e-03,5.296424e-03,5.296424e-03,5.296424e-03,5.296424e-03,5.296424e-03,5.296424e-03,5.296424e-03,5.296424e-03,5.296424e-03,5.296424e-03,5.296424e-03,5.296424e-03,5.296424e-03,5.296424e-03,5.296424e-03,5.296424e-03,5.296424e-03,5.296424e-03,5.296424e-03,5.296424e-03,5.296424e-03,5.296424e-03,5.296424e-03,5.296424e-03,5.296424e-03,5.296424e-03,5.296424e-03,5.296424e-03,5.296424e-03,5.296424e-03,5.296424e-03,5.296424e-03
2.577170e-02,2.574630e-02,2.571572e-02,2.568434e-02,2.565248e-02,2.562261e-02,2.558649e-02,2.555741e-02,2.552849e-02,2.549384e-02,2.546640e-02,2.543008e-02,2.540011e-02,2.536987e-02,2.533231e-02,2.530261e-02,2.527280e-02,2.524229e-02,2.521859e-02,2.518736e-02,2.516199e-02,2.513528e-02,2.510810e-02,2.508761e-02,2.506909e-02,2.504442e-02,2.502680e-02,2.501432e-02,2.499598e-02,2.497795e-02,2.496374e-02,2.494181e-02,2.492709e-02,2.490650e-02,2.489389e-02,2.488086e-02,2.486020e-02,2.484720e-02,2.483326e-02,2.481284e-02,2.479989e-02,2.479021e-02,2.477515e-02,2.476533e-02,2.475073e-02,2.474480e-02,2.473844e-02,2.472548e-02,2.472279e-02,2.472324e-02,2.472050e-02,2.472718e-02,2.473638e-02,2.474638e-02,2.475729e-02,2.476829e-02,2.478657e-02,2.479974e-02,2.481301e-02,2.483303e-02,2.484590e-02,2.485989e-02,2.487959e-02,2.489167e-02,2.491335e-02,2.492792e-02,2.494830e-02,2.496821e-02,2.498001e-02,2.499644e-02,2.501194e-02,2.501602e-02,2.502397e-02,2.502857e-02,2.502419e-02,2.502530e-02,2.502531e-02,2.502684e-02,2.502075e-02,2.502197e-02,2.502540e-02,2.502717e-02,2.503952e-02,2.505697e-02,2.507255e-02,2.510163e-02,2.513905e-02,2.517423e-02,2.522543e-02,2.527805e-02,2.534763e-02,2.541480e-02,2.549561e-02,2.558022e-02,2.567652e-02,2.577484e-02,2.588899e-02,2.600932e-02,2.613710e-02,2.628211e-02,2.643609e-02,2.659567e-02,2.677204e-02,2.696239e-02,2.717405e-02,2.739662e-02,2.763573e-02,2.790348e-02,2.819754e-02,2.849975e-02,2.883151e-02,2.917636e-02,2.954493e-02,2.996496e-02,3.042301e-02,3.088048e-02,3.137592e-02,3.190333e-02,3.247182e-02,3.307412e-02,3.371550e-02,3.437086e-02,3.506029e-02,3.576152e-02,3.650561e-02,3.724803e-02,3.800110e-02,3.877625e-02,3.958820e-02,4.038907e-02,4.122672e-02,4.206833e-02,4.298539e-02,4.386112e-02,4.478509e-02,4.569544e-02,4.665046e-02,4.756778e-02,4.853676e-02,4.948473e-02,5.050976e-02,5.143941e-02,5.234283e-02,5.336344e-02,5.431556e-02,5.536107e-02,5.633040e-02,5.740383e-02,5.838706e-02,5.938658e-02,6.043583e-02,6.138288e-02,6.227291e-02,6.323869e-02,6.408262e-02,6.476230e-02,6.520212e-02,6.568977e-02,6.601050e-02,6.625354e-02,6.649649e-02,6.686857e-02,6.712122e-02,6.746266e-02,6.777967e-02,6.812826e-02,6.845446e-02,6.866958e-02,6.896142e-02,6.925953e-02,6.953255e-02,6.978888e-02,7.002628e-02,7.027912e-02,7.052461e-02,7.075926e-02,7.099041e-02,7.125905e-02,7.153324e-02,7.182056e-02,7.210642e-02,7.246651e-02,7.282287e-02,7.318061e-02,7.353446e-02,7.392729e-02,7.432320e-02,7.469527e-02,7.507126e-02,7.545981e-02,7.586274e-02,7.625751e-02,7.665818e-02,7.695396e-02,7.738996e-02,7.784216e-02,7.829235e-02,7.877737e-02,7.925474e-02,7.972610e-02,8.003331e-02,8.046818e-02,8.087814e-02,8.122133e-02,8.137592e-02,8.163036e-02,8.184274e-02,8.185185e-02,8.197037e-02,8.205101e-02,8.210643e-02,8.198788e-02,8.198660e-02,8.198182e-02,8.181106e-02,8.178558e-02,8.161385e-02,8.159716e-02,8.159400e-02,8.146386e-02,8.151866e-02,8.144985e-02,8.157460e-02,8.158607e-02,8.178005e-02,8.186109e-02,8.196944e-02,8.226577e-02,8.242914e-02,8.274863e-02,8.289778e-02,8.317864e-02,8.325690e-02,8.325620e-02,8.333205e-02,8.315105e-02,8.301915e-02,8.259577e-02,8.208025e-02,8.159128e-02,8.087366e-02,8.006081e-02,7.932266e-02,7.838033e-02,7.741120e-02,7.641513e-02,7.556916e-02,7.463085e-02,7.373915e-02,7.308314e-02,7.236845e-02,7.175794e-02,7.118442e-02,7.074576e-02,7.015607e-02,6.949131e-02,6.873627e-02,6.793276e-02,6.690218e-02,6.570076e-02,6.439056e-02,6.290948e-02,6.146607e-02,5.987591e-02,5.828956e-02,5.678131e-02,5.524611e-02,5.389035e-02,5.263244e-02,5.162017e-02,5.064348e-02,4.987072e-02,4.927442e-02,4.877342e-02,4.836173e-02,4.817526e-02,4.801010e-02,4.809355e-02,4.833823e-02,4.894897e-02,4.982440e-02,5.136944e-02,5.320814e-02,5.589446e-02,5.892080e-02,6.274184e-02,6.706828e-02,7.186621e-02,7.708613e-02,8.297638e-02,8.909201e-02,9.552326e-02,1.022224e-01,1.094138e-01,1.165010e-01,1.235551e-01,1.306201e-01,1.379509e-01,1.448300e-01,1.514640e-01,1.579063e-01,1.645911e-01,1.705303e-01,1.761749e-01,1.815621e-01,1.866856e-01,1.915801e-01,1.962596e-01,2.007586e-01,2.058913e-01,2.101326e-01,2.142384e-01,2.182445e-01,2.221505e-01,2.259842e-01,2.297231e-01,2.334017e-01,2.370028e-01,2.405359e-01,2.440118e-01,2.485445e-01,2.519188e-01,2.552449e-01,2.581504e-01,2.613521e-01,2.644982e-01,2.675924e-01,2.707513e-01,2.737416e-01,2.766800e-01,2.795667e-01,2.823994e-01,2.851984e-01,2.879579e-01,2.905058e-01,2.931601e-01,2.957843e-01,2.983671e-01,3.007500e-01,3.032739e-01,3.057625e-01,3.078637e-01,3.101205e-01,3.121586e-01,3.143590e-01,3.163411e-01,3.184930e-01,3.204243e-01,3.225279e-01,3.244216e-01,3.264860e-01,3.281884e-01,3.299016e-01,3.318392e-01,3.335872e-01,3.355576e-01,3.373466e-01,3.391415e-01,3.411663e-01,3.429919e-01,3.450592e-01,3.466933e-01,3.485588e-01,3.504359e-01,3.520948e-01,3.539826e-01,3.558877e-01,3.578015e-01,3.594851e-01,3.614032e-01,3.633369e-01,3.652742e-01,3.672078e-01,3.691549e-01,3.710957e-01,3.730375e-01,3.749873e-01,3.769279e-01,3.788660e-01,3.807996e-01,3.827307e-01,3.841208e-01,3.857957e-01,3.874842e-01,3.891891e-01,3.909045e-01,3.926461e-01,3.944079e-01,3.958855e-01,3.976740e-01,3.994765e-01,4.009990e-01,4.028459e-01,4.043974e-01,4.059551e-01,4.075318e-01,4.091244e-01,4.110445e-01,4.126684e-01,4.143059e-01,4.159530e-01,4.176182e-01,4.192964e-01,4.209861e-01,4.223571e-01,4.240791e-01,4.258172e-01,4.275634e-01,4.293391e-01,4.307664e-01,4.325681e-01,4.340225e-01,4.354870e-01,4.373335e-01,4.388240e-01,4.403262e-01,4.418380e-01,4.433594e-01,4.448955e-01,4.464479e-01,4.480090e-01,4.495726e-01,4.511504e-01,4.523462e-01,4.539521e-01,4.555541e-01,4.567373e-01,4.583732e-01,4.600176e-01,4.616414e-01,4.628828e-01,4.641347e-01,4.658026e-01,4.670547e-01,4.683431e-01,4.700811e-01,4.713778e-01,4.726958e-01,4.740300e-01,4.758125e-01,4.771618e-01,4.785262e-01,4.798986e-01,4.812756e-01,4.826700e-01,4.840741e-01,4.854895e-01,4.869163e-01,4.883520e-01,4.897864e-01,4.912489e-01,4.927156e-01,4.936959e-01,4.951802e-01,4.961789e-01,4.976781e-01,4.991816e-01,5.002073e-01,5.017427e-01,5.027603e-01,5.043114e-01,5.053519e-01,5.069133e-01,5.079669e-01,5.090236e-01,5.100788e-01,5.116723e-01,5.127443e-01,5.138227e-01,5.149163e-01,5.165480e-01,5.176314e-01,5.187278e-01,5.198372e-01,5.209314e-01,5.220413e-01,5.231674e-01,5.242814e-01,5.254162e-01,5.265495e-01,5.276793e-01,5.282459e-01,5.294007e-01,5.305559e-01,5.317183e-01,5.323023e-01,5.334859e-01,5.346775e-01,5.358467e-01,5.364450e-01,5.376475e-01,5.388432e-01,5.394419e-01,5.400512e-01,5.412841e-01,5.418906e-01,5.430993e-01,5.437211e-01,5.449645e-01,5.455649e-01,5.461803e-01,5.468033e-01,5.474015e-01,5.480096e-01,5.486461e-01,5.492784e-01,5.498959e-01,5.504900e-01,5.511083e-01,5.517394e-01,5.523722e-01,5.529857e-01,5.535803e-01,5.541878e-01,5.548226e-01,5.554648e-01,5.560646e-01,5.566059e-01,5.571971e-01,5.578224e-01,5.584461e-01,5.590117e-01,5.594896e-01,5.600404e-01,5.606177e-01,5.611790e-01,5.617383e-01,5.622936e-01,5.628114e-01,5.632802e-01,5.637061e-01,5.641996e-01,5.646719e-01,5.651228e-01,5.656381e-01,5.660700e-01,5.662938e-01,5.666318e-01,5.670377e-01,5.674880e-01,5.677877e-01,5.677871e-01,5.680821e-01,5.684451e-01,5.687167e-01,5.689725e-01,5.691537e-01,5.694261e-01,5.697495e-01,5.696615e-01,5.690986e-01,5.689655e-01,5.690608e-01,5.689277e-01,5.687543e-01,5.686214e-01,5.686246e-01,5.686329e-01,5.687723e-01,5.689418e-01,5.690410e-01,5.689988e-01,5.693293e-01,5.698794e-01,5.703238e-01,5.707846e-01,5.712269e-01,5.717356e-01,5.723427e-01,5.728252e-01,5.734312e-01,5.739673e-01,5.744494e-01,5.750555e-01,5.755357e-01,5.760727e-01,5.766577e-01,5.773549e-01,5.779432e-01,5.786317e-01,5.793135e-01,5.800060e-01,5.806528e-01,5.813969e-01,5.820998e-01,5.828531e-01,5.835301e-01,5.843365e-01,5.851500e-01,5.859089e-01,5.866526e-01,5.875190e-01,5.883172e-01,5.890865e-01,5.898359e-01,5.906687e-01,5.914731e-01,5.922718e-01,5.931591e-01,5.939720e-01,5.947830e-01,5.955967e-01,5.964606e-01,5.972288e-01,5.980509e-01,5.988757e-01,5.997552e-01,6.005532e-01,6.014354e-01,6.023291e-01,6.031406e-01,6.040406e-01,6.048578e-01,6.057111e-01,6.064856e-01,6.074033e-01,6.081833e-01,6.089628e-01,6.097478e-01,6.106438e-01,6.114886e-01,6.123364e-01,6.131818e-01,6.140354e-01,6.148866e-01,6.156855e-01,6.164868e-01,6.172029e-01,6.180597e-01,6.188948e-01,6.197011e-01,6.203104e-01,6.209212e-01,6.216206e-01,6.223482e-01,6.230780e-01,6.238098e-01,6.244864e-01,6.252223e-01,6.259026e-01,6.265848e-01,6.271797e-01,6.278711e-01,6.285003e-01,6.290471e-01,6.296265e-01,6.301758e-01,6.307851e-01,6.314274e-01,6.319879e-01,6.325483e-01,6.330506e-01,6.336104e-01,6.341057e-01,6.346586e-01,6.350840e-01,6.355700e-01,6.359939e-01,6.364123e-01,6.368191e-01,6.372817e-01,6.377349e-01,6.381253e-01,6.385101e-01,6.388224e-01,6.391896e-01,6.394964e-01,6.398458e-01,6.401958e-01,6.404605e-01,6.407342e-01,6.409893e-01,6.412288e-01,6.414751e-01,6.417056e-01,6.419208e-01,6.420098e-01,6.421603e-01,6.423535e-01,6.425403e-01,6.427243e-01,6.427762e-01,6.428181e-01,6.428600e-01,6.428829e-01,6.429675e-01,6.429810e-01,6.430472e-01,6.430427e-01,6.430307e-01,6.429484e-01,6.428577e-01,6.428216e-01,6.428371e-01,6.427835e-01,6.426598e-01,6.424661e-01,6.422640e-01,6.419927e-01,6.418967e-01,6.417921e-01,6.416833e-01,6.414520e-01,6.412209e-01,6.411130e-01,6.410045e-01,6.408350e-01,6.406046e-01,6.403136e-01,6.401453e-01,6.400374e-01,6.398687e-01,6.395786e-01,6.393430e-01,6.392961e-01,6.393714e-01,6.393245e-01,6.390352e-01,6.387463e-01,6.385247e-01,6.382969e-01,6.380162e-01,6.376147e-01,6.372138e-01,6.369337e-01,6.367140e-01,6.362548e-01,6.354987e-01,6.346846e-01,6.340512e-01,6.334195e-01,6.325534e-01,6.311556e-01,6.295972e-01,6.282164e-01,6.269587e-01,6.257666e-01,6.245217e-01,6.229935e-01,6.209181e-01,6.182421e-01,6.156507e-01,6.137957e-01,6.121718e-01,6.101285e-01,6.073605e-01,6.045169e-01,6.025386e-01,6.011455e-01,5.999151e-01,5.984864e-01,5.968122e-01,5.953014e-01,5.938090e-01,5.923177e-01,5.913367e-01,5.908545e-01,5.903733e-01,5.898980e-01,5.894237e-01,5.889505e-01,5.884830e-01,5.880165e-01,5.880397e-01,5.875741e-01,5.876013e-01,5.876293e-01,5.876525e-01,5.871878e-01,5.872110e-01,5.872294e-01,5.872479e-01,5.867793e-01,5.863070e-01,5.863206e-01,5.863342e-01,5.863430e-01,5.863566e-01,5.863702e-01,5.858941e-01,5.859077e-01,5.859213e-01,5.859390e-01,5.854687e-01,5.854823e-01,5.850130e-01,5.850266e-01,5.850450e-01,5.850538e-01,5.845855e-01,5.845991e-01,5.846080e-01,5.846216e-01,5.841495e-01,5.841583e-01,5.841672e-01,5.841760e-01,5.841801e-01,5.841890e-01,5.841978e-01,5.846876e-01,5.846964e-01,5.847053e-01,5.847141e-01,5.847229e-01,5.847318e-01,5.844328e-01,5.849228e-01,5.849317e-01,5.849405e-01,5.849493e-01,5.851316e-01,5.851356e-01,5.856269e-01,5.856357e-01,5.853357e-01,5.853397e-01,5.858361e-01,5.860190e-01,5.860317e-01,5.862196e-01,5.862332e-01,5.862469e-01,5.859559e-01,5.859744e-01,5.861671e-01,5.861857e-01,5.858948e-01,5.859183e-01,5.861109e-01,5.858251e-01,5.863322e-01,5.860412e-01,5.860648e-01,5.862615e-01,5.862801e-01,5.864731e-01,5.861821e-01,5.862008e-01,5.859052e-01,5.859190e-01,5.861068e-01,5.858065e-01,5.862986e-01,5.859981e-01,5.861809e-01,5.861848e-01,5.858845e-01,5.860672e-01,5.860761e-01,5.857760e-01,5.859625e-01,5.859762e-01,5.861639e-01,5.858687e-01,5.858825e-01,5.855877e-01,5.856015e-01,5.853071e-01,5.850180e-01,5.855129e-01,5.852187e-01,5.849298e-01,5.854245e-01,5.851304e-01,5.851442e-01,5.848506e-01,5.845573e-01,5.845711e-01,5.842772e-01,5.842910e-01,5.839936e-01,5.835297e-01,5.832333e-01,5.827660e-01,5.824707e-01,5.820051e-01,5.817060e-01,5.817149e-01,5.809487e-01,5.809576e-01,5.804952e-01,5.797332e-01,5.792775e-01,5.788186e-01,5.785287e-01,5.780713e-01,5.776149e-01,5.773266e-01,5.768718e-01,5.764179e-01,5.759650e-01,5.752184e-01,5.747679e-01,5.743184e-01,5.738697e-01,5.729662e-01,5.725203e-01,5.716222e-01,5.711790e-01,5.710254e-01,5.695586e-01,5.694062e-01,5.688065e-01,5.682084e-01,5.671676e-01,5.662909e-01,5.652591e-01,5.643898e-01,5.635239e-01,5.629400e-01,5.616463e-01,5.607911e-01,5.595099e-01,5.585091e-01,5.572409e-01,5.559800e-01,5.547262e-01,5.534794e-01,5.522450e-01,5.503362e-01,5.489668e-01,5.470861e-01,5.458818e-01,5.446842e-01,5.433495e-01,5.420229e-01,5.398079e-01,5.378639e-01,5.359370e-01,5.346548e-01,5.331364e-01,5.317648e-01,5.298879e-01,5.274218e-01,5.249837e-01,5.230373e-01,5.207776e-01,5.191257e-01,5.174866e-01,5.164399e-01,5.148244e-01,5.132211e-01,5.115060e-01,5.092456e-01,5.066727e-01,5.039184e-01,5.014096e-01,4.991642e-01,4.977920e-01,4.955852e-01,4.941225e-01,4.921525e-01,4.905122e-01,4.885764e-01,4.871602e-01,4.852558e-01,4.838626e-01,4.820722e-01,4.813518e-01,4.808261e-01,4.799234e-01,4.780834e-01,4.758658e-01,4.741449e-01,4.724365e-01,4.702803e-01,4.685040e-01,4.661888e-01,4.636517e-01,4.607040e-01,4.571101e-01,4.530568e-01,4.495908e-01,4.451021e-01,4.399900e-01,4.356326e-01,4.305165e-01,4.255173e-01,4.198377e-01,4.158660e-01,4.093112e-01,4.025323e-01,3.950639e-01,3.888727e-01,3.803198e-01,3.719548e-01,3.639720e-01,3.551345e-01,3.489006e-01,3.403499e-01,3.323955e-01,3.247384e-01,3.163285e-01,3.082098e-01,3.028550e-01,2.965118e-01,2.884564e-01,2.817581e-01,2.752466e-01,2.699913e-01,2.639968e-01,2.582094e-01,2.527549e-01,2.482468e-01,2.445077e-01,2.401419e-01,2.359215e-01,2.325244e-01,2.284741e-01,2.251573e-01,2.219292e-01,2.188230e-01,2.163598e-01,2.139475e-01,2.114829e-01,2.091012e-01,2.067682e-01,2.049601e-01,2.032451e-01,2.014947e-01,1.997379e-01,1.980396e-01,1.968415e-01,1.951892e-01,1.935597e-01,1.924097e-01,1.912720e-01,1.906243e-01,1.895337e-01,1.884542e-01,1.878513e-01,1.868165e-01,1.862211e-01,1.856839e-01,1.850964e-01,1.845378e-01,1.840091e-01,1.834577e-01,1.829077e-01,1.823871e-01,1.822826e-01,1.817664e-01,1.817152e-01,1.816640e-01,1.816142e-01,1.811524e-01,1.810752e-01,1.810518e-01,1.810009e-01,1.814125e-01,1.813627e-01,1.813380e-01,1.812621e-01,1.816485e-01,1.815724e-01,1.819865e-01,1.823757e-01,1.828212e-01,1.827962e-01,1.831632e-01,1.839778e-01,1.844034e-01,1.848292e-01,1.856587e-01,1.864933e-01,1.873642e-01,1.886528e-01,1.895420e-01,1.904658e-01,1.917659e-01,1.926508e-01,1.940077e-01,1.953801e-01,1.962973e-01,1.981803e-01,1.991527e-01,2.005920e-01,2.020524e-01,2.030899e-01,2.050957e-01,2.060648e-01,2.075298e-01,2.090502e-01,2.106232e-01,2.116757e-01,2.132501e-01,2.148487e-01,2.159767e-01,2.182208e-01,2.193447e-01,2.210640e-01,2.228494e-01,2.245456e-01,2.258063e-01,2.275844e-01,2.295473e-01,2.314220e-01,2.327176e-01,2.346380e-01,2.366345e-01,2.379422e-01,2.400328e-01,2.415096e-01,2.437084e-01,2.451334e-01,2.466241e-01,2.488616e-01,2.503483e-01,2.518519e-01,2.542303e-01,2.557790e-01,2.573960e-01,2.590288e-01,2.606342e-01,2.630703e-01,2.640044e-01,2.665598e-01,2.683613e-01,2.692227e-01,2.709485e-01,2.736930e-01,2.747015e-01,2.765543e-01,2.784358e-01,2.803384e-01,2.822711e-01,2.832823e-01,2.852507e-01,2.871891e-01,2.881684e-01,2.902097e-01,2.912786e-01,2.932299e-01,2.953436e-01,2.963797e-01,2.986060e-01,2.996697e-01,3.016666e-01,3.027522e-01,3.050056e-01,3.061099e-01,3.072274e-01,3.094759e-01,3.106852e-01,3.118361e-01,3.140786e-01,3.153241e-01,3.165100e-01,3.177044e-01,3.201820e-01,3.214047e-01,3.226369e-01,3.239525e-01,3.252047e-01,3.264668e-01,3.278955e-01,3.291330e-01,3.299585e-01,3.311237e-01,3.322195e-01,3.333645e-01,3.344287e-01,3.356800e-01,3.366200e-01,3.380238e-01,3.389830e-01,3.401663e-01,3.410507e-01,3.421661e-01,3.432840e-01,3.444151e-01,3.454129e-01,3.466439e-01,3.477989e-01,3.485810e-01,3.499807e-01,3.506798e-01,3.518036e-01,3.528464e-01,3.537463e-01,3.548363e-01,3.559511e-01,3.572117e-01,3.580310e-01,3.591537e-01,3.601795e-01,3.611172e-01,3.617496e-01,3.627900e-01,3.635856e-01,3.648975e-01,3.659630e-01,3.670749e-01,3.684195e-01,3.694491e-01,3.701064e-01,3.710868e-01,3.718558e-01,3.727399e-01,3.736895e-01,3.746382e-01,3.753681e-01,3.763791e-01,3.771725e-01,3.781460e-01,3.789532e-01,3.796971e-01,3.801032e-01,3.810869e-01,3.814474e-01,3.822066e-01,3.828508e-01,3.837921e-01,3.844479e-01,3.852138e-01,3.856965e-01,3.863592e-01,3.868389e-01,3.876858e-01,3.879885e-01,3.887248e-01,3.895149e-01,3.901856e-01,3.910481e-01,3.915403e-01,3.919881e-01,3.926738e-01,3.929848e-01,3.935551e-01,3.938676e-01,3.944406e-01,3.944477e-01,3.951437e-01,3.955850e-01,3.962782e-01,3.964801e-01,3.969870e-01,3.973111e-01,3.978202e-01,3.977786e-01,3.984098e-01,3.987350e-01,3.993158e-01,3.995887e-01,4.001721e-01,4.003766e-01,4.009083e-01,4.007960e-01,4.015074e-01,4.014646e-01,4.014931e-01,4.015687e-01,4.018460e-01,4.013558e-01,4.015084e-01,4.011973e-01,4.013511e-01,4.007385e-01,4.005735e-01,4.003334e-01,4.002382e-01,3.998062e-01,3.995191e-01,3.991565e-01,3.990619e-01,3.984570e-01,3.983628e-01,3.977603e-01,3.974778e-01,3.974847e-01,3.989089e-01,3.983046e-01,3.981431e-01,3.976656e-01,3.971936e-01,3.965963e-01,3.962477e-01,3.957739e-01,3.953744e-01,3.947831e-01,3.943186e-01,3.934249e-01,3.930251e-01,3.925639e-01,3.918627e-01,3.912871e-01,3.907738e-01,3.898307e-01,3.895085e-01,3.887528e-01,3.883014e-01,3.878457e-01,3.874557e-01,3.865998e-01,3.861484e-01,3.853431e-01,3.847870e-01,3.842274e-01,3.833184e-01,3.825940e-01,3.819786e-01,3.810188e-01,3.804762e-01,3.799163e-01,3.793102e-01,3.786499e-01,3.780481e-01,3.771704e-01,3.767951e-01,3.760784e-01,3.753177e-01,3.745603e-01,3.740830e-01,3.733310e-01,3.729587e-01,3.723169e-01,3.719519e-01,3.710912e-01,3.706193e-01,3.697662e-01,3.692457e-01,3.687217e-01,3.681414e-01,3.675630e-01,3.671464e-01,3.664170e-01,3.662648e-01,3.658386e-01,3.654694e-01,3.650009e-01,3.649932e-01,3.646748e-01,3.645663e-01,3.639297e-01,3.637651e-01,3.638578e-01,3.633239e-01,3.630037e-01,3.626406e-01,3.621664e-01,3.616945e-01,3.612833e-01,3.609247e-01,3.602042e-01,3.594449e-01,3.588402e-01,3.582255e-01,3.573229e-01,3.567257e-01,3.560767e-01,3.551854e-01,3.541497e-01,3.533620e-01,3.529247e-01,3.520900e-01,3.511662e-01,3.502474e-01,3.494777e-01,3.489461e-01,3.479880e-01,3.474107e-01,3.468856e-01,3.464536e-01,3.457011e-01,3.451317e-01,3.447042e-01,3.443672e-01,3.439416e-01,3.434679e-01,3.431334e-01,3.431663e-01,3.433372e-01,3.427766e-01,3.426323e-01,3.424383e-01,3.421563e-01,3.423278e-01,3.422721e-01,3.420400e-01,3.418963e-01,3.417099e-01,3.415665e-01,3.411599e-01,3.408910e-01,3.403986e-01,3.400438e-01,3.397278e-01,3.397220e-01,3.396291e-01,3.394453e-01,3.396240e-01,3.395421e-01,3.395851e-01,3.394924e-01,3.395850e-01,3.395858e-01,3.397646e-01,3.401662e-01,3.402584e-01,3.403998e-01,3.407995e-01,3.409405e-01,3.413065e-01,3.413993e-01,3.417168e-01,3.418048e-01,3.418963e-01,3.418125e-01,3.417671e-01,3.417210e-01,3.416254e-01,3.414872e-01,3.415785e-01,3.416203e-01,3.419373e-01,3.416655e-01,3.417032e-01,3.416076e-01,3.415615e-01,3.418288e-01,3.416946e-01,3.416484e-01,3.417405e-01,3.416031e-01,3.417328e-01,3.416874e-01,3.415055e-01,3.410104e-01,3.409167e-01,3.406331e-01,3.403650e-01,3.394566e-01,3.390937e-01,3.385965e-01,3.379624e-01,3.375061e-01,3.370512e-01,3.361615e-01,3.354413e-01,3.346807e-01,3.335045e-01,3.323731e-01,3.309047e-01,3.291072e-01,3.280861e-01,3.269872e-01,3.258196e-01,3.234260e-01,3.209901e-01,3.198611e-01,3.176298e-01,3.141909e-01,3.118883e-01,3.097661e-01,3.065645e-01,3.033555e-01,3.002155e-01,2.970722e-01,2.940550e-01,2.890565e-01,2.861369e-01,2.794808e-01,2.748313e-01,2.696343e-01,2.654537e-01,2.597294e-01,2.552053e-01,2.492882e-01,2.439408e-01,2.358767e-01,2.294769e-01,2.233873e-01,2.164338e-01,2.103689e-01,2.030266e-01,1.965151e-01,1.863650e-01,1.790712e-01,1.719224e-01,1.652497e-01,1.573889e-01,1.509953e-01,1.411363e-01,1.342972e-01,1.279550e-01,1.218724e-01,1.156027e-01,1.080855e-01,1.024117e-01,9.750380e-02,9.282748e-02,8.822493e-02,8.280734e-02,7.896612e-02,7.559397e-02,7.254340e-02,6.993916e-02,6.615836e-02,6.398333e-02,6.198428e-02,5.993246e-02,5.786088e-02,5.589870e-02,5.463685e-02,5.341571e-02,5.223841e-02,5.110495e-02,5.000955e-02,4.944605e-02,4.841678e-02,4.788857e-02,4.690962e-02,4.641702e-02,4.593002e-02,4.546263e-02,4.500043e-02,4.454868e-02,4.411006e-02,4.408845e-02,4.364394e-02,4.362564e-02,4.319916e-02,4.317037e-02,4.315754e-02,4.314162e-02,4.272280e-02,4.270703e-02,4.269442e-02,4.268118e-02,4.307023e-02,4.306767e-02,4.305687e-02,4.304094e-02,4.343349e-02,4.343348e-02,4.384035e-02,4.383469e-02,4.424594e-02,4.466367e-02,4.466077e-02,4.509116e-02,4.552304e-02,4.596220e-02,4.642021e-02,4.641465e-02,4.687189e-02,4.735159e-02,4.782177e-02,4.831180e-02,4.879525e-02,4.929671e-02,4.981253e-02,5.032853e-02,5.085367e-02,5.139361e-02,5.193763e-02,5.249141e-02,5.306061e-02,5.363461e-02,5.421150e-02,5.480804e-02,5.602038e-02,5.601909e-02,5.728987e-02,5.794186e-02,5.794930e-02,5.907846e-02,5.975638e-02,6.059228e-02,6.117233e-02,6.218384e-02,6.277981e-02,6.330860e-02,6.431526e-02,6.501382e-02,6.590217e-02,6.655694e-02,6.764341e-02,6.823512e-02,6.927203e-02,6.999341e-02,7.063039e-02,7.172152e-02,7.247135e-02,7.352423e-02,7.419511e-02,7.526945e-02,7.597093e-02,7.698938e-02,7.781771e-02,7.874757e-02,7.948996e-02,8.058285e-02,8.135324e-02,8.235938e-02,8.314225e-02,8.419961e-02,8.491249e-02,8.599483e-02,8.682598e-02,8.743106e-02,8.856087e-02,8.971425e-02,9.047799e-02,9.152119e-02,9.230981e-02,9.337377e-02,9.403582e-02,9.515072e-02,9.581437e-02,9.679817e-02,9.749013e-02,9.866186e-02,9.936550e-02,1.003740e-01,1.010667e-01,1.021451e-01,1.026926e-01,1.036423e-01,1.043719e-01,1.052811e-01,1.063774e-01,1.068499e-01,1.077944e-01,1.083921e-01,1.094247e-01,1.097358e-01,1.107223e-01,1.116025e-01,1.122350e-01,1.129426e-01,1.134637e-01,1.145054e-01,1.148407e-01,1.157750e-01,1.165195e-01,1.170679e-01,1.178261e-01,1.181776e-01,1.190814e-01,1.200730e-01,1.204356e-01,1.212299e-01,1.215984e-01,1.221867e-01,1.230001e-01,1.233776e-01,1.242041e-01,1.247321e-01,1.253457e-01,1.259643e-01,1.263540e-01,1.269810e-01,1.279985e-01,1.281654e-01,1.291987e-01,1.293683e-01,1.304175e-01,1.312351e-01,1.315668e-01,1.323963e-01,1.332345e-01,1.338277e-01,1.345859e-01,1.354473e-01,1.360570e-01,1.366712e-01,1.377248e-01,1.380843e-01,1.388862e-01,1.397940e-01,1.403354e-01,1.409823e-01,1.420922e-01,1.424712e-01,1.433163e-01,1.439866e-01,1.445583e-01,1.454217e-01,1.461086e-01,1.465059e-01,1.473915e-01,1.480940e-01,1.486910e-01,1.491002e-01,1.500124e-01,1.507361e-01,1.513537e-01,1.517754e-01,1.527131e-01,1.531413e-01,1.537757e-01,1.545304e-01,1.551746e-01,1.556124e-01,1.562644e-01,1.570400e-01,1.577021e-01,1.581543e-01,1.588245e-01,1.596196e-01,1.599584e-01,1.609860e-01,1.614544e-01,1.621485e-01,1.624964e-01,1.631961e-01,1.636756e-01,1.643861e-01,1.651019e-01,1.652297e-01,1.659499e-01,1.666774e-01,1.670423e-01,1.675414e-01,1.679095e-01,1.686519e-01,1.690224e-01,1.697733e-01,1.705299e-01,1.712924e-01,1.714287e-01,1.721981e-01,1.725824e-01,1.733608e-01,1.737514e-01,1.741435e-01,1.746781e-01,1.750738e-01,1.754711e-01,1.762722e-01,1.766741e-01,1.770759e-01,1.772205e-01,1.780355e-01,1.784444e-01,1.788534e-01,1.790005e-01,1.794134e-01,1.798278e-01,1.799745e-01,1.803914e-01,1.808098e-01,1.812299e-01,1.816518e-01,1.820753e-01,1.822254e-01,1.822234e-01,1.826493e-01,1.830770e-01,1.835064e-01,1.839360e-01,1.843688e-01,1.848036e-01,1.848016e-01,1.852380e-01,1.856762e-01,1.861146e-01,1.861125e-01,1.865542e-01,1.869977e-01,1.869939e-01,1.874391e-01,1.878862e-01,1.878838e-01,1.886225e-01,1.886185e-01,1.890705e-01,1.890680e-01,1.898150e-01,1.898110e-01,1.902681e-01,1.905608e-01,1.910211e-01,1.910188e-01,1.917779e-01,1.917755e-01,1.920723e-01,1.925391e-01,1.933088e-01,1.936096e-01,1.940828e-01,1.943858e-01,1.943833e-01,1.951674e-01,1.951633e-01,1.959532e-01,1.962614e-01,1.962588e-01,1.970567e-01,1.970543e-01,1.973643e-01,1.976766e-01,1.976745e-01,1.979880e-01,1.983024e-01,1.982988e-01,1.986143e-01,1.986124e-01,1.994280e-01,1.994247e-01,1.997436e-01,2.000635e-01,2.000620e-01,2.003830e-01,2.003800e-01,2.007020e-01,2.007006e-01,2.010236e-01,2.010207e-01,2.013446e-01,2.013435e-01,2.016685e-01,2.016658e-01,2.016646e-01,2.019905e-01,2.014785e-01,2.014757e-01,2.014746e-01,2.018001e-01,2.017988e-01,2.017960e-01,2.017949e-01,2.017937e-01,2.014656e-01,2.009539e-01,2.009526e-01,2.006268e-01,2.003018e-01,1.994754e-01,1.994723e-01,1.991504e-01,1.985107e-01,1.976968e-01,1.973797e-01,1.967478e-01,1.959460e-01,1.953235e-01,1.950128e-01,1.939167e-01,1.933052e-01,1.922235e-01,1.916209e-01,1.902608e-01,1.896687e-01,1.883319e-01,1.877498e-01,1.867222e-01,1.858640e-01,1.848514e-01,1.835718e-01,1.830143e-01,1.817560e-01,1.807831e-01,1.799702e-01,1.790133e-01,1.778008e-01,1.772697e-01,1.760768e-01,1.755568e-01,1.746386e-01,1.734749e-01,1.725747e-01,1.716822e-01,1.707973e-01,1.702998e-01,1.694265e-01,1.685607e-01,1.674633e-01,1.666140e-01,1.663747e-01,1.655344e-01,1.649334e-01,1.637451e-01,1.631518e-01,1.623379e-01,1.621084e-01,1.615276e-01,1.609500e-01,1.603758e-01,1.595843e-01,1.590180e-01,1.584549e-01,1.576787e-01,1.569087e-01,1.560252e-01,1.554757e-01,1.543962e-01,1.536519e-01,1.531191e-01,1.525893e-01,1.515421e-01,1.510210e-01,1.505028e-01,1.499874e-01,1.491659e-01,1.484618e-01,1.476537e-01,1.471538e-01,1.466566e-01,1.461621e-01,1.453739e-01,1.448824e-01,1.441052e-01,1.438101e-01,1.430420e-01,1.427503e-01,1.421735e-01,1.420668e-01,1.414944e-01,1.412076e-01,1.408203e-01,1.407150e-01,1.398725e-01,1.399463e-01,1.393872e-01,1.390076e-01,1.387285e-01,1.385269e-01,1.382491e-01,1.377046e-01,1.370624e-01,1.367893e-01,1.364206e-01,1.358834e-01,1.353495e-01,1.352501e-01,1.342956e-01,1.337714e-01,1.335083e-01,1.329889e-01,1.323138e-01,1.318018e-01,1.313834e-01,1.303822e-01,1.299708e-01,1.294729e-01,1.289779e-01,1.283349e-01,1.273660e-01,1.271221e-01,1.264937e-01,1.260165e-01,1.255421e-01,1.250704e-01,1.243748e-01,1.240568e-01,1.235938e-01,1.232789e-01,1.228204e-01,1.220590e-01,1.219783e-01,1.214470e-01,1.209989e-01,1.205533e-01,1.202502e-01,1.195133e-01,1.192142e-01,1.190541e-01,1.186194e-01,1.183236e-01,1.173935e-01,1.171024e-01,1.168124e-01,1.165234e-01,1.158212e-01,1.154044e-01,1.149899e-01,1.143747e-01,1.140948e-01,1.134198e-01,1.130160e-01,1.124170e-01,1.121442e-01,1.112876e-01,1.112126e-01,1.106281e-01,1.100532e-01,1.097891e-01,1.089598e-01,1.085799e-01,1.080163e-01,1.077646e-01,1.068419e-01,1.064731e-01,1.060413e-01,1.056767e-01,1.047863e-01,1.044281e-01,1.038969e-01,1.035485e-01,1.026804e-01,1.020538e-01,1.015461e-01,1.013119e-01,1.004774e-01,1.001411e-01,9.964794e-02,9.931583e-02,9.850633e-02,5.090934e-03,5.090934e-03,5.090934e-03,5.090934e-03,5.090934e-03,5.090934e-03,5.090934e-03,5.090934e-03,5.090934e-03,5.090934e-03,5.090934e-03,5.090934e-03,5.090934e-03,5.090934e-03,5.090934e-03,5.090934e-03,5.090934e-03,5.090934e-03,5.090934e-03,5.090934e-03,5.090934e-03,5.090934e-03,5.090934e-03,5.090934e-03,5.090934e-03,5.090934e-03,5.090934e-03,5.090934e-03,5.090934e-03,5.090934e-03,5.090934e-03,5.090934e-03,5.090934e-03,5.090934e-03,5.090934e-03,5.090934e-03,5.090934e-03,5.090934e-03,5.090934e-03,5.090934e-03,5.090934e-03,5.090934e-03,5.090934e-03,5.090934e-03,5.090934e-03,5.090934e-03,5.090934e-03,5.090934e-03,5.090934e-03,5.090934e-03,5.090934e-03,5.090934e-03,5.090934e-03,5.090934e-03,5.090934e-03,5.090934e-03,5.090934e-03,5.090934e-03,5.090934e-03,5.090934e-03,5.090934e-03,5.090934e-03,5.090934e-03,5.090934e-03,5.090934e-03,5.090934e-03,5.090934e-03,5.090934e-03,5.090934e-03,5.090934e-03,5.090934e-03,5.090934e-03,5.090934e-03,5.090934e-03,5.090934e-03,5.090934e-03,5.090934e-03,5.090934e-03,5.090934e-03,5.090934e-03,5.090934e-03,5.090934e-03,5.090934e-03,5.090934e-03,5.090934e-03,5.090934e-03,5.090934e-03,5.090934e-03,5.090934e-03,5.090934e-03,5.090934e-03,5.090934e-03,5.090934e-03,5.090934e-03,5.090934e-03,5.090934e-03,5.090934e-03,5.090934e-03,5.090934e-03,5.090934e-03,5.090934e-03,5.090934e-03,5.090934e-03,5.090934e-03,5.090934e-03,5.090934e-03,5.090934e-03,5.090934e-03,5.090934e-03,5.090934e-03,5.090934e-03,5.090934e-03,5.090934e-03,5.090934e-03,5.090934e-03,5.090934e-03,5.090934e-03,5.090934e-03,5.090934e-03,5.090934e-03,5.090934e-03,5.090934e-03,5.090934e-03,5.090934e-03,5.090934e-03,5.090934e-03,5.090934e-03,5.090934e-03,5.090934e-03,5.090934e-03,5.090934e-03,5.090934e-03,5.090934e-03,5.090934e-03,5.090934e-03,5.090934e-03,5.090934e-03,5.090934e-03,5.090934e-03,5.090934e-03,5.090934e-03,5.090934e-03,5.090934e-03,5.090934e-03,5.090934e-03,5.090934e-03,5.090934e-03,5.090934e-03,5.090934e-03,5.090934e-03,5.090934e-03,5.090934e-03,5.090934e-03,5.090934e-03,5.090934e-03,5.090934e-03,5.090934e-03,5.090934e-03,5.090934e-03,5.090934e-03,5.090934e-03
2.689472e-02,2.686542e-02,2.682884e-02,2.679232e-02,2.675587e-02,2.671948e-02,2.667587e-02,2.663956e-02,2.660326e-02,2.655968e-02,2.652335e-02,2.647973e-02,2.644343e-02,2.640719e-02,2.636373e-02,2.632756e-02,2.629140e-02,2.625525e-02,2.622638e-02,2.619023e-02,2.616129e-02,2.613227e-02,2.610325e-02,2.608149e-02,2.605981e-02,2.603085e-02,2.600907e-02,2.599448e-02,2.597269e-02,2.595092e-02,2.593632e-02,2.591443e-02,2.589983e-02,2.587802e-02,2.586350e-02,2.584900e-02,2.582726e-02,2.581281e-02,2.579838e-02,2.577676e-02,2.576244e-02,2.574829e-02,2.572703e-02,2.571304e-02,2.569197e-02,2.567836e-02,2.566489e-02,2.564436e-02,2.563155e-02,2.561921e-02,2.560025e-02,2.558919e-02,2.557907e-02,2.556961e-02,2.556079e-02,2.555245e-02,2.555193e-02,2.554488e-02,2.553801e-02,2.553795e-02,2.553044e-02,2.552276e-02,2.552108e-02,2.551188e-02,2.551012e-02,2.550179e-02,2.550004e-02,2.549793e-02,2.548796e-02,2.548557e-02,2.548328e-02,2.547258e-02,2.546931e-02,2.546641e-02,2.545637e-02,2.545341e-02,2.545076e-02,2.545007e-02,2.544231e-02,2.544193e-02,2.544225e-02,2.543783e-02,2.544273e-02,2.544923e-02,2.545126e-02,2.546339e-02,2.547949e-02,2.549303e-02,2.551899e-02,2.554495e-02,2.558372e-02,2.562249e-02,2.567797e-02,2.573933e-02,2.581759e-02,2.590326e-02,2.601274e-02,2.613636e-02,2.628021e-02,2.645346e-02,2.665122e-02,2.687251e-02,2.712733e-02,2.741877e-02,2.775466e-02,2.812393e-02,2.853949e-02,2.900280e-02,2.950967e-02,3.005851e-02,3.066765e-02,3.133145e-02,3.204603e-02,3.281156e-02,3.362845e-02,3.446377e-02,3.532871e-02,3.619711e-02,3.706358e-02,3.790606e-02,3.871147e-02,3.946609e-02,4.015378e-02,4.075469e-02,4.125879e-02,4.164677e-02,4.188539e-02,4.204735e-02,4.210300e-02,4.205892e-02,4.193420e-02,4.176681e-02,4.157753e-02,4.127849e-02,4.094842e-02,4.058111e-02,4.019410e-02,3.978143e-02,3.937906e-02,3.897238e-02,3.860355e-02,3.819080e-02,3.778744e-02,3.745242e-02,3.710552e-02,3.682621e-02,3.653843e-02,3.631265e-02,3.607240e-02,3.585964e-02,3.568167e-02,3.548821e-02,3.531063e-02,3.513321e-02,3.495839e-02,3.477916e-02,3.459556e-02,3.444358e-02,3.426075e-02,3.408083e-02,3.390739e-02,3.374910e-02,3.354972e-02,3.335120e-02,3.313301e-02,3.289390e-02,3.264454e-02,3.235196e-02,3.206643e-02,3.176891e-02,3.146721e-02,3.116435e-02,3.086535e-02,3.057623e-02,3.030578e-02,3.004185e-02,2.979332e-02,2.955981e-02,2.934936e-02,2.914457e-02,2.895194e-02,2.876939e-02,2.860315e-02,2.844164e-02,2.829467e-02,2.814947e-02,2.801577e-02,2.789573e-02,2.778492e-02,2.767440e-02,2.758163e-02,2.749518e-02,2.741611e-02,2.732830e-02,2.726334e-02,2.720413e-02,2.714756e-02,2.709755e-02,2.704246e-02,2.698573e-02,2.691611e-02,2.684858e-02,2.678209e-02,2.670236e-02,2.660463e-02,2.651345e-02,2.640683e-02,2.628998e-02,2.616785e-02,2.604609e-02,2.591647e-02,2.578739e-02,2.565637e-02,2.553060e-02,2.540099e-02,2.527665e-02,2.515881e-02,2.505160e-02,2.495176e-02,2.485800e-02,2.477935e-02,2.469630e-02,2.463473e-02,2.457664e-02,2.453677e-02,2.449338e-02,2.445563e-02,2.442909e-02,2.440836e-02,2.438675e-02,2.435889e-02,2.433914e-02,2.430879e-02,2.426138e-02,2.421460e-02,2.415124e-02,2.407974e-02,2.398298e-02,2.388535e-02,2.378110e-02,2.367724e-02,2.356303e-02,2.345175e-02,2.333966e-02,2.323289e-02,2.313139e-02,2.304705e-02,2.296336e-02,2.288831e-02,2.283303e-02,2.277695e-02,2.273628e-02,2.269292e-02,2.266033e-02,2.262002e-02,2.258516e-02,2.254188e-02,2.250279e-02,2.245508e-02,2.241255e-02,2.236441e-02,2.232367e-02,2.228048e-02,2.224788e-02,2.222013e-02,2.218981e-02,2.217057e-02,2.214908e-02,2.213754e-02,2.212203e-02,2.211518e-02,2.210329e-02,2.209957e-02,2.208984e-02,2.208774e-02,2.207949e-02,2.207859e-02,2.207168e-02,2.206525e-02,2.206764e-02,2.206422e-02,2.207219e-02,2.207674e-02,2.209093e-02,2.212320e-02,2.217180e-02,2.225007e-02,2.238285e-02,2.257391e-02,2.286390e-02,2.327738e-02,2.385737e-02,2.462851e-02,2.564851e-02,2.693793e-02,2.849320e-02,3.035814e-02,3.254394e-02,3.502226e-02,3.776436e-02,4.076893e-02,4.403805e-02,4.745328e-02,5.100782e-02,5.469251e-02,5.846095e-02,6.232240e-02,6.625088e-02,7.025175e-02,7.448479e-02,7.865701e-02,8.288801e-02,8.719680e-02,9.158669e-02,9.606654e-02,1.006101e-01,1.052397e-01,1.099377e-01,1.146874e-01,1.195083e-01,1.247727e-01,1.297104e-01,1.346936e-01,1.395607e-01,1.445747e-01,1.495933e-01,1.546129e-01,1.596552e-01,1.646322e-01,1.695688e-01,1.744527e-01,1.792619e-01,1.840438e-01,1.887681e-01,1.932902e-01,1.977783e-01,2.021955e-01,2.064894e-01,2.105818e-01,2.146800e-01,2.186352e-01,2.222108e-01,2.258039e-01,2.291207e-01,2.324506e-01,2.355055e-01,2.385759e-01,2.413616e-01,2.441527e-01,2.467038e-01,2.492486e-01,2.515571e-01,2.538961e-01,2.564237e-01,2.588302e-01,2.614222e-01,2.638929e-01,2.663822e-01,2.690589e-01,2.715910e-01,2.743164e-01,2.767035e-01,2.792705e-01,2.818411e-01,2.842260e-01,2.867811e-01,2.893319e-01,2.918671e-01,2.941830e-01,2.966603e-01,2.991111e-01,3.015219e-01,3.038798e-01,3.061912e-01,3.084353e-01,3.106111e-01,3.127174e-01,3.147331e-01,3.166565e-01,3.184795e-01,3.201943e-01,3.213897e-01,3.228287e-01,3.242807e-01,3.257466e-01,3.272200e-01,3.287151e-01,3.302253e-01,3.314941e-01,3.330302e-01,3.345753e-01,3.358806e-01,3.374620e-01,3.387915e-01,3.401251e-01,3.414768e-01,3.428406e-01,3.444849e-01,3.458748e-01,3.472768e-01,3.486842e-01,3.501104e-01,3.515488e-01,3.529936e-01,3.541652e-01,3.556401e-01,3.571286e-01,3.586230e-01,3.601401e-01,3.613625e-01,3.629040e-01,3.641478e-01,3.654005e-01,3.669798e-01,3.682542e-01,3.695383e-01,3.708318e-01,3.721348e-01,3.734485e-01,3.747735e-01,3.761081e-01,3.774508e-01,3.788044e-01,3.798277e-01,3.812018e-01,3.825830e-01,3.836134e-01,3.850169e-01,3.864308e-01,3.878480e-01,3.889222e-01,3.900038e-01,3.914533e-01,3.925465e-01,3.936535e-01,3.951424e-01,3.962633e-01,3.973947e-01,3.985352e-01,4.000649e-01,4.012215e-01,4.023872e-01,4.035602e-01,4.047400e-01,4.059296e-01,4.071271e-01,4.083397e-01,4.095544e-01,4.107770e-01,4.120055e-01,4.132466e-01,4.144948e-01,4.153308e-01,4.165937e-01,4.174412e-01,4.187182e-01,4.200028e-01,4.208750e-01,4.221782e-01,4.230491e-01,4.243673e-01,4.252512e-01,4.265835e-01,4.274783e-01,4.283772e-01,4.292856e-01,4.306469e-01,4.315606e-01,4.324793e-01,4.334047e-01,4.347974e-01,4.357358e-01,4.366738e-01,4.376184e-01,4.385630e-01,4.395145e-01,4.404805e-01,4.414402e-01,4.424084e-01,4.433799e-01,4.443610e-01,4.448495e-01,4.458352e-01,4.468314e-01,4.478261e-01,4.483253e-01,4.493308e-01,4.503490e-01,4.513588e-01,4.518679e-01,4.528916e-01,4.539247e-01,4.544389e-01,4.549569e-01,4.560071e-01,4.565274e-01,4.575708e-01,4.581051e-01,4.591631e-01,4.596882e-01,4.602182e-01,4.607582e-01,4.612862e-01,4.618176e-01,4.623642e-01,4.629037e-01,4.634406e-01,4.639730e-01,4.645195e-01,4.650631e-01,4.656082e-01,4.661497e-01,4.666947e-01,4.672368e-01,4.677866e-01,4.683466e-01,4.688902e-01,4.694208e-01,4.699718e-01,4.705249e-01,4.710789e-01,4.716273e-01,4.721481e-01,4.726952e-01,4.732427e-01,4.737874e-01,4.743402e-01,4.748859e-01,4.754310e-01,4.760411e-01,4.765591e-01,4.770607e-01,4.775923e-01,4.780855e-01,4.786302e-01,4.791630e-01,4.795966e-01,4.801014e-01,4.805891e-01,4.810813e-01,4.815873e-01,4.819705e-01,4.824703e-01,4.829526e-01,4.834059e-01,4.839065e-01,4.843394e-01,4.847959e-01,4.852732e-01,4.856417e-01,4.859433e-01,4.863017e-01,4.867255e-01,4.870854e-01,4.874429e-01,4.878040e-01,4.882003e-01,4.886059e-01,4.890384e-01,4.894422e-01,4.898734e-01,4.902623e-01,4.907543e-01,4.912966e-01,4.917751e-01,4.922968e-01,4.927769e-01,4.933130e-01,4.938827e-01,4.943692e-01,4.949410e-01,4.954504e-01,4.959399e-01,4.965153e-01,4.970066e-01,4.975203e-01,4.980474e-01,4.986437e-01,4.991737e-01,4.997303e-01,5.002791e-01,5.008387e-01,5.013875e-01,5.019550e-01,5.025200e-01,5.030990e-01,5.036047e-01,5.041992e-01,5.047963e-01,5.053735e-01,5.059067e-01,5.065205e-01,5.070693e-01,5.076530e-01,5.081911e-01,5.088000e-01,5.093539e-01,5.099002e-01,5.105260e-01,5.110845e-01,5.116436e-01,5.122042e-01,5.127711e-01,5.133217e-01,5.138868e-01,5.144535e-01,5.150348e-01,5.155460e-01,5.161222e-01,5.167092e-01,5.172256e-01,5.178157e-01,5.183348e-01,5.189146e-01,5.194240e-01,5.200214e-01,5.205335e-01,5.210389e-01,5.215536e-01,5.220966e-01,5.226274e-01,5.231596e-01,5.236920e-01,5.242269e-01,5.247619e-01,5.252845e-01,5.258084e-01,5.262513e-01,5.267904e-01,5.272711e-01,5.277988e-01,5.282246e-01,5.286514e-01,5.291543e-01,5.296110e-01,5.300686e-01,5.305272e-01,5.309727e-01,5.314332e-01,5.318805e-01,5.323287e-01,5.327011e-01,5.331522e-01,5.335887e-01,5.339502e-01,5.343751e-01,5.347378e-01,5.351156e-01,5.355573e-01,5.359310e-01,5.362976e-01,5.366503e-01,5.370116e-01,5.373576e-01,5.377122e-01,5.380303e-01,5.383635e-01,5.386759e-01,5.389875e-01,5.392851e-01,5.396040e-01,5.399079e-01,5.401908e-01,5.404728e-01,5.407257e-01,5.409924e-01,5.412446e-01,5.414960e-01,5.417476e-01,5.419748e-01,5.422027e-01,5.424147e-01,5.426176e-01,5.428220e-01,5.430171e-01,5.432105e-01,5.433598e-01,5.435243e-01,5.436877e-01,5.438499e-01,5.440055e-01,5.441305e-01,5.442399e-01,5.443494e-01,5.444428e-01,5.445513e-01,5.446367e-01,5.447364e-01,5.448064e-01,5.448700e-01,5.449111e-01,5.449450e-01,5.449948e-01,5.450443e-01,5.450722e-01,5.450776e-01,5.450607e-01,5.450364e-01,5.449969e-01,5.449881e-01,5.449718e-01,5.449518e-01,5.449017e-01,5.448515e-01,5.448389e-01,5.448190e-01,5.447840e-01,5.447339e-01,5.446687e-01,5.446411e-01,5.446211e-01,5.445862e-01,5.445211e-01,5.444696e-01,5.444648e-01,5.444974e-01,5.444925e-01,5.444275e-01,5.443624e-01,5.443139e-01,5.442640e-01,5.442078e-01,5.441143e-01,5.440208e-01,5.439573e-01,5.439090e-01,5.438006e-01,5.436246e-01,5.434266e-01,5.432736e-01,5.431208e-01,5.429083e-01,5.425604e-01,5.421699e-01,5.418233e-01,5.415070e-01,5.412133e-01,5.408979e-01,5.405079e-01,5.399727e-01,5.392761e-01,5.385965e-01,5.381087e-01,5.376803e-01,5.371367e-01,5.363993e-01,5.356283e-01,5.350902e-01,5.347112e-01,5.343759e-01,5.339840e-01,5.335216e-01,5.331029e-01,5.326938e-01,5.322769e-01,5.320037e-01,5.318722e-01,5.317409e-01,5.316109e-01,5.314811e-01,5.313513e-01,5.312230e-01,5.310947e-01,5.311074e-01,5.309792e-01,5.309994e-01,5.310134e-01,5.310261e-01,5.308980e-01,5.309107e-01,5.309221e-01,5.309335e-01,5.308042e-01,5.306736e-01,5.306837e-01,5.306938e-01,5.307025e-01,5.307126e-01,5.307226e-01,5.305909e-01,5.306009e-01,5.306110e-01,5.306285e-01,5.304981e-01,5.305081e-01,5.303778e-01,5.303879e-01,5.303993e-01,5.304080e-01,5.302778e-01,5.302878e-01,5.302966e-01,5.303066e-01,5.301752e-01,5.301839e-01,5.301926e-01,5.302013e-01,5.302087e-01,5.302174e-01,5.302261e-01,5.303750e-01,5.303837e-01,5.303923e-01,5.304010e-01,5.304097e-01,5.304184e-01,5.297991e-01,5.299476e-01,5.299563e-01,5.299649e-01,5.299736e-01,5.294953e-01,5.295026e-01,5.296509e-01,5.296595e-01,5.290427e-01,5.290501e-01,5.291993e-01,5.287229e-01,5.287389e-01,5.282649e-01,5.282749e-01,5.282849e-01,5.276750e-01,5.276863e-01,5.272162e-01,5.272274e-01,5.266208e-01,5.266334e-01,5.261657e-01,5.255636e-01,5.257129e-01,5.251109e-01,5.251234e-01,5.246666e-01,5.246778e-01,5.242148e-01,5.236172e-01,5.236284e-01,5.230314e-01,5.230413e-01,5.225807e-01,5.219855e-01,5.221286e-01,5.215348e-01,5.210765e-01,5.210839e-01,5.204932e-01,5.200373e-01,5.200459e-01,5.194583e-01,5.190122e-01,5.190220e-01,5.185708e-01,5.179888e-01,5.179986e-01,5.174183e-01,5.174281e-01,5.168494e-01,5.162736e-01,5.164141e-01,5.158384e-01,5.152655e-01,5.154053e-01,5.148325e-01,5.148423e-01,5.142711e-01,5.137016e-01,5.137113e-01,5.131497e-01,5.131594e-01,5.125920e-01,5.124735e-01,5.119081e-01,5.117889e-01,5.112254e-01,5.111066e-01,5.105439e-01,5.105525e-01,5.098660e-01,5.098746e-01,5.097567e-01,5.090730e-01,5.089631e-01,5.088458e-01,5.082907e-01,5.081738e-01,5.080570e-01,5.075041e-01,5.073878e-01,5.072714e-01,5.071552e-01,5.064806e-01,5.063648e-01,5.062492e-01,5.061336e-01,5.058941e-01,5.057787e-01,5.055396e-01,5.054245e-01,5.058644e-01,5.045181e-01,5.049561e-01,5.052714e-01,5.055872e-01,5.057797e-01,5.055407e-01,5.057330e-01,5.054941e-01,5.052555e-01,5.055712e-01,5.052090e-01,5.049708e-01,5.046097e-01,5.048011e-01,5.044404e-01,5.040804e-01,5.037210e-01,5.033623e-01,5.030116e-01,5.019868e-01,5.020543e-01,5.010345e-01,5.006807e-01,5.003276e-01,5.003946e-01,5.004616e-01,4.993302e-01,4.987404e-01,4.981524e-01,4.982188e-01,4.977512e-01,4.968717e-01,4.962883e-01,4.950633e-01,4.938458e-01,4.936778e-01,4.920658e-01,4.910963e-01,4.901317e-01,4.897981e-01,4.888407e-01,4.878880e-01,4.873327e-01,4.861629e-01,4.848886e-01,4.831268e-01,4.818720e-01,4.798668e-01,4.785803e-01,4.766084e-01,4.757134e-01,4.742421e-01,4.728866e-01,4.714365e-01,4.705643e-01,4.691315e-01,4.682696e-01,4.676651e-01,4.689970e-01,4.708032e-01,4.716899e-01,4.702483e-01,4.690726e-01,4.684656e-01,4.678597e-01,4.666985e-01,4.664511e-01,4.660011e-01,4.643007e-01,4.620706e-01,4.592397e-01,4.562507e-01,4.534964e-01,4.507336e-01,4.477349e-01,4.453705e-01,4.433918e-01,4.424542e-01,4.418741e-01,4.426293e-01,4.412054e-01,4.389165e-01,4.352361e-01,4.317549e-01,4.268137e-01,4.212862e-01,4.168167e-01,4.118420e-01,4.081087e-01,4.034013e-01,3.994473e-01,3.952701e-01,3.908193e-01,3.858921e-01,3.832397e-01,3.794296e-01,3.744755e-01,3.702565e-01,3.656189e-01,3.621805e-01,3.577584e-01,3.532155e-01,3.492598e-01,3.459117e-01,3.426828e-01,3.388024e-01,3.350137e-01,3.319954e-01,3.279566e-01,3.244628e-01,3.210457e-01,3.178958e-01,3.152323e-01,3.126145e-01,3.094960e-01,3.066150e-01,3.037882e-01,3.012268e-01,2.990499e-01,2.965733e-01,2.939680e-01,2.915705e-01,2.895682e-01,2.872465e-01,2.849571e-01,2.830442e-01,2.811567e-01,2.797799e-01,2.780828e-01,2.764058e-01,2.752191e-01,2.737190e-01,2.725507e-01,2.716739e-01,2.705267e-01,2.695237e-01,2.686659e-01,2.676802e-01,2.666977e-01,2.658572e-01,2.653216e-01,2.644934e-01,2.642300e-01,2.639670e-01,2.637084e-01,2.631508e-01,2.627578e-01,2.626334e-01,2.623735e-01,2.626713e-01,2.624151e-01,2.622873e-01,2.619005e-01,2.620658e-01,2.616796e-01,2.619759e-01,2.621413e-01,2.625742e-01,2.624463e-01,2.624840e-01,2.629446e-01,2.632475e-01,2.635473e-01,2.640153e-01,2.644811e-01,2.650867e-01,2.658572e-01,2.664689e-01,2.672160e-01,2.678652e-01,2.683443e-01,2.691373e-01,2.699310e-01,2.704212e-01,2.715360e-01,2.721734e-01,2.729847e-01,2.738046e-01,2.745925e-01,2.757453e-01,2.761108e-01,2.766527e-01,2.773476e-01,2.781895e-01,2.787096e-01,2.794106e-01,2.801192e-01,2.807968e-01,2.819974e-01,2.825316e-01,2.834049e-01,2.844421e-01,2.850211e-01,2.858740e-01,2.866154e-01,2.879879e-01,2.888993e-01,2.896196e-01,2.905370e-01,2.916267e-01,2.921976e-01,2.934597e-01,2.945334e-01,2.959871e-01,2.967387e-01,2.976674e-01,2.989772e-01,2.997485e-01,3.005239e-01,3.020332e-01,3.028204e-01,3.037879e-01,3.047570e-01,3.055587e-01,3.067599e-01,3.075309e-01,3.089347e-01,3.101209e-01,3.105403e-01,3.113684e-01,3.129950e-01,3.137980e-01,3.148331e-01,3.158799e-01,3.169291e-01,3.179903e-01,3.186255e-01,3.196935e-01,3.205772e-01,3.210210e-01,3.221106e-01,3.227630e-01,3.234590e-01,3.245658e-01,3.250213e-01,3.263429e-01,3.268084e-01,3.273173e-01,3.277856e-01,3.289231e-01,3.293910e-01,3.298652e-01,3.308076e-01,3.314914e-01,3.319717e-01,3.327140e-01,3.334058e-01,3.338918e-01,3.343791e-01,3.355588e-01,3.360511e-01,3.365449e-01,3.372533e-01,3.377507e-01,3.382496e-01,3.391862e-01,3.398618e-01,3.399963e-01,3.404473e-01,3.406816e-01,3.407377e-01,3.411462e-01,3.414313e-01,3.417864e-01,3.421229e-01,3.424845e-01,3.431183e-01,3.432557e-01,3.436703e-01,3.440812e-01,3.444980e-01,3.448650e-01,3.455082e-01,3.459289e-01,3.460171e-01,3.467164e-01,3.465737e-01,3.471719e-01,3.475447e-01,3.478661e-01,3.486505e-01,3.488442e-01,3.496906e-01,3.497751e-01,3.505734e-01,3.511327e-01,3.514606e-01,3.516830e-01,3.522458e-01,3.525226e-01,3.533826e-01,3.539562e-01,3.549582e-01,3.558359e-01,3.566087e-01,3.568328e-01,3.578021e-01,3.582754e-01,3.590039e-01,3.595416e-01,3.600759e-01,3.607560e-01,3.617482e-01,3.622329e-01,3.627808e-01,3.632735e-01,3.639618e-01,3.645431e-01,3.650933e-01,3.652188e-01,3.659199e-01,3.663585e-01,3.671224e-01,3.675692e-01,3.682747e-01,3.686657e-01,3.691165e-01,3.695042e-01,3.700163e-01,3.703468e-01,3.705947e-01,3.713177e-01,3.717702e-01,3.722889e-01,3.726837e-01,3.726049e-01,3.730658e-01,3.734020e-01,3.735937e-01,3.739309e-01,3.741231e-01,3.741285e-01,3.745936e-01,3.752112e-01,3.756738e-01,3.757454e-01,3.761480e-01,3.764952e-01,3.768995e-01,3.764194e-01,3.770995e-01,3.774482e-01,3.776386e-01,3.774950e-01,3.776855e-01,3.777574e-01,3.774551e-01,3.771882e-01,3.776555e-01,3.771732e-01,3.764783e-01,3.762693e-01,3.761271e-01,3.750361e-01,3.746221e-01,3.742944e-01,3.738825e-01,3.725361e-01,3.718000e-01,3.712697e-01,3.703323e-01,3.697475e-01,3.687597e-01,3.679761e-01,3.670566e-01,3.657627e-01,3.648551e-01,3.635779e-01,3.626254e-01,3.626303e-01,3.652573e-01,3.639771e-01,3.632772e-01,3.622657e-01,3.612644e-01,3.600142e-01,3.592750e-01,3.582869e-01,3.571178e-01,3.558979e-01,3.549338e-01,3.534351e-01,3.522950e-01,3.513512e-01,3.499368e-01,3.487722e-01,3.474313e-01,3.461772e-01,3.449121e-01,3.437275e-01,3.428311e-01,3.419355e-01,3.408715e-01,3.394986e-01,3.386211e-01,3.376508e-01,3.365699e-01,3.354923e-01,3.343264e-01,3.332200e-01,3.323287e-01,3.313486e-01,3.303090e-01,3.298030e-01,3.289304e-01,3.282262e-01,3.273622e-01,3.262537e-01,3.258092e-01,3.252722e-01,3.243791e-01,3.234911e-01,3.228548e-01,3.219752e-01,3.215390e-01,3.208633e-01,3.204337e-01,3.198709e-01,3.192457e-01,3.186874e-01,3.182206e-01,3.177519e-01,3.174339e-01,3.171167e-01,3.168428e-01,3.164873e-01,3.164483e-01,3.166639e-01,3.167306e-01,3.166060e-01,3.170990e-01,3.175110e-01,3.178138e-01,3.181381e-01,3.185927e-01,3.192866e-01,3.198092e-01,3.202250e-01,3.202932e-01,3.206665e-01,3.210408e-01,3.212658e-01,3.213346e-01,3.214689e-01,3.212526e-01,3.210804e-01,3.214116e-01,3.211513e-01,3.209792e-01,3.209601e-01,3.207005e-01,3.203975e-01,3.203345e-01,3.202067e-01,3.202961e-01,3.201895e-01,3.200831e-01,3.200202e-01,3.201966e-01,3.202423e-01,3.205715e-01,3.207485e-01,3.211227e-01,3.210594e-01,3.213904e-01,3.217661e-01,3.223411e-01,3.227191e-01,3.232533e-01,3.238338e-01,3.247077e-01,3.256314e-01,3.259722e-01,3.264499e-01,3.270879e-01,3.275232e-01,3.284638e-01,3.291561e-01,3.294357e-01,3.299239e-01,3.300395e-01,3.305296e-01,3.303933e-01,3.303037e-01,3.299592e-01,3.296618e-01,3.297342e-01,3.302697e-01,3.305978e-01,3.307140e-01,3.311365e-01,3.309302e-01,3.313065e-01,3.316367e-01,3.318509e-01,3.318511e-01,3.322766e-01,3.329623e-01,3.331781e-01,3.332289e-01,3.339156e-01,3.339665e-01,3.342788e-01,3.344963e-01,3.349765e-01,3.351915e-01,3.354098e-01,3.351978e-01,3.353683e-01,3.355388e-01,3.358772e-01,3.358289e-01,3.360480e-01,3.364359e-01,3.369215e-01,3.368277e-01,3.372141e-01,3.375560e-01,3.377288e-01,3.383887e-01,3.383428e-01,3.385164e-01,3.387393e-01,3.386903e-01,3.393049e-01,3.394797e-01,3.396057e-01,3.392404e-01,3.395870e-01,3.400539e-01,3.399586e-01,3.400103e-01,3.402598e-01,3.404601e-01,3.406078e-01,3.412047e-01,3.418038e-01,3.418563e-01,3.423544e-01,3.430324e-01,3.425839e-01,3.425361e-01,3.421599e-01,3.420364e-01,3.422129e-01,3.421617e-01,3.418894e-01,3.411193e-01,3.401308e-01,3.398585e-01,3.393181e-01,3.380708e-01,3.370973e-01,3.365657e-01,3.355545e-01,3.343324e-01,3.331224e-01,3.317105e-01,3.305168e-01,3.282063e-01,3.268367e-01,3.234827e-01,3.208743e-01,3.184605e-01,3.165089e-01,3.135505e-01,3.118020e-01,3.090741e-01,3.076537e-01,3.037715e-01,3.004111e-01,2.971238e-01,2.931706e-01,2.895183e-01,2.847567e-01,2.800294e-01,2.727041e-01,2.669875e-01,2.614652e-01,2.561546e-01,2.499345e-01,2.444183e-01,2.359122e-01,2.297677e-01,2.237130e-01,2.177329e-01,2.110833e-01,2.032615e-01,1.968458e-01,1.911109e-01,1.855747e-01,1.798785e-01,1.730736e-01,1.680755e-01,1.635153e-01,1.592844e-01,1.555300e-01,1.501001e-01,1.467599e-01,1.435957e-01,1.401740e-01,1.367791e-01,1.334772e-01,1.311796e-01,1.289432e-01,1.267684e-01,1.246201e-01,1.225624e-01,1.212579e-01,1.193264e-01,1.181433e-01,1.162591e-01,1.152200e-01,1.141643e-01,1.131898e-01,1.122553e-01,1.113632e-01,1.104863e-01,1.103042e-01,1.093488e-01,1.091443e-01,1.083201e-01,1.080572e-01,1.079138e-01,1.077953e-01,1.069871e-01,1.068701e-01,1.067292e-01,1.066408e-01,1.072380e-01,1.072096e-01,1.071489e-01,1.070316e-01,1.076040e-01,1.076040e-01,1.082679e-01,1.082639e-01,1.088513e-01,1.094986e-01,1.095240e-01,1.101819e-01,1.108423e-01,1.115093e-01,1.122479e-01,1.122440e-01,1.129559e-01,1.137727e-01,1.144689e-01,1.152399e-01,1.159187e-01,1.167019e-01,1.174975e-01,1.182650e-01,1.190408e-01,1.198287e-01,1.206215e-01,1.214230e-01,1.222370e-01,1.230563e-01,1.238130e-01,1.246171e-01,1.261738e-01,1.262073e-01,1.278762e-01,1.287591e-01,1.288706e-01,1.302942e-01,1.310900e-01,1.321482e-01,1.329815e-01,1.342069e-01,1.349410e-01,1.356274e-01,1.369264e-01,1.377349e-01,1.388339e-01,1.396513e-01,1.409710e-01,1.416647e-01,1.428270e-01,1.437762e-01,1.445860e-01,1.457859e-01,1.466286e-01,1.478461e-01,1.485493e-01,1.496464e-01,1.503669e-01,1.514251e-01,1.522701e-01,1.530838e-01,1.537784e-01,1.548283e-01,1.555364e-01,1.564330e-01,1.570469e-01,1.580662e-01,1.587331e-01,1.596638e-01,1.602445e-01,1.606925e-01,1.616406e-01,1.625982e-01,1.631275e-01,1.638600e-01,1.643964e-01,1.650784e-01,1.654334e-01,1.662402e-01,1.664818e-01,1.670489e-01,1.673519e-01,1.681151e-01,1.683614e-01,1.687564e-01,1.688233e-01,1.694628e-01,1.693948e-01,1.691285e-01,1.691956e-01,1.693980e-01,1.697364e-01,1.690617e-01,1.692638e-01,1.691959e-01,1.689278e-01,1.681246e-01,1.683248e-01,1.679255e-01,1.678585e-01,1.673284e-01,1.666693e-01,1.668665e-01,1.660794e-01,1.656888e-01,1.651700e-01,1.645249e-01,1.640121e-01,1.632473e-01,1.633102e-01,1.629303e-01,1.621738e-01,1.616730e-01,1.609261e-01,1.603082e-01,1.598169e-01,1.590842e-01,1.585990e-01,1.584164e-01,1.578143e-01,1.572160e-01,1.565000e-01,1.559098e-01,1.559676e-01,1.551467e-01,1.552040e-01,1.543896e-01,1.544464e-01,1.543872e-01,1.540966e-01,1.540376e-01,1.539786e-01,1.538043e-01,1.541448e-01,1.540857e-01,1.539112e-01,1.537370e-01,1.541958e-01,1.539056e-01,1.542495e-01,1.541903e-01,1.544162e-01,1.542410e-01,1.547026e-01,1.544107e-01,1.547567e-01,1.545808e-01,1.548107e-01,1.551553e-01,1.549786e-01,1.546857e-01,1.550328e-01,1.548563e-01,1.550840e-01,1.547906e-01,1.551382e-01,1.549614e-01,1.551924e-01,1.548986e-01,1.552437e-01,1.549497e-01,1.551807e-01,1.550037e-01,1.552350e-01,1.549378e-01,1.551689e-01,1.549918e-01,1.552231e-01,1.549289e-01,1.551600e-01,1.549798e-01,1.550938e-01,1.554429e-01,1.551479e-01,1.553796e-01,1.554941e-01,1.557237e-01,1.554276e-01,1.556601e-01,1.558932e-01,1.554788e-01,1.557083e-01,1.559416e-01,1.560569e-01,1.557596e-01,1.558747e-01,1.561084e-01,1.562208e-01,1.564554e-01,1.566907e-01,1.569266e-01,1.565072e-01,1.567426e-01,1.568558e-01,1.570922e-01,1.572090e-01,1.573260e-01,1.570213e-01,1.571380e-01,1.572549e-01,1.574924e-01,1.576097e-01,1.577241e-01,1.573007e-01,1.575383e-01,1.576557e-01,1.577701e-01,1.573464e-01,1.574636e-01,1.575809e-01,1.571546e-01,1.572716e-01,1.573887e-01,1.575059e-01,1.576233e-01,1.577409e-01,1.573136e-01,1.573103e-01,1.574275e-01,1.575448e-01,1.576623e-01,1.577766e-01,1.578944e-01,1.580123e-01,1.580089e-01,1.581270e-01,1.582453e-01,1.583603e-01,1.583569e-01,1.584755e-01,1.585942e-01,1.585874e-01,1.587062e-01,1.588252e-01,1.588217e-01,1.594928e-01,1.594860e-01,1.596060e-01,1.596025e-01,1.602793e-01,1.602725e-01,1.603936e-01,1.609508e-01,1.610728e-01,1.610693e-01,1.617536e-01,1.617502e-01,1.623156e-01,1.624394e-01,1.631338e-01,1.637076e-01,1.638332e-01,1.644112e-01,1.644078e-01,1.651202e-01,1.651134e-01,1.658311e-01,1.664213e-01,1.664179e-01,1.671454e-01,1.671420e-01,1.677371e-01,1.683391e-01,1.683358e-01,1.689416e-01,1.695512e-01,1.695446e-01,1.701580e-01,1.701547e-01,1.709108e-01,1.709042e-01,1.715263e-01,1.721522e-01,1.721490e-01,1.727789e-01,1.727724e-01,1.734064e-01,1.734032e-01,1.740411e-01,1.740347e-01,1.746768e-01,1.746736e-01,1.753198e-01,1.753134e-01,1.753102e-01,1.759606e-01,1.758114e-01,1.758049e-01,1.758017e-01,1.764554e-01,1.764522e-01,1.764458e-01,1.764426e-01,1.764393e-01,1.757791e-01,1.756266e-01,1.756233e-01,1.749680e-01,1.743167e-01,1.735265e-01,1.735198e-01,1.728773e-01,1.716076e-01,1.708376e-01,1.702115e-01,1.689706e-01,1.682200e-01,1.670066e-01,1.664035e-01,1.650800e-01,1.639038e-01,1.626093e-01,1.614619e-01,1.596432e-01,1.585300e-01,1.567653e-01,1.556849e-01,1.544987e-01,1.529226e-01,1.517665e-01,1.501231e-01,1.491163e-01,1.475193e-01,1.464326e-01,1.449880e-01,1.439313e-01,1.424232e-01,1.414940e-01,1.400267e-01,1.391267e-01,1.381378e-01,1.367259e-01,1.357641e-01,1.348131e-01,1.338726e-01,1.330302e-01,1.321094e-01,1.311986e-01,1.298979e-01,1.290112e-01,1.286128e-01,1.277399e-01,1.272614e-01,1.263178e-01,1.258427e-01,1.249991e-01,1.246197e-01,1.241593e-01,1.237016e-01,1.232464e-01,1.224298e-01,1.219819e-01,1.215365e-01,1.207375e-01,1.199467e-01,1.194349e-01,1.189986e-01,1.181488e-01,1.173841e-01,1.169644e-01,1.165469e-01,1.157241e-01,1.153135e-01,1.149050e-01,1.144988e-01,1.140223e-01,1.132986e-01,1.128297e-01,1.124347e-01,1.120417e-01,1.116508e-01,1.111924e-01,1.108005e-01,1.103473e-01,1.102731e-01,1.098231e-01,1.097493e-01,1.096074e-01,1.098397e-01,1.096977e-01,1.096239e-01,1.097880e-01,1.100210e-01,1.098101e-01,1.103516e-01,1.102084e-01,1.103740e-01,1.102995e-01,1.107757e-01,1.107008e-01,1.105624e-01,1.106596e-01,1.105848e-01,1.107514e-01,1.106073e-01,1.104634e-01,1.106990e-01,1.101820e-01,1.100389e-01,1.099647e-01,1.098220e-01,1.093793e-01,1.092377e-01,1.088605e-01,1.085909e-01,1.082171e-01,1.080777e-01,1.079385e-01,1.075075e-01,1.072373e-01,1.071657e-01,1.067394e-01,1.066027e-01,1.064663e-01,1.063302e-01,1.061350e-01,1.062910e-01,1.061551e-01,1.063111e-01,1.061752e-01,1.062010e-01,1.064282e-01,1.065195e-01,1.063831e-01,1.062470e-01,1.064033e-01,1.064292e-01,1.065860e-01,1.070382e-01,1.069007e-01,1.070586e-01,1.070190e-01,1.071772e-01,1.073359e-01,1.074949e-01,1.075214e-01,1.073829e-01,1.072446e-01,1.070405e-01,1.071989e-01,1.072311e-01,1.070930e-01,1.068893e-01,1.070474e-01,1.070076e-01,1.072321e-01,1.070279e-01,1.068302e-01,1.069881e-01,1.069483e-01,1.068107e-01,1.066076e-01,1.067709e-01,1.064369e-01,1.063001e-01,1.063914e-01,1.062547e-01,1.059288e-01,1.057930e-01,1.055926e-01,1.054633e-01,1.051353e-01,1.046498e-01,1.044586e-01,1.046110e-01,1.042929e-01,1.041600e-01,1.039702e-01,1.038379e-01,1.035233e-01,5.353397e-03,5.353397e-03,5.353397e-03,5.353397e-03,5.353397e-03,5.353397e-03,5.353397e-03,5.353397e-03,5.353397e-03,5.353397e-03,5.353397e-03,5.353397e-03,5.353397e-03,5.353397e-03,5.353397e-03,5.353397e-03,5.353397e-03,5.353397e-03,5.353397e-03,5.353397e-03,5.353397e-03,5.353397e-03,5.353397e-03,5.353397e-03,5.353397e-03,5.353397e-03,5.353397e-03,5.353397e-03,5.353397e-03,5.353397e-03,5.353397e-03,5.353397e-03,5.353397e-03,5.353397e-03,5.353397e-03,5.353397e-03,5.353397e-03,5.353397e-03,5.353397e-03,5.353397e-03,5.353397e-03,5.353397e-03,5.353397e-03,5.353397e-03,5.353397e-03,5.353397e-03,5.353397e-03,5.353397e-03,5.353397e-03,5.353397e-03,5.353397e-03,5.353397e-03,5.353397e-03,5.353397e-03,5.353397e-03,5.353397e-03,5.353397e-03,5.353397e-03,5.353397e-03,5.353397e-03,5.353397e-03,5.353397e-03,5.353397e-03,5.353397e-03,5.353397e-03,5.353397e-03,5.353397e-03,5.353397e-03,5.353397e-03,5.353397e-03,5.353397e-03,5.353397e-03,5.353397e-03,5.353397e-03,5.353397e-03,5.353397e-03,5.353397e-03,5.353397e-03,5.353397e-03,5.353397e-03,5.353397e-03,5.353397e-03,5.353397e-03,5.353397e-03,5.353397e-03,5.353397e-03,5.353397e-03,5.353397e-03,5.353397e-03,5.353397e-03,5.353397e-03,5.353397e-03,5.353397e-03,5.353397e-03,5.353397e-03,5.353397e-03,5.353397e-03,5.353397e-03,5.353397e-03,5.353397e-03,5.353397e-03,5.353397e-03,5.353397e-03,5.353397e-03,5.353397e-03,5.353397e-03,5.353397e-03,5.353397e-03,5.353397e-03,5.353397e-03,5.353397e-03,5.353397e-03,5.353397e-03,5.353397e-03,5.353397e-03,5.353397e-03,5.353397e-03,5.353397e-03,5.353397e-03,5.353397e-03,5.353397e-03,5.353397e-03,5.353397e-03,5.353397e-03,5.353397e-03,5.353397e-03,5.353397e-03,5.353397e-03,5.353397e-03,5.353397e-03,5.353397e-03,5.353397e-03,5.353397e-03,5.353397e-03,5.353397e-03,5.353397e-03,5.353397e-03,5.353397e-03,5.353397e-03,5.353397e-03,5.353397e-03,5.353397e-03,5.353397e-03,5.353397e-03,5.353397e-03,5.353397e-03,5.353397e-03,5.353397e-03,5.353397e-03,5.353397e-03,5.353397e-03,5.353397e-03,5.353397e-03,5.353397e-03,5.353397e-03,5.353397e-03,5.353397e-03,5.353397e-03,5.353397e-03,5.353397e-03,5.353397e-03
2.603042e-02,2.601196e-02,2.598905e-02,2.596617e-02,2.594333e-02,2.593380e-02,2.593296e-02,2.592353e-02,2.592726e-02,2.592649e-02,2.593024e-02,2.592936e-02,2.594618e-02,2.596304e-02,2.597537e-02,2.599229e-02,2.600922e-02,2.602612e-02,2.604757e-02,2.607759e-02,2.609893e-02,2.612017e-02,2.615455e-02,2.618031e-02,2.621934e-02,2.625386e-02,2.629288e-02,2.633633e-02,2.637532e-02,2.642748e-02,2.648400e-02,2.653596e-02,2.660562e-02,2.667082e-02,2.674060e-02,2.681038e-02,2.687562e-02,2.694545e-02,2.702840e-02,2.709373e-02,2.716364e-02,2.723375e-02,2.729944e-02,2.735646e-02,2.742223e-02,2.747950e-02,2.753679e-02,2.757645e-02,2.763403e-02,2.767868e-02,2.771907e-02,2.776421e-02,2.779646e-02,2.782883e-02,2.786129e-02,2.789381e-02,2.793094e-02,2.796373e-02,2.798336e-02,2.802065e-02,2.805339e-02,2.808622e-02,2.812339e-02,2.815599e-02,2.819334e-02,2.822627e-02,2.826360e-02,2.830090e-02,2.833354e-02,2.837060e-02,2.840759e-02,2.843967e-02,2.846292e-02,2.849913e-02,2.851752e-02,2.855347e-02,2.858935e-02,2.862556e-02,2.865719e-02,2.870653e-02,2.875609e-02,2.881494e-02,2.887878e-02,2.894313e-02,2.901682e-02,2.910902e-02,2.918907e-02,2.926547e-02,2.936087e-02,2.945316e-02,2.953826e-02,2.962004e-02,2.972107e-02,2.980654e-02,2.989807e-02,2.998736e-02,3.008361e-02,3.017854e-02,3.026307e-02,3.036857e-02,3.047400e-02,3.058275e-02,3.069649e-02,3.080223e-02,3.093126e-02,3.106228e-02,3.120018e-02,3.134792e-02,3.150268e-02,3.168054e-02,3.185689e-02,3.205531e-02,3.225217e-02,3.247936e-02,3.272665e-02,3.297782e-02,3.326246e-02,3.354785e-02,3.385500e-02,3.417727e-02,3.451879e-02,3.487261e-02,3.524120e-02,3.561752e-02,3.600044e-02,3.638211e-02,3.676948e-02,3.716221e-02,3.756729e-02,3.793702e-02,3.833180e-02,3.870726e-02,3.910654e-02,3.946849e-02,3.984648e-02,4.021150e-02,4.058878e-02,4.092664e-02,4.129635e-02,4.163611e-02,4.201123e-02,4.234969e-02,4.267131e-02,4.303764e-02,4.338983e-02,4.376219e-02,4.411873e-02,4.452751e-02,4.488776e-02,4.528097e-02,4.567176e-02,4.603616e-02,4.637771e-02,4.675461e-02,4.707908e-02,4.733308e-02,4.748862e-02,4.765391e-02,4.777052e-02,4.784234e-02,4.792967e-02,4.803646e-02,4.810985e-02,4.818443e-02,4.824013e-02,4.828935e-02,4.832295e-02,4.830836e-02,4.830601e-02,4.829303e-02,4.825238e-02,4.820154e-02,4.814313e-02,4.810249e-02,4.805136e-02,4.798487e-02,4.793723e-02,4.790308e-02,4.788034e-02,4.786240e-02,4.784957e-02,4.785486e-02,4.786623e-02,4.788090e-02,4.791497e-02,4.794343e-02,4.797963e-02,4.801822e-02,4.806361e-02,4.809873e-02,4.816163e-02,4.821370e-02,4.828633e-02,4.832608e-02,4.840217e-02,4.848560e-02,4.855652e-02,4.864850e-02,4.873696e-02,4.882166e-02,4.887049e-02,4.893544e-02,4.899192e-02,4.902663e-02,4.901573e-02,4.903005e-02,4.900913e-02,4.894392e-02,4.888622e-02,4.880176e-02,4.872031e-02,4.859764e-02,4.850073e-02,4.838727e-02,4.824760e-02,4.813330e-02,4.800409e-02,4.788929e-02,4.779833e-02,4.770278e-02,4.764744e-02,4.758019e-02,4.755759e-02,4.753016e-02,4.754147e-02,4.754518e-02,4.756114e-02,4.761356e-02,4.765587e-02,4.771887e-02,4.775538e-02,4.780807e-02,4.782296e-02,4.779347e-02,4.777374e-02,4.769846e-02,4.760805e-02,4.744981e-02,4.726694e-02,4.706594e-02,4.684368e-02,4.659518e-02,4.635014e-02,4.607924e-02,4.581030e-02,4.554362e-02,4.530921e-02,4.507878e-02,4.486972e-02,4.471306e-02,4.456450e-02,4.445068e-02,4.433343e-02,4.423785e-02,4.412393e-02,4.399927e-02,4.385500e-02,4.369296e-02,4.350017e-02,4.326984e-02,4.303842e-02,4.278976e-02,4.253537e-02,4.229756e-02,4.207632e-02,4.187155e-02,4.168859e-02,4.154040e-02,4.141938e-02,4.134258e-02,4.127184e-02,4.123940e-02,4.121645e-02,4.121978e-02,4.123791e-02,4.127305e-02,4.131824e-02,4.138524e-02,4.147854e-02,4.160445e-02,4.175262e-02,4.198797e-02,4.226594e-02,4.267934e-02,4.317085e-02,4.383089e-02,4.463787e-02,4.563957e-02,4.683806e-02,4.829083e-02,4.999404e-02,5.194827e-02,5.418384e-02,5.672250e-02,5.949156e-02,6.245707e-02,6.564024e-02,6.904980e-02,7.255460e-02,7.611488e-02,7.976694e-02,8.354811e-02,8.721071e-02,9.084596e-02,9.444246e-02,9.797302e-02,1.014508e-01,1.048673e-01,1.082358e-01,1.118078e-01,1.151415e-01,1.184350e-01,1.217091e-01,1.249641e-01,1.282136e-01,1.314373e-01,1.346747e-01,1.378765e-01,1.410569e-01,1.442093e-01,1.478142e-01,1.509408e-01,1.540503e-01,1.569753e-01,1.600174e-01,1.630249e-01,1.659985e-01,1.689810e-01,1.718730e-01,1.747184e-01,1.775142e-01,1.802733e-01,1.829803e-01,1.856642e-01,1.882201e-01,1.907693e-01,1.932772e-01,1.957224e-01,1.980265e-01,2.003754e-01,2.026600e-01,2.046829e-01,2.067399e-01,2.086280e-01,2.105749e-01,2.123552e-01,2.141994e-01,2.158738e-01,2.175886e-01,2.191753e-01,2.208220e-01,2.222640e-01,2.237200e-01,2.253184e-01,2.268099e-01,2.284421e-01,2.299700e-01,2.315075e-01,2.331891e-01,2.347531e-01,2.364675e-01,2.379158e-01,2.395075e-01,2.411057e-01,2.425649e-01,2.441647e-01,2.457706e-01,2.473762e-01,2.488271e-01,2.504198e-01,2.520109e-01,2.535935e-01,2.551609e-01,2.567463e-01,2.582852e-01,2.598059e-01,2.613103e-01,2.627864e-01,2.642358e-01,2.656284e-01,2.670156e-01,2.680067e-01,2.692121e-01,2.704017e-01,2.716031e-01,2.728119e-01,2.740097e-01,2.752480e-01,2.763037e-01,2.775653e-01,2.788355e-01,2.799224e-01,2.812221e-01,2.823300e-01,2.834721e-01,2.845999e-01,2.857378e-01,2.870945e-01,2.882552e-01,2.893968e-01,2.905740e-01,2.917369e-01,2.929106e-01,2.940908e-01,2.950588e-01,2.962639e-01,2.974804e-01,2.987041e-01,2.999444e-01,3.009574e-01,3.022195e-01,3.032505e-01,3.043207e-01,3.056470e-01,3.067364e-01,3.078345e-01,3.089414e-01,3.100571e-01,3.111820e-01,3.123483e-01,3.134918e-01,3.146446e-01,3.158393e-01,3.167420e-01,3.179544e-01,3.191438e-01,3.200622e-01,3.212698e-01,3.224876e-01,3.236816e-01,3.246010e-01,3.255265e-01,3.267136e-01,3.276190e-01,3.285312e-01,3.297458e-01,3.306719e-01,3.315704e-01,3.325095e-01,3.337598e-01,3.347137e-01,3.356742e-01,3.366760e-01,3.376498e-01,3.386655e-01,3.396883e-01,3.407218e-01,3.417590e-01,3.428389e-01,3.438906e-01,3.449859e-01,3.460889e-01,3.468645e-01,3.479808e-01,3.487658e-01,3.498957e-01,3.510338e-01,3.518373e-01,3.529898e-01,3.537992e-01,3.549659e-01,3.557855e-01,3.569296e-01,3.577593e-01,3.585558e-01,3.593591e-01,3.605296e-01,3.613400e-01,3.621168e-01,3.629358e-01,3.640955e-01,3.648888e-01,3.656836e-01,3.664827e-01,3.672469e-01,3.680539e-01,3.688680e-01,3.696832e-01,3.705032e-01,3.713272e-01,3.721968e-01,3.726710e-01,3.735456e-01,3.744663e-01,3.753896e-01,3.759123e-01,3.768436e-01,3.778220e-01,3.787627e-01,3.793351e-01,3.802846e-01,3.812410e-01,3.818206e-01,3.823618e-01,3.833299e-01,3.838753e-01,3.848485e-01,3.854006e-01,3.863830e-01,3.869368e-01,3.874516e-01,3.879700e-01,3.884872e-01,3.890060e-01,3.895290e-01,3.900514e-01,3.905748e-01,3.910990e-01,3.916271e-01,3.921552e-01,3.926849e-01,3.932155e-01,3.937904e-01,3.943657e-01,3.949434e-01,3.955245e-01,3.961045e-01,3.966844e-01,3.972689e-01,3.978969e-01,3.984844e-01,3.990732e-01,3.997022e-01,4.002940e-01,4.008869e-01,4.014810e-01,4.020782e-01,4.026756e-01,4.032749e-01,4.039213e-01,4.045203e-01,4.050352e-01,4.056389e-01,4.061553e-01,4.067202e-01,4.072852e-01,4.077978e-01,4.083621e-01,4.088404e-01,4.093642e-01,4.099327e-01,4.104455e-01,4.110162e-01,4.114998e-01,4.120253e-01,4.126002e-01,4.131258e-01,4.136556e-01,4.141892e-01,4.147552e-01,4.153122e-01,4.158799e-01,4.164121e-01,4.169828e-01,4.175542e-01,4.181280e-01,4.187078e-01,4.192897e-01,4.198771e-01,4.204629e-01,4.210525e-01,4.216388e-01,4.222849e-01,4.228939e-01,4.234967e-01,4.241062e-01,4.246660e-01,4.252804e-01,4.258999e-01,4.264192e-01,4.269955e-01,4.275193e-01,4.279962e-01,4.285303e-01,4.289629e-01,4.294450e-01,4.299299e-01,4.304255e-01,4.309128e-01,4.314516e-01,4.319447e-01,4.324861e-01,4.330274e-01,4.336209e-01,4.342142e-01,4.348106e-01,4.353526e-01,4.359536e-01,4.366042e-01,4.372074e-01,4.378044e-01,4.384135e-01,4.390152e-01,4.396249e-01,4.401796e-01,4.408420e-01,4.414013e-01,4.419139e-01,4.425342e-01,4.430975e-01,4.436134e-01,4.441304e-01,4.446512e-01,4.451690e-01,4.456897e-01,4.462116e-01,4.467364e-01,4.471532e-01,4.476814e-01,4.482594e-01,4.487288e-01,4.493094e-01,4.497809e-01,4.503624e-01,4.508844e-01,4.515205e-01,4.520450e-01,4.525721e-01,4.530989e-01,4.536303e-01,4.541611e-01,4.546931e-01,4.551756e-01,4.557098e-01,4.561944e-01,4.566782e-01,4.571630e-01,4.575878e-01,4.580251e-01,4.584532e-01,4.588905e-01,4.592617e-01,4.596335e-01,4.600696e-01,4.604463e-01,4.608237e-01,4.612017e-01,4.615786e-01,4.619579e-01,4.623360e-01,4.627148e-01,4.630296e-01,4.634615e-01,4.638403e-01,4.642069e-01,4.646373e-01,4.650051e-01,4.653753e-01,4.658095e-01,4.662290e-01,4.666516e-01,4.670730e-01,4.675430e-01,4.679592e-01,4.684240e-01,4.688793e-01,4.693372e-01,4.698403e-01,4.702912e-01,4.707826e-01,4.712208e-01,4.716556e-01,4.721358e-01,4.725634e-01,4.730297e-01,4.734450e-01,4.738591e-01,4.742620e-01,4.746656e-01,4.749975e-01,4.753393e-01,4.756680e-01,4.759363e-01,4.762588e-01,4.765208e-01,4.767191e-01,4.769640e-01,4.772110e-01,4.774464e-01,4.776277e-01,4.778567e-01,4.780720e-01,4.782836e-01,4.784954e-01,4.786935e-01,4.788937e-01,4.790852e-01,4.792689e-01,4.794475e-01,4.796207e-01,4.797859e-01,4.799449e-01,4.800973e-01,4.802479e-01,4.803911e-01,4.805262e-01,4.806532e-01,4.807739e-01,4.808833e-01,4.809954e-01,4.811013e-01,4.812040e-01,4.813028e-01,4.814017e-01,4.815014e-01,4.816043e-01,4.817052e-01,4.818042e-01,4.819013e-01,4.819992e-01,4.821023e-01,4.822034e-01,4.823006e-01,4.823447e-01,4.824498e-01,4.825558e-01,4.826610e-01,4.827584e-01,4.828558e-01,4.830104e-01,4.831099e-01,4.832595e-01,4.834084e-01,4.835574e-01,4.837104e-01,4.838655e-01,4.840127e-01,4.841471e-01,4.842827e-01,4.844243e-01,4.845659e-01,4.846997e-01,4.847604e-01,4.848706e-01,4.849314e-01,4.849960e-01,4.850597e-01,4.851245e-01,4.851238e-01,4.851591e-01,4.851172e-01,4.850772e-01,4.850629e-01,4.850565e-01,4.850344e-01,4.849818e-01,4.849284e-01,4.849063e-01,4.849059e-01,4.849114e-01,4.849091e-01,4.848970e-01,4.848908e-01,4.849372e-01,4.849311e-01,4.850001e-01,4.850887e-01,4.851774e-01,4.853217e-01,4.854661e-01,4.856106e-01,4.858108e-01,4.860112e-01,4.862313e-01,4.864319e-01,4.866495e-01,4.869259e-01,4.871467e-01,4.873478e-01,4.875689e-01,4.877340e-01,4.878993e-01,4.880449e-01,4.881345e-01,4.882438e-01,4.883532e-01,4.884065e-01,4.885160e-01,4.886254e-01,4.886590e-01,4.887686e-01,4.888782e-01,4.889850e-01,4.890749e-01,4.891846e-01,4.892745e-01,4.893843e-01,4.895504e-01,4.896039e-01,4.896940e-01,4.898039e-01,4.898575e-01,4.899675e-01,4.900013e-01,4.900549e-01,4.901085e-01,4.901622e-01,4.901594e-01,4.902130e-01,4.902666e-01,4.903401e-01,4.903938e-01,4.904474e-01,4.905011e-01,4.905548e-01,4.906085e-01,4.904466e-01,4.905201e-01,4.905738e-01,4.906276e-01,4.906813e-01,4.905393e-01,4.905366e-01,4.906101e-01,4.906638e-01,4.905023e-01,4.904995e-01,4.906296e-01,4.904880e-01,4.905390e-01,4.904541e-01,4.905644e-01,4.906748e-01,4.906269e-01,4.907939e-01,4.907659e-01,4.909330e-01,4.908853e-01,4.911091e-01,4.910814e-01,4.910906e-01,4.913344e-01,4.912871e-01,4.915113e-01,4.914813e-01,4.916489e-01,4.916217e-01,4.915749e-01,4.917426e-01,4.916392e-01,4.917502e-01,4.916667e-01,4.915069e-01,4.915808e-01,4.914212e-01,4.912815e-01,4.912791e-01,4.911199e-01,4.909806e-01,4.910349e-01,4.908761e-01,4.907348e-01,4.908457e-01,4.907635e-01,4.906619e-01,4.907728e-01,4.906713e-01,4.907823e-01,4.906810e-01,4.906365e-01,4.907669e-01,4.906659e-01,4.906217e-01,4.907522e-01,4.906515e-01,4.907626e-01,4.906620e-01,4.905617e-01,4.906728e-01,4.905139e-01,4.906250e-01,4.904684e-01,4.905602e-01,4.904038e-01,4.904390e-01,4.902828e-01,4.903180e-01,4.901056e-01,4.901601e-01,4.899851e-01,4.900397e-01,4.900750e-01,4.899002e-01,4.899336e-01,4.899689e-01,4.898137e-01,4.898490e-01,4.898843e-01,4.897294e-01,4.897647e-01,4.898001e-01,4.898355e-01,4.896615e-01,4.896969e-01,4.897323e-01,4.897678e-01,4.897840e-01,4.898194e-01,4.898356e-01,4.898711e-01,4.901158e-01,4.897139e-01,4.899583e-01,4.901837e-01,4.904093e-01,4.906159e-01,4.906321e-01,4.908388e-01,4.908551e-01,4.908713e-01,4.910974e-01,4.910944e-01,4.911107e-01,4.911077e-01,4.913146e-01,4.913116e-01,4.913086e-01,4.913057e-01,4.913027e-01,4.912979e-01,4.910662e-01,4.912537e-01,4.910222e-01,4.910194e-01,4.910166e-01,4.912039e-01,4.913914e-01,4.911408e-01,4.910997e-01,4.910586e-01,4.912458e-01,4.912239e-01,4.910123e-01,4.909147e-01,4.906461e-01,4.903781e-01,4.905264e-01,4.900701e-01,4.898412e-01,4.896128e-01,4.896672e-01,4.894956e-01,4.893244e-01,4.893410e-01,4.891323e-01,4.889051e-01,4.884729e-01,4.882469e-01,4.876498e-01,4.872963e-01,4.867029e-01,4.865360e-01,4.860921e-01,4.856680e-01,4.852266e-01,4.850059e-01,4.845663e-01,4.843467e-01,4.842909e-01,4.850008e-01,4.859710e-01,4.865400e-01,4.860412e-01,4.857084e-01,4.856520e-01,4.855399e-01,4.852081e-01,4.852789e-01,4.852568e-01,4.847065e-01,4.838838e-01,4.828285e-01,4.817434e-01,4.806453e-01,4.796587e-01,4.786233e-01,4.778222e-01,4.773217e-01,4.773658e-01,4.776535e-01,4.784371e-01,4.784428e-01,4.780419e-01,4.770078e-01,4.758924e-01,4.742926e-01,4.723809e-01,4.710142e-01,4.695202e-01,4.683447e-01,4.669863e-01,4.660548e-01,4.648932e-01,4.638053e-01,4.623647e-01,4.618491e-01,4.607635e-01,4.593597e-01,4.581268e-01,4.565539e-01,4.554975e-01,4.539460e-01,4.521877e-01,4.508315e-01,4.496385e-01,4.482231e-01,4.465517e-01,4.448951e-01,4.435637e-01,4.416638e-01,4.399278e-01,4.382087e-01,4.367100e-01,4.353662e-01,4.340809e-01,4.323518e-01,4.307886e-01,4.292874e-01,4.277880e-01,4.265959e-01,4.251247e-01,4.235203e-01,4.221209e-01,4.208643e-01,4.194926e-01,4.181301e-01,4.169067e-01,4.156933e-01,4.147546e-01,4.137394e-01,4.126867e-01,4.119018e-01,4.110402e-01,4.102610e-01,4.097495e-01,4.089820e-01,4.083452e-01,4.078415e-01,4.072146e-01,4.065866e-01,4.060461e-01,4.056254e-01,4.050931e-01,4.049301e-01,4.047673e-01,4.046092e-01,4.043306e-01,4.040425e-01,4.040120e-01,4.038510e-01,4.040587e-01,4.039022e-01,4.039113e-01,4.036729e-01,4.037979e-01,4.035602e-01,4.038109e-01,4.039360e-01,4.043175e-01,4.043707e-01,4.043744e-01,4.046155e-01,4.049154e-01,4.051673e-01,4.054135e-01,4.056555e-01,4.060290e-01,4.063882e-01,4.067629e-01,4.072171e-01,4.074548e-01,4.076545e-01,4.080205e-01,4.083384e-01,4.085433e-01,4.089800e-01,4.093142e-01,4.096339e-01,4.099139e-01,4.103746e-01,4.108195e-01,4.108963e-01,4.109581e-01,4.111543e-01,4.114765e-01,4.116837e-01,4.118761e-01,4.120729e-01,4.124113e-01,4.128555e-01,4.130638e-01,4.133885e-01,4.138497e-01,4.139613e-01,4.144301e-01,4.146287e-01,4.153533e-01,4.156856e-01,4.160291e-01,4.163126e-01,4.167798e-01,4.169456e-01,4.175441e-01,4.181137e-01,4.188091e-01,4.191074e-01,4.195458e-01,4.200601e-01,4.203643e-01,4.206689e-01,4.213693e-01,4.216753e-01,4.221192e-01,4.225602e-01,4.228679e-01,4.232991e-01,4.237578e-01,4.243340e-01,4.249194e-01,4.251020e-01,4.254094e-01,4.261307e-01,4.265487e-01,4.269994e-01,4.274077e-01,4.278604e-01,4.283177e-01,4.286451e-01,4.291006e-01,4.294650e-01,4.296949e-01,4.302036e-01,4.306290e-01,4.308958e-01,4.314549e-01,4.317821e-01,4.324881e-01,4.327721e-01,4.328958e-01,4.331801e-01,4.337442e-01,4.339778e-01,4.342151e-01,4.345868e-01,4.349194e-01,4.351091e-01,4.352869e-01,4.355721e-01,4.357622e-01,4.359040e-01,4.363255e-01,4.364676e-01,4.366097e-01,4.368966e-01,4.370390e-01,4.371815e-01,4.376176e-01,4.378955e-01,4.378486e-01,4.379747e-01,4.379551e-01,4.377974e-01,4.379617e-01,4.379557e-01,4.381033e-01,4.381599e-01,4.383106e-01,4.386211e-01,4.386719e-01,4.388366e-01,4.390473e-01,4.392612e-01,4.394616e-01,4.398225e-01,4.400862e-01,4.401233e-01,4.404988e-01,4.403859e-01,4.407342e-01,4.409354e-01,4.410737e-01,4.415103e-01,4.415257e-01,4.419304e-01,4.418655e-01,4.422570e-01,4.424947e-01,4.425344e-01,4.425958e-01,4.427842e-01,4.428596e-01,4.432640e-01,4.434558e-01,4.439860e-01,4.443954e-01,4.447775e-01,4.448365e-01,4.453590e-01,4.455720e-01,4.459420e-01,4.462226e-01,4.465009e-01,4.468582e-01,4.474360e-01,4.477016e-01,4.479841e-01,4.482527e-01,4.487116e-01,4.490944e-01,4.493761e-01,4.494604e-01,4.498732e-01,4.501269e-01,4.505553e-01,4.508121e-01,4.512249e-01,4.514678e-01,4.517254e-01,4.519665e-01,4.522392e-01,4.524662e-01,4.525803e-01,4.529983e-01,4.532552e-01,4.535293e-01,4.537721e-01,4.537119e-01,4.539716e-01,4.542001e-01,4.542999e-01,4.545286e-01,4.546286e-01,4.546822e-01,4.549945e-01,4.553867e-01,4.556460e-01,4.557165e-01,4.559613e-01,4.561934e-01,4.564385e-01,4.561341e-01,4.564889e-01,4.566693e-01,4.567158e-01,4.565875e-01,4.566339e-01,4.566525e-01,4.563905e-01,4.562328e-01,4.564406e-01,4.561365e-01,4.557387e-01,4.555946e-01,4.555192e-01,4.549318e-01,4.546971e-01,4.545764e-01,4.543941e-01,4.536524e-01,4.532471e-01,4.529843e-01,4.524377e-01,4.521619e-01,4.516040e-01,4.511365e-01,4.505965e-01,4.498722e-01,4.493366e-01,4.486180e-01,4.481234e-01,4.481767e-01,4.498401e-01,4.491204e-01,4.487789e-01,4.483190e-01,4.478127e-01,4.471531e-01,4.468030e-01,4.462995e-01,4.456634e-01,4.450136e-01,4.445192e-01,4.436614e-01,4.430338e-01,4.424963e-01,4.416628e-01,4.409833e-01,4.401710e-01,4.394186e-01,4.386305e-01,4.378983e-01,4.373292e-01,4.367589e-01,4.360609e-01,4.352011e-01,4.346379e-01,4.340507e-01,4.333545e-01,4.326576e-01,4.319381e-01,4.312380e-01,4.306753e-01,4.300893e-01,4.294096e-01,4.291142e-01,4.285587e-01,4.281324e-01,4.275803e-01,4.268825e-01,4.266078e-01,4.263051e-01,4.257468e-01,4.251904e-01,4.247380e-01,4.241850e-01,4.239111e-01,4.234932e-01,4.232245e-01,4.229160e-01,4.225127e-01,4.222526e-01,4.220210e-01,4.217859e-01,4.216700e-01,4.215542e-01,4.214505e-01,4.213270e-01,4.214128e-01,4.216769e-01,4.217756e-01,4.217906e-01,4.221631e-01,4.225162e-01,4.227587e-01,4.230847e-01,4.234477e-01,4.239557e-01,4.244164e-01,4.247698e-01,4.248700e-01,4.252120e-01,4.256021e-01,4.258278e-01,4.259760e-01,4.262213e-01,4.262589e-01,4.262611e-01,4.266407e-01,4.266183e-01,4.266205e-01,4.267445e-01,4.267221e-01,4.266397e-01,4.267037e-01,4.266705e-01,4.268563e-01,4.269079e-01,4.269596e-01,4.270236e-01,4.271865e-01,4.273603e-01,4.276937e-01,4.278572e-01,4.282039e-01,4.282682e-01,4.286032e-01,4.289513e-01,4.294360e-01,4.297856e-01,4.303082e-01,4.307964e-01,4.314971e-01,4.321645e-01,4.325551e-01,4.329846e-01,4.335414e-01,4.339602e-01,4.347342e-01,4.353087e-01,4.356033e-01,4.360393e-01,4.362036e-01,4.366408e-01,4.366543e-01,4.366808e-01,4.365531e-01,4.364384e-01,4.365932e-01,4.370438e-01,4.373536e-01,4.375188e-01,4.378554e-01,4.377659e-01,4.380897e-01,4.384009e-01,4.386458e-01,4.386954e-01,4.390336e-01,4.394789e-01,4.396750e-01,4.397410e-01,4.402347e-01,4.402509e-01,4.404242e-01,4.406210e-01,4.409255e-01,4.410698e-01,4.411671e-01,4.410257e-01,4.411598e-01,4.412439e-01,4.414593e-01,4.413960e-01,4.414935e-01,4.417226e-01,4.419787e-01,4.419047e-01,4.421315e-01,4.423482e-01,4.424328e-01,4.428224e-01,4.427614e-01,4.428463e-01,4.429949e-01,4.429815e-01,4.433588e-01,4.434944e-01,4.436671e-01,4.434830e-01,4.438021e-01,4.442390e-01,4.442652e-01,4.445550e-01,4.448992e-01,4.452303e-01,4.455457e-01,4.461604e-01,4.467767e-01,4.471204e-01,4.477094e-01,4.484386e-01,4.484196e-01,4.486867e-01,4.487227e-01,4.490575e-01,4.494243e-01,4.496385e-01,4.497046e-01,4.495810e-01,4.493071e-01,4.493194e-01,4.492950e-01,4.489825e-01,4.486558e-01,4.485801e-01,4.483670e-01,4.480022e-01,4.476405e-01,4.470794e-01,4.466657e-01,4.458354e-01,4.452789e-01,4.439878e-01,4.428238e-01,4.420205e-01,4.413028e-01,4.401769e-01,4.397132e-01,4.388949e-01,4.390770e-01,4.379704e-01,4.368491e-01,4.357831e-01,4.344141e-01,4.329968e-01,4.311223e-01,4.289352e-01,4.257515e-01,4.230102e-01,4.203539e-01,4.177300e-01,4.147735e-01,4.118317e-01,4.075785e-01,4.042830e-01,4.008170e-01,3.972673e-01,3.930754e-01,3.883840e-01,3.841121e-01,3.801271e-01,3.762454e-01,3.721175e-01,3.672572e-01,3.634399e-01,3.598244e-01,3.564032e-01,3.531726e-01,3.487291e-01,3.456778e-01,3.426844e-01,3.392863e-01,3.360172e-01,3.327449e-01,3.302114e-01,3.277609e-01,3.253515e-01,3.229072e-01,3.206120e-01,3.188720e-01,3.167369e-01,3.152098e-01,3.130998e-01,3.118716e-01,3.105590e-01,3.094125e-01,3.083766e-01,3.074113e-01,3.064484e-01,3.061192e-01,3.049903e-01,3.045996e-01,3.037566e-01,3.032562e-01,3.029904e-01,3.028221e-01,3.019607e-01,3.017623e-01,3.014682e-01,3.013295e-01,3.018159e-01,3.017570e-01,3.016447e-01,3.013831e-01,3.018108e-01,3.017788e-01,3.023854e-01,3.023907e-01,3.028166e-01,3.034006e-01,3.034979e-01,3.041117e-01,3.047337e-01,3.053584e-01,3.061346e-01,3.062375e-01,3.069950e-01,3.079029e-01,3.086068e-01,3.094001e-01,3.100483e-01,3.108548e-01,3.116935e-01,3.124453e-01,3.132009e-01,3.139549e-01,3.147182e-01,3.154519e-01,3.162174e-01,3.169924e-01,3.176390e-01,3.183493e-01,3.195491e-01,3.197237e-01,3.210646e-01,3.218648e-01,3.221778e-01,3.232882e-01,3.238870e-01,3.247602e-01,3.255912e-01,3.265331e-01,3.271560e-01,3.277927e-01,3.288969e-01,3.295641e-01,3.304703e-01,3.311870e-01,3.322072e-01,3.327909e-01,3.336363e-01,3.345161e-01,3.352216e-01,3.360499e-01,3.367113e-01,3.376297e-01,3.381207e-01,3.388177e-01,3.392703e-01,3.399788e-01,3.405116e-01,3.408844e-01,3.412709e-01,3.418681e-01,3.422570e-01,3.427126e-01,3.429092e-01,3.435248e-01,3.439242e-01,3.444163e-01,3.445725e-01,3.447788e-01,3.452788e-01,3.457802e-01,3.459812e-01,3.462443e-01,3.464458e-01,3.466343e-01,3.466814e-01,3.470316e-01,3.469173e-01,3.470265e-01,3.469557e-01,3.471879e-01,3.470363e-01,3.468717e-01,3.464794e-01,3.466369e-01,3.461346e-01,3.450885e-01,3.447016e-01,3.443886e-01,3.441489e-01,3.429083e-01,3.425998e-01,3.421493e-01,3.411399e-01,3.398570e-01,3.395561e-01,3.384969e-01,3.380607e-01,3.369450e-01,3.357705e-01,3.354795e-01,3.342510e-01,3.332342e-01,3.321590e-01,3.310271e-01,3.299702e-01,3.287927e-01,3.284536e-01,3.274818e-01,3.262923e-01,3.252738e-01,3.241389e-01,3.230758e-01,3.220830e-01,3.209763e-01,3.200001e-01,3.195647e-01,3.185739e-01,3.175912e-01,3.165637e-01,3.156312e-01,3.153616e-01,3.142905e-01,3.140578e-01,3.129988e-01,3.127029e-01,3.123843e-01,3.119206e-01,3.115713e-01,3.111900e-01,3.107540e-01,3.109002e-01,3.105210e-01,3.100873e-01,3.096222e-01,3.098497e-01,3.093631e-01,3.095676e-01,3.092254e-01,3.094131e-01,3.090164e-01,3.093413e-01,3.089230e-01,3.091595e-01,3.088299e-01,3.090112e-01,3.092534e-01,3.088913e-01,3.084757e-01,3.086784e-01,3.082856e-01,3.084391e-01,3.079929e-01,3.081948e-01,3.078040e-01,3.079184e-01,3.074745e-01,3.076813e-01,3.072384e-01,3.073849e-01,3.069972e-01,3.071435e-01,3.067087e-01,3.068873e-01,3.065017e-01,3.066474e-01,3.061766e-01,3.063219e-01,3.059116e-01,3.060032e-01,3.061693e-01,3.057005e-01,3.058128e-01,3.058719e-01,3.059900e-01,3.054895e-01,3.056016e-01,3.057138e-01,3.051938e-01,3.053113e-01,3.054232e-01,3.054821e-01,3.050161e-01,3.050747e-01,3.051864e-01,3.052508e-01,3.053626e-01,3.054745e-01,3.055865e-01,3.050673e-01,3.051789e-01,3.052757e-01,3.053875e-01,3.054462e-01,3.055050e-01,3.050449e-01,3.050709e-01,3.051295e-01,3.052411e-01,3.052672e-01,3.052990e-01,3.047486e-01,3.048599e-01,3.048533e-01,3.048849e-01,3.043361e-01,3.043619e-01,3.043552e-01,3.037815e-01,3.038071e-01,3.038003e-01,3.037935e-01,3.037867e-01,3.037799e-01,3.032079e-01,3.031163e-01,3.031093e-01,3.031024e-01,3.030954e-01,3.030939e-01,3.030545e-01,3.030476e-01,3.029559e-01,3.029165e-01,3.028771e-01,3.028107e-01,3.026866e-01,3.026148e-01,3.025106e-01,3.023595e-01,3.022230e-01,3.020865e-01,3.018978e-01,3.023309e-01,3.021148e-01,3.019782e-01,3.017570e-01,3.021914e-01,3.020074e-01,3.018707e-01,3.022543e-01,3.021176e-01,3.019606e-01,3.024037e-01,3.022140e-01,3.026009e-01,3.024640e-01,3.028785e-01,3.032369e-01,3.030671e-01,3.034271e-01,3.032035e-01,3.035863e-01,3.033673e-01,3.037846e-01,3.041500e-01,3.039254e-01,3.043797e-01,3.041875e-01,3.046269e-01,3.050307e-01,3.049037e-01,3.053753e-01,3.058493e-01,3.057264e-01,3.062686e-01,3.061739e-01,3.067743e-01,3.067172e-01,3.072978e-01,3.078811e-01,3.078857e-01,3.085052e-01,3.085143e-01,3.091702e-01,3.092082e-01,3.098674e-01,3.099100e-01,3.105724e-01,3.106442e-01,3.113437e-01,3.114203e-01,3.114923e-01,3.121955e-01,3.122096e-01,3.122863e-01,3.123924e-01,3.130993e-01,3.131717e-01,3.132488e-01,3.133552e-01,3.134277e-01,3.128648e-01,3.128836e-01,3.129560e-01,3.123960e-01,3.118050e-01,3.111933e-01,3.112699e-01,3.106848e-01,3.094852e-01,3.088859e-01,3.083124e-01,3.071407e-01,3.065204e-01,3.053282e-01,3.047716e-01,3.035422e-01,3.023782e-01,3.011767e-01,3.000347e-01,2.982873e-01,2.971717e-01,2.954325e-01,2.943425e-01,2.932127e-01,2.916402e-01,2.905401e-01,2.889550e-01,2.879536e-01,2.864033e-01,2.853776e-01,2.839073e-01,2.829038e-01,2.814202e-01,2.804875e-01,2.790353e-01,2.781180e-01,2.771651e-01,2.757256e-01,2.747632e-01,2.738090e-01,2.728629e-01,2.719701e-01,2.710100e-01,2.700870e-01,2.687345e-01,2.678302e-01,2.674027e-01,2.665092e-01,2.660477e-01,2.651263e-01,2.647035e-01,2.638319e-01,2.634198e-01,2.629713e-01,2.624962e-01,2.620514e-01,2.611723e-01,2.607329e-01,2.602670e-01,2.594017e-01,2.585431e-01,2.580498e-01,2.575987e-01,2.566900e-01,2.558518e-01,2.554054e-01,2.549608e-01,2.541005e-01,2.536610e-01,2.532232e-01,2.527871e-01,2.523182e-01,2.515124e-01,2.510489e-01,2.506211e-01,2.501950e-01,2.497705e-01,2.493141e-01,2.488967e-01,2.484710e-01,2.484143e-01,2.479634e-01,2.479069e-01,2.478174e-01,2.480943e-01,2.480045e-01,2.479480e-01,2.481922e-01,2.484704e-01,2.483199e-01,2.489627e-01,2.488450e-01,2.490920e-01,2.490076e-01,2.496221e-01,2.495101e-01,2.493607e-01,2.495759e-01,2.494638e-01,2.496858e-01,2.495398e-01,2.493938e-01,2.496499e-01,2.490985e-01,2.489254e-01,2.488134e-01,2.486679e-01,2.481263e-01,2.479812e-01,2.475063e-01,2.472644e-01,2.467919e-01,2.466479e-01,2.465310e-01,2.460245e-01,2.458423e-01,2.457588e-01,2.452823e-01,2.451933e-01,2.451044e-01,2.450156e-01,2.448907e-01,2.451574e-01,2.450954e-01,2.453627e-01,2.453006e-01,2.455298e-01,2.458549e-01,2.460913e-01,2.460287e-01,2.459662e-01,2.462630e-01,2.465216e-01,2.468199e-01,2.474827e-01,2.474193e-01,2.477203e-01,2.479213e-01,2.482510e-01,2.485543e-01,2.488585e-01,2.490957e-01,2.490312e-01,2.489668e-01,2.488411e-01,2.491462e-01,2.493531e-01,2.492884e-01,2.491623e-01,2.494409e-01,2.496178e-01,2.499045e-01,2.497777e-01,2.496476e-01,2.499278e-01,2.501058e-01,2.500129e-01,2.498859e-01,2.501635e-01,2.499952e-01,2.499024e-01,2.501492e-01,2.500562e-01,2.498570e-01,2.497367e-01,2.496098e-01,2.494863e-01,2.492913e-01,2.487390e-01,2.485822e-01,2.488054e-01,2.485530e-01,2.484061e-01,2.481947e-01,2.480206e-01,2.477146e-01,1.113693e-02,1.113693e-02,1.113693e-02,1.113693e-02,1.113693e-02,1.113693e-02,1.113693e-02,1.113693e-02,1.113693e-02,1.113693e-02,1.113693e-02,1.113693e-02,1.113693e-02,1.113693e-02,1.113693e-02,1.113693e-02,1.113693e-02,1.113693e-02,1.113693e-02,1.113693e-02,1.113693e-02,1.113693e-02,1.113693e-02,1.113693e-02,1.113693e-02,1.113693e-02,1.113693e-02,1.113693e-02,1.113693e-02,1.113693e-02,1.113693e-02,1.113693e-02,1.113693e-02,1.113693e-02,1.113693e-02,1.113693e-02,1.113693e-02,1.113693e-02,1.113693e-02,1.113693e-02,1.113693e-02,1.113693e-02,1.113693e-02,1.113693e-02,1.113693e-02,1.113693e-02,1.113693e-02,1.113693e-02,1.113693e-02,1.113693e-02,1.113693e-02,1.113693e-02,1.113693e-02,1.113693e-02,1.113693e-02,1.113693e-02,1.113693e-02,1.113693e-02,1.113693e-02,1.113693e-02,1.113693e-02,1.113693e-02,1.113693e-02,1.113693e-02,1.113693e-02,1.113693e-02,1.113693e-02,1.113693e-02,1.113693e-02,1.113693e-02,1.113693e-02,1.113693e-02,1.113693e-02,1.113693e-02,1.113693e-02,1.113693e-02,1.113693e-02,1.113693e-02,1.113693e-02,1.113693e-02,1.113693e-02,1.113693e-02,1.113693e-02,1.113693e-02,1.113693e-02,1.113693e-02,1.113693e-02,1.113693e-02,1.113693e-02,1.113693e-02,1.113693e-02,1.113693e-02,1.113693e-02,1.113693e-02,1.113693e-02,1.113693e-02,1.113693e-02,1.113693e-02,1.113693e-02,1.113693e-02,1.113693e-02,1.113693e-02,1.113693e-02,1.113693e-02,1.113693e-02,1.113693e-02,1.113693e-02,1.113693e-02,1.113693e-02,1.113693e-02,1.113693e-02,1.113693e-02,1.113693e-02,1.113693e-02,1.113693e-02,1.113693e-02,1.113693e-02,1.113693e-02,1.113693e-02,1.113693e-02,1.113693e-02,1.113693e-02,1.113693e-02,1.113693e-02,1.113693e-02,1.113693e-02,1.113693e-02,1.113693e-02,1.113693e-02,1.113693e-02,1.113693e-02,1.113693e-02,1.113693e-02,1.113693e-02,1.113693e-02,1.113693e-02,1.113693e-02,1.113693e-02,1.113693e-02,1.113693e-02,1.113693e-02,1.113693e-02,1.113693e-02,1.113693e-02,1.113693e-02,1.113693e-02,1.113693e-02,1.113693e-02,1.113693e-02,1.113693e-02,1.113693e-02,1.113693e-02,1.113693e-02,1.113693e-02,1.113693e-02,1.113693e-02,1.113693e-02,1.113693e-02,1.113693e-02,1.113693e-02,1.113693e-02
1.958170e-02,1.946150e-02,1.935131e-02,1.926020e-02,1.919287e-02,1.915695e-02,1.914083e-02,1.912986e-02,1.911992e-02,1.910762e-02,1.908875e-02,1.905316e-02,1.903362e-02,1.902737e-02,1.902223e-02,1.902608e-02,1.903048e-02,1.903161e-02,1.903818e-02,1.903598e-02,1.902316e-02,1.899479e-02,1.896759e-02,1.894347e-02,1.893804e-02,1.892656e-02,1.890953e-02,1.888262e-02,1.886328e-02,1.884717e-02,1.881677e-02,1.877666e-02,1.874744e-02,1.872352e-02,1.871088e-02,1.870111e-02,1.868804e-02,1.868893e-02,1.869109e-02,1.869648e-02,1.871679e-02,1.876531e-02,1.882430e-02,1.888314e-02,1.895542e-02,1.904688e-02,1.914234e-02,1.923666e-02,1.936783e-02,1.951926e-02,1.968958e-02,1.988413e-02,2.010061e-02,2.031952e-02,2.053723e-02,2.075140e-02,2.096886e-02,2.118602e-02,2.138795e-02,2.157863e-02,2.175154e-02,2.191733e-02,2.205878e-02,2.218648e-02,2.232458e-02,2.246594e-02,2.259537e-02,2.271754e-02,2.282068e-02,2.292641e-02,2.302689e-02,2.310118e-02,2.317483e-02,2.324736e-02,2.331080e-02,2.337471e-02,2.343860e-02,2.352900e-02,2.361306e-02,2.370257e-02,2.380102e-02,2.393201e-02,2.409167e-02,2.426782e-02,2.447557e-02,2.472045e-02,2.500013e-02,2.531502e-02,2.568024e-02,2.609220e-02,2.653850e-02,2.701903e-02,2.755116e-02,2.813347e-02,2.875518e-02,2.942646e-02,3.015542e-02,3.094312e-02,3.178542e-02,3.268636e-02,3.365648e-02,3.468062e-02,3.576634e-02,3.692092e-02,3.814529e-02,3.943644e-02,4.080082e-02,4.226484e-02,4.383128e-02,4.543474e-02,4.712412e-02,4.887514e-02,5.070160e-02,5.267740e-02,5.473752e-02,5.679719e-02,5.891194e-02,6.108164e-02,6.328065e-02,6.550663e-02,6.773918e-02,6.989675e-02,7.203449e-02,7.406819e-02,7.602161e-02,7.782594e-02,7.950432e-02,8.101816e-02,8.241390e-02,8.360055e-02,8.468466e-02,8.557386e-02,8.639795e-02,8.701851e-02,8.756684e-02,8.795888e-02,8.829744e-02,8.847646e-02,8.864517e-02,8.870204e-02,8.877659e-02,8.874548e-02,8.866418e-02,8.867349e-02,8.864748e-02,8.868391e-02,8.869530e-02,8.878060e-02,8.882597e-02,8.888433e-02,8.896047e-02,8.897469e-02,8.894603e-02,8.894911e-02,8.885660e-02,8.863134e-02,8.823687e-02,8.783466e-02,8.735734e-02,8.683842e-02,8.634315e-02,8.585641e-02,8.527417e-02,8.464970e-02,8.395618e-02,8.319136e-02,8.236431e-02,8.144306e-02,8.049958e-02,7.950667e-02,7.848636e-02,7.745064e-02,7.641670e-02,7.540984e-02,7.443408e-02,7.349392e-02,7.260350e-02,7.176265e-02,7.097750e-02,7.023301e-02,6.952965e-02,6.886295e-02,6.822978e-02,6.763738e-02,6.707505e-02,6.654242e-02,6.605445e-02,6.559285e-02,6.516805e-02,6.476882e-02,6.441859e-02,6.409246e-02,6.379948e-02,6.351708e-02,6.328369e-02,6.307581e-02,6.287751e-02,6.268169e-02,6.249169e-02,6.229377e-02,6.205804e-02,6.180894e-02,6.153347e-02,6.122453e-02,6.085053e-02,6.045388e-02,6.000969e-02,5.950057e-02,5.897091e-02,5.840291e-02,5.782267e-02,5.722093e-02,5.661636e-02,5.599465e-02,5.535991e-02,5.476093e-02,5.416910e-02,5.360882e-02,5.308443e-02,5.260403e-02,5.219094e-02,5.180190e-02,5.148410e-02,5.120045e-02,5.097186e-02,5.077613e-02,5.061488e-02,5.050903e-02,5.041305e-02,5.033820e-02,5.023816e-02,5.013304e-02,4.997427e-02,4.974515e-02,4.946268e-02,4.908214e-02,4.862720e-02,4.804966e-02,4.740492e-02,4.668047e-02,4.589979e-02,4.505986e-02,4.419655e-02,4.329903e-02,4.240434e-02,4.151264e-02,4.066763e-02,3.986525e-02,3.911587e-02,3.847149e-02,3.787893e-02,3.737013e-02,3.689358e-02,3.644577e-02,3.597658e-02,3.546847e-02,3.491189e-02,3.427610e-02,3.357619e-02,3.279044e-02,3.196202e-02,3.106064e-02,3.015931e-02,2.925562e-02,2.838286e-02,2.754119e-02,2.675135e-02,2.607035e-02,2.545658e-02,2.494469e-02,2.448838e-02,2.413048e-02,2.383321e-02,2.360332e-02,2.341592e-02,2.330055e-02,2.321746e-02,2.323279e-02,2.329409e-02,2.352300e-02,2.383749e-02,2.445673e-02,2.521413e-02,2.633991e-02,2.769364e-02,2.948629e-02,3.157324e-02,3.406255e-02,3.691752e-02,4.023876e-02,4.396563e-02,4.811172e-02,5.268456e-02,5.772004e-02,6.313900e-02,6.885691e-02,7.493311e-02,8.130518e-02,8.793351e-02,9.470024e-02,1.016554e-01,1.087360e-01,1.158333e-01,1.229219e-01,1.300140e-01,1.370615e-01,1.440833e-01,1.510655e-01,1.580360e-01,1.651449e-01,1.721645e-01,1.791850e-01,1.862585e-01,1.933744e-01,2.005753e-01,2.078008e-01,2.151182e-01,2.224714e-01,2.298630e-01,2.373105e-01,2.450662e-01,2.525644e-01,2.600969e-01,2.675280e-01,2.750244e-01,2.824829e-01,2.898974e-01,2.972390e-01,3.044920e-01,3.116351e-01,3.186481e-01,3.255050e-01,3.322608e-01,3.388858e-01,3.452288e-01,3.513917e-01,3.573943e-01,3.631571e-01,3.686466e-01,3.740125e-01,3.791119e-01,3.837797e-01,3.883287e-01,3.925213e-01,3.965958e-01,4.003253e-01,4.039370e-01,4.072003e-01,4.103141e-01,4.131689e-01,4.158705e-01,4.184309e-01,4.210112e-01,4.237126e-01,4.263343e-01,4.290670e-01,4.317211e-01,4.343725e-01,4.371280e-01,4.397783e-01,4.425312e-01,4.450565e-01,4.476658e-01,4.502494e-01,4.526920e-01,4.551992e-01,4.576666e-01,4.600822e-01,4.623266e-01,4.646118e-01,4.668300e-01,4.689647e-01,4.710066e-01,4.729760e-01,4.748189e-01,4.765490e-01,4.781614e-01,4.796415e-01,4.809847e-01,4.821639e-01,4.832118e-01,4.839095e-01,4.847562e-01,4.855844e-01,4.864159e-01,4.872506e-01,4.880741e-01,4.889229e-01,4.896368e-01,4.904843e-01,4.913381e-01,4.920627e-01,4.929275e-01,4.936575e-01,4.944082e-01,4.951407e-01,4.958782e-01,4.967517e-01,4.974948e-01,4.982201e-01,4.989693e-01,4.996969e-01,5.004244e-01,5.011582e-01,5.017575e-01,5.024919e-01,5.032288e-01,5.039670e-01,5.047143e-01,5.053154e-01,5.060619e-01,5.066694e-01,5.072972e-01,5.080690e-01,5.087007e-01,5.093342e-01,5.099668e-01,5.105984e-01,5.112346e-01,5.118970e-01,5.125369e-01,5.131675e-01,5.138217e-01,5.143178e-01,5.149810e-01,5.156072e-01,5.160734e-01,5.167141e-01,5.173509e-01,5.179331e-01,5.183961e-01,5.188630e-01,5.194382e-01,5.198675e-01,5.203264e-01,5.209399e-01,5.213895e-01,5.218318e-01,5.223034e-01,5.229165e-01,5.233846e-01,5.238595e-01,5.243553e-01,5.248263e-01,5.253272e-01,5.258292e-01,5.263253e-01,5.268324e-01,5.273608e-01,5.278583e-01,5.283950e-01,5.289269e-01,5.293006e-01,5.298347e-01,5.302159e-01,5.307491e-01,5.312775e-01,5.316596e-01,5.322021e-01,5.325751e-01,5.331167e-01,5.335003e-01,5.340142e-01,5.343992e-01,5.347609e-01,5.351092e-01,5.356236e-01,5.359841e-01,5.363243e-01,5.366952e-01,5.371920e-01,5.375133e-01,5.378495e-01,5.381924e-01,5.384959e-01,5.388304e-01,5.391662e-01,5.394954e-01,5.398375e-01,5.401739e-01,5.405172e-01,5.407146e-01,5.410799e-01,5.414553e-01,5.418400e-01,5.420664e-01,5.424616e-01,5.428732e-01,5.432476e-01,5.435001e-01,5.438945e-01,5.442709e-01,5.445182e-01,5.447503e-01,5.451472e-01,5.453736e-01,5.457518e-01,5.459792e-01,5.463776e-01,5.465923e-01,5.467949e-01,5.469948e-01,5.471816e-01,5.473749e-01,5.475817e-01,5.477916e-01,5.479887e-01,5.481666e-01,5.483545e-01,5.485585e-01,5.487628e-01,5.489510e-01,5.491389e-01,5.493430e-01,5.495669e-01,5.497879e-01,5.499828e-01,5.501322e-01,5.503113e-01,5.505453e-01,5.507539e-01,5.509105e-01,5.510305e-01,5.511742e-01,5.513441e-01,5.515009e-01,5.516481e-01,5.517987e-01,5.519132e-01,5.519083e-01,5.519604e-01,5.520649e-01,5.521500e-01,5.522217e-01,5.523139e-01,5.523371e-01,5.522478e-01,5.522085e-01,5.522216e-01,5.522966e-01,5.522213e-01,5.519678e-01,5.518959e-01,5.518762e-01,5.518199e-01,5.517121e-01,5.515904e-01,5.515342e-01,5.515077e-01,5.512157e-01,5.505208e-01,5.501975e-01,5.500088e-01,5.496863e-01,5.493291e-01,5.490076e-01,5.487836e-01,5.485573e-01,5.484307e-01,5.483748e-01,5.482136e-01,5.479584e-01,5.479841e-01,5.481479e-01,5.482859e-01,5.483854e-01,5.484979e-01,5.486298e-01,5.488240e-01,5.489459e-01,5.491146e-01,5.492665e-01,5.493630e-01,5.495063e-01,5.495771e-01,5.497035e-01,5.498624e-01,5.500477e-01,5.502068e-01,5.504568e-01,5.506838e-01,5.509342e-01,5.511522e-01,5.514644e-01,5.517414e-01,5.520515e-01,5.523476e-01,5.526912e-01,5.530613e-01,5.533758e-01,5.537297e-01,5.541081e-01,5.544960e-01,5.548124e-01,5.551419e-01,5.555155e-01,5.558791e-01,5.562198e-01,5.566018e-01,5.569669e-01,5.573058e-01,5.576452e-01,5.580219e-01,5.583286e-01,5.586693e-01,5.590104e-01,5.593856e-01,5.597167e-01,5.600965e-01,5.605001e-01,5.608596e-01,5.612644e-01,5.616249e-01,5.619968e-01,5.623514e-01,5.627857e-01,5.631413e-01,5.635013e-01,5.638580e-01,5.642836e-01,5.646756e-01,5.650682e-01,5.654338e-01,5.658274e-01,5.661940e-01,5.665265e-01,5.668593e-01,5.671788e-01,5.675194e-01,5.679048e-01,5.682115e-01,5.684306e-01,5.686498e-01,5.688874e-01,5.691768e-01,5.694665e-01,5.697565e-01,5.700117e-01,5.703022e-01,5.705578e-01,5.708137e-01,5.710514e-01,5.713359e-01,5.715571e-01,5.717884e-01,5.720030e-01,5.722345e-01,5.725017e-01,5.727522e-01,5.730078e-01,5.732686e-01,5.734942e-01,5.737821e-01,5.740062e-01,5.742928e-01,5.745067e-01,5.747563e-01,5.749974e-01,5.752099e-01,5.754477e-01,5.756874e-01,5.759307e-01,5.761654e-01,5.763715e-01,5.765670e-01,5.767696e-01,5.769365e-01,5.771357e-01,5.773351e-01,5.774605e-01,5.775932e-01,5.777221e-01,5.778202e-01,5.779474e-01,5.780437e-01,5.781036e-01,5.781241e-01,5.781806e-01,5.782694e-01,5.783291e-01,5.784161e-01,5.784237e-01,5.784349e-01,5.784461e-01,5.784535e-01,5.784970e-01,5.785025e-01,5.785369e-01,5.785390e-01,5.785395e-01,5.785024e-01,5.784636e-01,5.784540e-01,5.784839e-01,5.784762e-01,5.784310e-01,5.783481e-01,5.782637e-01,5.781364e-01,5.781205e-01,5.781028e-01,5.780844e-01,5.779942e-01,5.779041e-01,5.778806e-01,5.778623e-01,5.778082e-01,5.777183e-01,5.775928e-01,5.775338e-01,5.775156e-01,5.774618e-01,5.773366e-01,5.772180e-01,5.772357e-01,5.773198e-01,5.773376e-01,5.772126e-01,5.770878e-01,5.770280e-01,5.769390e-01,5.768388e-01,5.766725e-01,5.765063e-01,5.764114e-01,5.763521e-01,5.761510e-01,5.757683e-01,5.753558e-01,5.750500e-01,5.747447e-01,5.742992e-01,5.735100e-01,5.726476e-01,5.718643e-01,5.711530e-01,5.704746e-01,5.697679e-01,5.688631e-01,5.676481e-01,5.660376e-01,5.644718e-01,5.633524e-01,5.623722e-01,5.611301e-01,5.594293e-01,5.576781e-01,5.564611e-01,5.556075e-01,5.548543e-01,5.539745e-01,5.529377e-01,5.520015e-01,5.510943e-01,5.501659e-01,5.495839e-01,5.493193e-01,5.490551e-01,5.488176e-01,5.485805e-01,5.483437e-01,5.481336e-01,5.479237e-01,5.480279e-01,5.478184e-01,5.479216e-01,5.480523e-01,5.481567e-01,5.479474e-01,5.480518e-01,5.481300e-01,5.482081e-01,5.479727e-01,5.477113e-01,5.477631e-01,5.478149e-01,5.478403e-01,5.478921e-01,5.479440e-01,5.476565e-01,5.477083e-01,5.477602e-01,5.478111e-01,5.475504e-01,5.476023e-01,5.473420e-01,5.473939e-01,5.474722e-01,5.474977e-01,5.472377e-01,5.472897e-01,5.473152e-01,5.473672e-01,5.470812e-01,5.471068e-01,5.471323e-01,5.471579e-01,5.471571e-01,5.471827e-01,5.472083e-01,5.475455e-01,5.475711e-01,5.475967e-01,5.476223e-01,5.476479e-01,5.476735e-01,5.476693e-01,5.480068e-01,5.480324e-01,5.480580e-01,5.480837e-01,5.483917e-01,5.483907e-01,5.487290e-01,5.487546e-01,5.487503e-01,5.487493e-01,5.491146e-01,5.494236e-01,5.494482e-01,5.497842e-01,5.498366e-01,5.498890e-01,5.499381e-01,5.500173e-01,5.503808e-01,5.504601e-01,5.505094e-01,5.506157e-01,5.509799e-01,5.510562e-01,5.514782e-01,5.515277e-01,5.516345e-01,5.519990e-01,5.520789e-01,5.524451e-01,5.524948e-01,5.525749e-01,5.525976e-01,5.526507e-01,5.529904e-01,5.529860e-01,5.533293e-01,5.533249e-01,5.536381e-01,5.536368e-01,5.536323e-01,5.539459e-01,5.539718e-01,5.539673e-01,5.542798e-01,5.543331e-01,5.546747e-01,5.546975e-01,5.547508e-01,5.547737e-01,5.548271e-01,5.548500e-01,5.549003e-01,5.552730e-01,5.552960e-01,5.553464e-01,5.557197e-01,5.557427e-01,5.557963e-01,5.558193e-01,5.558423e-01,5.558960e-01,5.558900e-01,5.559437e-01,5.559392e-01,5.556732e-01,5.556687e-01,5.553756e-01,5.553712e-01,5.550786e-01,5.550467e-01,5.550729e-01,5.547503e-01,5.547765e-01,5.544849e-01,5.541633e-01,5.538714e-01,5.535811e-01,5.535770e-01,5.532872e-01,5.529979e-01,5.529939e-01,5.527050e-01,5.524165e-01,5.521285e-01,5.518108e-01,5.515237e-01,5.512369e-01,5.509506e-01,5.503530e-01,5.500679e-01,5.494727e-01,5.491889e-01,5.489351e-01,5.482840e-01,5.480313e-01,5.474713e-01,5.469127e-01,5.460498e-01,5.454656e-01,5.446083e-01,5.440281e-01,5.434494e-01,5.429012e-01,5.420251e-01,5.414518e-01,5.405815e-01,5.397431e-01,5.388795e-01,5.380193e-01,5.371625e-01,5.363091e-01,5.354598e-01,5.342949e-01,5.331915e-01,5.320385e-01,5.312048e-01,5.303744e-01,5.292905e-01,5.282119e-01,5.268039e-01,5.254317e-01,5.240679e-01,5.230147e-01,5.219404e-01,5.211185e-01,5.197574e-01,5.181327e-01,5.165200e-01,5.149702e-01,5.136197e-01,5.125657e-01,5.115170e-01,5.107824e-01,5.097656e-01,5.087537e-01,5.075141e-01,5.060018e-01,5.042468e-01,5.024820e-01,5.007556e-01,4.994907e-01,4.987502e-01,4.974974e-01,4.965430e-01,4.953049e-01,4.943158e-01,4.930909e-01,4.921352e-01,4.909232e-01,4.899775e-01,4.885878e-01,4.875098e-01,4.864807e-01,4.854124e-01,4.842185e-01,4.825959e-01,4.812552e-01,4.799028e-01,4.783138e-01,4.767797e-01,4.747963e-01,4.730072e-01,4.709773e-01,4.685261e-01,4.656765e-01,4.632632e-01,4.598730e-01,4.559366e-01,4.524892e-01,4.481715e-01,4.436240e-01,4.382799e-01,4.341882e-01,4.282095e-01,4.222139e-01,4.158697e-01,4.106691e-01,4.034439e-01,3.964855e-01,3.895615e-01,3.818175e-01,3.763618e-01,3.687029e-01,3.614190e-01,3.544272e-01,3.466661e-01,3.392539e-01,3.342045e-01,3.283291e-01,3.208443e-01,3.145962e-01,3.085943e-01,3.036590e-01,2.981018e-01,2.927581e-01,2.876315e-01,2.833889e-01,2.799340e-01,2.759142e-01,2.720179e-01,2.688622e-01,2.651818e-01,2.621844e-01,2.592593e-01,2.564156e-01,2.541853e-01,2.520028e-01,2.498542e-01,2.477410e-01,2.456721e-01,2.441366e-01,2.426312e-01,2.411451e-01,2.396653e-01,2.382153e-01,2.372557e-01,2.358454e-01,2.344449e-01,2.335178e-01,2.325987e-01,2.321498e-01,2.312522e-01,2.303566e-01,2.299215e-01,2.290467e-01,2.286090e-01,2.281815e-01,2.277555e-01,2.273274e-01,2.269051e-01,2.264885e-01,2.260657e-01,2.256432e-01,2.256457e-01,2.252330e-01,2.252435e-01,2.252541e-01,2.252726e-01,2.248616e-01,2.248681e-01,2.248907e-01,2.249012e-01,2.253415e-01,2.253600e-01,2.253800e-01,2.253999e-01,2.258433e-01,2.258632e-01,2.263126e-01,2.267597e-01,2.272250e-01,2.272506e-01,2.277054e-01,2.285923e-01,2.290665e-01,2.295289e-01,2.304388e-01,2.313479e-01,2.322772e-01,2.336560e-01,2.346047e-01,2.355516e-01,2.369756e-01,2.379336e-01,2.393926e-01,2.408559e-01,2.418560e-01,2.438486e-01,2.448797e-01,2.464149e-01,2.479732e-01,2.490373e-01,2.511668e-01,2.522539e-01,2.538783e-01,2.555395e-01,2.572199e-01,2.583683e-01,2.600830e-01,2.618316e-01,2.630294e-01,2.654120e-01,2.666391e-01,2.684789e-01,2.703616e-01,2.722617e-01,2.735592e-01,2.755063e-01,2.774984e-01,2.795123e-01,2.808883e-01,2.829375e-01,2.850435e-01,2.864636e-01,2.886229e-01,2.901021e-01,2.923300e-01,2.938257e-01,2.953553e-01,2.976449e-01,2.992101e-01,3.007929e-01,3.031909e-01,3.048193e-01,3.064742e-01,3.081380e-01,3.098239e-01,3.123644e-01,3.132613e-01,3.158823e-01,3.176669e-01,3.185795e-01,3.203800e-01,3.231404e-01,3.240947e-01,3.259723e-01,3.278743e-01,3.297998e-01,3.317607e-01,3.327710e-01,3.347594e-01,3.367853e-01,3.378187e-01,3.398945e-01,3.409797e-01,3.430777e-01,3.452349e-01,3.463468e-01,3.485588e-01,3.496934e-01,3.518989e-01,3.530568e-01,3.553516e-01,3.565114e-01,3.576902e-01,3.600275e-01,3.612198e-01,3.624200e-01,3.648013e-01,3.660157e-01,3.672503e-01,3.684814e-01,3.709503e-01,3.722082e-01,3.734752e-01,3.747531e-01,3.760388e-01,3.773338e-01,3.786528e-01,3.798498e-01,3.807688e-01,3.819572e-01,3.831513e-01,3.844635e-01,3.855667e-01,3.869200e-01,3.878921e-01,3.894137e-01,3.904094e-01,3.915523e-01,3.925602e-01,3.937132e-01,3.948776e-01,3.960594e-01,3.971057e-01,3.983055e-01,3.995237e-01,4.004298e-01,4.017978e-01,4.027007e-01,4.037888e-01,4.048787e-01,4.058098e-01,4.067646e-01,4.079933e-01,4.091059e-01,4.100181e-01,4.109883e-01,4.119391e-01,4.128736e-01,4.135156e-01,4.144633e-01,4.152679e-01,4.164135e-01,4.173847e-01,4.182380e-01,4.194105e-01,4.202663e-01,4.209232e-01,4.216381e-01,4.223151e-01,4.230192e-01,4.238908e-01,4.247573e-01,4.253038e-01,4.260505e-01,4.267591e-01,4.276468e-01,4.283697e-01,4.289504e-01,4.291859e-01,4.300753e-01,4.304495e-01,4.310276e-01,4.315823e-01,4.323352e-01,4.329018e-01,4.334781e-01,4.338745e-01,4.344451e-01,4.348349e-01,4.355825e-01,4.357995e-01,4.365337e-01,4.371281e-01,4.376990e-01,4.384565e-01,4.388536e-01,4.394032e-01,4.399883e-01,4.402097e-01,4.407797e-01,4.410018e-01,4.415739e-01,4.415997e-01,4.422085e-01,4.424571e-01,4.430422e-01,4.432570e-01,4.436627e-01,4.438954e-01,4.443022e-01,4.444651e-01,4.448722e-01,4.450878e-01,4.456439e-01,4.460083e-01,4.465668e-01,4.467661e-01,4.474757e-01,4.474733e-01,4.480532e-01,4.482182e-01,4.485693e-01,4.487447e-01,4.491322e-01,4.490870e-01,4.494572e-01,4.492793e-01,4.496683e-01,4.496052e-01,4.497716e-01,4.497621e-01,4.500973e-01,4.499011e-01,4.500498e-01,4.500037e-01,4.503391e-01,4.502758e-01,4.506115e-01,4.505481e-01,4.507158e-01,4.507419e-01,4.511608e-01,4.510973e-01,4.512832e-01,4.512752e-01,4.512559e-01,4.512112e-01,4.512098e-01,4.511831e-01,4.513332e-01,4.512885e-01,4.512693e-01,4.510010e-01,4.511435e-01,4.511056e-01,4.510244e-01,4.509686e-01,4.510743e-01,4.506192e-01,4.509187e-01,4.506503e-01,4.505938e-01,4.505299e-01,4.506344e-01,4.503562e-01,4.502924e-01,4.498573e-01,4.497834e-01,4.497021e-01,4.492507e-01,4.489925e-01,4.487449e-01,4.481296e-01,4.480567e-01,4.476622e-01,4.474164e-01,4.470133e-01,4.467684e-01,4.463243e-01,4.461228e-01,4.455511e-01,4.451274e-01,4.447045e-01,4.444695e-01,4.440482e-01,4.438418e-01,4.434392e-01,4.432412e-01,4.425001e-01,4.422784e-01,4.415592e-01,4.412045e-01,4.408426e-01,4.403221e-01,4.398030e-01,4.394608e-01,4.387772e-01,4.386462e-01,4.380078e-01,4.375109e-01,4.370164e-01,4.367281e-01,4.361033e-01,4.357999e-01,4.348276e-01,4.343719e-01,4.341041e-01,4.331568e-01,4.325361e-01,4.320537e-01,4.312686e-01,4.305040e-01,4.298845e-01,4.294263e-01,4.284880e-01,4.277046e-01,4.270718e-01,4.261610e-01,4.252079e-01,4.245837e-01,4.238156e-01,4.228747e-01,4.217621e-01,4.208303e-01,4.203630e-01,4.192957e-01,4.182196e-01,4.171498e-01,4.162411e-01,4.154900e-01,4.142973e-01,4.134321e-01,4.126925e-01,4.119863e-01,4.111032e-01,4.102531e-01,4.095565e-01,4.088768e-01,4.081856e-01,4.073789e-01,4.067076e-01,4.063617e-01,4.061477e-01,4.053364e-01,4.049654e-01,4.044638e-01,4.039498e-01,4.037694e-01,4.034156e-01,4.030350e-01,4.026691e-01,4.024107e-01,4.020461e-01,4.016412e-01,4.013800e-01,4.009630e-01,4.006893e-01,4.003013e-01,4.000829e-01,3.998513e-01,3.995971e-01,3.996485e-01,3.996594e-01,3.995696e-01,3.993388e-01,3.993916e-01,3.994066e-01,3.994580e-01,3.996492e-01,3.996871e-01,3.998528e-01,4.000499e-01,4.002009e-01,4.005073e-01,4.005454e-01,4.007239e-01,4.007375e-01,4.007454e-01,4.007412e-01,4.006222e-01,4.004883e-01,4.002265e-01,4.000699e-01,4.000778e-01,3.999579e-01,4.001207e-01,3.998324e-01,3.997033e-01,3.994427e-01,3.993098e-01,3.993446e-01,3.991983e-01,3.990655e-01,3.990884e-01,3.989479e-01,3.988422e-01,3.987247e-01,3.984821e-01,3.980584e-01,3.978302e-01,3.973277e-01,3.970739e-01,3.960312e-01,3.955449e-01,3.949226e-01,3.941565e-01,3.934292e-01,3.927050e-01,3.917028e-01,3.907081e-01,3.896082e-01,3.884519e-01,3.871971e-01,3.856547e-01,3.836585e-01,3.824365e-01,3.812013e-01,3.799725e-01,3.774928e-01,3.750368e-01,3.738287e-01,3.714346e-01,3.678851e-01,3.655415e-01,3.632496e-01,3.598667e-01,3.565314e-01,3.532726e-01,3.500564e-01,3.469030e-01,3.417980e-01,3.388033e-01,3.320414e-01,3.273567e-01,3.219758e-01,3.176233e-01,3.117281e-01,3.068836e-01,3.006727e-01,2.947729e-01,2.862990e-01,2.796168e-01,2.732636e-01,2.660144e-01,2.597094e-01,2.521305e-01,2.454724e-01,2.350151e-01,2.275387e-01,2.201365e-01,2.132043e-01,2.049875e-01,1.983334e-01,1.879964e-01,1.807791e-01,1.740932e-01,1.676472e-01,1.610114e-01,1.529477e-01,1.468553e-01,1.415405e-01,1.364347e-01,1.313853e-01,1.253683e-01,1.210591e-01,1.172511e-01,1.137720e-01,1.107865e-01,1.063962e-01,1.038494e-01,1.014996e-01,9.907525e-02,9.659887e-02,9.423291e-02,9.270649e-02,9.122603e-02,8.978790e-02,8.839064e-02,8.703418e-02,8.636192e-02,8.506476e-02,8.442288e-02,8.317934e-02,8.256879e-02,8.196356e-02,8.137093e-02,8.078729e-02,8.021172e-02,7.964505e-02,7.964240e-02,7.907986e-02,7.907825e-02,7.852708e-02,7.852285e-02,7.852233e-02,7.852282e-02,7.797651e-02,7.797488e-02,7.797230e-02,7.797119e-02,7.851270e-02,7.851217e-02,7.850951e-02,7.850369e-02,7.905168e-02,7.904957e-02,7.960627e-02,7.960471e-02,8.016863e-02,8.074161e-02,8.074280e-02,8.132701e-02,8.191748e-02,8.251584e-02,8.312695e-02,8.313209e-02,8.375173e-02,8.438070e-02,8.501676e-02,8.566183e-02,8.631497e-02,8.697691e-02,8.765152e-02,8.833167e-02,8.902156e-02,8.972235e-02,9.043230e-02,9.115034e-02,9.188210e-02,9.262383e-02,9.337520e-02,9.413930e-02,9.569299e-02,9.570024e-02,9.730419e-02,9.812879e-02,9.813792e-02,9.956295e-02,1.004213e-01,1.014696e-01,1.021849e-01,1.034483e-01,1.041871e-01,1.048434e-01,1.060764e-01,1.069487e-01,1.080300e-01,1.088319e-01,1.101506e-01,1.108778e-01,1.121381e-01,1.130002e-01,1.137625e-01,1.150830e-01,1.159843e-01,1.172413e-01,1.180551e-01,1.193516e-01,1.201897e-01,1.214096e-01,1.224007e-01,1.235303e-01,1.244250e-01,1.257227e-01,1.266479e-01,1.278550e-01,1.288049e-01,1.300544e-01,1.309015e-01,1.321889e-01,1.332034e-01,1.339425e-01,1.352899e-01,1.366634e-01,1.375939e-01,1.388491e-01,1.398085e-01,1.411036e-01,1.419262e-01,1.432628e-01,1.441067e-01,1.453043e-01,1.461698e-01,1.475799e-01,1.484703e-01,1.497334e-01,1.506440e-01,1.519506e-01,1.526935e-01,1.540043e-01,1.549662e-01,1.561386e-01,1.575305e-01,1.583119e-01,1.595345e-01,1.603555e-01,1.618018e-01,1.624103e-01,1.636958e-01,1.649803e-01,1.658573e-01,1.669484e-01,1.678243e-01,1.691957e-01,1.698601e-01,1.712418e-01,1.724040e-01,1.733373e-01,1.745278e-01,1.752342e-01,1.764749e-01,1.779654e-01,1.786954e-01,1.799601e-01,1.807107e-01,1.817354e-01,1.830433e-01,1.838197e-01,1.851577e-01,1.859790e-01,1.870685e-01,1.881708e-01,1.890008e-01,1.901304e-01,1.915948e-01,1.921497e-01,1.936500e-01,1.942168e-01,1.957400e-01,1.969768e-01,1.975887e-01,1.988441e-01,2.001107e-01,2.010650e-01,2.020611e-01,2.033694e-01,2.043553e-01,2.053458e-01,2.067307e-01,2.073999e-01,2.084646e-01,2.098634e-01,2.106044e-01,2.116677e-01,2.131563e-01,2.138788e-01,2.150171e-01,2.161367e-01,2.169163e-01,2.180941e-01,2.192407e-01,2.200052e-01,2.212047e-01,2.223790e-01,2.232058e-01,2.239928e-01,2.252369e-01,2.264550e-01,2.272999e-01,2.281165e-01,2.294147e-01,2.302467e-01,2.311266e-01,2.324105e-01,2.333073e-01,2.341756e-01,2.350924e-01,2.364216e-01,2.373502e-01,2.382355e-01,2.391787e-01,2.405567e-01,2.410437e-01,2.424821e-01,2.434071e-01,2.443860e-01,2.448824e-01,2.458812e-01,2.468263e-01,2.478336e-01,2.488494e-01,2.493157e-01,2.503519e-01,2.513889e-01,2.519147e-01,2.529150e-01,2.534473e-01,2.545109e-01,2.550582e-01,2.561356e-01,2.572225e-01,2.583188e-01,2.588222e-01,2.599326e-01,2.605111e-01,2.616364e-01,2.622070e-01,2.627802e-01,2.638794e-01,2.644527e-01,2.650359e-01,2.662019e-01,2.667856e-01,2.673803e-01,2.679128e-01,2.691051e-01,2.696943e-01,2.703022e-01,2.708468e-01,2.714516e-01,2.720514e-01,2.726040e-01,2.732169e-01,2.738248e-01,2.744355e-01,2.750490e-01,2.756654e-01,2.762331e-01,2.762178e-01,2.768396e-01,2.774643e-01,2.780919e-01,2.787311e-01,2.793565e-01,2.799930e-01,2.799772e-01,2.806085e-01,2.812427e-01,2.818804e-01,2.818561e-01,2.824879e-01,2.831145e-01,2.830903e-01,2.837113e-01,2.843352e-01,2.842938e-01,2.849846e-01,2.849433e-01,2.855729e-01,2.855227e-01,2.862199e-01,2.861865e-01,2.868220e-01,2.868449e-01,2.874835e-01,2.874496e-01,2.881654e-01,2.881228e-01,2.881459e-01,2.887907e-01,2.895048e-01,2.895195e-01,2.901622e-01,2.901771e-01,2.901252e-01,2.908291e-01,2.907856e-01,2.915016e-01,2.915166e-01,2.914643e-01,2.921927e-01,2.921488e-01,2.921898e-01,2.922136e-01,2.921871e-01,2.922284e-01,2.922696e-01,2.922515e-01,2.923102e-01,2.922924e-01,2.930601e-01,2.930593e-01,2.931270e-01,2.931948e-01,2.932032e-01,2.932797e-01,2.932964e-01,2.933818e-01,2.933990e-01,2.934844e-01,2.935099e-01,2.935953e-01,2.936213e-01,2.937156e-01,2.937500e-01,2.937760e-01,2.938704e-01,2.931839e-01,2.932182e-01,2.932529e-01,2.933470e-01,2.933730e-01,2.934073e-01,2.934421e-01,2.934681e-01,2.934259e-01,2.927505e-01,2.927764e-01,2.927345e-01,2.926838e-01,2.919366e-01,2.919707e-01,2.919203e-01,2.918027e-01,2.910604e-01,2.910104e-01,2.909019e-01,2.901559e-01,2.900312e-01,2.899817e-01,2.891660e-01,2.890422e-01,2.882404e-01,2.881175e-01,2.872478e-01,2.871259e-01,2.862540e-01,2.861329e-01,2.853401e-01,2.851641e-01,2.843850e-01,2.835473e-01,2.834371e-01,2.826054e-01,2.818413e-01,2.816701e-01,2.809113e-01,2.800951e-01,2.799959e-01,2.791853e-01,2.790789e-01,2.783349e-01,2.775263e-01,2.767829e-01,2.760437e-01,2.753085e-01,2.752052e-01,2.744668e-01,2.737404e-01,2.729596e-01,2.722415e-01,2.721911e-01,2.714773e-01,2.708249e-01,2.695222e-01,2.688949e-01,2.681990e-01,2.681502e-01,2.675144e-01,2.668741e-01,2.662445e-01,2.655552e-01,2.649321e-01,2.643045e-01,2.636255e-01,2.629501e-01,2.617708e-01,2.611660e-01,2.599428e-01,2.592867e-01,2.586863e-01,2.580888e-01,2.569022e-01,2.563131e-01,2.557267e-01,2.551431e-01,2.540345e-01,2.534085e-01,2.523152e-01,2.517474e-01,2.511823e-01,2.506197e-01,2.495507e-01,2.490025e-01,2.479544e-01,2.474543e-01,2.464126e-01,2.459188e-01,2.449371e-01,2.444892e-01,2.435191e-01,2.430369e-01,2.421175e-01,2.416800e-01,2.402546e-01,2.398688e-01,2.389288e-01,2.380404e-01,2.375736e-01,2.367390e-01,2.362709e-01,2.353463e-01,2.340377e-01,2.335801e-01,2.327249e-01,2.318341e-01,2.309500e-01,2.305458e-01,2.291957e-01,2.283255e-01,2.278898e-01,2.270354e-01,2.261354e-01,2.252940e-01,2.248302e-01,2.231725e-01,2.227173e-01,2.219008e-01,2.210960e-01,2.202477e-01,2.186731e-01,2.182786e-01,2.174571e-01,2.166895e-01,2.159272e-01,2.151702e-01,2.140393e-01,2.133308e-01,2.125973e-01,2.118982e-01,2.111744e-01,2.097705e-01,2.094468e-01,2.084136e-01,2.077131e-01,2.070173e-01,2.063593e-01,2.050231e-01,2.043776e-01,2.037685e-01,2.030985e-01,2.024649e-01,2.008434e-01,2.002285e-01,1.996124e-01,1.990000e-01,1.977510e-01,1.971194e-01,1.964917e-01,1.955503e-01,1.949621e-01,1.937530e-01,1.931461e-01,1.922357e-01,1.916620e-01,1.902005e-01,1.899282e-01,1.890470e-01,1.881697e-01,1.876192e-01,1.862168e-01,1.856502e-01,1.848070e-01,1.842715e-01,1.828953e-01,1.823481e-01,1.815594e-01,1.810198e-01,1.796821e-01,1.791488e-01,1.783615e-01,1.778322e-01,1.765426e-01,1.757442e-01,1.749777e-01,1.744904e-01,1.732351e-01,1.727333e-01,1.719833e-01,1.714841e-01,1.702612e-01,4.418542e-03,4.418542e-03,4.418542e-03,4.418542e-03,4.418542e-03,4.418542e-03,4.418542e-03,4.418542e-03,4.418542e-03,4.418542e-03,4.418542e-03,4.418542e-03,4.418542e-03,4.418542e-03,4.418542e-03,4.418542e-03,4.418542e-03,4.418542e-03,4.418542e-03,4.418542e-03,4.418542e-03,4.418542e-03,4.418542e-03,4.418542e-03,4.418542e-03,4.418542e-03,4.418542e-03,4.418542e-03,4.418542e-03,4.418542e-03,4.418542e-03,4.418542e-03,4.418542e-03,4.418542e-03,4.418542e-03,4.418542e-03,4.418542e-03,4.418542e-03,4.418542e-03,4.418542e-03,4.418542e-03,4.418542e-03,4.418542e-03,4.418542e-03,4.418542e-03,4.418542e-03,4.418542e-03,4.418542e-03,4.418542e-03,4.418542e-03,4.418542e-03,4.418542e-03,4.418542e-03,4.418542e-03,4.418542e-03,4.418542e-03,4.418542e-03,4.418542e-03,4.418542e-03,4.418542e-03,4.418542e-03,4.418542e-03,4.418542e-03,4.418542e-03,4.418542e-03,4.418542e-03,4.418542e-03,4.418542e-03,4.418542e-03,4.418542e-03,4.418542e-03,4.418542e-03,4.418542e-03,4.418542e-03,4.418542e-03,4.418542e-03,4.418542e-03,4.418542e-03,4.418542e-03,4.418542e-03,4.418542e-03,4.418542e-03,4.418542e-03,4.418542e-03,4.418542e-03,4.418542e-03,4.418542e-03,4.418542e-03,4.418542e-03,4.418542e-03,4.418542e-03,4.418542e-03,4.418542e-03,4.418542e-03,4.418542e-03,4.418542e-03,4.418542e-03,4.418542e-03,4.418542e-03,4.418542e-03,4.418542e-03,4.418542e-03,4.418542e-03,4.418542e-03,4.418542e-03,4.418542e-03,4.418542e-03,4.418542e-03,4.418542e-03,4.418542e-03,4.418542e-03,4.418542e-03,4.418542e-03,4.418542e-03,4.418542e-03,4.418542e-03,4.418542e-03,4.418542e-03,4.418542e-03,4.418542e-03,4.418542e-03,4.418542e-03,4.418542e-03,4.418542e-03,4.418542e-03,4.418542e-03,4.418542e-03,4.418542e-03,4.418542e-03,4.418542e-03,4.418542e-03,4.418542e-03,4.418542e-03,4.418542e-03,4.418542e-03,4.418542e-03,4.418542e-03,4.418542e-03,4.418542e-03,4.418542e-03,4.418542e-03,4.418542e-03,4.418542e-03,4.418542e-03,4.418542e-03,4.418542e-03,4.418542e-03,4.418542e-03,4.418542e-03,4.418542e-03,4.418542e-03,4.418542e-03,4.418542e-03,4.418542e-03,4.418542e-03,4.418542e-03,4.418542e-03,4.418542e-03,4.418542e-03,4.418542e-03,4.418542e-03
2.302942e-02,2.300448e-02,2.297331e-02,2.294215e-02,2.291100e-02,2.288001e-02,2.284295e-02,2.281197e-02,2.278116e-02,2.274412e-02,2.271332e-02,2.267630e-02,2.264565e-02,2.261502e-02,2.257818e-02,2.254756e-02,2.251695e-02,2.248635e-02,2.246196e-02,2.243151e-02,2.240713e-02,2.238274e-02,2.235850e-02,2.234033e-02,2.232231e-02,2.229809e-02,2.228007e-02,2.226824e-02,2.225022e-02,2.223236e-02,2.222068e-02,2.220280e-02,2.219127e-02,2.217355e-02,2.216203e-02,2.215051e-02,2.213280e-02,2.212129e-02,2.210992e-02,2.209222e-02,2.208072e-02,2.206924e-02,2.205158e-02,2.203996e-02,2.202231e-02,2.201073e-02,2.199915e-02,2.198125e-02,2.196971e-02,2.195807e-02,2.194029e-02,2.192874e-02,2.191712e-02,2.190554e-02,2.189401e-02,2.188253e-02,2.187727e-02,2.186591e-02,2.185442e-02,2.184927e-02,2.183796e-02,2.182667e-02,2.182152e-02,2.181018e-02,2.180508e-02,2.179387e-02,2.178881e-02,2.178374e-02,2.177247e-02,2.176737e-02,2.176227e-02,2.175088e-02,2.174549e-02,2.174024e-02,2.172863e-02,2.172332e-02,2.171800e-02,2.171285e-02,2.170152e-02,2.169652e-02,2.169162e-02,2.168096e-02,2.167670e-02,2.167265e-02,2.166293e-02,2.165991e-02,2.165726e-02,2.164899e-02,2.164779e-02,2.164135e-02,2.164186e-02,2.163721e-02,2.164020e-02,2.163864e-02,2.164483e-02,2.164706e-02,2.165803e-02,2.166614e-02,2.167752e-02,2.169918e-02,2.172003e-02,2.174568e-02,2.177786e-02,2.181728e-02,2.187118e-02,2.192831e-02,2.199622e-02,2.207792e-02,2.216954e-02,2.227908e-02,2.240702e-02,2.255244e-02,2.271791e-02,2.290767e-02,2.312938e-02,2.336365e-02,2.363010e-02,2.391871e-02,2.423972e-02,2.458264e-02,2.495181e-02,2.533943e-02,2.574358e-02,2.615465e-02,2.658323e-02,2.700222e-02,2.741357e-02,2.781975e-02,2.822329e-02,2.859931e-02,2.897047e-02,2.932045e-02,2.968162e-02,2.998988e-02,3.029766e-02,3.057256e-02,3.084188e-02,3.106493e-02,3.129464e-02,3.149301e-02,3.170512e-02,3.186152e-02,3.199308e-02,3.216950e-02,3.230970e-02,3.248397e-02,3.262267e-02,3.279958e-02,3.293647e-02,3.307375e-02,3.322096e-02,3.332151e-02,3.340342e-02,3.348514e-02,3.352143e-02,3.349798e-02,3.339848e-02,3.330820e-02,3.315981e-02,3.298744e-02,3.281661e-02,3.266227e-02,3.246070e-02,3.226336e-02,3.204482e-02,3.180282e-02,3.154763e-02,3.124309e-02,3.094860e-02,3.063960e-02,3.032455e-02,3.000668e-02,2.969146e-02,2.938543e-02,2.909647e-02,2.881505e-02,2.854961e-02,2.829947e-02,2.807219e-02,2.785225e-02,2.764525e-02,2.744847e-02,2.726757e-02,2.709362e-02,2.693390e-02,2.677754e-02,2.663412e-02,2.650414e-02,2.638462e-02,2.626725e-02,2.616833e-02,2.607659e-02,2.599357e-02,2.590028e-02,2.583352e-02,2.577349e-02,2.571642e-02,2.566467e-02,2.560927e-02,2.555186e-02,2.547714e-02,2.540662e-02,2.533474e-02,2.524944e-02,2.514044e-02,2.503843e-02,2.491974e-02,2.478386e-02,2.464524e-02,2.450359e-02,2.435439e-02,2.420071e-02,2.404826e-02,2.389846e-02,2.374159e-02,2.359488e-02,2.345139e-02,2.332186e-02,2.320133e-02,2.308699e-02,2.299304e-02,2.289510e-02,2.282292e-02,2.275406e-02,2.270688e-02,2.265725e-02,2.261508e-02,2.258881e-02,2.256587e-02,2.254617e-02,2.251709e-02,2.249640e-02,2.246046e-02,2.240483e-02,2.234746e-02,2.226646e-02,2.217485e-02,2.205082e-02,2.192097e-02,2.178157e-02,2.163678e-02,2.147972e-02,2.132567e-02,2.116786e-02,2.101581e-02,2.086959e-02,2.074317e-02,2.062030e-02,2.050928e-02,2.042337e-02,2.034000e-02,2.027531e-02,2.021091e-02,2.015835e-02,2.009783e-02,2.004005e-02,1.997319e-02,1.990677e-02,1.983028e-02,1.975495e-02,1.967476e-02,1.959941e-02,1.952479e-02,1.946119e-02,1.940546e-02,1.935141e-02,1.931044e-02,1.927284e-02,1.924698e-02,1.922179e-02,1.920586e-02,1.918862e-02,1.917991e-02,1.916779e-02,1.916307e-02,1.915468e-02,1.915305e-02,1.914815e-02,1.914467e-02,1.915162e-02,1.915568e-02,1.917638e-02,1.919911e-02,1.924303e-02,1.931442e-02,1.942393e-02,1.958405e-02,1.982613e-02,2.015893e-02,2.063054e-02,2.126147e-02,2.209242e-02,2.314569e-02,2.447441e-02,2.607768e-02,2.794070e-02,3.009802e-02,3.255313e-02,3.525620e-02,3.817252e-02,4.130080e-02,4.464817e-02,4.807645e-02,5.159057e-02,5.518392e-02,5.881535e-02,6.249457e-02,6.620052e-02,6.994052e-02,7.388940e-02,7.772832e-02,8.159347e-02,8.550405e-02,8.946222e-02,9.347804e-02,9.752735e-02,1.016322e-01,1.057755e-01,1.099452e-01,1.141578e-01,1.187933e-01,1.230731e-01,1.273766e-01,1.315453e-01,1.358450e-01,1.401354e-01,1.444142e-01,1.487084e-01,1.529299e-01,1.571084e-01,1.612342e-01,1.652909e-01,1.693173e-01,1.732903e-01,1.770804e-01,1.808506e-01,1.845597e-01,1.881668e-01,1.915947e-01,1.950415e-01,1.983739e-01,2.013693e-01,2.043956e-01,2.071840e-01,2.100024e-01,2.125837e-01,2.151987e-01,2.175691e-01,2.199652e-01,2.221530e-01,2.243588e-01,2.263393e-01,2.283453e-01,2.305244e-01,2.325879e-01,2.348223e-01,2.369420e-01,2.390762e-01,2.413850e-01,2.435576e-01,2.459117e-01,2.479506e-01,2.501584e-01,2.523715e-01,2.544143e-01,2.566183e-01,2.588228e-01,2.610178e-01,2.630160e-01,2.651691e-01,2.673071e-01,2.694153e-01,2.714835e-01,2.735223e-01,2.755087e-01,2.774446e-01,2.793310e-01,2.811478e-01,2.828955e-01,2.845663e-01,2.861579e-01,2.872750e-01,2.886210e-01,2.899773e-01,2.913473e-01,2.927256e-01,2.941258e-01,2.955438e-01,2.967329e-01,2.981720e-01,2.996227e-01,3.008493e-01,3.023378e-01,3.035884e-01,3.048442e-01,3.061153e-01,3.074000e-01,3.089475e-01,3.102580e-01,3.115790e-01,3.129083e-01,3.142518e-01,3.156056e-01,3.169687e-01,3.180765e-01,3.194665e-01,3.208698e-01,3.222786e-01,3.237138e-01,3.248667e-01,3.263225e-01,3.274982e-01,3.286828e-01,3.301759e-01,3.313819e-01,3.325976e-01,3.338207e-01,3.350512e-01,3.362942e-01,3.375522e-01,3.388159e-01,3.400797e-01,3.413560e-01,3.423243e-01,3.436248e-01,3.449180e-01,3.458679e-01,3.471910e-01,3.485199e-01,3.498245e-01,3.508252e-01,3.518352e-01,3.531767e-01,3.541824e-01,3.552232e-01,3.566287e-01,3.576741e-01,3.587386e-01,3.598186e-01,3.612593e-01,3.623504e-01,3.634550e-01,3.645667e-01,3.656805e-01,3.668107e-01,3.679488e-01,3.690972e-01,3.702545e-01,3.714195e-01,3.725805e-01,3.737687e-01,3.749590e-01,3.757546e-01,3.769593e-01,3.777712e-01,3.789873e-01,3.802057e-01,3.810423e-01,3.822893e-01,3.831140e-01,3.843731e-01,3.852185e-01,3.864835e-01,3.873395e-01,3.881969e-01,3.890530e-01,3.903435e-01,3.912125e-01,3.920865e-01,3.929753e-01,3.942962e-01,3.951727e-01,3.960597e-01,3.969586e-01,3.978404e-01,3.987374e-01,3.996515e-01,4.005504e-01,4.014691e-01,4.023850e-01,4.032985e-01,4.037562e-01,4.046914e-01,4.056281e-01,4.065690e-01,4.070427e-01,4.080030e-01,4.089728e-01,4.099158e-01,4.104021e-01,4.113770e-01,4.123455e-01,4.128305e-01,4.133253e-01,4.143290e-01,4.148198e-01,4.157944e-01,4.163020e-01,4.173096e-01,4.177920e-01,4.182887e-01,4.187953e-01,4.192738e-01,4.197619e-01,4.202810e-01,4.207931e-01,4.212896e-01,4.217619e-01,4.222611e-01,4.227702e-01,4.232807e-01,4.237712e-01,4.242452e-01,4.247292e-01,4.252406e-01,4.257619e-01,4.262370e-01,4.266520e-01,4.271203e-01,4.276204e-01,4.281180e-01,4.285590e-01,4.289082e-01,4.293333e-01,4.297822e-01,4.302142e-01,4.306469e-01,4.310720e-01,4.314618e-01,4.317697e-01,4.320623e-01,4.324398e-01,4.327787e-01,4.331124e-01,4.334937e-01,4.337933e-01,4.338927e-01,4.340934e-01,4.343795e-01,4.347076e-01,4.348718e-01,4.347433e-01,4.348991e-01,4.351406e-01,4.352866e-01,4.354055e-01,4.354600e-01,4.356063e-01,4.358070e-01,4.355903e-01,4.348846e-01,4.346233e-01,4.345947e-01,4.343338e-01,4.340363e-01,4.337762e-01,4.336527e-01,4.335377e-01,4.335505e-01,4.336113e-01,4.335871e-01,4.334184e-01,4.336254e-01,4.340474e-01,4.343817e-01,4.347140e-01,4.350452e-01,4.354245e-01,4.359050e-01,4.362715e-01,4.367498e-01,4.371727e-01,4.375373e-01,4.380143e-01,4.383762e-01,4.387982e-01,4.392680e-01,4.398302e-01,4.403025e-01,4.408747e-01,4.414357e-01,4.420113e-01,4.425409e-01,4.431638e-01,4.437491e-01,4.443842e-01,4.449543e-01,4.456418e-01,4.463364e-01,4.469719e-01,4.476116e-01,4.483577e-01,4.490513e-01,4.496959e-01,4.503399e-01,4.510516e-01,4.517500e-01,4.524379e-01,4.532028e-01,4.539090e-01,4.546128e-01,4.553190e-01,4.560708e-01,4.567311e-01,4.574450e-01,4.581615e-01,4.589323e-01,4.596375e-01,4.604061e-01,4.611909e-01,4.619093e-01,4.627001e-01,4.634239e-01,4.641675e-01,4.648486e-01,4.656564e-01,4.663425e-01,4.670232e-01,4.677140e-01,4.685160e-01,4.692666e-01,4.700200e-01,4.707707e-01,4.715297e-01,4.722859e-01,4.729894e-01,4.736953e-01,4.743276e-01,4.750886e-01,4.758457e-01,4.765558e-01,4.770854e-01,4.776163e-01,4.782184e-01,4.788666e-01,4.795169e-01,4.801692e-01,4.807658e-01,4.814220e-01,4.820221e-01,4.826240e-01,4.831561e-01,4.837673e-01,4.843153e-01,4.847989e-01,4.852967e-01,4.857825e-01,4.863288e-01,4.868896e-01,4.873925e-01,4.878893e-01,4.883274e-01,4.888253e-01,4.892580e-01,4.897507e-01,4.901164e-01,4.905432e-01,4.909092e-01,4.912695e-01,4.916219e-01,4.920366e-01,4.924375e-01,4.927769e-01,4.931105e-01,4.933746e-01,4.936941e-01,4.939525e-01,4.942578e-01,4.945636e-01,4.947934e-01,4.950240e-01,4.952397e-01,4.954415e-01,4.956500e-01,4.958445e-01,4.960321e-01,4.960875e-01,4.962050e-01,4.963696e-01,4.965277e-01,4.966850e-01,4.967170e-01,4.967345e-01,4.967520e-01,4.967542e-01,4.968188e-01,4.968134e-01,4.968698e-01,4.968499e-01,4.968241e-01,4.967291e-01,4.966273e-01,4.965886e-01,4.965977e-01,4.965384e-01,4.964102e-01,4.962132e-01,4.960094e-01,4.957441e-01,4.956509e-01,4.955509e-01,4.954475e-01,4.952205e-01,4.949939e-01,4.948978e-01,4.947948e-01,4.946303e-01,4.944044e-01,4.941174e-01,4.939605e-01,4.938581e-01,4.936944e-01,4.934085e-01,4.931776e-01,4.931367e-01,4.932251e-01,4.931842e-01,4.928992e-01,4.926145e-01,4.923977e-01,4.921747e-01,4.919048e-01,4.915070e-01,4.911101e-01,4.908346e-01,4.906199e-01,4.901646e-01,4.894176e-01,4.886065e-01,4.879771e-01,4.873498e-01,4.864880e-01,4.850947e-01,4.835424e-01,4.821693e-01,4.809206e-01,4.797442e-01,4.785106e-01,4.769966e-01,4.749413e-01,4.722948e-01,4.697375e-01,4.679118e-01,4.663165e-01,4.643107e-01,4.616020e-01,4.588200e-01,4.568900e-01,4.555342e-01,4.543386e-01,4.529508e-01,4.513259e-01,4.498618e-01,4.484221e-01,4.469803e-01,4.460345e-01,4.455725e-01,4.451116e-01,4.446568e-01,4.442031e-01,4.437506e-01,4.433040e-01,4.428585e-01,4.428862e-01,4.424418e-01,4.424778e-01,4.425104e-01,4.425381e-01,4.420946e-01,4.421223e-01,4.421452e-01,4.421681e-01,4.417207e-01,4.412697e-01,4.412877e-01,4.413057e-01,4.413188e-01,4.413369e-01,4.413549e-01,4.409000e-01,4.409180e-01,4.409360e-01,4.409623e-01,4.405134e-01,4.405314e-01,4.400835e-01,4.401014e-01,4.401242e-01,4.401374e-01,4.396906e-01,4.397085e-01,4.397217e-01,4.397396e-01,4.392891e-01,4.393022e-01,4.393154e-01,4.393285e-01,4.393369e-01,4.393500e-01,4.393632e-01,4.398401e-01,4.398532e-01,4.398664e-01,4.398795e-01,4.398927e-01,4.399059e-01,4.394889e-01,4.399659e-01,4.399791e-01,4.399922e-01,4.400054e-01,4.400523e-01,4.400606e-01,4.405390e-01,4.405521e-01,4.401339e-01,4.401422e-01,4.406255e-01,4.406725e-01,4.406940e-01,4.407459e-01,4.407639e-01,4.407820e-01,4.403731e-01,4.403961e-01,4.404528e-01,4.404757e-01,4.400676e-01,4.400954e-01,4.401521e-01,4.397497e-01,4.402415e-01,4.398341e-01,4.398619e-01,4.399268e-01,4.399498e-01,4.400065e-01,4.395997e-01,4.396226e-01,4.392118e-01,4.392299e-01,4.392815e-01,4.388667e-01,4.393415e-01,4.389266e-01,4.389733e-01,4.389816e-01,4.385676e-01,4.386142e-01,4.386274e-01,4.382142e-01,4.382691e-01,4.382871e-01,4.383385e-01,4.379309e-01,4.379490e-01,4.375423e-01,4.375603e-01,4.371545e-01,4.367544e-01,4.372285e-01,4.368235e-01,4.364242e-01,4.368974e-01,4.364932e-01,4.365111e-01,4.361078e-01,4.357054e-01,4.357233e-01,4.353253e-01,4.353432e-01,4.349378e-01,4.345054e-01,4.341018e-01,4.336666e-01,4.332650e-01,4.328318e-01,4.324273e-01,4.324404e-01,4.315983e-01,4.316113e-01,4.311821e-01,4.303459e-01,4.299281e-01,4.295029e-01,4.291106e-01,4.286874e-01,4.282652e-01,4.278755e-01,4.274553e-01,4.270360e-01,4.266177e-01,4.258024e-01,4.253870e-01,4.249726e-01,4.245591e-01,4.237222e-01,4.233117e-01,4.224806e-01,4.220729e-01,4.220552e-01,4.204562e-01,4.204387e-01,4.200055e-01,4.195733e-01,4.187295e-01,4.179194e-01,4.170833e-01,4.162807e-01,4.154817e-01,4.150604e-01,4.138652e-01,4.130769e-01,4.118949e-01,4.110866e-01,4.099177e-01,4.087565e-01,4.076029e-01,4.064568e-01,4.053265e-01,4.034643e-01,4.023175e-01,4.004868e-01,3.993862e-01,3.982926e-01,3.971793e-01,3.960732e-01,3.939481e-01,3.921774e-01,3.904247e-01,3.893611e-01,3.879828e-01,3.866405e-01,3.849401e-01,3.826124e-01,3.803162e-01,3.786575e-01,3.764379e-01,3.748637e-01,3.733042e-01,3.723694e-01,3.708362e-01,3.693172e-01,3.677897e-01,3.656913e-01,3.633205e-01,3.607109e-01,3.584111e-01,3.561853e-01,3.548173e-01,3.526405e-01,3.512823e-01,3.494042e-01,3.478192e-01,3.459817e-01,3.446769e-01,3.428757e-01,3.415966e-01,3.400509e-01,3.397260e-01,3.396427e-01,3.390832e-01,3.373431e-01,3.353538e-01,3.338693e-01,3.323967e-01,3.304704e-01,3.290128e-01,3.270921e-01,3.247811e-01,3.220605e-01,3.187383e-01,3.150440e-01,3.118656e-01,3.079047e-01,3.034428e-01,2.996904e-01,2.954336e-01,2.914473e-01,2.870050e-01,2.840752e-01,2.788571e-01,2.733704e-01,2.672042e-01,2.620693e-01,2.550129e-01,2.480856e-01,2.416311e-01,2.345440e-01,2.295565e-01,2.228141e-01,2.166389e-01,2.106985e-01,2.042395e-01,1.979920e-01,1.939566e-01,1.891401e-01,1.830588e-01,1.780316e-01,1.731326e-01,1.692300e-01,1.647649e-01,1.604588e-01,1.564552e-01,1.531587e-01,1.504026e-01,1.471935e-01,1.441056e-01,1.416339e-01,1.386682e-01,1.362398e-01,1.338858e-01,1.316408e-01,1.298554e-01,1.281127e-01,1.263055e-01,1.245768e-01,1.228895e-01,1.215602e-01,1.203199e-01,1.190377e-01,1.177488e-01,1.165146e-01,1.156244e-01,1.144274e-01,1.132525e-01,1.124047e-01,1.115678e-01,1.110684e-01,1.102762e-01,1.094934e-01,1.090365e-01,1.082956e-01,1.078484e-01,1.074571e-01,1.070144e-01,1.066021e-01,1.062183e-01,1.058097e-01,1.054052e-01,1.050283e-01,1.049261e-01,1.045505e-01,1.044994e-01,1.044482e-01,1.043956e-01,1.040746e-01,1.039988e-01,1.039714e-01,1.039207e-01,1.041892e-01,1.041367e-01,1.041111e-01,1.040340e-01,1.042784e-01,1.042011e-01,1.044713e-01,1.047176e-01,1.050141e-01,1.049885e-01,1.052100e-01,1.057360e-01,1.060123e-01,1.062910e-01,1.068253e-01,1.073656e-01,1.079361e-01,1.087771e-01,1.093609e-01,1.099788e-01,1.108187e-01,1.113948e-01,1.122824e-01,1.131834e-01,1.137802e-01,1.150227e-01,1.156669e-01,1.166161e-01,1.175779e-01,1.182797e-01,1.196093e-01,1.202353e-01,1.211864e-01,1.221832e-01,1.232289e-01,1.239230e-01,1.249607e-01,1.260133e-01,1.267709e-01,1.282750e-01,1.290206e-01,1.301723e-01,1.313796e-01,1.324929e-01,1.333603e-01,1.345425e-01,1.359033e-01,1.371668e-01,1.380486e-01,1.393477e-01,1.407118e-01,1.415917e-01,1.430392e-01,1.440784e-01,1.456171e-01,1.465985e-01,1.476387e-01,1.491986e-01,1.502247e-01,1.512637e-01,1.529437e-01,1.540172e-01,1.551552e-01,1.563076e-01,1.574246e-01,1.591254e-01,1.598088e-01,1.616127e-01,1.629097e-01,1.635118e-01,1.647239e-01,1.666890e-01,1.674329e-01,1.687582e-01,1.701038e-01,1.714683e-01,1.728549e-01,1.735892e-01,1.750060e-01,1.763829e-01,1.770795e-01,1.785524e-01,1.793338e-01,1.807066e-01,1.822371e-01,1.829789e-01,1.846156e-01,1.853772e-01,1.867666e-01,1.875450e-01,1.891864e-01,1.899809e-01,1.907841e-01,1.924034e-01,1.932988e-01,1.941281e-01,1.957230e-01,1.966472e-01,1.975040e-01,1.983672e-01,2.001879e-01,2.010735e-01,2.019667e-01,2.029479e-01,2.038570e-01,2.047740e-01,2.058672e-01,2.067948e-01,2.073686e-01,2.082186e-01,2.089901e-01,2.097709e-01,2.105475e-01,2.114330e-01,2.121202e-01,2.131181e-01,2.138193e-01,2.147146e-01,2.153334e-01,2.161502e-01,2.169705e-01,2.178003e-01,2.185326e-01,2.194674e-01,2.203169e-01,2.208615e-01,2.219226e-01,2.223755e-01,2.232345e-01,2.240027e-01,2.246657e-01,2.255329e-01,2.263238e-01,2.273183e-01,2.278913e-01,2.287859e-01,2.295776e-01,2.302711e-01,2.307390e-01,2.315430e-01,2.321326e-01,2.331737e-01,2.339984e-01,2.349279e-01,2.359980e-01,2.368348e-01,2.373251e-01,2.381623e-01,2.387723e-01,2.395045e-01,2.402515e-01,2.409987e-01,2.416183e-01,2.424868e-01,2.431201e-01,2.438895e-01,2.445344e-01,2.451701e-01,2.455514e-01,2.463317e-01,2.466042e-01,2.472539e-01,2.477794e-01,2.485686e-01,2.491041e-01,2.497624e-01,2.501678e-01,2.507102e-01,2.511141e-01,2.517975e-01,2.520676e-01,2.526283e-01,2.533098e-01,2.538613e-01,2.545596e-01,2.549760e-01,2.552781e-01,2.558428e-01,2.561216e-01,2.565581e-01,2.568384e-01,2.572774e-01,2.572834e-01,2.578584e-01,2.582798e-01,2.588531e-01,2.590087e-01,2.594398e-01,2.597312e-01,2.601646e-01,2.600492e-01,2.606183e-01,2.609109e-01,2.613576e-01,2.615255e-01,2.619743e-01,2.621322e-01,2.624559e-01,2.623275e-01,2.629175e-01,2.627995e-01,2.626939e-01,2.627095e-01,2.628806e-01,2.623342e-01,2.623668e-01,2.620867e-01,2.621207e-01,2.614405e-01,2.611886e-01,2.609217e-01,2.606814e-01,2.602691e-01,2.598840e-01,2.594835e-01,2.592458e-01,2.585805e-01,2.583444e-01,2.576837e-01,2.573076e-01,2.573135e-01,2.588029e-01,2.581399e-01,2.578955e-01,2.573725e-01,2.568547e-01,2.562029e-01,2.558207e-01,2.553046e-01,2.548052e-01,2.541637e-01,2.536586e-01,2.527553e-01,2.522614e-01,2.517624e-01,2.510084e-01,2.503886e-01,2.497775e-01,2.488902e-01,2.484237e-01,2.476784e-01,2.471958e-01,2.467110e-01,2.462376e-01,2.453883e-01,2.449105e-01,2.441764e-01,2.435880e-01,2.429986e-01,2.421580e-01,2.414530e-01,2.408644e-01,2.400292e-01,2.394601e-01,2.389866e-01,2.384097e-01,2.378303e-01,2.372589e-01,2.364566e-01,2.361187e-01,2.355378e-01,2.348574e-01,2.341809e-01,2.337383e-01,2.330680e-01,2.327360e-01,2.321795e-01,2.318533e-01,2.311765e-01,2.307425e-01,2.300731e-01,2.296392e-01,2.292036e-01,2.287613e-01,2.283206e-01,2.279943e-01,2.274473e-01,2.273405e-01,2.271043e-01,2.268757e-01,2.265452e-01,2.266355e-01,2.265060e-01,2.264929e-01,2.261382e-01,2.261171e-01,2.263101e-01,2.260587e-01,2.259267e-01,2.257003e-01,2.254582e-01,2.252177e-01,2.249876e-01,2.247640e-01,2.243140e-01,2.237737e-01,2.233432e-01,2.229988e-01,2.223559e-01,2.219306e-01,2.214990e-01,2.208643e-01,2.201266e-01,2.195956e-01,2.192839e-01,2.187492e-01,2.181208e-01,2.174959e-01,2.169769e-01,2.166562e-01,2.160318e-01,2.157074e-01,2.153903e-01,2.151686e-01,2.146600e-01,2.143394e-01,2.141198e-01,2.139932e-01,2.137742e-01,2.135494e-01,2.134234e-01,2.135898e-01,2.138552e-01,2.135378e-01,2.135195e-01,2.134940e-01,2.133762e-01,2.136431e-01,2.137172e-01,2.136065e-01,2.135882e-01,2.134824e-01,2.134641e-01,2.131693e-01,2.129744e-01,2.125893e-01,2.123040e-01,2.121034e-01,2.121836e-01,2.121726e-01,2.120681e-01,2.122539e-01,2.121659e-01,2.122534e-01,2.122424e-01,2.123380e-01,2.123390e-01,2.125252e-01,2.129015e-01,2.129968e-01,2.130993e-01,2.134761e-01,2.135781e-01,2.138726e-01,2.139687e-01,2.142569e-01,2.143499e-01,2.144444e-01,2.143537e-01,2.143488e-01,2.143429e-01,2.143298e-01,2.142285e-01,2.143229e-01,2.144101e-01,2.146984e-01,2.144987e-01,2.145836e-01,2.145704e-01,2.145645e-01,2.148459e-01,2.147466e-01,2.147406e-01,2.148364e-01,2.147357e-01,2.149166e-01,2.149117e-01,2.148069e-01,2.144142e-01,2.144029e-01,2.142816e-01,2.140845e-01,2.134751e-01,2.132658e-01,2.129578e-01,2.125495e-01,2.123276e-01,2.121062e-01,2.115082e-01,2.110909e-01,2.106703e-01,2.098034e-01,2.090249e-01,2.079709e-01,2.067284e-01,2.060566e-01,2.053010e-01,2.044673e-01,2.027312e-01,2.009399e-01,2.001362e-01,1.985474e-01,1.960496e-01,1.943636e-01,1.928575e-01,1.905636e-01,1.882450e-01,1.859788e-01,1.836913e-01,1.815221e-01,1.779009e-01,1.757898e-01,1.709756e-01,1.676027e-01,1.639040e-01,1.609395e-01,1.568730e-01,1.537314e-01,1.495995e-01,1.459820e-01,1.404002e-01,1.359755e-01,1.317857e-01,1.270213e-01,1.228777e-01,1.178769e-01,1.134431e-01,1.066169e-01,1.017384e-01,9.701262e-02,9.264038e-02,8.754877e-02,8.342902e-02,7.716988e-02,7.288371e-02,6.894077e-02,6.520058e-02,6.138026e-02,5.688134e-02,5.352203e-02,5.065475e-02,4.795731e-02,4.533363e-02,4.229995e-02,4.017762e-02,3.833604e-02,3.669278e-02,3.530106e-02,3.331538e-02,3.218610e-02,3.115514e-02,3.010819e-02,2.906405e-02,2.808606e-02,2.746153e-02,2.685975e-02,2.628441e-02,2.573714e-02,2.521088e-02,2.493493e-02,2.445045e-02,2.419632e-02,2.374124e-02,2.350910e-02,2.327991e-02,2.306486e-02,2.285100e-02,2.264335e-02,2.244537e-02,2.242989e-02,2.222589e-02,2.221438e-02,2.202158e-02,2.200166e-02,2.199368e-02,2.198209e-02,2.179362e-02,2.178200e-02,2.177405e-02,2.176403e-02,2.193009e-02,2.192847e-02,2.191981e-02,2.190776e-02,2.207535e-02,2.207519e-02,2.225125e-02,2.224584e-02,2.242584e-02,2.260768e-02,2.260419e-02,2.279544e-02,2.298516e-02,2.317887e-02,2.338602e-02,2.338112e-02,2.358543e-02,2.380527e-02,2.401651e-02,2.424158e-02,2.445989e-02,2.468911e-02,2.492890e-02,2.516604e-02,2.540835e-02,2.566133e-02,2.591439e-02,2.617286e-02,2.644258e-02,2.671282e-02,2.698386e-02,2.726886e-02,2.784627e-02,2.784425e-02,2.845865e-02,2.877403e-02,2.877817e-02,2.932638e-02,2.965759e-02,3.006713e-02,3.035478e-02,3.085376e-02,3.115136e-02,3.141457e-02,3.191971e-02,3.226849e-02,3.271937e-02,3.305064e-02,3.360300e-02,3.390337e-02,3.443460e-02,3.480786e-02,3.513719e-02,3.569901e-02,3.608955e-02,3.663822e-02,3.698575e-02,3.754478e-02,3.791304e-02,3.844742e-02,3.888249e-02,3.936784e-02,3.975776e-02,4.033875e-02,4.074581e-02,4.127884e-02,4.169082e-02,4.225779e-02,4.263961e-02,4.322197e-02,4.366220e-02,4.398396e-02,4.459312e-02,4.521686e-02,4.562578e-02,4.618973e-02,4.661379e-02,4.718630e-02,4.753934e-02,4.814639e-02,4.849657e-02,4.903021e-02,4.939898e-02,5.003850e-02,5.041211e-02,5.095162e-02,5.131179e-02,5.190167e-02,5.218028e-02,5.266073e-02,5.304149e-02,5.352337e-02,5.411082e-02,5.431803e-02,5.481952e-02,5.512530e-02,5.564683e-02,5.576060e-02,5.628461e-02,5.671814e-02,5.704194e-02,5.737674e-02,5.760560e-02,5.815890e-02,5.828168e-02,5.874125e-02,5.909295e-02,5.933348e-02,5.969114e-02,5.981954e-02,6.029101e-02,6.077732e-02,6.090950e-02,6.128320e-02,6.141752e-02,6.167421e-02,6.205580e-02,6.219304e-02,6.258003e-02,6.283578e-02,6.310276e-02,6.337164e-02,6.350970e-02,6.378180e-02,6.430679e-02,6.432188e-02,6.485454e-02,6.486991e-02,6.540963e-02,6.582096e-02,6.596279e-02,6.637967e-02,6.680067e-02,6.708574e-02,6.749931e-02,6.793220e-02,6.822540e-02,6.852045e-02,6.910041e-02,6.925418e-02,6.969529e-02,7.015200e-02,7.044654e-02,7.075832e-02,7.137073e-02,7.153367e-02,7.199935e-02,7.232314e-02,7.263748e-02,7.311090e-02,7.344279e-02,7.361379e-02,7.410183e-02,7.444094e-02,7.476634e-02,7.494230e-02,7.544506e-02,7.579447e-02,7.613377e-02,7.631518e-02,7.682918e-02,7.701341e-02,7.736215e-02,7.772648e-02,7.808060e-02,7.826587e-02,7.862442e-02,7.899872e-02,7.936256e-02,7.955684e-02,7.992497e-02,8.030534e-02,8.049011e-02,8.105580e-02,8.125712e-02,8.163815e-02,8.182781e-02,8.220940e-02,8.241530e-02,8.280546e-02,8.319868e-02,8.320929e-02,8.360186e-02,8.400146e-02,8.420052e-02,8.441522e-02,8.461594e-02,8.502367e-02,8.522300e-02,8.563565e-02,8.605162e-02,8.647094e-02,8.648259e-02,8.690544e-02,8.711278e-02,8.754082e-02,8.775426e-02,8.796858e-02,8.819599e-02,8.841185e-02,8.862893e-02,8.906953e-02,8.928902e-02,8.950569e-02,8.951800e-02,8.996609e-02,9.018904e-02,9.040954e-02,9.042214e-02,9.064737e-02,9.087323e-02,9.088195e-02,9.110917e-02,9.133703e-02,9.156586e-02,9.179566e-02,9.202644e-02,9.203556e-02,9.203090e-02,9.226275e-02,9.249559e-02,9.272943e-02,9.296062e-02,9.319615e-02,9.343303e-02,9.342838e-02,9.366595e-02,9.390454e-02,9.414020e-02,9.413521e-02,9.437555e-02,9.461660e-02,9.460764e-02,9.484940e-02,9.509222e-02,9.508655e-02,9.556279e-02,9.555316e-02,9.579911e-02,9.579309e-02,9.627541e-02,9.626613e-02,9.651526e-02,9.674684e-02,9.699810e-02,9.699277e-02,9.748183e-02,9.747615e-02,9.771173e-02,9.796732e-02,9.846447e-02,9.870379e-02,9.896345e-02,9.920484e-02,9.919881e-02,9.970990e-02,9.970032e-02,1.002162e-01,1.004628e-01,1.004568e-01,1.009797e-01,1.009740e-01,1.012211e-01,1.014724e-01,1.014674e-01,1.017205e-01,1.019747e-01,1.019662e-01,1.022222e-01,1.022176e-01,1.027577e-01,1.027500e-01,1.030098e-01,1.032707e-01,1.032672e-01,1.035296e-01,1.035226e-01,1.037865e-01,1.037834e-01,1.040484e-01,1.040418e-01,1.043080e-01,1.043053e-01,1.045731e-01,1.045668e-01,1.045641e-01,1.048331e-01,1.045374e-01,1.045311e-01,1.045288e-01,1.047977e-01,1.047949e-01,1.047887e-01,1.047863e-01,1.047835e-01,1.045091e-01,1.042110e-01,1.042082e-01,1.039360e-01,1.036646e-01,1.031077e-01,1.031013e-01,1.028332e-01,1.023035e-01,1.017581e-01,1.014954e-01,1.009728e-01,1.004382e-01,9.992739e-02,9.967203e-02,9.889895e-02,9.840046e-02,9.763910e-02,9.715052e-02,9.617009e-02,9.569304e-02,9.473543e-02,9.426951e-02,9.356150e-02,9.287980e-02,9.218408e-02,9.128178e-02,9.084247e-02,8.996072e-02,8.930314e-02,8.866943e-02,8.802655e-02,8.718728e-02,8.677404e-02,8.595328e-02,8.555319e-02,8.494514e-02,8.415089e-02,8.355797e-02,8.297153e-02,8.239147e-02,8.201199e-02,8.144189e-02,8.087821e-02,8.014215e-02,7.959234e-02,7.941194e-02,7.886980e-02,7.850552e-02,7.778921e-02,7.742826e-02,7.690677e-02,7.673541e-02,7.638604e-02,7.603880e-02,7.569424e-02,7.519021e-02,7.485149e-02,7.451480e-02,7.402272e-02,7.353562e-02,7.304133e-02,7.271218e-02,7.207468e-02,7.160699e-02,7.129220e-02,7.097949e-02,7.036536e-02,7.005880e-02,6.975424e-02,6.945168e-02,6.899856e-02,6.856090e-02,6.811661e-02,6.782472e-02,6.753470e-02,6.724653e-02,6.681508e-02,6.652655e-02,6.610228e-02,6.595474e-02,6.553570e-02,6.539001e-02,6.510530e-02,6.508963e-02,6.480683e-02,6.466347e-02,6.451031e-02,6.449476e-02,6.407929e-02,6.419007e-02,6.391271e-02,6.376209e-02,6.362176e-02,6.359661e-02,6.345652e-02,6.318860e-02,6.290799e-02,6.277011e-02,6.262310e-02,6.235542e-02,6.208943e-02,6.207411e-02,6.156763e-02,6.130641e-02,6.117358e-02,6.091506e-02,6.054727e-02,6.029273e-02,6.004872e-02,5.955829e-02,5.931875e-02,5.907190e-02,5.882681e-02,5.847844e-02,5.800286e-02,5.788060e-02,5.754105e-02,5.730569e-02,5.707176e-02,5.683923e-02,5.650110e-02,5.637553e-02,5.614748e-02,5.602303e-02,5.579706e-02,5.545537e-02,5.544745e-02,5.521682e-02,5.499568e-02,5.477584e-02,5.465600e-02,5.432493e-02,5.420651e-02,5.418587e-02,5.397076e-02,5.385343e-02,5.342618e-02,5.331079e-02,5.319552e-02,5.308060e-02,5.276336e-02,5.255653e-02,5.235090e-02,5.204713e-02,5.193577e-02,5.163388e-02,5.143361e-02,5.113781e-02,5.102904e-02,5.063480e-02,5.062203e-02,5.033315e-02,5.005219e-02,4.994674e-02,4.956504e-02,4.937634e-02,4.909810e-02,4.900099e-02,4.854788e-02,4.836493e-02,4.817660e-02,4.799571e-02,4.756185e-02,4.738420e-02,4.712273e-02,4.695299e-02,4.652820e-02,4.619700e-02,4.595068e-02,4.585711e-02,4.545245e-02,4.528626e-02,4.504702e-02,4.488283e-02,4.449104e-02,4.615583e-03,4.615583e-03,4.615583e-03,4.615583e-03,4.615583e-03,4.615583e-03,4.615583e-03,4.615583e-03,4.615583e-03,4.615583e-03,4.615583e-03,4.615583e-03,4.615583e-03,4.615583e-03,4.615583e-03,4.615583e-03,4.615583e-03,4.615583e-03,4.615583e-03,4.615583e-03,4.615583e-03,4.615583e-03,4.615583e-03,4.615583e-03,4.615583e-03,4.615583e-03,4.615583e-03,4.615583e-03,4.615583e-03,4.615583e-03,4.615583e-03,4.615583e-03,4.615583e-03,4.615583e-03,4.615583e-03,4.615583e-03,4.615583e-03,4.615583e-03,4.615583e-03,4.615583e-03,4.615583e-03,4.615583e-03,4.615583e-03,4.615583e-03,4.615583e-03,4.615583e-03,4.615583e-03,4.615583e-03,4.615583e-03,4.615583e-03,4.615583e-03,4.615583e-03,4.615583e-03,4.615583e-03,4.615583e-03,4.615583e-03,4.615583e-03,4.615583e-03,4.615583e-03,4.615583e-03,4.615583e-03,4.615583e-03,4.615583e-03,4.615583e-03,4.615583e-03,4.615583e-03,4.615583e-03,4.615583e-03,4.615583e-03,4.615583e-03,4.615583e-03,4.615583e-03,4.615583e-03,4.615583e-03,4.615583e-03,4.615583e-03,4.615583e-03,4.615583e-03,4.615583e-03,4.615583e-03,4.615583e-03,4.615583e-03,4.615583e-03,4.615583e-03,4.615583e-03,4.615583e-03,4.615583e-03,4.615583e-03,4.615583e-03,4.615583e-03,4.615583e-03,4.615583e-03,4.615583e-03,4.615583e-03,4.615583e-03,4.615583e-03,4.615583e-03,4.615583e-03,4.615583e-03,4.615583e-03,4.615583e-03,4.615583e-03,4.615583e-03,4.615583e-03,4.615583e-03,4.615583e-03,4.615583e-03,4.615583e-03,4.615583e-03,4.615583e-03,4.615583e-03,4.615583e-03,4.615583e-03,4.615583e-03,4.615583e-03,4.615583e-03,4.615583e-03,4.615583e-03,4.615583e-03,4.615583e-03,4.615583e-03,4.615583e-03,4.615583e-03,4.615583e-03,4.615583e-03,4.615583e-03,4.615583e-03,4.615583e-03,4.615583e-03,4.615583e-03,4.615583e-03,4.615583e-03,4.615583e-03,4.615583e-03,4.615583e-03,4.615583e-03,4.615583e-03,4.615583e-03,4.615583e-03,4.615583e-03,4.615583e-03,4.615583e-03,4.615583e-03,4.615583e-03,4.615583e-03,4.615583e-03,4.615583e-03,4.615583e-03,4.615583e-03,4.615583e-03,4.615583e-03,4.615583e-03,4.615583e-03,4.615583e-03,4.615583e-03,4.615583e-03,4.615583e-03,4.615583e-03,4.615583e-03,4.615583e-03,4.615583e-03
4.468332e-02,4.437473e-02,4.407960e-02,4.385689e-02,4.372622e-02,4.372919e-02,4.382252e-02,4.392868e-02,4.402434e-02,4.412194e-02,4.416335e-02,4.413002e-02,4.415231e-02,4.424868e-02,4.436463e-02,4.449688e-02,4.462974e-02,4.473925e-02,4.485976e-02,4.494364e-02,4.496335e-02,4.489848e-02,4.483052e-02,4.476936e-02,4.479348e-02,4.479045e-02,4.473912e-02,4.461583e-02,4.454533e-02,4.447901e-02,4.432423e-02,4.412904e-02,4.396593e-02,4.384645e-02,4.377165e-02,4.371108e-02,4.365087e-02,4.364779e-02,4.364630e-02,4.368918e-02,4.379488e-02,4.405482e-02,4.438329e-02,4.469996e-02,4.508868e-02,4.556473e-02,4.605221e-02,4.655189e-02,4.719705e-02,4.792433e-02,4.873239e-02,4.960700e-02,5.055794e-02,5.149588e-02,5.240694e-02,5.327327e-02,5.412194e-02,5.495398e-02,5.571896e-02,5.640306e-02,5.701835e-02,5.758998e-02,5.805697e-02,5.847839e-02,5.891934e-02,5.936896e-02,5.976494e-02,6.012140e-02,6.041794e-02,6.071131e-02,6.099201e-02,6.118155e-02,6.136955e-02,6.153364e-02,6.168147e-02,6.183042e-02,6.197958e-02,6.219745e-02,6.239967e-02,6.262037e-02,6.286208e-02,6.319765e-02,6.360396e-02,6.405452e-02,6.458096e-02,6.520001e-02,6.590843e-02,6.671308e-02,6.762161e-02,6.864731e-02,6.973762e-02,7.089958e-02,7.215234e-02,7.352098e-02,7.493740e-02,7.644465e-02,7.803946e-02,7.973525e-02,8.149915e-02,8.333368e-02,8.526859e-02,8.726264e-02,8.933073e-02,9.147519e-02,9.368215e-02,9.597309e-02,9.833276e-02,1.007603e-01,1.032754e-01,1.057743e-01,1.083431e-01,1.109216e-01,1.135308e-01,1.162556e-01,1.190010e-01,1.216699e-01,1.243178e-01,1.269373e-01,1.294969e-01,1.320045e-01,1.344251e-01,1.366828e-01,1.388454e-01,1.408282e-01,1.426506e-01,1.442415e-01,1.456233e-01,1.468391e-01,1.479030e-01,1.487818e-01,1.495368e-01,1.501326e-01,1.506767e-01,1.510346e-01,1.513288e-01,1.515059e-01,1.516448e-01,1.516979e-01,1.517494e-01,1.517456e-01,1.517908e-01,1.517624e-01,1.517065e-01,1.517679e-01,1.517925e-01,1.519628e-01,1.521228e-01,1.524210e-01,1.526845e-01,1.530452e-01,1.534696e-01,1.538848e-01,1.542817e-01,1.547859e-01,1.552369e-01,1.555976e-01,1.558362e-01,1.561450e-01,1.563576e-01,1.565488e-01,1.567414e-01,1.570437e-01,1.572018e-01,1.573459e-01,1.573877e-01,1.574533e-01,1.574129e-01,1.572619e-01,1.570633e-01,1.568351e-01,1.565204e-01,1.561435e-01,1.557100e-01,1.553061e-01,1.548814e-01,1.544489e-01,1.540234e-01,1.536892e-01,1.533790e-01,1.531142e-01,1.528598e-01,1.527580e-01,1.526497e-01,1.525650e-01,1.524724e-01,1.524675e-01,1.524869e-01,1.524637e-01,1.524636e-01,1.525020e-01,1.525842e-01,1.526623e-01,1.527656e-01,1.528817e-01,1.530771e-01,1.533110e-01,1.535419e-01,1.538157e-01,1.540784e-01,1.543155e-01,1.544358e-01,1.545559e-01,1.545995e-01,1.545074e-01,1.542461e-01,1.539210e-01,1.534913e-01,1.528700e-01,1.522141e-01,1.514595e-01,1.506575e-01,1.497543e-01,1.488435e-01,1.479061e-01,1.468928e-01,1.459506e-01,1.449750e-01,1.440771e-01,1.432302e-01,1.424186e-01,1.417588e-01,1.411242e-01,1.406506e-01,1.402213e-01,1.399207e-01,1.396691e-01,1.394869e-01,1.394432e-01,1.393907e-01,1.394034e-01,1.393310e-01,1.392544e-01,1.390254e-01,1.386312e-01,1.381129e-01,1.373327e-01,1.363819e-01,1.351085e-01,1.336513e-01,1.319985e-01,1.301590e-01,1.281535e-01,1.260794e-01,1.238745e-01,1.216479e-01,1.193997e-01,1.172533e-01,1.151831e-01,1.132290e-01,1.115425e-01,1.099711e-01,1.086074e-01,1.073302e-01,1.061274e-01,1.048480e-01,1.034417e-01,1.018904e-01,1.001006e-01,9.809922e-02,9.581808e-02,9.337831e-02,9.067140e-02,8.793530e-02,8.511781e-02,8.234105e-02,7.962075e-02,7.699757e-02,7.469543e-02,7.257049e-02,7.077275e-02,6.913308e-02,6.782915e-02,6.673153e-02,6.587056e-02,6.515105e-02,6.471311e-02,6.438086e-02,6.443306e-02,6.465921e-02,6.551111e-02,6.668941e-02,6.895649e-02,7.167469e-02,7.559919e-02,8.014921e-02,8.596146e-02,9.247296e-02,9.992211e-02,1.081444e-01,1.173669e-01,1.273154e-01,1.379870e-01,1.493510e-01,1.614691e-01,1.740476e-01,1.868924e-01,2.001046e-01,2.135638e-01,2.270871e-01,2.404699e-01,2.538081e-01,2.670503e-01,2.798845e-01,2.923399e-01,3.044630e-01,3.161945e-01,3.275856e-01,3.386346e-01,3.494025e-01,3.602516e-01,3.706018e-01,3.807246e-01,3.907017e-01,4.005256e-01,4.102572e-01,4.198226e-01,4.293059e-01,4.386534e-01,4.478655e-01,4.569756e-01,4.665029e-01,4.753464e-01,4.840715e-01,4.924560e-01,5.008487e-01,5.090659e-01,5.171093e-01,5.249868e-01,5.326293e-01,5.400569e-01,5.472547e-01,5.541996e-01,5.609682e-01,5.675240e-01,5.737009e-01,5.796894e-01,5.854759e-01,5.910007e-01,5.962060e-01,6.013055e-01,6.061486e-01,6.105026e-01,6.147895e-01,6.187101e-01,6.225662e-01,6.260688e-01,6.295162e-01,6.326138e-01,6.356402e-01,6.383869e-01,6.410628e-01,6.435052e-01,6.459685e-01,6.485757e-01,6.510676e-01,6.537035e-01,6.562151e-01,6.587167e-01,6.613646e-01,6.638606e-01,6.665017e-01,6.688404e-01,6.713044e-01,6.737463e-01,6.760130e-01,6.783929e-01,6.807394e-01,6.830447e-01,6.851581e-01,6.873619e-01,6.895200e-01,6.916061e-01,6.936222e-01,6.955787e-01,6.974508e-01,6.992372e-01,7.009332e-01,7.025304e-01,7.040238e-01,7.054041e-01,7.066821e-01,7.075507e-01,7.086058e-01,7.096519e-01,7.107026e-01,7.117678e-01,7.128450e-01,7.139410e-01,7.148356e-01,7.159094e-01,7.170089e-01,7.179258e-01,7.190453e-01,7.199699e-01,7.209022e-01,7.218233e-01,7.227588e-01,7.238799e-01,7.248234e-01,7.257666e-01,7.267292e-01,7.276689e-01,7.286012e-01,7.295602e-01,7.303355e-01,7.312781e-01,7.322244e-01,7.331756e-01,7.341519e-01,7.349080e-01,7.358684e-01,7.366413e-01,7.374094e-01,7.383727e-01,7.391463e-01,7.399224e-01,7.406894e-01,7.414472e-01,7.422191e-01,7.430095e-01,7.437863e-01,7.445185e-01,7.452575e-01,7.458310e-01,7.465978e-01,7.472909e-01,7.477286e-01,7.484728e-01,7.491953e-01,7.497710e-01,7.502662e-01,7.507745e-01,7.513974e-01,7.518305e-01,7.523857e-01,7.531588e-01,7.536682e-01,7.542349e-01,7.548323e-01,7.555884e-01,7.561643e-01,7.567663e-01,7.573624e-01,7.579424e-01,7.585538e-01,7.591666e-01,7.597525e-01,7.603808e-01,7.610032e-01,7.615843e-01,7.622350e-01,7.628621e-01,7.632652e-01,7.638950e-01,7.643252e-01,7.649450e-01,7.655407e-01,7.659698e-01,7.666194e-01,7.670030e-01,7.676424e-01,7.680663e-01,7.686772e-01,7.691029e-01,7.695240e-01,7.698893e-01,7.704915e-01,7.709019e-01,7.713204e-01,7.717715e-01,7.723858e-01,7.727232e-01,7.731184e-01,7.735406e-01,7.738918e-01,7.742756e-01,7.746684e-01,7.750268e-01,7.754389e-01,7.758250e-01,7.761457e-01,7.763145e-01,7.767210e-01,7.770753e-01,7.774621e-01,7.776509e-01,7.780789e-01,7.784813e-01,7.788164e-01,7.790122e-01,7.794290e-01,7.797736e-01,7.799432e-01,7.801476e-01,7.805746e-01,7.807524e-01,7.810907e-01,7.812771e-01,7.816978e-01,7.818220e-01,7.819948e-01,7.821621e-01,7.822669e-01,7.823991e-01,7.825940e-01,7.827948e-01,7.829409e-01,7.830049e-01,7.831181e-01,7.832919e-01,7.834658e-01,7.835712e-01,7.835809e-01,7.836512e-01,7.838039e-01,7.839511e-01,7.839803e-01,7.838171e-01,7.837856e-01,7.838759e-01,7.839601e-01,7.838324e-01,7.834420e-01,7.832598e-01,7.831793e-01,7.830439e-01,7.828757e-01,7.827132e-01,7.824085e-01,7.816038e-01,7.810338e-01,7.808381e-01,7.804054e-01,7.800747e-01,7.797725e-01,7.791953e-01,7.781981e-01,7.773613e-01,7.768949e-01,7.765739e-01,7.756042e-01,7.739584e-01,7.730032e-01,7.724135e-01,7.715731e-01,7.704918e-01,7.693975e-01,7.685668e-01,7.678638e-01,7.660154e-01,7.626688e-01,7.607316e-01,7.594246e-01,7.575118e-01,7.554872e-01,7.536036e-01,7.520979e-01,7.505985e-01,7.494707e-01,7.485697e-01,7.473296e-01,7.457421e-01,7.451105e-01,7.450673e-01,7.448892e-01,7.446102e-01,7.444276e-01,7.442668e-01,7.443396e-01,7.442720e-01,7.443400e-01,7.443882e-01,7.443158e-01,7.443789e-01,7.443017e-01,7.443451e-01,7.445062e-01,7.448022e-01,7.449636e-01,7.453662e-01,7.457665e-01,7.461703e-01,7.464561e-01,7.469869e-01,7.473976e-01,7.479282e-01,7.484421e-01,7.490949e-01,7.497544e-01,7.502923e-01,7.509347e-01,7.517150e-01,7.524824e-01,7.530264e-01,7.536705e-01,7.543420e-01,7.551122e-01,7.558823e-01,7.566779e-01,7.574551e-01,7.582293e-01,7.590058e-01,7.599130e-01,7.605691e-01,7.613526e-01,7.621385e-01,7.630533e-01,7.639444e-01,7.648694e-01,7.657995e-01,7.667058e-01,7.676425e-01,7.685551e-01,7.693687e-01,7.701630e-01,7.711181e-01,7.719177e-01,7.727243e-01,7.735289e-01,7.746007e-01,7.755440e-01,7.764907e-01,7.774346e-01,7.783882e-01,7.793389e-01,7.801577e-01,7.809791e-01,7.817856e-01,7.827422e-01,7.838228e-01,7.846491e-01,7.851788e-01,7.857095e-01,7.862644e-01,7.870747e-01,7.878875e-01,7.887027e-01,7.893802e-01,7.901998e-01,7.908811e-01,7.915639e-01,7.922247e-01,7.929178e-01,7.934635e-01,7.939931e-01,7.944051e-01,7.949366e-01,7.956124e-01,7.961704e-01,7.967052e-01,7.972481e-01,7.976477e-01,7.981973e-01,7.985958e-01,7.991449e-01,7.994017e-01,7.998044e-01,8.000666e-01,8.003220e-01,8.005799e-01,8.009694e-01,8.013647e-01,8.016188e-01,8.018658e-01,8.019686e-01,8.022111e-01,8.023068e-01,8.025447e-01,8.027828e-01,8.028536e-01,8.029347e-01,8.030110e-01,8.030773e-01,8.031511e-01,8.032150e-01,8.032611e-01,8.030254e-01,8.029370e-01,8.029910e-01,8.030375e-01,8.030891e-01,8.028357e-01,8.025881e-01,8.023408e-01,8.020888e-01,8.019837e-01,8.017296e-01,8.016119e-01,8.013536e-01,8.010936e-01,8.006858e-01,8.002765e-01,8.000037e-01,7.998818e-01,7.996127e-01,7.991967e-01,7.986345e-01,7.980713e-01,7.973558e-01,7.970786e-01,7.967995e-01,7.965196e-01,7.959536e-01,7.953889e-01,7.951035e-01,7.948256e-01,7.944057e-01,7.938445e-01,7.931430e-01,7.927191e-01,7.924439e-01,7.920281e-01,7.913317e-01,7.907704e-01,7.906376e-01,7.907786e-01,7.906458e-01,7.899534e-01,7.892629e-01,7.887203e-01,7.881719e-01,7.874869e-01,7.865341e-01,7.855848e-01,7.849130e-01,7.843798e-01,7.833023e-01,7.815463e-01,7.796737e-01,7.782150e-01,7.767646e-01,7.747948e-01,7.716595e-01,7.681829e-01,7.651274e-01,7.623591e-01,7.597415e-01,7.570317e-01,7.537379e-01,7.492979e-01,7.436450e-01,7.382315e-01,7.343888e-01,7.310477e-01,7.268788e-01,7.212849e-01,7.156092e-01,7.116946e-01,7.089526e-01,7.065418e-01,7.037588e-01,7.005190e-01,6.976120e-01,6.947452e-01,6.919078e-01,6.900404e-01,6.891166e-01,6.881965e-01,6.872836e-01,6.863743e-01,6.854685e-01,6.845696e-01,6.836743e-01,6.836902e-01,6.827982e-01,6.828162e-01,6.828356e-01,6.828515e-01,6.819629e-01,6.819788e-01,6.819912e-01,6.820037e-01,6.811150e-01,6.802262e-01,6.802353e-01,6.802443e-01,6.802500e-01,6.802590e-01,6.802680e-01,6.793794e-01,6.793884e-01,6.793975e-01,6.794088e-01,6.785270e-01,6.785360e-01,6.776576e-01,6.776667e-01,6.776791e-01,6.776848e-01,6.768097e-01,6.768188e-01,6.768245e-01,6.768336e-01,6.759585e-01,6.759643e-01,6.759700e-01,6.759757e-01,6.759781e-01,6.759839e-01,6.759896e-01,6.768758e-01,6.768815e-01,6.768872e-01,6.768929e-01,6.768986e-01,6.769043e-01,6.768501e-01,6.777392e-01,6.777449e-01,6.777505e-01,6.777562e-01,6.785882e-01,6.785904e-01,6.794857e-01,6.794913e-01,6.794364e-01,6.794385e-01,6.803403e-01,6.811810e-01,6.811885e-01,6.820356e-01,6.820446e-01,6.820536e-01,6.820050e-01,6.820176e-01,6.828710e-01,6.828835e-01,6.828348e-01,6.828509e-01,6.837073e-01,6.836619e-01,6.845865e-01,6.845374e-01,6.845537e-01,6.854178e-01,6.854305e-01,6.862959e-01,6.862465e-01,6.862592e-01,6.862060e-01,6.862151e-01,6.870796e-01,6.870225e-01,6.879487e-01,6.878914e-01,6.887580e-01,6.887595e-01,6.887020e-01,6.895713e-01,6.895765e-01,6.895188e-01,6.903923e-01,6.904013e-01,6.912803e-01,6.912259e-01,6.912349e-01,6.911804e-01,6.911894e-01,6.911350e-01,6.910845e-01,6.920294e-01,6.919748e-01,6.919241e-01,6.928722e-01,6.928174e-01,6.928264e-01,6.927716e-01,6.927168e-01,6.927258e-01,6.926683e-01,6.926773e-01,6.926186e-01,6.916899e-01,6.916316e-01,6.907030e-01,6.906449e-01,6.897203e-01,6.896587e-01,6.896638e-01,6.886805e-01,6.886857e-01,6.877690e-01,6.867937e-01,6.858860e-01,6.849803e-01,6.849240e-01,6.840221e-01,6.831237e-01,6.830679e-01,6.821733e-01,6.812822e-01,6.803944e-01,6.794499e-01,6.785692e-01,6.776919e-01,6.768179e-01,6.750744e-01,6.742103e-01,6.724862e-01,6.716317e-01,6.708385e-01,6.690242e-01,6.682399e-01,6.666168e-01,6.650050e-01,6.625774e-01,6.609380e-01,6.585528e-01,6.569419e-01,6.553422e-01,6.538077e-01,6.514420e-01,6.498804e-01,6.475550e-01,6.453051e-01,6.430258e-01,6.407694e-01,6.385352e-01,6.363230e-01,6.341364e-01,6.311976e-01,6.283932e-01,6.255283e-01,6.234406e-01,6.213724e-01,6.186883e-01,6.160363e-01,6.126627e-01,6.093842e-01,6.061539e-01,6.036479e-01,6.011277e-01,5.992160e-01,5.961298e-01,5.924431e-01,5.888181e-01,5.853321e-01,5.823601e-01,5.800365e-01,5.777378e-01,5.760618e-01,5.738069e-01,5.715757e-01,5.688631e-01,5.656152e-01,5.618925e-01,5.581996e-01,5.546049e-01,5.519995e-01,5.504484e-01,5.478942e-01,5.459210e-01,5.434530e-01,5.414883e-01,5.390725e-01,5.371805e-01,5.348146e-01,5.329613e-01,5.302548e-01,5.281472e-01,5.260922e-01,5.239987e-01,5.217794e-01,5.187622e-01,5.162377e-01,5.137436e-01,5.108437e-01,5.080400e-01,5.044818e-01,5.012967e-01,4.977527e-01,4.935026e-01,4.886050e-01,4.845399e-01,4.788386e-01,4.722912e-01,4.666318e-01,4.596020e-01,4.522802e-01,4.438232e-01,4.374374e-01,4.282686e-01,4.192518e-01,4.098957e-01,4.023639e-01,3.920688e-01,3.823235e-01,3.727620e-01,3.622513e-01,3.549533e-01,3.448492e-01,3.353655e-01,3.264108e-01,3.165886e-01,3.073469e-01,3.011037e-01,2.939274e-01,2.848828e-01,2.774182e-01,2.703220e-01,2.645323e-01,2.580673e-01,2.519017e-01,2.460261e-01,2.411969e-01,2.372991e-01,2.327763e-01,2.284154e-01,2.249002e-01,2.208049e-01,2.174931e-01,2.142734e-01,2.111461e-01,2.087010e-01,2.063080e-01,2.039541e-01,2.016529e-01,1.993991e-01,1.977290e-01,1.960915e-01,1.944716e-01,1.928724e-01,1.913006e-01,1.902564e-01,1.887227e-01,1.872116e-01,1.862074e-01,1.852129e-01,1.847087e-01,1.837317e-01,1.827639e-01,1.822746e-01,1.813237e-01,1.808418e-01,1.803685e-01,1.798904e-01,1.794183e-01,1.789515e-01,1.784829e-01,1.780173e-01,1.775569e-01,1.775439e-01,1.770847e-01,1.770778e-01,1.770709e-01,1.770631e-01,1.766129e-01,1.766030e-01,1.765981e-01,1.765912e-01,1.770336e-01,1.770258e-01,1.770219e-01,1.770110e-01,1.774525e-01,1.774416e-01,1.778881e-01,1.783337e-01,1.787865e-01,1.787826e-01,1.792284e-01,1.801381e-01,1.805965e-01,1.810578e-01,1.819839e-01,1.829195e-01,1.838665e-01,1.853021e-01,1.862720e-01,1.872553e-01,1.887361e-01,1.897366e-01,1.912573e-01,1.928011e-01,1.938415e-01,1.959583e-01,1.970342e-01,1.986655e-01,2.003218e-01,2.014468e-01,2.037206e-01,2.048697e-01,2.066160e-01,2.083945e-01,2.102058e-01,2.114288e-01,2.132857e-01,2.151738e-01,2.164563e-01,2.190590e-01,2.203812e-01,2.223941e-01,2.244475e-01,2.265228e-01,2.279410e-01,2.300834e-01,2.322836e-01,2.345101e-01,2.360214e-01,2.383162e-01,2.406609e-01,2.422442e-01,2.446685e-01,2.463202e-01,2.488314e-01,2.505252e-01,2.522489e-01,2.548719e-01,2.566487e-01,2.584499e-01,2.612073e-01,2.630721e-01,2.649696e-01,2.668924e-01,2.688383e-01,2.718061e-01,2.728272e-01,2.758928e-01,2.779836e-01,2.790373e-01,2.811616e-01,2.844256e-01,2.855439e-01,2.877768e-01,2.900478e-01,2.923526e-01,2.946976e-01,2.958913e-01,2.982916e-01,3.007266e-01,3.019595e-01,3.044649e-01,3.057411e-01,3.082910e-01,3.109060e-01,3.122265e-01,3.149203e-01,3.162796e-01,3.190059e-01,3.204020e-01,3.232355e-01,3.246671e-01,3.261155e-01,3.290460e-01,3.305422e-01,3.320461e-01,3.350798e-01,3.366345e-01,3.381976e-01,3.397761e-01,3.429801e-01,3.446064e-01,3.462493e-01,3.479165e-01,3.495933e-01,3.512876e-01,3.530189e-01,3.545878e-01,3.557991e-01,3.573789e-01,3.589658e-01,3.607312e-01,3.621818e-01,3.639982e-01,3.652889e-01,3.673263e-01,3.686469e-01,3.701765e-01,3.715068e-01,3.730536e-01,3.746105e-01,3.761860e-01,3.775777e-01,3.791901e-01,3.808086e-01,3.820208e-01,3.838812e-01,3.851011e-01,3.865766e-01,3.880547e-01,3.893328e-01,3.906449e-01,3.923589e-01,3.939159e-01,3.952178e-01,3.965789e-01,3.979309e-01,3.992823e-01,4.001920e-01,4.015716e-01,4.027220e-01,4.043683e-01,4.057852e-01,4.070062e-01,4.086970e-01,4.099263e-01,4.108870e-01,4.119064e-01,4.128942e-01,4.139083e-01,4.151571e-01,4.164100e-01,4.171956e-01,4.182512e-01,4.192743e-01,4.205603e-01,4.216010e-01,4.224052e-01,4.227047e-01,4.240104e-01,4.245357e-01,4.253569e-01,4.261596e-01,4.272499e-01,4.280653e-01,4.288977e-01,4.294548e-01,4.302798e-01,4.308365e-01,4.319363e-01,4.322285e-01,4.333181e-01,4.341787e-01,4.350202e-01,4.361447e-01,4.367191e-01,4.375390e-01,4.384002e-01,4.387025e-01,4.395499e-01,4.398540e-01,4.407066e-01,4.407115e-01,4.415876e-01,4.419186e-01,4.427953e-01,4.430896e-01,4.436853e-01,4.440004e-01,4.445990e-01,4.448565e-01,4.454768e-01,4.457943e-01,4.466687e-01,4.472400e-01,4.481211e-01,4.484229e-01,4.495644e-01,4.495530e-01,4.504649e-01,4.507300e-01,4.512734e-01,4.515554e-01,4.521417e-01,4.520653e-01,4.526327e-01,4.523175e-01,4.528861e-01,4.527891e-01,4.530373e-01,4.530013e-01,4.535304e-01,4.531933e-01,4.534215e-01,4.533645e-01,4.538944e-01,4.537968e-01,4.543279e-01,4.542300e-01,4.544599e-01,4.544646e-01,4.549826e-01,4.548844e-01,4.551355e-01,4.550590e-01,4.549859e-01,4.548882e-01,4.548358e-01,4.547588e-01,4.549684e-01,4.548707e-01,4.547977e-01,4.543762e-01,4.545814e-01,4.545079e-01,4.543893e-01,4.542953e-01,4.544792e-01,4.537766e-01,4.542660e-01,4.538656e-01,4.537917e-01,4.537139e-01,4.539171e-01,4.535009e-01,4.534232e-01,4.527449e-01,4.526510e-01,4.525533e-01,4.518578e-01,4.514664e-01,4.510920e-01,4.501261e-01,4.500335e-01,4.494072e-01,4.490369e-01,4.483978e-01,4.480294e-01,4.473504e-01,4.470273e-01,4.461212e-01,4.454686e-01,4.448183e-01,4.444795e-01,4.438326e-01,4.435118e-01,4.428874e-01,4.425719e-01,4.414045e-01,4.410687e-01,4.399110e-01,4.393216e-01,4.387304e-01,4.378827e-01,4.370388e-01,4.364734e-01,4.353658e-01,4.350972e-01,4.340494e-01,4.332588e-01,4.324538e-01,4.319745e-01,4.309652e-01,4.304717e-01,4.289384e-01,4.282049e-01,4.277543e-01,4.262608e-01,4.252789e-01,4.245248e-01,4.232958e-01,4.220753e-01,4.211016e-01,4.203648e-01,4.188965e-01,4.176548e-01,4.166678e-01,4.152454e-01,4.137846e-01,4.128184e-01,4.116332e-01,4.102010e-01,4.085434e-01,4.071510e-01,4.064524e-01,4.048602e-01,4.032664e-01,4.016867e-01,4.003463e-01,3.992548e-01,3.975030e-01,3.962235e-01,3.951570e-01,3.941120e-01,3.928273e-01,3.915810e-01,3.905569e-01,3.895530e-01,3.885406e-01,3.873387e-01,3.863531e-01,3.858023e-01,3.854602e-01,3.842653e-01,3.836932e-01,3.829323e-01,3.821610e-01,3.818265e-01,3.812760e-01,3.806999e-01,3.801394e-01,3.797515e-01,3.791940e-01,3.785977e-01,3.782022e-01,3.775959e-01,3.771892e-01,3.766132e-01,3.762622e-01,3.758986e-01,3.755200e-01,3.755493e-01,3.755386e-01,3.753721e-01,3.750103e-01,3.750264e-01,3.750267e-01,3.750558e-01,3.752933e-01,3.753092e-01,3.755075e-01,3.757436e-01,3.759421e-01,3.763509e-01,3.763668e-01,3.765928e-01,3.766062e-01,3.766216e-01,3.766106e-01,3.764293e-01,3.762480e-01,3.758838e-01,3.756874e-01,3.757027e-01,3.755354e-01,3.757600e-01,3.753703e-01,3.752010e-01,3.748390e-01,3.746592e-01,3.747009e-01,3.745081e-01,3.743287e-01,3.743441e-01,3.741497e-01,3.739970e-01,3.738183e-01,3.734465e-01,3.728561e-01,3.724993e-01,3.717706e-01,3.713902e-01,3.698958e-01,3.691675e-01,3.682545e-01,3.671578e-01,3.660952e-01,3.650392e-01,3.635994e-01,3.621942e-01,3.606352e-01,3.590301e-01,3.572881e-01,3.552025e-01,3.524828e-01,3.508188e-01,3.491583e-01,3.475048e-01,3.442338e-01,3.410161e-01,3.394408e-01,3.363366e-01,3.317687e-01,3.287867e-01,3.258804e-01,3.216089e-01,3.174403e-01,3.133817e-01,3.094182e-01,3.055629e-01,2.993350e-01,2.957189e-01,2.876025e-01,2.820602e-01,2.757045e-01,2.706187e-01,2.637882e-01,2.582169e-01,2.511162e-01,2.444161e-01,2.349246e-01,2.275194e-01,2.205345e-01,2.126555e-01,2.058666e-01,1.977680e-01,1.907335e-01,1.798050e-01,1.720810e-01,1.645173e-01,1.575133e-01,1.492808e-01,1.426920e-01,1.325670e-01,1.256123e-01,1.192365e-01,1.131628e-01,1.069907e-01,9.958221e-02,9.407401e-02,8.934264e-02,8.484782e-02,8.046064e-02,7.531773e-02,7.169469e-02,6.853662e-02,6.569528e-02,6.328495e-02,5.978701e-02,5.779941e-02,5.598106e-02,5.413394e-02,5.226192e-02,5.049741e-02,4.938013e-02,4.829841e-02,4.725710e-02,4.626096e-02,4.529495e-02,4.481904e-02,4.391242e-02,4.346239e-02,4.260407e-02,4.217847e-02,4.176009e-02,4.135663e-02,4.095358e-02,4.055778e-02,4.017588e-02,4.016730e-02,3.978431e-02,3.978256e-02,3.940717e-02,3.939789e-02,3.939666e-02,3.938861e-02,3.901969e-02,3.901166e-02,3.901044e-02,3.900265e-02,3.935568e-02,3.935543e-02,3.934787e-02,3.933982e-02,3.969892e-02,3.969892e-02,4.006527e-02,4.005821e-02,4.043750e-02,4.081702e-02,4.081023e-02,4.120376e-02,4.159731e-02,4.199812e-02,4.241395e-02,4.240691e-02,4.282301e-02,4.325478e-02,4.368629e-02,4.413354e-02,4.458114e-02,4.503817e-02,4.551093e-02,4.598525e-02,4.646869e-02,4.696846e-02,4.747078e-02,4.798289e-02,4.851200e-02,4.904441e-02,4.958659e-02,5.014686e-02,5.129303e-02,5.128651e-02,5.248681e-02,5.309862e-02,5.309299e-02,5.416573e-02,5.481773e-02,5.561205e-02,5.615178e-02,5.712049e-02,5.769109e-02,5.819191e-02,5.914801e-02,5.982230e-02,6.067383e-02,6.129923e-02,6.234299e-02,6.291402e-02,6.392475e-02,6.460899e-02,6.521666e-02,6.628309e-02,6.701516e-02,6.803760e-02,6.869834e-02,6.976206e-02,7.045766e-02,7.146492e-02,7.228655e-02,7.322852e-02,7.397465e-02,7.507262e-02,7.585010e-02,7.687100e-02,7.767802e-02,7.874162e-02,7.946165e-02,8.057066e-02,8.144200e-02,8.207263e-02,8.323559e-02,8.442584e-02,8.523098e-02,8.633306e-02,8.716836e-02,8.830442e-02,8.902328e-02,9.020155e-02,9.094407e-02,9.201329e-02,9.278160e-02,9.404182e-02,9.483723e-02,9.597294e-02,9.679212e-02,9.797143e-02,9.864497e-02,9.984976e-02,1.007243e-01,1.017943e-01,1.030696e-01,1.037893e-01,1.049138e-01,1.056683e-01,1.070115e-01,1.075769e-01,1.087703e-01,1.099715e-01,1.107875e-01,1.118122e-01,1.126364e-01,1.139244e-01,1.145522e-01,1.158617e-01,1.169658e-01,1.178543e-01,1.189904e-01,1.196656e-01,1.208475e-01,1.222793e-01,1.229862e-01,1.242062e-01,1.249320e-01,1.259243e-01,1.271937e-01,1.279491e-01,1.292530e-01,1.300477e-01,1.311095e-01,1.321859e-01,1.329869e-01,1.340896e-01,1.355210e-01,1.360656e-01,1.375329e-01,1.380914e-01,1.395959e-01,1.408143e-01,1.414171e-01,1.426628e-01,1.439271e-01,1.448811e-01,1.458637e-01,1.471770e-01,1.481683e-01,1.491710e-01,1.505595e-01,1.512357e-01,1.522986e-01,1.537128e-01,1.544339e-01,1.555107e-01,1.570024e-01,1.577294e-01,1.588724e-01,1.600033e-01,1.607812e-01,1.619584e-01,1.631277e-01,1.639048e-01,1.651265e-01,1.663359e-01,1.671640e-01,1.679750e-01,1.692502e-01,1.705129e-01,1.713823e-01,1.722295e-01,1.735576e-01,1.744238e-01,1.753286e-01,1.766720e-01,1.775974e-01,1.784954e-01,1.794379e-01,1.808374e-01,1.818018e-01,1.827420e-01,1.837244e-01,1.851797e-01,1.856795e-01,1.872013e-01,1.881917e-01,1.892269e-01,1.897465e-01,1.907932e-01,1.918179e-01,1.928891e-01,1.939711e-01,1.944771e-01,1.955714e-01,1.966805e-01,1.972375e-01,1.983253e-01,1.988907e-01,2.000340e-01,2.006047e-01,2.017660e-01,2.029394e-01,2.041251e-01,2.046802e-01,2.058845e-01,2.064862e-01,2.077099e-01,2.083250e-01,2.089434e-01,2.101476e-01,2.107759e-01,2.114077e-01,2.126852e-01,2.133274e-01,2.139700e-01,2.145750e-01,2.158878e-01,2.165480e-01,2.172086e-01,2.178307e-01,2.185020e-01,2.191770e-01,2.198062e-01,2.204888e-01,2.211753e-01,2.218657e-01,2.225601e-01,2.232585e-01,2.239099e-01,2.239065e-01,2.246129e-01,2.253234e-01,2.260381e-01,2.267538e-01,2.274770e-01,2.282045e-01,2.282012e-01,2.289330e-01,2.296691e-01,2.304066e-01,2.304032e-01,2.311483e-01,2.318978e-01,2.318913e-01,2.326453e-01,2.334039e-01,2.334005e-01,2.342159e-01,2.342094e-01,2.349776e-01,2.349742e-01,2.358000e-01,2.357935e-01,2.365716e-01,2.366214e-01,2.374047e-01,2.374013e-01,2.382402e-01,2.382368e-01,2.382873e-01,2.390811e-01,2.399313e-01,2.399824e-01,2.407868e-01,2.408384e-01,2.408349e-01,2.417001e-01,2.416935e-01,2.425646e-01,2.426169e-01,2.426134e-01,2.434909e-01,2.434874e-01,2.435371e-01,2.435898e-01,2.435864e-01,2.436392e-01,2.436921e-01,2.436855e-01,2.437385e-01,2.437351e-01,2.446208e-01,2.446143e-01,2.446677e-01,2.447211e-01,2.447179e-01,2.447714e-01,2.447649e-01,2.448184e-01,2.448152e-01,2.448687e-01,2.448622e-01,2.449157e-01,2.449125e-01,2.449662e-01,2.449596e-01,2.449563e-01,2.450100e-01,2.441706e-01,2.441640e-01,2.441607e-01,2.442139e-01,2.442106e-01,2.442038e-01,2.442005e-01,2.441972e-01,2.441373e-01,2.432994e-01,2.432960e-01,2.432364e-01,2.431767e-01,2.422924e-01,2.422853e-01,2.422260e-01,2.421110e-01,2.412335e-01,2.411746e-01,2.410567e-01,2.401859e-01,2.400725e-01,2.400140e-01,2.390954e-01,2.389828e-01,2.380675e-01,2.379557e-01,2.369976e-01,2.368866e-01,2.359362e-01,2.358261e-01,2.349360e-01,2.347740e-01,2.338871e-01,2.329582e-01,2.328504e-01,2.319289e-01,2.310650e-01,2.309076e-01,2.300505e-01,2.291487e-01,2.290396e-01,2.281448e-01,2.280406e-01,2.272023e-01,2.263202e-01,2.254931e-01,2.246713e-01,2.238549e-01,2.237496e-01,2.229390e-01,2.221336e-01,2.212860e-01,2.204911e-01,2.204396e-01,2.196501e-01,2.189120e-01,2.174534e-01,2.167237e-01,2.159575e-01,2.159075e-01,2.151913e-01,2.144792e-01,2.137713e-01,2.130231e-01,2.123236e-01,2.116280e-01,2.108929e-01,2.101622e-01,2.088471e-01,2.081663e-01,2.068308e-01,2.061244e-01,2.054637e-01,2.048067e-01,2.035085e-01,2.028623e-01,2.022196e-01,2.015803e-01,2.003572e-01,1.996885e-01,1.984851e-01,1.978661e-01,1.972503e-01,1.966378e-01,1.954659e-01,1.948575e-01,1.937037e-01,1.931471e-01,1.920106e-01,1.914622e-01,1.903790e-01,1.898747e-01,1.888067e-01,1.882738e-01,1.872564e-01,1.867660e-01,1.852148e-01,1.847680e-01,1.837483e-01,1.827721e-01,1.822675e-01,1.813379e-01,1.808399e-01,1.798624e-01,1.784398e-01,1.779550e-01,1.770302e-01,1.760815e-01,1.751414e-01,1.747028e-01,1.732922e-01,1.723769e-01,1.719192e-01,1.710160e-01,1.700967e-01,1.692095e-01,1.687360e-01,1.670049e-01,1.665416e-01,1.656850e-01,1.648356e-01,1.639715e-01,1.623153e-01,1.619008e-01,1.610623e-01,1.602519e-01,1.594482e-01,1.586511e-01,1.574772e-01,1.567225e-01,1.559476e-01,1.552048e-01,1.544421e-01,1.529668e-01,1.526220e-01,1.515392e-01,1.508058e-01,1.500781e-01,1.493803e-01,1.479831e-01,1.473010e-01,1.466474e-01,1.459519e-01,1.452847e-01,1.436145e-01,1.429645e-01,1.423193e-01,1.416787e-01,1.403963e-01,1.397478e-01,1.391041e-01,1.381509e-01,1.375401e-01,1.363244e-01,1.357057e-01,1.347896e-01,1.342023e-01,1.327324e-01,1.324517e-01,1.315703e-01,1.307055e-01,1.301462e-01,1.287466e-01,1.281816e-01,1.273450e-01,1.268155e-01,1.254543e-01,1.249120e-01,1.241269e-01,1.235935e-01,1.222940e-01,1.217729e-01,1.210015e-01,1.204965e-01,1.192411e-01,1.184782e-01,1.177468e-01,1.172721e-01,1.160767e-01,1.155965e-01,1.148932e-01,1.144206e-01,1.132710e-01,5.916747e-03,5.916747e-03,5.916747e-03,5.916747e-03,5.916747e-03,5.916747e-03,5.916747e-03,5.916747e-03,5.916747e-03,5.916747e-03,5.916747e-03,5.916747e-03,5.916747e-03,5.916747e-03,5.916747e-03,5.916747e-03,5.916747e-03,5.916747e-03,5.916747e-03,5.916747e-03,5.916747e-03,5.916747e-03,5.916747e-03,5.916747e-03,5.916747e-03,5.916747e-03,5.916747e-03,5.916747e-03,5.916747e-03,5.916747e-03,5.916747e-03,5.916747e-03,5.916747e-03,5.916747e-03,5.916747e-03,5.916747e-03,5.916747e-03,5.916747e-03,5.916747e-03,5.916747e-03,5.916747e-03,5.916747e-03,5.916747e-03,5.916747e-03,5.916747e-03,5.916747e-03,5.916747e-03,5.916747e-03,5.916747e-03,5.916747e-03,5.916747e-03,5.916747e-03,5.916747e-03,5.916747e-03,5.916747e-03,5.916747e-03,5.916747e-03,5.916747e-03,5.916747e-03,5.916747e-03,5.916747e-03,5.916747e-03,5.916747e-03,5.916747e-03,5.916747e-03,5.916747e-03,5.916747e-03,5.916747e-03,5.916747e-03,5.916747e-03,5.916747e-03,5.916747e-03,5.916747e-03,5.916747e-03,5.916747e-03,5.916747e-03,5.916747e-03,5.916747e-03,5.916747e-03,5.916747e-03,5.916747e-03,5.916747e-03,5.916747e-03,5.916747e-03,5.916747e-03,5.916747e-03,5.916747e-03,5.916747e-03,5.916747e-03,5.916747e-03,5.916747e-03,5.916747e-03,5.916747e-03,5.916747e-03,5.916747e-03,5.916747e-03,5.916747e-03,5.916747e-03,5.916747e-03,5.916747e-03,5.916747e-03,5.916747e-03,5.916747e-03,5.916747e-03,5.916747e-03,5.916747e-03,5.916747e-03,5.916747e-03,5.916747e-03,5.916747e-03,5.916747e-03,5.916747e-03,5.916747e-03,5.916747e-03,5.916747e-03,5.916747e-03,5.916747e-03,5.916747e-03,5.916747e-03,5.916747e-03,5.916747e-03,5.916747e-03,5.916747e-03,5.916747e-03,5.916747e-03,5.916747e-03,5.916747e-03,5.916747e-03,5.916747e-03,5.916747e-03,5.916747e-03,5.916747e-03,5.916747e-03,5.916747e-03,5.916747e-03,5.916747e-03,5.916747e-03,5.916747e-03,5.916747e-03,5.916747e-03,5.916747e-03,5.916747e-03,5.916747e-03,5.916747e-03,5.916747e-03,5.916747e-03,5.916747e-03,5.916747e-03,5.916747e-03,5.916747e-03,5.916747e-03,5.916747e-03,5.916747e-03,5.916747e-03,5.916747e-03,5.916747e-03,5.916747e-03,5.916747e-03,5.916747e-03,5.916747e-03,5.916747e-03
3.250628e-02,3.248397e-02,3.245628e-02,3.242860e-02,3.240098e-02,3.239074e-02,3.239225e-02,3.238217e-02,3.238926e-02,3.239091e-02,3.239805e-02,3.239951e-02,3.242368e-02,3.244792e-02,3.246666e-02,3.249101e-02,3.251537e-02,3.253969e-02,3.256952e-02,3.261092e-02,3.264054e-02,3.266998e-02,3.271653e-02,3.275142e-02,3.280369e-02,3.285050e-02,3.290275e-02,3.296030e-02,3.301248e-02,3.308187e-02,3.315643e-02,3.322540e-02,3.331708e-02,3.340339e-02,3.349531e-02,3.358723e-02,3.367362e-02,3.376564e-02,3.387475e-02,3.396129e-02,3.405346e-02,3.414604e-02,3.423335e-02,3.430891e-02,3.439641e-02,3.447252e-02,3.454870e-02,3.460233e-02,3.467922e-02,3.473952e-02,3.479497e-02,3.485659e-02,3.490180e-02,3.494741e-02,3.499334e-02,3.503960e-02,3.509169e-02,3.513889e-02,3.516897e-02,3.522181e-02,3.526915e-02,3.531681e-02,3.536951e-02,3.541661e-02,3.546994e-02,3.551811e-02,3.557148e-02,3.562483e-02,3.567235e-02,3.572510e-02,3.577745e-02,3.582331e-02,3.585690e-02,3.590716e-02,3.593430e-02,3.598363e-02,3.603279e-02,3.608304e-02,3.612765e-02,3.619493e-02,3.626300e-02,3.634482e-02,3.643374e-02,3.652413e-02,3.662885e-02,3.675896e-02,3.687513e-02,3.698908e-02,3.713031e-02,3.727097e-02,3.740476e-02,3.753776e-02,3.769914e-02,3.784488e-02,3.800245e-02,3.816274e-02,3.833763e-02,3.851769e-02,3.869187e-02,3.890069e-02,3.911906e-02,3.935201e-02,3.960192e-02,3.985361e-02,4.014831e-02,4.046044e-02,4.079742e-02,4.117168e-02,4.158334e-02,4.203981e-02,4.251780e-02,4.304480e-02,4.359672e-02,4.424083e-02,4.494699e-02,4.567636e-02,4.648601e-02,4.734126e-02,4.826580e-02,4.925741e-02,5.032160e-02,5.142074e-02,5.258773e-02,5.378556e-02,5.503409e-02,5.629608e-02,5.761108e-02,5.892732e-02,6.029771e-02,6.160162e-02,6.297571e-02,6.427886e-02,6.564065e-02,6.693718e-02,6.828633e-02,6.958164e-02,7.092568e-02,7.215026e-02,7.345273e-02,7.466166e-02,7.592852e-02,7.713189e-02,7.827767e-02,7.952742e-02,8.075504e-02,8.200198e-02,8.321642e-02,8.450369e-02,8.570685e-02,8.692338e-02,8.808661e-02,8.915124e-02,9.009578e-02,9.112199e-02,9.191022e-02,9.238718e-02,9.244031e-02,9.240380e-02,9.223736e-02,9.192367e-02,9.164764e-02,9.136456e-02,9.101595e-02,9.061836e-02,9.016339e-02,8.964848e-02,8.908390e-02,8.843516e-02,8.777169e-02,8.706691e-02,8.632208e-02,8.556468e-02,8.480910e-02,8.409345e-02,8.338856e-02,8.269420e-02,8.205872e-02,8.146428e-02,8.091820e-02,8.040387e-02,7.992379e-02,7.947367e-02,7.905353e-02,7.866519e-02,7.832102e-02,7.798204e-02,7.767991e-02,7.740178e-02,7.715394e-02,7.690798e-02,7.672131e-02,7.653740e-02,7.639770e-02,7.624530e-02,7.613717e-02,7.604984e-02,7.595331e-02,7.587773e-02,7.580495e-02,7.572578e-02,7.561381e-02,7.549312e-02,7.535309e-02,7.518416e-02,7.496055e-02,7.473993e-02,7.446204e-02,7.413211e-02,7.378603e-02,7.339469e-02,7.300909e-02,7.259031e-02,7.218682e-02,7.175557e-02,7.131328e-02,7.090021e-02,7.049428e-02,7.009915e-02,6.975013e-02,6.943516e-02,6.917539e-02,6.893147e-02,6.874743e-02,6.858902e-02,6.847743e-02,6.838819e-02,6.832600e-02,6.830852e-02,6.829949e-02,6.830624e-02,6.829199e-02,6.827727e-02,6.821940e-02,6.808801e-02,6.793547e-02,6.770583e-02,6.742047e-02,6.703803e-02,6.660763e-02,6.611946e-02,6.560884e-02,6.505454e-02,6.448765e-02,6.389861e-02,6.331668e-02,6.274220e-02,6.221026e-02,6.171107e-02,6.125463e-02,6.088014e-02,6.054246e-02,6.026871e-02,6.000074e-02,5.975772e-02,5.949882e-02,5.921799e-02,5.890453e-02,5.854435e-02,5.814314e-02,5.767770e-02,5.720634e-02,5.670061e-02,5.618731e-02,5.570345e-02,5.525077e-02,5.482622e-02,5.444613e-02,5.413430e-02,5.387080e-02,5.368197e-02,5.351388e-02,5.341323e-02,5.333242e-02,5.329973e-02,5.329217e-02,5.331669e-02,5.336012e-02,5.344705e-02,5.357258e-02,5.376548e-02,5.399858e-02,5.439090e-02,5.486179e-02,5.556377e-02,5.640909e-02,5.755006e-02,5.893018e-02,6.064111e-02,6.267738e-02,6.511744e-02,6.796973e-02,7.122699e-02,7.493337e-02,7.909350e-02,8.365810e-02,8.854715e-02,9.380207e-02,9.936119e-02,1.051691e-01,1.110950e-01,1.172002e-01,1.234067e-01,1.295768e-01,1.357228e-01,1.418287e-01,1.478458e-01,1.537893e-01,1.596423e-01,1.654253e-01,1.712684e-01,1.769830e-01,1.826307e-01,1.882482e-01,1.938288e-01,1.993983e-01,2.049128e-01,2.104397e-01,2.158929e-01,2.212920e-01,2.266259e-01,2.321425e-01,2.373496e-01,2.424962e-01,2.474862e-01,2.524497e-01,2.573112e-01,2.620690e-01,2.667147e-01,2.712298e-01,2.756114e-01,2.798523e-01,2.839713e-01,2.879473e-01,2.918250e-01,2.955236e-01,2.990531e-01,3.024543e-01,3.056893e-01,3.087422e-01,3.117030e-01,3.144977e-01,3.170400e-01,3.194736e-01,3.217069e-01,3.238688e-01,3.258442e-01,3.277536e-01,3.294811e-01,3.311011e-01,3.326184e-01,3.340628e-01,3.354220e-01,3.367856e-01,3.382047e-01,3.395757e-01,3.409978e-01,3.423701e-01,3.437376e-01,3.451517e-01,3.465070e-01,3.479065e-01,3.491878e-01,3.505077e-01,3.518110e-01,3.530411e-01,3.543030e-01,3.555416e-01,3.567537e-01,3.578809e-01,3.590311e-01,3.601474e-01,3.612261e-01,3.622645e-01,3.633020e-01,3.642520e-01,3.651534e-01,3.660036e-01,3.667994e-01,3.675381e-01,3.681748e-01,3.687912e-01,3.692147e-01,3.697410e-01,3.702259e-01,3.707120e-01,3.711993e-01,3.716452e-01,3.721347e-01,3.725646e-01,3.730558e-01,3.735485e-01,3.739812e-01,3.744759e-01,3.749102e-01,3.753887e-01,3.758246e-01,3.762615e-01,3.767613e-01,3.771999e-01,3.775963e-01,3.780371e-01,3.784348e-01,3.788332e-01,3.792330e-01,3.795705e-01,3.799710e-01,3.803722e-01,3.807748e-01,3.811778e-01,3.815179e-01,3.819221e-01,3.822634e-01,3.826488e-01,3.830986e-01,3.834854e-01,3.838727e-01,3.842605e-01,3.846487e-01,3.850377e-01,3.854714e-01,3.858617e-01,3.862520e-01,3.866870e-01,3.870139e-01,3.874504e-01,3.878426e-01,3.881703e-01,3.885641e-01,3.889583e-01,3.893072e-01,3.895921e-01,3.898775e-01,3.901838e-01,3.904247e-01,3.906671e-01,3.909762e-01,3.912187e-01,3.914176e-01,3.916616e-01,3.919720e-01,3.922164e-01,3.924613e-01,3.927511e-01,3.929963e-01,3.932869e-01,3.935778e-01,3.938677e-01,3.941594e-01,3.944962e-01,3.947882e-01,3.951261e-01,3.954641e-01,3.957346e-01,3.960733e-01,3.963446e-01,3.966839e-01,3.970235e-01,3.972943e-01,3.976351e-01,3.979071e-01,3.982485e-01,3.985216e-01,3.988181e-01,3.990916e-01,3.993201e-01,3.995468e-01,3.998443e-01,4.000732e-01,4.002570e-01,4.004866e-01,4.007398e-01,4.009219e-01,4.011060e-01,4.012906e-01,4.014289e-01,4.016134e-01,4.017966e-01,4.019810e-01,4.021661e-01,4.023511e-01,4.025798e-01,4.027407e-01,4.029720e-01,4.032473e-01,4.035246e-01,4.037320e-01,4.040101e-01,4.043325e-01,4.046102e-01,4.048641e-01,4.051431e-01,4.054199e-01,4.056742e-01,4.058829e-01,4.061612e-01,4.063699e-01,4.066493e-01,4.068568e-01,4.071374e-01,4.073461e-01,4.075092e-01,4.076708e-01,4.078334e-01,4.079964e-01,4.081585e-01,4.083223e-01,4.084857e-01,4.086482e-01,4.088098e-01,4.089736e-01,4.091375e-01,4.093008e-01,4.095079e-01,4.097174e-01,4.099278e-01,4.101367e-01,4.103461e-01,4.105536e-01,4.107610e-01,4.110178e-01,4.112282e-01,4.114349e-01,4.116872e-01,4.118935e-01,4.121027e-01,4.123114e-01,4.125182e-01,4.127268e-01,4.129324e-01,4.131019e-01,4.133065e-01,4.134598e-01,4.136660e-01,4.138180e-01,4.139790e-01,4.141356e-01,4.142822e-01,4.144377e-01,4.145416e-01,4.146956e-01,4.148481e-01,4.149879e-01,4.151422e-01,4.152449e-01,4.153934e-01,4.155448e-01,4.156905e-01,4.158392e-01,4.159877e-01,4.161720e-01,4.162976e-01,4.164806e-01,4.166221e-01,4.168052e-01,4.169852e-01,4.171685e-01,4.173562e-01,4.175423e-01,4.177345e-01,4.179678e-01,4.181571e-01,4.183437e-01,4.185877e-01,4.187935e-01,4.190362e-01,4.192392e-01,4.194348e-01,4.196395e-01,4.198456e-01,4.199971e-01,4.201559e-01,4.203074e-01,4.204116e-01,4.205231e-01,4.205799e-01,4.206840e-01,4.207896e-01,4.208584e-01,4.209640e-01,4.211202e-01,4.212305e-01,4.213868e-01,4.215417e-01,4.217489e-01,4.219530e-01,4.221587e-01,4.223587e-01,4.225661e-01,4.228213e-01,4.230291e-01,4.232771e-01,4.234864e-01,4.237360e-01,4.239443e-01,4.241449e-01,4.244010e-01,4.246033e-01,4.247596e-01,4.249696e-01,4.251722e-01,4.253269e-01,4.254816e-01,4.256397e-01,4.257930e-01,4.259480e-01,4.261030e-01,4.262595e-01,4.263604e-01,4.265188e-01,4.267237e-01,4.268728e-01,4.270778e-01,4.272271e-01,4.274308e-01,4.276269e-01,4.278805e-01,4.280768e-01,4.282750e-01,4.284715e-01,4.286711e-01,4.288693e-01,4.290676e-01,4.292176e-01,4.294161e-01,4.295662e-01,4.297148e-01,4.298635e-01,4.300065e-01,4.301083e-01,4.302525e-01,4.303529e-01,4.304426e-01,4.305323e-01,4.306298e-01,4.307225e-01,4.308153e-01,4.309082e-01,4.309995e-01,4.310924e-01,4.311837e-01,4.312751e-01,4.313588e-01,4.314988e-01,4.315887e-01,4.317196e-01,4.318567e-01,4.319877e-01,4.321202e-01,4.322590e-01,4.324369e-01,4.326168e-01,4.327952e-01,4.330233e-01,4.332011e-01,4.334286e-01,4.336523e-01,4.338777e-01,4.341498e-01,4.343731e-01,4.346439e-01,4.348655e-01,4.350884e-01,4.353580e-01,4.355788e-01,4.358456e-01,4.360650e-01,4.362830e-01,4.365010e-01,4.367192e-01,4.368833e-01,4.370501e-01,4.372154e-01,4.373307e-01,4.374954e-01,4.376100e-01,4.376728e-01,4.377828e-01,4.378944e-01,4.380060e-01,4.380683e-01,4.381792e-01,4.382843e-01,4.383906e-01,4.384969e-01,4.386016e-01,4.387079e-01,4.388119e-01,4.389148e-01,4.390174e-01,4.391193e-01,4.392190e-01,4.393181e-01,4.394162e-01,4.395169e-01,4.396155e-01,4.397119e-01,4.398060e-01,4.398995e-01,4.399888e-01,4.400840e-01,4.401784e-01,4.402725e-01,4.403636e-01,4.404546e-01,4.405469e-01,4.406411e-01,4.407338e-01,4.408249e-01,4.409145e-01,4.410054e-01,4.410997e-01,4.411925e-01,4.412822e-01,4.413238e-01,4.414197e-01,4.415169e-01,4.416128e-01,4.417026e-01,4.417924e-01,4.419335e-01,4.420249e-01,4.421627e-01,4.422993e-01,4.424359e-01,4.425756e-01,4.427169e-01,4.428521e-01,4.429777e-01,4.431037e-01,4.432343e-01,4.433650e-01,4.434894e-01,4.435501e-01,4.436560e-01,4.437167e-01,4.437806e-01,4.438443e-01,4.439081e-01,4.439144e-01,4.439550e-01,4.439287e-01,4.439039e-01,4.438994e-01,4.439010e-01,4.438903e-01,4.438562e-01,4.438208e-01,4.438101e-01,4.438165e-01,4.438276e-01,4.438325e-01,4.438296e-01,4.438315e-01,4.438815e-01,4.438834e-01,4.439506e-01,4.440333e-01,4.441160e-01,4.442487e-01,4.443814e-01,4.445142e-01,4.446969e-01,4.448798e-01,4.450781e-01,4.452611e-01,4.454581e-01,4.457067e-01,4.459055e-01,4.460887e-01,4.462876e-01,4.464364e-01,4.465853e-01,4.467186e-01,4.468019e-01,4.469007e-01,4.469995e-01,4.470481e-01,4.471470e-01,4.472458e-01,4.472790e-01,4.473779e-01,4.474768e-01,4.475742e-01,4.476576e-01,4.477566e-01,4.478401e-01,4.479391e-01,4.480885e-01,4.481372e-01,4.482208e-01,4.483199e-01,4.483687e-01,4.484679e-01,4.485011e-01,4.485499e-01,4.485988e-01,4.486476e-01,4.486461e-01,4.486949e-01,4.487438e-01,4.488082e-01,4.488571e-01,4.489060e-01,4.489548e-01,4.490037e-01,4.490526e-01,4.488912e-01,4.489556e-01,4.490045e-01,4.490534e-01,4.491023e-01,4.489566e-01,4.489551e-01,4.490196e-01,4.490685e-01,4.489075e-01,4.489060e-01,4.490209e-01,4.488756e-01,4.489230e-01,4.488283e-01,4.489277e-01,4.490271e-01,4.489674e-01,4.491173e-01,4.490732e-01,4.492231e-01,4.491637e-01,4.493641e-01,4.493203e-01,4.493116e-01,4.495275e-01,4.494685e-01,4.496690e-01,4.496243e-01,4.497744e-01,4.497311e-01,4.496726e-01,4.498227e-01,4.497139e-01,4.498135e-01,4.497203e-01,4.495614e-01,4.496261e-01,4.494674e-01,4.493243e-01,4.493232e-01,4.491650e-01,4.490223e-01,4.490716e-01,4.489138e-01,4.487705e-01,4.488701e-01,4.487782e-01,4.486713e-01,4.487709e-01,4.486641e-01,4.487637e-01,4.486571e-01,4.486010e-01,4.487159e-01,4.486096e-01,4.485537e-01,4.486686e-01,4.485626e-01,4.486623e-01,4.485565e-01,4.484509e-01,4.485505e-01,4.483941e-01,4.484938e-01,4.483383e-01,4.484228e-01,4.482676e-01,4.483019e-01,4.481469e-01,4.481813e-01,4.479763e-01,4.480258e-01,4.478562e-01,4.479056e-01,4.479400e-01,4.477706e-01,4.478044e-01,4.478388e-01,4.476848e-01,4.477192e-01,4.477537e-01,4.475999e-01,4.476344e-01,4.476688e-01,4.477033e-01,4.475348e-01,4.475693e-01,4.476038e-01,4.476383e-01,4.476578e-01,4.476924e-01,4.477119e-01,4.477464e-01,4.479839e-01,4.475978e-01,4.478351e-01,4.480576e-01,4.482802e-01,4.484879e-01,4.485075e-01,4.487153e-01,4.487349e-01,4.487544e-01,4.489774e-01,4.489819e-01,4.490014e-01,4.490059e-01,4.492140e-01,4.492184e-01,4.492229e-01,4.492274e-01,4.492319e-01,4.492358e-01,4.490219e-01,4.492147e-01,4.490011e-01,4.490057e-01,4.490103e-01,4.492030e-01,4.493958e-01,4.491672e-01,4.491418e-01,4.491165e-01,4.493091e-01,4.492988e-01,4.491006e-01,4.490250e-01,4.487824e-01,4.485402e-01,4.487023e-01,4.482735e-01,4.480620e-01,4.478509e-01,4.479062e-01,4.477456e-01,4.475853e-01,4.476109e-01,4.474213e-01,4.472173e-01,4.468140e-01,4.466111e-01,4.460404e-01,4.456992e-01,4.451321e-01,4.449757e-01,4.445585e-01,4.441569e-01,4.437418e-01,4.435378e-01,4.431244e-01,4.429213e-01,4.428845e-01,4.435932e-01,4.445505e-01,4.451177e-01,4.446514e-01,4.443534e-01,4.443161e-01,4.442291e-01,4.439319e-01,4.440263e-01,4.440422e-01,4.435355e-01,4.427717e-01,4.417889e-01,4.407824e-01,4.397602e-01,4.388632e-01,4.379280e-01,4.372139e-01,4.368094e-01,4.369433e-01,4.373367e-01,4.381953e-01,4.383310e-01,4.380720e-01,4.372021e-01,4.362309e-01,4.348339e-01,4.331232e-01,4.319528e-01,4.306799e-01,4.296649e-01,4.285335e-01,4.278168e-01,4.268751e-01,4.260316e-01,4.248360e-01,4.244879e-01,4.236086e-01,4.224732e-01,4.214735e-01,4.201318e-01,4.192717e-01,4.179452e-01,4.164130e-01,4.152749e-01,4.142678e-01,4.130093e-01,4.115166e-01,4.100357e-01,4.088501e-01,4.071146e-01,4.055120e-01,4.039237e-01,4.025517e-01,4.013062e-01,4.001144e-01,3.984726e-01,3.969965e-01,3.955777e-01,3.941327e-01,3.929978e-01,3.915796e-01,3.900251e-01,3.886738e-01,3.874408e-01,3.861165e-01,3.848003e-01,3.835994e-01,3.824084e-01,3.814713e-01,3.804775e-01,3.794487e-01,3.786673e-01,3.778287e-01,3.770528e-01,3.765484e-01,3.757844e-01,3.751528e-01,3.746562e-01,3.740348e-01,3.734121e-01,3.728811e-01,3.724484e-01,3.719260e-01,3.717548e-01,3.715839e-01,3.714180e-01,3.711526e-01,3.708546e-01,3.708182e-01,3.706492e-01,3.708311e-01,3.706670e-01,3.706675e-01,3.704174e-01,3.705126e-01,3.702633e-01,3.704859e-01,3.705812e-01,3.709364e-01,3.709785e-01,3.709511e-01,3.711409e-01,3.714100e-01,3.716333e-01,3.718282e-01,3.720184e-01,3.723417e-01,3.726271e-01,3.729511e-01,3.733579e-01,3.735202e-01,3.736699e-01,3.739614e-01,3.742069e-01,3.743617e-01,3.747033e-01,3.749879e-01,3.752343e-01,3.754440e-01,3.758549e-01,3.762034e-01,3.762286e-01,3.762152e-01,3.763369e-01,3.765845e-01,3.767403e-01,3.768575e-01,3.769795e-01,3.772663e-01,3.776117e-01,3.777680e-01,3.780168e-01,3.784021e-01,3.784349e-01,3.788504e-01,3.789729e-01,3.796194e-01,3.798747e-01,3.801647e-01,3.803735e-01,3.807624e-01,3.808779e-01,3.813965e-01,3.819133e-01,3.825308e-01,3.827768e-01,3.831624e-01,3.836014e-01,3.838532e-01,3.841052e-01,3.847250e-01,3.849779e-01,3.853675e-01,3.857533e-01,3.860074e-01,3.863587e-01,3.867865e-01,3.872812e-01,3.878087e-01,3.879627e-01,3.882149e-01,3.888518e-01,3.892413e-01,3.896344e-01,3.899891e-01,3.903836e-01,3.907831e-01,3.910793e-01,3.914759e-01,3.917799e-01,3.919757e-01,3.924216e-01,3.928073e-01,3.930106e-01,3.935021e-01,3.937867e-01,3.944223e-01,3.946677e-01,3.947293e-01,3.949750e-01,3.954699e-01,3.956680e-01,3.958703e-01,3.961790e-01,3.964773e-01,3.966359e-01,3.967572e-01,3.970120e-01,3.971709e-01,3.972856e-01,3.976480e-01,3.977629e-01,3.978779e-01,3.981340e-01,3.982491e-01,3.983642e-01,3.987663e-01,3.990166e-01,3.989540e-01,3.990548e-01,3.990137e-01,3.988341e-01,3.989723e-01,3.989420e-01,3.990657e-01,3.990907e-01,3.992182e-01,3.994985e-01,3.995249e-01,3.996633e-01,3.998426e-01,4.000258e-01,4.001983e-01,4.005242e-01,4.007524e-01,4.007679e-01,4.011052e-01,4.009741e-01,4.012899e-01,4.014629e-01,4.015803e-01,4.019880e-01,4.019803e-01,4.023583e-01,4.022801e-01,4.026477e-01,4.028646e-01,4.028924e-01,4.029434e-01,4.031155e-01,4.031774e-01,4.035539e-01,4.037301e-01,4.042344e-01,4.046165e-01,4.049772e-01,4.050248e-01,4.055249e-01,4.057225e-01,4.060740e-01,4.063321e-01,4.065871e-01,4.069287e-01,4.074789e-01,4.077240e-01,4.079837e-01,4.082325e-01,4.086649e-01,4.090329e-01,4.092908e-01,4.093655e-01,4.097571e-01,4.099931e-01,4.103970e-01,4.106367e-01,4.110273e-01,4.112561e-01,4.114965e-01,4.117227e-01,4.119750e-01,4.121901e-01,4.122881e-01,4.126842e-01,4.129229e-01,4.131762e-01,4.134038e-01,4.133351e-01,4.135772e-01,4.137936e-01,4.138803e-01,4.140969e-01,4.141837e-01,4.142330e-01,4.145223e-01,4.148985e-01,4.151390e-01,4.152028e-01,4.154320e-01,4.156525e-01,4.158821e-01,4.155855e-01,4.159252e-01,4.160994e-01,4.161370e-01,4.160086e-01,4.160462e-01,4.160632e-01,4.157986e-01,4.156474e-01,4.158416e-01,4.155454e-01,4.151518e-01,4.150101e-01,4.149294e-01,4.143564e-01,4.141212e-01,4.140041e-01,4.138160e-01,4.130934e-01,4.126954e-01,4.124376e-01,4.118999e-01,4.116322e-01,4.110861e-01,4.106333e-01,4.101020e-01,4.093964e-01,4.088693e-01,4.081692e-01,4.076812e-01,4.077303e-01,4.093366e-01,4.086355e-01,4.082962e-01,4.078403e-01,4.073437e-01,4.066978e-01,4.063528e-01,4.058583e-01,4.052333e-01,4.045969e-01,4.041121e-01,4.032799e-01,4.026625e-01,4.021393e-01,4.013280e-01,4.006670e-01,3.998738e-01,3.991495e-01,3.983779e-01,3.976705e-01,3.971197e-01,3.965668e-01,3.958876e-01,3.950569e-01,3.945108e-01,3.939463e-01,3.932717e-01,3.925958e-01,3.919026e-01,3.912264e-01,3.906830e-01,3.901216e-01,3.894628e-01,3.891812e-01,3.886446e-01,3.882365e-01,3.877030e-01,3.870302e-01,3.867670e-01,3.864805e-01,3.859432e-01,3.854076e-01,3.849743e-01,3.844419e-01,3.841786e-01,3.837775e-01,3.835198e-01,3.832297e-01,3.828404e-01,3.825945e-01,3.823724e-01,3.821462e-01,3.820382e-01,3.819304e-01,3.818320e-01,3.817196e-01,3.818006e-01,3.820645e-01,3.821680e-01,3.821873e-01,3.825549e-01,3.829088e-01,3.831500e-01,3.834815e-01,3.838422e-01,3.843417e-01,3.848044e-01,3.851582e-01,3.852632e-01,3.856083e-01,3.859973e-01,3.862276e-01,3.863766e-01,3.866271e-01,3.866702e-01,3.866795e-01,3.870607e-01,3.870507e-01,3.870600e-01,3.871901e-01,3.871800e-01,3.871168e-01,3.871937e-01,3.871691e-01,3.873669e-01,3.874342e-01,3.875015e-01,3.875785e-01,3.877525e-01,3.879412e-01,3.882807e-01,3.884553e-01,3.888056e-01,3.888830e-01,3.892243e-01,3.895759e-01,3.900608e-01,3.904141e-01,3.909354e-01,3.914239e-01,3.921118e-01,3.927678e-01,3.931605e-01,3.935840e-01,3.941339e-01,3.945494e-01,3.953031e-01,3.958678e-01,3.961598e-01,3.965895e-01,3.967513e-01,3.971822e-01,3.972002e-01,3.972284e-01,3.971087e-01,3.969994e-01,3.971550e-01,3.975965e-01,3.979008e-01,3.980634e-01,3.983888e-01,3.982991e-01,3.986145e-01,3.989201e-01,3.991527e-01,3.991977e-01,3.995246e-01,3.999567e-01,4.001451e-01,4.002042e-01,4.006792e-01,4.006933e-01,4.008577e-01,4.010468e-01,4.013415e-01,4.014821e-01,4.015810e-01,4.014440e-01,4.015778e-01,4.016663e-01,4.018853e-01,4.018295e-01,4.019286e-01,4.021584e-01,4.024095e-01,4.023466e-01,4.025736e-01,4.027938e-01,4.028830e-01,4.032667e-01,4.032140e-01,4.033034e-01,4.034490e-01,4.034384e-01,4.038128e-01,4.039482e-01,4.041188e-01,4.039477e-01,4.042611e-01,4.046935e-01,4.047214e-01,4.050179e-01,4.053573e-01,4.056864e-01,4.060021e-01,4.066101e-01,4.072197e-01,4.075652e-01,4.081527e-01,4.088800e-01,4.088784e-01,4.091581e-01,4.092208e-01,4.095822e-01,4.099629e-01,4.101943e-01,4.102820e-01,4.102146e-01,4.100004e-01,4.100386e-01,4.100716e-01,4.098494e-01,4.095863e-01,4.095729e-01,4.094511e-01,4.091801e-01,4.089124e-01,4.084530e-01,4.081368e-01,4.074642e-01,4.070076e-01,4.059353e-01,4.049338e-01,4.043081e-01,4.037435e-01,4.028255e-01,4.025383e-01,4.019466e-01,4.023438e-01,4.015681e-01,4.007249e-01,3.999302e-01,3.988838e-01,3.977643e-01,3.962531e-01,3.944009e-01,3.917578e-01,3.894218e-01,3.871902e-01,3.849791e-01,3.825351e-01,3.800222e-01,3.764642e-01,3.736842e-01,3.707078e-01,3.676479e-01,3.639570e-01,3.599201e-01,3.561410e-01,3.525945e-01,3.491488e-01,3.454502e-01,3.411220e-01,3.376908e-01,3.344126e-01,3.313008e-01,3.283267e-01,3.242856e-01,3.214463e-01,3.186391e-01,3.154115e-01,3.123344e-01,3.092379e-01,3.067879e-01,3.044174e-01,3.020843e-01,2.997071e-01,2.974824e-01,2.957235e-01,2.936622e-01,2.921280e-01,2.900830e-01,2.888663e-01,2.875580e-01,2.864287e-01,2.854159e-01,2.844790e-01,2.835446e-01,2.831818e-01,2.820639e-01,2.816350e-01,2.808263e-01,2.802767e-01,2.799845e-01,2.797959e-01,2.789678e-01,2.787483e-01,2.784273e-01,2.782730e-01,2.786882e-01,2.786240e-01,2.785006e-01,2.782162e-01,2.785671e-01,2.785341e-01,2.790792e-01,2.790841e-01,2.794326e-01,2.799498e-01,2.800528e-01,2.806006e-01,2.811554e-01,2.817124e-01,2.824320e-01,2.825371e-01,2.832323e-01,2.840925e-01,2.847275e-01,2.854612e-01,2.860337e-01,2.867786e-01,2.875560e-01,2.882395e-01,2.889259e-01,2.896104e-01,2.903029e-01,2.909644e-01,2.916579e-01,2.923597e-01,2.929222e-01,2.935529e-01,2.945794e-01,2.947600e-01,2.959347e-01,2.966557e-01,2.969843e-01,2.979439e-01,2.984469e-01,2.992149e-01,2.999896e-01,3.008011e-01,3.013520e-01,3.019296e-01,3.029230e-01,3.035016e-01,3.043088e-01,3.049538e-01,3.058530e-01,3.063683e-01,3.070912e-01,3.079046e-01,3.085484e-01,3.092505e-01,3.098299e-01,3.106387e-01,3.110520e-01,3.116244e-01,3.119987e-01,3.125956e-01,3.130377e-01,3.132963e-01,3.135978e-01,3.140768e-01,3.143798e-01,3.147229e-01,3.148254e-01,3.153350e-01,3.156618e-01,3.160390e-01,3.160958e-01,3.162324e-01,3.166159e-01,3.170001e-01,3.171155e-01,3.172659e-01,3.173813e-01,3.174532e-01,3.174229e-01,3.176625e-01,3.174645e-01,3.174693e-01,3.173188e-01,3.174376e-01,3.172037e-01,3.169270e-01,3.164449e-01,3.165016e-01,3.159235e-01,3.147399e-01,3.142661e-01,3.138543e-01,3.135040e-01,3.121687e-01,3.117638e-01,3.112421e-01,3.101053e-01,3.087463e-01,3.083524e-01,3.071833e-01,3.066802e-01,3.054697e-01,3.042144e-01,3.038348e-01,3.025403e-01,3.014230e-01,3.002611e-01,2.990561e-01,2.979157e-01,2.966800e-01,2.962708e-01,2.952078e-01,2.939644e-01,2.928695e-01,2.916828e-01,2.905577e-01,2.894928e-01,2.883383e-01,2.872927e-01,2.868171e-01,2.857699e-01,2.847321e-01,2.836614e-01,2.826758e-01,2.823465e-01,2.812467e-01,2.809551e-01,2.798691e-01,2.795160e-01,2.791513e-01,2.786639e-01,2.782695e-01,2.778437e-01,2.773744e-01,2.774872e-01,2.770641e-01,2.765978e-01,2.761007e-01,2.762843e-01,2.757765e-01,2.759476e-01,2.755626e-01,2.757267e-01,2.752984e-01,2.755782e-01,2.751391e-01,2.753418e-01,2.749806e-01,2.751388e-01,2.753464e-01,2.749533e-01,2.745180e-01,2.746870e-01,2.742644e-01,2.743944e-01,2.739295e-01,2.740977e-01,2.736777e-01,2.737697e-01,2.733076e-01,2.734801e-01,2.730194e-01,2.731432e-01,2.727271e-01,2.728506e-01,2.723980e-01,2.725534e-01,2.721400e-01,2.722629e-01,2.717759e-01,2.718984e-01,2.714606e-01,2.715403e-01,2.716731e-01,2.711887e-01,2.712786e-01,2.713261e-01,2.714211e-01,2.709057e-01,2.709954e-01,2.710851e-01,2.705610e-01,2.706554e-01,2.707448e-01,2.707921e-01,2.703114e-01,2.703585e-01,2.704477e-01,2.704998e-01,2.705891e-01,2.706785e-01,2.707680e-01,2.702454e-01,2.703345e-01,2.704186e-01,2.705078e-01,2.705550e-01,2.706021e-01,2.701273e-01,2.701421e-01,2.701891e-01,2.702781e-01,2.702930e-01,2.703128e-01,2.697601e-01,2.698488e-01,2.698314e-01,2.698510e-01,2.693000e-01,2.693146e-01,2.692971e-01,2.687210e-01,2.687354e-01,2.687178e-01,2.687001e-01,2.686825e-01,2.686648e-01,2.680906e-01,2.679993e-01,2.679815e-01,2.679637e-01,2.679458e-01,2.679327e-01,2.678828e-01,2.678649e-01,2.677735e-01,2.677236e-01,2.676736e-01,2.675963e-01,2.674727e-01,2.673906e-01,2.672765e-01,2.671255e-01,2.669792e-01,2.668329e-01,2.666452e-01,2.670593e-01,2.668437e-01,2.666972e-01,2.664770e-01,2.668927e-01,2.667087e-01,2.665620e-01,2.669377e-01,2.667908e-01,2.666342e-01,2.670581e-01,2.668689e-01,2.672483e-01,2.671011e-01,2.674967e-01,2.678480e-01,2.676679e-01,2.680210e-01,2.677981e-01,2.681632e-01,2.679441e-01,2.683436e-01,2.687024e-01,2.684784e-01,2.689149e-01,2.687231e-01,2.691550e-01,2.695525e-01,2.694255e-01,2.698906e-01,2.703582e-01,2.702347e-01,2.707704e-01,2.706756e-01,2.712583e-01,2.712003e-01,2.717744e-01,2.723514e-01,2.723553e-01,2.729684e-01,2.729763e-01,2.736257e-01,2.736629e-01,2.743156e-01,2.743569e-01,2.750129e-01,2.750837e-01,2.757765e-01,2.758514e-01,2.759224e-01,2.766190e-01,2.766436e-01,2.767187e-01,2.768234e-01,2.775237e-01,2.775950e-01,2.776703e-01,2.777753e-01,2.778466e-01,2.772881e-01,2.773168e-01,2.773881e-01,2.768325e-01,2.762463e-01,2.756508e-01,2.757257e-01,2.751455e-01,2.739568e-01,2.733739e-01,2.728057e-01,2.716448e-01,2.710411e-01,2.698609e-01,2.693100e-01,2.681039e-01,2.669525e-01,2.657740e-01,2.646449e-01,2.629285e-01,2.618265e-01,2.601188e-01,2.590429e-01,2.579377e-01,2.563876e-01,2.553116e-01,2.537596e-01,2.527738e-01,2.512574e-01,2.502575e-01,2.488123e-01,2.478351e-01,2.463868e-01,2.454705e-01,2.440543e-01,2.431549e-01,2.422293e-01,2.408264e-01,2.398914e-01,2.389646e-01,2.380460e-01,2.371711e-01,2.362383e-01,2.353432e-01,2.340291e-01,2.331529e-01,2.327348e-01,2.318696e-01,2.314260e-01,2.305415e-01,2.301359e-01,2.292928e-01,2.288904e-01,2.284598e-01,2.280021e-01,2.275752e-01,2.267244e-01,2.263029e-01,2.258543e-01,2.250175e-01,2.241875e-01,2.237194e-01,2.232844e-01,2.224115e-01,2.216020e-01,2.211729e-01,2.207456e-01,2.199217e-01,2.194995e-01,2.190789e-01,2.186600e-01,2.182159e-01,2.174389e-01,2.170000e-01,2.165895e-01,2.161805e-01,2.157732e-01,2.153413e-01,2.149396e-01,2.145391e-01,2.144877e-01,2.140611e-01,2.140098e-01,2.139328e-01,2.142025e-01,2.141253e-01,2.140739e-01,2.143184e-01,2.145897e-01,2.144583e-01,2.150832e-01,2.149773e-01,2.152251e-01,2.151453e-01,2.157499e-01,2.156416e-01,2.155047e-01,2.157285e-01,2.156201e-01,2.158428e-01,2.157079e-01,2.155730e-01,2.158226e-01,2.153010e-01,2.151381e-01,2.150298e-01,2.148951e-01,2.143749e-01,2.142406e-01,2.137792e-01,2.135630e-01,2.131038e-01,2.129703e-01,2.128647e-01,2.123799e-01,2.122232e-01,2.121437e-01,2.116895e-01,2.116124e-01,2.115355e-01,2.114585e-01,2.113539e-01,2.116229e-01,2.115737e-01,2.118434e-01,2.117941e-01,2.120409e-01,2.123639e-01,2.126102e-01,2.125604e-01,2.125107e-01,2.128115e-01,2.130891e-01,2.133917e-01,2.140505e-01,2.139999e-01,2.143055e-01,2.145327e-01,2.148682e-01,2.151766e-01,2.154861e-01,2.157429e-01,2.156914e-01,2.156400e-01,2.155336e-01,2.158442e-01,2.160716e-01,2.160200e-01,2.159131e-01,2.161968e-01,2.164004e-01,2.166845e-01,2.165770e-01,2.164674e-01,2.167532e-01,2.169584e-01,2.168776e-01,2.167698e-01,2.170547e-01,2.169206e-01,2.168399e-01,2.171000e-01,2.170191e-01,2.168544e-01,2.167452e-01,2.166372e-01,2.165260e-01,2.163639e-01,2.158340e-01,2.156963e-01,2.159241e-01,2.157038e-01,2.155667e-01,2.153723e-01,2.152069e-01,2.149307e-01,1.436932e-02,1.436932e-02,1.436932e-02,1.436932e-02,1.436932e-02,1.436932e-02,1.436932e-02,1.436932e-02,1.436932e-02,1.436932e-02,1.436932e-02,1.436932e-02,1.436932e-02,1.436932e-02,1.436932e-02,1.436932e-02,1.436932e-02,1.436932e-02,1.436932e-02,1.436932e-02,1.436932e-02,1.436932e-02,1.436932e-02,1.436932e-02,1.436932e-02,1.436932e-02,1.436932e-02,1.436932e-02,1.436932e-02,1.436932e-02,1.436932e-02,1.436932e-02,1.436932e-02,1.436932e-02,1.436932e-02,1.436932e-02,1.436932e-02,1.436932e-02,1.436932e-02,1.436932e-02,1.436932e-02,1.436932e-02,1.436932e-02,1.436932e-02,1.436932e-02,1.436932e-02,1.436932e-02,1.436932e-02,1.436932e-02,1.436932e-02,1.436932e-02,1.436932e-02,1.436932e-02,1.436932e-02,1.436932e-02,1.436932e-02,1.436932e-02,1.436932e-02,1.436932e-02,1.436932e-02,1.436932e-02,1.436932e-02,1.436932e-02,1.436932e-02,1.436932e-02,1.436932e-02,1.436932e-02,1.436932e-02,1.436932e-02,1.436932e-02,1.436932e-02,1.436932e-02,1.436932e-02,1.436932e-02,1.436932e-02,1.436932e-02,1.436932e-02,1.436932e-02,1.436932e-02,1.436932e-02,1.436932e-02,1.436932e-02,1.436932e-02,1.436932e-02,1.436932e-02,1.436932e-02,1.436932e-02,1.436932e-02,1.436932e-02,1.436932e-02,1.436932e-02,1.436932e-02,1.436932e-02,1.436932e-02,1.436932e-02,1.436932e-02,1.436932e-02,1.436932e-02,1.436932e-02,1.436932e-02,1.436932e-02,1.436932e-02,1.436932e-02,1.436932e-02,1.436932e-02,1.436932e-02,1.436932e-02,1.436932e-02,1.436932e-02,1.436932e-02,1.436932e-02,1.436932e-02,1.436932e-02,1.436932e-02,1.436932e-02,1.436932e-02,1.436932e-02,1.436932e-02,1.436932e-02,1.436932e-02,1.436932e-02,1.436932e-02,1.436932e-02,1.436932e-02,1.436932e-02,1.436932e-02,1.436932e-02,1.436932e-02,1.436932e-02,1.436932e-02,1.436932e-02,1.436932e-02,1.436932e-02,1.436932e-02,1.436932e-02,1.436932e-02,1.436932e-02,1.436932e-02,1.436932e-02,1.436932e-02,1.436932e-02,1.436932e-02,1.436932e-02,1.436932e-02,1.436932e-02,1.436932e-02,1.436932e-02,1.436932e-02,1.436932e-02,1.436932e-02,1.436932e-02,1.436932e-02,1.436932e-02,1.436932e-02,1.436932e-02,1.436932e-02,1.436932e-02,1.436932e-02,1.436932e-02,1.436932e-02,1.436932e-02
2.095321e-02,2.092724e-02,2.089615e-02,2.086613e-02,2.083725e-02,2.080988e-02,2.077833e-02,2.075193e-02,2.072603e-02,2.069445e-02,2.066783e-02,2.063530e-02,2.060949e-02,2.058447e-02,2.055426e-02,2.052975e-02,2.050531e-02,2.048078e-02,2.046189e-02,2.043778e-02,2.041790e-02,2.039714e-02,2.037690e-02,2.036166e-02,2.034780e-02,2.032808e-02,2.031311e-02,2.030295e-02,2.028785e-02,2.027343e-02,2.026373e-02,2.024820e-02,2.023906e-02,2.022488e-02,2.021658e-02,2.020848e-02,2.019496e-02,2.018748e-02,2.018068e-02,2.016835e-02,2.016217e-02,2.015764e-02,2.014864e-02,2.014498e-02,2.013772e-02,2.013724e-02,2.013789e-02,2.013374e-02,2.013955e-02,2.014822e-02,2.015559e-02,2.017290e-02,2.019570e-02,2.022201e-02,2.025140e-02,2.028268e-02,2.032212e-02,2.035896e-02,2.039469e-02,2.043257e-02,2.046243e-02,2.049015e-02,2.051518e-02,2.053262e-02,2.055592e-02,2.057732e-02,2.060004e-02,2.062060e-02,2.063178e-02,2.065054e-02,2.066965e-02,2.067748e-02,2.069191e-02,2.070932e-02,2.072145e-02,2.073894e-02,2.075810e-02,2.078755e-02,2.081212e-02,2.084314e-02,2.087700e-02,2.091758e-02,2.097306e-02,2.103441e-02,2.110293e-02,2.118886e-02,2.128936e-02,2.140360e-02,2.154322e-02,2.170470e-02,2.188818e-02,2.209210e-02,2.233513e-02,2.261537e-02,2.293173e-02,2.328890e-02,2.370253e-02,2.417363e-02,2.470402e-02,2.530187e-02,2.598155e-02,2.672602e-02,2.755459e-02,2.847737e-02,2.949835e-02,3.061099e-02,3.183540e-02,3.317182e-02,3.461705e-02,3.614842e-02,3.781031e-02,3.959721e-02,4.149263e-02,4.349608e-02,4.558817e-02,4.771245e-02,4.985977e-02,5.198623e-02,5.404648e-02,5.600530e-02,5.781466e-02,5.943863e-02,6.084904e-02,6.199545e-02,6.283224e-02,6.336289e-02,6.351903e-02,6.343995e-02,6.308393e-02,6.249101e-02,6.171171e-02,6.082919e-02,5.988227e-02,5.875470e-02,5.757427e-02,5.635129e-02,5.511668e-02,5.387720e-02,5.268277e-02,5.151576e-02,5.044513e-02,4.934940e-02,4.831384e-02,4.740690e-02,4.653231e-02,4.577742e-02,4.505462e-02,4.443789e-02,4.383712e-02,4.329028e-02,4.281338e-02,4.233552e-02,4.189343e-02,4.146194e-02,4.105019e-02,4.064588e-02,4.025114e-02,3.989722e-02,3.952171e-02,3.916001e-02,3.881827e-02,3.848706e-02,3.810144e-02,3.770460e-02,3.727757e-02,3.681002e-02,3.632268e-02,3.578135e-02,3.524543e-02,3.469005e-02,3.413274e-02,3.357828e-02,3.303574e-02,3.251295e-02,3.201941e-02,3.154761e-02,3.110662e-02,3.069152e-02,3.031227e-02,2.995115e-02,2.961363e-02,2.929059e-02,2.899158e-02,2.870970e-02,2.844893e-02,2.819685e-02,2.796643e-02,2.775577e-02,2.756232e-02,2.737619e-02,2.721522e-02,2.706608e-02,2.693103e-02,2.679307e-02,2.668189e-02,2.658072e-02,2.648430e-02,2.639215e-02,2.629896e-02,2.620379e-02,2.609385e-02,2.598251e-02,2.586772e-02,2.573992e-02,2.558876e-02,2.543895e-02,2.527046e-02,2.508490e-02,2.489288e-02,2.469529e-02,2.449210e-02,2.428756e-02,2.408286e-02,2.387952e-02,2.367364e-02,2.347920e-02,2.329255e-02,2.311937e-02,2.295910e-02,2.281230e-02,2.268764e-02,2.256498e-02,2.246896e-02,2.238163e-02,2.231572e-02,2.225317e-02,2.220018e-02,2.216345e-02,2.213271e-02,2.210451e-02,2.206858e-02,2.203742e-02,2.199128e-02,2.192274e-02,2.184714e-02,2.174635e-02,2.162957e-02,2.147889e-02,2.131953e-02,2.114608e-02,2.096795e-02,2.077727e-02,2.058834e-02,2.039775e-02,2.021453e-02,2.003869e-02,1.988353e-02,1.973664e-02,1.960432e-02,1.949930e-02,1.940085e-02,1.932319e-02,1.924752e-02,1.918328e-02,1.911256e-02,1.904335e-02,1.896517e-02,1.888493e-02,1.879535e-02,1.870499e-02,1.861105e-02,1.852106e-02,1.843301e-02,1.835721e-02,1.829087e-02,1.822818e-02,1.817967e-02,1.813715e-02,1.810696e-02,1.807976e-02,1.806167e-02,1.804432e-02,1.803497e-02,1.802389e-02,1.801991e-02,1.801333e-02,1.801314e-02,1.801091e-02,1.801072e-02,1.802099e-02,1.802954e-02,1.805635e-02,1.808734e-02,1.814369e-02,1.823029e-02,1.836300e-02,1.855348e-02,1.883661e-02,1.922413e-02,1.976648e-02,2.048891e-02,2.143307e-02,2.262701e-02,2.412241e-02,2.592759e-02,2.802608e-02,3.045826e-02,3.321597e-02,3.627574e-02,3.958815e-02,4.316099e-02,4.697153e-02,5.092718e-02,5.500858e-02,5.921042e-02,6.348822e-02,6.785140e-02,7.227803e-02,7.677823e-02,8.147513e-02,8.615737e-02,9.090732e-02,9.575272e-02,1.006934e-01,1.057488e-01,1.108846e-01,1.161369e-01,1.214783e-01,1.268996e-01,1.324207e-01,1.383157e-01,1.440003e-01,1.497639e-01,1.554735e-01,1.613220e-01,1.671991e-01,1.731001e-01,1.790206e-01,1.849125e-01,1.907751e-01,1.965917e-01,2.023351e-01,2.080586e-01,2.137268e-01,2.191902e-01,2.245816e-01,2.298906e-01,2.350460e-01,2.399888e-01,2.448968e-01,2.496167e-01,2.539399e-01,2.582303e-01,2.622063e-01,2.661397e-01,2.697591e-01,2.733327e-01,2.765786e-01,2.797555e-01,2.826694e-01,2.854963e-01,2.881372e-01,2.908111e-01,2.936604e-01,2.964103e-01,2.993267e-01,3.021483e-01,3.049860e-01,3.079877e-01,3.108653e-01,3.139117e-01,3.166592e-01,3.195561e-01,3.224479e-01,3.251684e-01,3.280192e-01,3.308533e-01,3.336545e-01,3.362437e-01,3.389437e-01,3.415948e-01,3.441785e-01,3.466776e-01,3.491058e-01,3.514235e-01,3.536349e-01,3.557379e-01,3.577054e-01,3.595352e-01,3.612098e-01,3.627330e-01,3.637738e-01,3.650246e-01,3.662770e-01,3.675386e-01,3.688022e-01,3.700767e-01,3.713687e-01,3.724550e-01,3.737630e-01,3.750743e-01,3.761848e-01,3.775233e-01,3.786496e-01,3.797827e-01,3.809230e-01,3.820714e-01,3.834466e-01,3.846116e-01,3.857764e-01,3.869497e-01,3.881293e-01,3.893161e-01,3.905044e-01,3.914706e-01,3.926798e-01,3.938971e-01,3.951150e-01,3.963503e-01,3.973462e-01,3.985954e-01,3.996043e-01,4.006266e-01,4.019063e-01,4.029415e-01,4.039826e-01,4.050288e-01,4.060802e-01,4.071384e-01,4.082123e-01,4.092827e-01,4.103561e-01,4.114449e-01,4.122668e-01,4.133682e-01,4.144622e-01,4.152808e-01,4.163892e-01,4.175025e-01,4.186032e-01,4.194418e-01,4.202848e-01,4.213954e-01,4.222325e-01,4.230816e-01,4.242184e-01,4.250729e-01,4.259256e-01,4.267936e-01,4.279508e-01,4.288262e-01,4.297073e-01,4.306016e-01,4.314890e-01,4.323924e-01,4.333000e-01,4.342165e-01,4.351333e-01,4.360640e-01,4.369860e-01,4.379272e-01,4.388712e-01,4.395121e-01,4.404637e-01,4.411116e-01,4.420699e-01,4.430311e-01,4.436935e-01,4.446661e-01,4.453241e-01,4.463038e-01,4.469700e-01,4.479448e-01,4.486165e-01,4.492792e-01,4.499461e-01,4.509344e-01,4.516038e-01,4.522650e-01,4.529417e-01,4.539342e-01,4.546029e-01,4.552719e-01,4.559451e-01,4.566040e-01,4.572787e-01,4.579619e-01,4.586390e-01,4.593223e-01,4.600059e-01,4.607038e-01,4.610629e-01,4.617651e-01,4.624828e-01,4.631998e-01,4.635762e-01,4.643001e-01,4.650415e-01,4.657633e-01,4.661566e-01,4.668884e-01,4.676226e-01,4.680174e-01,4.684037e-01,4.691493e-01,4.695356e-01,4.702731e-01,4.706673e-01,4.714150e-01,4.718014e-01,4.721800e-01,4.725641e-01,4.729388e-01,4.733164e-01,4.737045e-01,4.740887e-01,4.744694e-01,4.748443e-01,4.752288e-01,4.756136e-01,4.759991e-01,4.763800e-01,4.767714e-01,4.771634e-01,4.775625e-01,4.779668e-01,4.783578e-01,4.787343e-01,4.791267e-01,4.795372e-01,4.799353e-01,4.803222e-01,4.806969e-01,4.810807e-01,4.814687e-01,4.818529e-01,4.822399e-01,4.826233e-01,4.830006e-01,4.833925e-01,4.837448e-01,4.840837e-01,4.844483e-01,4.847771e-01,4.851405e-01,4.854862e-01,4.857567e-01,4.860770e-01,4.863835e-01,4.867111e-01,4.870256e-01,4.872418e-01,4.875531e-01,4.878502e-01,4.881350e-01,4.884401e-01,4.887030e-01,4.889888e-01,4.892902e-01,4.894998e-01,4.896023e-01,4.898009e-01,4.900465e-01,4.902455e-01,4.904371e-01,4.906364e-01,4.908702e-01,4.911080e-01,4.913766e-01,4.916470e-01,4.919085e-01,4.921322e-01,4.924659e-01,4.928398e-01,4.931811e-01,4.935331e-01,4.938613e-01,4.942261e-01,4.946182e-01,4.949418e-01,4.953209e-01,4.956607e-01,4.959715e-01,4.963380e-01,4.966353e-01,4.969626e-01,4.973021e-01,4.976763e-01,4.980168e-01,4.983958e-01,4.987577e-01,4.991379e-01,4.995069e-01,4.999115e-01,5.003082e-01,5.007175e-01,5.010834e-01,5.015061e-01,5.019442e-01,5.023533e-01,5.027519e-01,5.031896e-01,5.036017e-01,5.040138e-01,5.044003e-01,5.048439e-01,5.052439e-01,5.056266e-01,5.060698e-01,5.064719e-01,5.068595e-01,5.072478e-01,5.076461e-01,5.080234e-01,5.084135e-01,5.088043e-01,5.092080e-01,5.095546e-01,5.099570e-01,5.103781e-01,5.107418e-01,5.111643e-01,5.115292e-01,5.119406e-01,5.123097e-01,5.127505e-01,5.131209e-01,5.134894e-01,5.138609e-01,5.142583e-01,5.146436e-01,5.150296e-01,5.154004e-01,5.157875e-01,5.161594e-01,5.165191e-01,5.168794e-01,5.171941e-01,5.175522e-01,5.178956e-01,5.182418e-01,5.185186e-01,5.187958e-01,5.191174e-01,5.194209e-01,5.197249e-01,5.200292e-01,5.203209e-01,5.206259e-01,5.209182e-01,5.212109e-01,5.214593e-01,5.217689e-01,5.220495e-01,5.223021e-01,5.225866e-01,5.228397e-01,5.231061e-01,5.234046e-01,5.236766e-01,5.239473e-01,5.242051e-01,5.244885e-01,5.247423e-01,5.250218e-01,5.252706e-01,5.255330e-01,5.257945e-01,5.260397e-01,5.262927e-01,5.265441e-01,5.267896e-01,5.270344e-01,5.272626e-01,5.274855e-01,5.277050e-01,5.279114e-01,5.281221e-01,5.283331e-01,5.285061e-01,5.286824e-01,5.288497e-01,5.289954e-01,5.291582e-01,5.292995e-01,5.294206e-01,5.295259e-01,5.296447e-01,5.297678e-01,5.298739e-01,5.299925e-01,5.300809e-01,5.301635e-01,5.302461e-01,5.303195e-01,5.304063e-01,5.304752e-01,5.305542e-01,5.306143e-01,5.306707e-01,5.307095e-01,5.307441e-01,5.307899e-01,5.308432e-01,5.308794e-01,5.308979e-01,5.308988e-01,5.308956e-01,5.308759e-01,5.308912e-01,5.309023e-01,5.309113e-01,5.308934e-01,5.308755e-01,5.308859e-01,5.308949e-01,5.308905e-01,5.308727e-01,5.308414e-01,5.308384e-01,5.308475e-01,5.308432e-01,5.308120e-01,5.307769e-01,5.307995e-01,5.308504e-01,5.308731e-01,5.308420e-01,5.308109e-01,5.308106e-01,5.307930e-01,5.307807e-01,5.307402e-01,5.306998e-01,5.306862e-01,5.306862e-01,5.306324e-01,5.305130e-01,5.303789e-01,5.302851e-01,5.301914e-01,5.300442e-01,5.297594e-01,5.294524e-01,5.291684e-01,5.289115e-01,5.286699e-01,5.284137e-01,5.280742e-01,5.276201e-01,5.270045e-01,5.264037e-01,5.259755e-01,5.256005e-01,5.251215e-01,5.244627e-01,5.237779e-01,5.233029e-01,5.229716e-01,5.226796e-01,5.223364e-01,5.219292e-01,5.215614e-01,5.212133e-01,5.208468e-01,5.206259e-01,5.205335e-01,5.204412e-01,5.203656e-01,5.202901e-01,5.202147e-01,5.201561e-01,5.200975e-01,5.201669e-01,5.201085e-01,5.201803e-01,5.202667e-01,5.203362e-01,5.202779e-01,5.203476e-01,5.204004e-01,5.204533e-01,5.203783e-01,5.202865e-01,5.203226e-01,5.203587e-01,5.203780e-01,5.204141e-01,5.204503e-01,5.203417e-01,5.203779e-01,5.204141e-01,5.204527e-01,5.203611e-01,5.203973e-01,5.203057e-01,5.203419e-01,5.203951e-01,5.204144e-01,5.203229e-01,5.203592e-01,5.203786e-01,5.204149e-01,5.203066e-01,5.203259e-01,5.203453e-01,5.203647e-01,5.203672e-01,5.203866e-01,5.204060e-01,5.205531e-01,5.205725e-01,5.205919e-01,5.206113e-01,5.206308e-01,5.206502e-01,5.203243e-01,5.204713e-01,5.204907e-01,5.205101e-01,5.205296e-01,5.203315e-01,5.203340e-01,5.204809e-01,5.205004e-01,5.201750e-01,5.201775e-01,5.203413e-01,5.201435e-01,5.201655e-01,5.199849e-01,5.200213e-01,5.200577e-01,5.197672e-01,5.198206e-01,5.196575e-01,5.197109e-01,5.194211e-01,5.194914e-01,5.193287e-01,5.190564e-01,5.192535e-01,5.189645e-01,5.190349e-01,5.188754e-01,5.189289e-01,5.187669e-01,5.184789e-01,5.185324e-01,5.182278e-01,5.182644e-01,5.180862e-01,5.177655e-01,5.179109e-01,5.175905e-01,5.173961e-01,5.173989e-01,5.170794e-01,5.168855e-01,5.169052e-01,5.165864e-01,5.163959e-01,5.164325e-01,5.162561e-01,5.159553e-01,5.159918e-01,5.156914e-01,5.157279e-01,5.154280e-01,5.151452e-01,5.153059e-01,5.150066e-01,5.147246e-01,5.148850e-01,5.145865e-01,5.146230e-01,5.143249e-01,5.140272e-01,5.140637e-01,5.137530e-01,5.137895e-01,5.134761e-01,5.133895e-01,5.130767e-01,5.129737e-01,5.126616e-01,5.125589e-01,5.122308e-01,5.122506e-01,5.118175e-01,5.118374e-01,5.117351e-01,5.113032e-01,5.112046e-01,5.111027e-01,5.107936e-01,5.106920e-01,5.105904e-01,5.102822e-01,5.101808e-01,5.100796e-01,5.099784e-01,5.095503e-01,5.094495e-01,5.093487e-01,5.092479e-01,5.090267e-01,5.089262e-01,5.087054e-01,5.086051e-01,5.088300e-01,5.079600e-01,5.081844e-01,5.082889e-01,5.083935e-01,5.083780e-01,5.081580e-01,5.081425e-01,5.079228e-01,5.077033e-01,5.078076e-01,5.074688e-01,5.072498e-01,5.069119e-01,5.068967e-01,5.065594e-01,5.062227e-01,5.058866e-01,5.055510e-01,5.052196e-01,5.044482e-01,5.043157e-01,5.035475e-01,5.032158e-01,5.028845e-01,5.027531e-01,5.026217e-01,5.017434e-01,5.011824e-01,5.006228e-01,5.004930e-01,5.000507e-01,4.994130e-01,4.988425e-01,4.978653e-01,4.968926e-01,4.965379e-01,4.953785e-01,4.946420e-01,4.939082e-01,4.936070e-01,4.928921e-01,4.921796e-01,4.916588e-01,4.907292e-01,4.896936e-01,4.883668e-01,4.873426e-01,4.859540e-01,4.850807e-01,4.837068e-01,4.830247e-01,4.819364e-01,4.809594e-01,4.798817e-01,4.791976e-01,4.781290e-01,4.774506e-01,4.768476e-01,4.774573e-01,4.783652e-01,4.787105e-01,4.776305e-01,4.766290e-01,4.760286e-01,4.754158e-01,4.744250e-01,4.739912e-01,4.733404e-01,4.719840e-01,4.702501e-01,4.680682e-01,4.657066e-01,4.635524e-01,4.611996e-01,4.585882e-01,4.564512e-01,4.543746e-01,4.528830e-01,4.514274e-01,4.510241e-01,4.488828e-01,4.461902e-01,4.425549e-01,4.392686e-01,4.346094e-01,4.296228e-01,4.252589e-01,4.203549e-01,4.167344e-01,4.119434e-01,4.076773e-01,4.033020e-01,3.985261e-01,3.935023e-01,3.904935e-01,3.865134e-01,3.813432e-01,3.769381e-01,3.723133e-01,3.687177e-01,3.643039e-01,3.598500e-01,3.558058e-01,3.523936e-01,3.492847e-01,3.455833e-01,3.419635e-01,3.390513e-01,3.353262e-01,3.321515e-01,3.290392e-01,3.261170e-01,3.236978e-01,3.213219e-01,3.186367e-01,3.161052e-01,3.136209e-01,3.114796e-01,3.095903e-01,3.075139e-01,3.053499e-01,3.033288e-01,3.017239e-01,2.997603e-01,2.978146e-01,2.962691e-01,2.947400e-01,2.937025e-01,2.923042e-01,2.909145e-01,2.900016e-01,2.887354e-01,2.878285e-01,2.871175e-01,2.862292e-01,2.854324e-01,2.847336e-01,2.839534e-01,2.831695e-01,2.824773e-01,2.821274e-01,2.814485e-01,2.812834e-01,2.811186e-01,2.809621e-01,2.804622e-01,2.802079e-01,2.801428e-01,2.799795e-01,2.803311e-01,2.801755e-01,2.801072e-01,2.798664e-01,2.801320e-01,2.798911e-01,2.802471e-01,2.805134e-01,2.809699e-01,2.809059e-01,2.810904e-01,2.816956e-01,2.820690e-01,2.824304e-01,2.830494e-01,2.836629e-01,2.843802e-01,2.853456e-01,2.860714e-01,2.868825e-01,2.877777e-01,2.884067e-01,2.894078e-01,2.904025e-01,2.910512e-01,2.924208e-01,2.931775e-01,2.941983e-01,2.952293e-01,2.960931e-01,2.975192e-01,2.980974e-01,2.989469e-01,2.999131e-01,3.009816e-01,3.016780e-01,3.026536e-01,3.036439e-01,3.044594e-01,3.059589e-01,3.066785e-01,3.077960e-01,3.090403e-01,3.099679e-01,3.109206e-01,3.119659e-01,3.134622e-01,3.146389e-01,3.155145e-01,3.166921e-01,3.180099e-01,3.187810e-01,3.202261e-01,3.213653e-01,3.229570e-01,3.238648e-01,3.249082e-01,3.263976e-01,3.273337e-01,3.282753e-01,3.299286e-01,3.308853e-01,3.319749e-01,3.330631e-01,3.340382e-01,3.354908e-01,3.362583e-01,3.378715e-01,3.391325e-01,3.396496e-01,3.406553e-01,3.424475e-01,3.432402e-01,3.444051e-01,3.455795e-01,3.467607e-01,3.479590e-01,3.486440e-01,3.498468e-01,3.509315e-01,3.514839e-01,3.527231e-01,3.534425e-01,3.544031e-01,3.556711e-01,3.562544e-01,3.576844e-01,3.582752e-01,3.591132e-01,3.597088e-01,3.610157e-01,3.616009e-01,3.621967e-01,3.633605e-01,3.640993e-01,3.646951e-01,3.657114e-01,3.664516e-01,3.670551e-01,3.676522e-01,3.689846e-01,3.695880e-01,3.701932e-01,3.709519e-01,3.715617e-01,3.721734e-01,3.731022e-01,3.738214e-01,3.740967e-01,3.746478e-01,3.750452e-01,3.753316e-01,3.758428e-01,3.763035e-01,3.767477e-01,3.772807e-01,3.777357e-01,3.784115e-01,3.787110e-01,3.792312e-01,3.797534e-01,3.802854e-01,3.807565e-01,3.814523e-01,3.819982e-01,3.822403e-01,3.830047e-01,3.830770e-01,3.837180e-01,3.841974e-01,3.846050e-01,3.853508e-01,3.857156e-01,3.865290e-01,3.867494e-01,3.875024e-01,3.880745e-01,3.884711e-01,3.887477e-01,3.893139e-01,3.896570e-01,3.904787e-01,3.910581e-01,3.919325e-01,3.927722e-01,3.934819e-01,3.937571e-01,3.945848e-01,3.950435e-01,3.956938e-01,3.962407e-01,3.967812e-01,3.973690e-01,3.982220e-01,3.986993e-01,3.992544e-01,3.997420e-01,4.003511e-01,4.008209e-01,4.013740e-01,4.015391e-01,4.021511e-01,4.025679e-01,4.032532e-01,4.036801e-01,4.042908e-01,4.046491e-01,4.050787e-01,4.054306e-01,4.059330e-01,4.062150e-01,4.065262e-01,4.071531e-01,4.075802e-01,4.080878e-01,4.084448e-01,4.084920e-01,4.089295e-01,4.092155e-01,4.094585e-01,4.097453e-01,4.099889e-01,4.100073e-01,4.104586e-01,4.109515e-01,4.113863e-01,4.114854e-01,4.118481e-01,4.121456e-01,4.125095e-01,4.122007e-01,4.127524e-01,4.130400e-01,4.132685e-01,4.132314e-01,4.134601e-01,4.135487e-01,4.134520e-01,4.132674e-01,4.136956e-01,4.133850e-01,4.129605e-01,4.128425e-01,4.128166e-01,4.120415e-01,4.118179e-01,4.115657e-01,4.113537e-01,4.103885e-01,4.098989e-01,4.095263e-01,4.089163e-01,4.084738e-01,4.077959e-01,4.072238e-01,4.066216e-01,4.056808e-01,4.050837e-01,4.041507e-01,4.034994e-01,4.035175e-01,4.055250e-01,4.045902e-01,4.041271e-01,4.034093e-01,4.026914e-01,4.017813e-01,4.012565e-01,4.005395e-01,3.997162e-01,3.988209e-01,3.981211e-01,3.969732e-01,3.961583e-01,3.954586e-01,3.943938e-01,3.935219e-01,3.925341e-01,3.915224e-01,3.906184e-01,3.896822e-01,3.889977e-01,3.883081e-01,3.875118e-01,3.864271e-01,3.857473e-01,3.849438e-01,3.841074e-01,3.832671e-01,3.823062e-01,3.814203e-01,3.806977e-01,3.798553e-01,3.790428e-01,3.785985e-01,3.778874e-01,3.772902e-01,3.765844e-01,3.756592e-01,3.752912e-01,3.747968e-01,3.740416e-01,3.732897e-01,3.727582e-01,3.720118e-01,3.716438e-01,3.710601e-01,3.707021e-01,3.701625e-01,3.696418e-01,3.691144e-01,3.687117e-01,3.683021e-01,3.679913e-01,3.676811e-01,3.674286e-01,3.670703e-01,3.670386e-01,3.671358e-01,3.671269e-01,3.669725e-01,3.673295e-01,3.675806e-01,3.677837e-01,3.679128e-01,3.682140e-01,3.687289e-01,3.690145e-01,3.692598e-01,3.692507e-01,3.694385e-01,3.696354e-01,3.697327e-01,3.697324e-01,3.697151e-01,3.694517e-01,3.692376e-01,3.693765e-01,3.690472e-01,3.688336e-01,3.687183e-01,3.683903e-01,3.679969e-01,3.678162e-01,3.676525e-01,3.675695e-01,3.673323e-01,3.670953e-01,3.669156e-01,3.669380e-01,3.667986e-01,3.669267e-01,3.669491e-01,3.671343e-01,3.669546e-01,3.670829e-01,3.672681e-01,3.676080e-01,3.677938e-01,3.680862e-01,3.684275e-01,3.690490e-01,3.697213e-01,3.698603e-01,3.701731e-01,3.705852e-01,3.708410e-01,3.715380e-01,3.720117e-01,3.721696e-01,3.724862e-01,3.725367e-01,3.728539e-01,3.726946e-01,3.725940e-01,3.722765e-01,3.720180e-01,3.720176e-01,3.723924e-01,3.726092e-01,3.726597e-01,3.729943e-01,3.728522e-01,3.731283e-01,3.733459e-01,3.735314e-01,3.735406e-01,3.738767e-01,3.744235e-01,3.746008e-01,3.746770e-01,3.752278e-01,3.752950e-01,3.755829e-01,3.757612e-01,3.761516e-01,3.763134e-01,3.764737e-01,3.763194e-01,3.764291e-01,3.765295e-01,3.767321e-01,3.766628e-01,3.768232e-01,3.770862e-01,3.774698e-01,3.773477e-01,3.776037e-01,3.778074e-01,3.779084e-01,3.783967e-01,3.783343e-01,3.784355e-01,3.786068e-01,3.785463e-01,3.789755e-01,3.790865e-01,3.791464e-01,3.788078e-01,3.790317e-01,3.792911e-01,3.791866e-01,3.790561e-01,3.791682e-01,3.792198e-01,3.792031e-01,3.795227e-01,3.798428e-01,3.797213e-01,3.799123e-01,3.802151e-01,3.796933e-01,3.794408e-01,3.788863e-01,3.784358e-01,3.783390e-01,3.780715e-01,3.776491e-01,3.766190e-01,3.754340e-01,3.750009e-01,3.741362e-01,3.725312e-01,3.713563e-01,3.705001e-01,3.690736e-01,3.674971e-01,3.659422e-01,3.642410e-01,3.626983e-01,3.599360e-01,3.582923e-01,3.543891e-01,3.514592e-01,3.484983e-01,3.460819e-01,3.425716e-01,3.401396e-01,3.366689e-01,3.341528e-01,3.292141e-01,3.250723e-01,3.210417e-01,3.162585e-01,3.119138e-01,3.064051e-01,3.011535e-01,2.929011e-01,2.866219e-01,2.804419e-01,2.745123e-01,2.674808e-01,2.614188e-01,2.519675e-01,2.451598e-01,2.385714e-01,2.320805e-01,2.250327e-01,2.165785e-01,2.098155e-01,2.037884e-01,1.979543e-01,1.920150e-01,1.848862e-01,1.796737e-01,1.749573e-01,1.705882e-01,1.667497e-01,1.611439e-01,1.577546e-01,1.545706e-01,1.511743e-01,1.477641e-01,1.444604e-01,1.422143e-01,1.400313e-01,1.379057e-01,1.358111e-01,1.337962e-01,1.326154e-01,1.307041e-01,1.296145e-01,1.277572e-01,1.267748e-01,1.257830e-01,1.248464e-01,1.239433e-01,1.230711e-01,1.222093e-01,1.220938e-01,1.211858e-01,1.210528e-01,1.202353e-01,1.200661e-01,1.199730e-01,1.199003e-01,1.190944e-01,1.190211e-01,1.189279e-01,1.188733e-01,1.195463e-01,1.195275e-01,1.194898e-01,1.194130e-01,1.200723e-01,1.200708e-01,1.207939e-01,1.207938e-01,1.214666e-01,1.221863e-01,1.222074e-01,1.229364e-01,1.236728e-01,1.244170e-01,1.252110e-01,1.252160e-01,1.260001e-01,1.268532e-01,1.276340e-01,1.284636e-01,1.292401e-01,1.300883e-01,1.309473e-01,1.317927e-01,1.326477e-01,1.335117e-01,1.343860e-01,1.352687e-01,1.361625e-01,1.370673e-01,1.379345e-01,1.388348e-01,1.406119e-01,1.406433e-01,1.425111e-01,1.434910e-01,1.435752e-01,1.451941e-01,1.461255e-01,1.473220e-01,1.482135e-01,1.496174e-01,1.504480e-01,1.512119e-01,1.526464e-01,1.535888e-01,1.548142e-01,1.557277e-01,1.572067e-01,1.580019e-01,1.593429e-01,1.603673e-01,1.612523e-01,1.626427e-01,1.636055e-01,1.649763e-01,1.658074e-01,1.671102e-01,1.679560e-01,1.691962e-01,1.701923e-01,1.712236e-01,1.720740e-01,1.733285e-01,1.741979e-01,1.753102e-01,1.761210e-01,1.773306e-01,1.781346e-01,1.792925e-01,1.801009e-01,1.807087e-01,1.819001e-01,1.831057e-01,1.838402e-01,1.848354e-01,1.855825e-01,1.865568e-01,1.871220e-01,1.881949e-01,1.886851e-01,1.895294e-01,1.900657e-01,1.911238e-01,1.916252e-01,1.923636e-01,1.927398e-01,1.936622e-01,1.938769e-01,1.941396e-01,1.945222e-01,1.950712e-01,1.957891e-01,1.955613e-01,1.961157e-01,1.963383e-01,1.966107e-01,1.962141e-01,1.967719e-01,1.968774e-01,1.971015e-01,1.970390e-01,1.968085e-01,1.973694e-01,1.969700e-01,1.970756e-01,1.970130e-01,1.967826e-01,1.967202e-01,1.963231e-01,1.967137e-01,1.968191e-01,1.964187e-01,1.963565e-01,1.959608e-01,1.957325e-01,1.956707e-01,1.952775e-01,1.952159e-01,1.952710e-01,1.950471e-01,1.948237e-01,1.944398e-01,1.942205e-01,1.946063e-01,1.940561e-01,1.944443e-01,1.938949e-01,1.942766e-01,1.944983e-01,1.943888e-01,1.946077e-01,1.948242e-01,1.948762e-01,1.953758e-01,1.955939e-01,1.956462e-01,1.956957e-01,1.963657e-01,1.962513e-01,1.967599e-01,1.969838e-01,1.973335e-01,1.973897e-01,1.980794e-01,1.979691e-01,1.984889e-01,1.985517e-01,1.989030e-01,1.994308e-01,1.994911e-01,1.993794e-01,1.999029e-01,1.999604e-01,2.003168e-01,2.002012e-01,2.007287e-01,2.007867e-01,2.011391e-01,2.010226e-01,2.015578e-01,2.014408e-01,2.017984e-01,2.018569e-01,2.022160e-01,2.021019e-01,2.024648e-01,2.025237e-01,2.028849e-01,2.027633e-01,2.031253e-01,2.031850e-01,2.033699e-01,2.039098e-01,2.037871e-01,2.041493e-01,2.043327e-01,2.047004e-01,2.045736e-01,2.049384e-01,2.053044e-01,2.049990e-01,2.053689e-01,2.057363e-01,2.059223e-01,2.057973e-01,2.059834e-01,2.063529e-01,2.065436e-01,2.069149e-01,2.072874e-01,2.076612e-01,2.073493e-01,2.077233e-01,2.079195e-01,2.082954e-01,2.084857e-01,2.086763e-01,2.085519e-01,2.087393e-01,2.089303e-01,2.093096e-01,2.094982e-01,2.096910e-01,2.093700e-01,2.097508e-01,2.099368e-01,2.101303e-01,2.098080e-01,2.099975e-01,2.101840e-01,2.098620e-01,2.100515e-01,2.102380e-01,2.104249e-01,2.106120e-01,2.107995e-01,2.104756e-01,2.104693e-01,2.106565e-01,2.108440e-01,2.110318e-01,2.112236e-01,2.114087e-01,2.115974e-01,2.115910e-01,2.117767e-01,2.119626e-01,2.121492e-01,2.121393e-01,2.123224e-01,2.125024e-01,2.124928e-01,2.126696e-01,2.128468e-01,2.128300e-01,2.135344e-01,2.135178e-01,2.136962e-01,2.136758e-01,2.143856e-01,2.143722e-01,2.145520e-01,2.150691e-01,2.152500e-01,2.152362e-01,2.159594e-01,2.159421e-01,2.164654e-01,2.166485e-01,2.173770e-01,2.179033e-01,2.180852e-01,2.186147e-01,2.185934e-01,2.193269e-01,2.193092e-01,2.200507e-01,2.205893e-01,2.205677e-01,2.213208e-01,2.213027e-01,2.218581e-01,2.224086e-01,2.223977e-01,2.229581e-01,2.235211e-01,2.235138e-01,2.240869e-01,2.240795e-01,2.248702e-01,2.248703e-01,2.254536e-01,2.260398e-01,2.260436e-01,2.266364e-01,2.266440e-01,2.272436e-01,2.272512e-01,2.278538e-01,2.278653e-01,2.284708e-01,2.284824e-01,2.290949e-01,2.291103e-01,2.291219e-01,2.297376e-01,2.295256e-01,2.295410e-01,2.295565e-01,2.301744e-01,2.301861e-01,2.302016e-01,2.302172e-01,2.302289e-01,2.296340e-01,2.294260e-01,2.294376e-01,2.288465e-01,2.282545e-01,2.274492e-01,2.274643e-01,2.268789e-01,2.257088e-01,2.249201e-01,2.243468e-01,2.232043e-01,2.224280e-01,2.212964e-01,2.207400e-01,2.194184e-01,2.183147e-01,2.170230e-01,2.159414e-01,2.141391e-01,2.130836e-01,2.113212e-01,2.102910e-01,2.090816e-01,2.075711e-01,2.063930e-01,2.047364e-01,2.037670e-01,2.021484e-01,2.010258e-01,1.996191e-01,1.985218e-01,1.969776e-01,1.960760e-01,1.945658e-01,1.936816e-01,1.926422e-01,1.911761e-01,1.901577e-01,1.891490e-01,1.881498e-01,1.873161e-01,1.863312e-01,1.853583e-01,1.839894e-01,1.830381e-01,1.826403e-01,1.817012e-01,1.811631e-01,1.800935e-01,1.795681e-01,1.786568e-01,1.782755e-01,1.777551e-01,1.772347e-01,1.767195e-01,1.758307e-01,1.753227e-01,1.748147e-01,1.739425e-01,1.730780e-01,1.724479e-01,1.719556e-01,1.709743e-01,1.701353e-01,1.696531e-01,1.691732e-01,1.682218e-01,1.677490e-01,1.672784e-01,1.668100e-01,1.662189e-01,1.654199e-01,1.648373e-01,1.643807e-01,1.639262e-01,1.634739e-01,1.629030e-01,1.624564e-01,1.618939e-01,1.617730e-01,1.612122e-01,1.610922e-01,1.608542e-01,1.610517e-01,1.608138e-01,1.606942e-01,1.607733e-01,1.609707e-01,1.606127e-01,1.611296e-01,1.608890e-01,1.609683e-01,1.608461e-01,1.612457e-01,1.611207e-01,1.608771e-01,1.608382e-01,1.607138e-01,1.607906e-01,1.605484e-01,1.603068e-01,1.605008e-01,1.598248e-01,1.595826e-01,1.594597e-01,1.592208e-01,1.586669e-01,1.584300e-01,1.579981e-01,1.575318e-01,1.571040e-01,1.568709e-01,1.566407e-01,1.561043e-01,1.556524e-01,1.555366e-01,1.550088e-01,1.547854e-01,1.545625e-01,1.543401e-01,1.540083e-01,1.540837e-01,1.538646e-01,1.539399e-01,1.537212e-01,1.535800e-01,1.537663e-01,1.537320e-01,1.535138e-01,1.532961e-01,1.533730e-01,1.532345e-01,1.533114e-01,1.536836e-01,1.534654e-01,1.535425e-01,1.532925e-01,1.533717e-01,1.534487e-01,1.535258e-01,1.533847e-01,1.531671e-01,1.529500e-01,1.526231e-01,1.526994e-01,1.525573e-01,1.523416e-01,1.520169e-01,1.520904e-01,1.518421e-01,1.520206e-01,1.516969e-01,1.513743e-01,1.514473e-01,1.512007e-01,1.509859e-01,1.506658e-01,1.507383e-01,1.502106e-01,1.499981e-01,1.499649e-01,1.497531e-01,1.492291e-01,1.490167e-01,1.487036e-01,1.484926e-01,1.479759e-01,1.473860e-01,1.470766e-01,1.471417e-01,1.466288e-01,1.464204e-01,1.461102e-01,1.459009e-01,1.453911e-01,4.455748e-03,4.455748e-03,4.455748e-03,4.455748e-03,4.455748e-03,4.455748e-03,4.455748e-03,4.455748e-03,4.455748e-03,4.455748e-03,4.455748e-03,4.455748e-03,4.455748e-03,4.455748e-03,4.455748e-03,4.455748e-03,4.455748e-03,4.455748e-03,4.455748e-03,4.455748e-03,4.455748e-03,4.455748e-03,4.455748e-03,4.455748e-03,4.455748e-03,4.455748e-03,4.455748e-03,4.455748e-03,4.455748e-03,4.455748e-03,4.455748e-03,4.455748e-03,4.455748e-03,4.455748e-03,4.455748e-03,4.455748e-03,4.455748e-03,4.455748e-03,4.455748e-03,4.455748e-03,4.455748e-03,4.455748e-03,4.455748e-03,4.455748e-03,4.455748e-03,4.455748e-03,4.455748e-03,4.455748e-03,4.455748e-03,4.455748e-03,4.455748e-03,4.455748e-03,4.455748e-03,4.455748e-03,4.455748e-03,4.455748e-03,4.455748e-03,4.455748e-03,4.455748e-03,4.455748e-03,4.455748e-03,4.455748e-03,4.455748e-03,4.455748e-03,4.455748e-03,4.455748e-03,4.455748e-03,4.455748e-03,4.455748e-03,4.455748e-03,4.455748e-03,4.455748e-03,4.455748e-03,4.455748e-03,4.455748e-03,4.455748e-03,4.455748e-03,4.455748e-03,4.455748e-03,4.455748e-03,4.455748e-03,4.455748e-03,4.455748e-03,4.455748e-03,4.455748e-03,4.455748e-03,4.455748e-03,4.455748e-03,4.455748e-03,4.455748e-03,4.455748e-03,4.455748e-03,4.455748e-03,4.455748e-03,4.455748e-03,4.455748e-03,4.455748e-03,4.455748e-03,4.455748e-03,4.455748e-03,4.455748e-03,4.455748e-03,4.455748e-03,4.455748e-03,4.455748e-03,4.455748e-03,4.455748e-03,4.455748e-03,4.455748e-03,4.455748e-03,4.455748e-03,4.455748e-03,4.455748e-03,4.455748e-03,4.455748e-03,4.455748e-03,4.455748e-03,4.455748e-03,4.455748e-03,4.455748e-03,4.455748e-03,4.455748e-03,4.455748e-03,4.455748e-03,4.455748e-03,4.455748e-03,4.455748e-03,4.455748e-03,4.455748e-03,4.455748e-03,4.455748e-03,4.455748e-03,4.455748e-03,4.455748e-03,4.455748e-03,4.455748e-03,4.455748e-03,4.455748e-03,4.455748e-03,4.455748e-03,4.455748e-03,4.455748e-03,4.455748e-03,4.455748e-03,4.455748e-03,4.455748e-03,4.455748e-03,4.455748e-03,4.455748e-03,4.455748e-03,4.455748e-03,4.455748e-03,4.455748e-03,4.455748e-03,4.455748e-03,4.455748e-03,4.455748e-03,4.455748e-03,4.455748e-03,4.455748e-03,4.455748e-03
3.267695e-02,3.264113e-02,3.259831e-02,3.255633e-02,3.251533e-02,3.248047e-02,3.244357e-02,3.240968e-02,3.238076e-02,3.234407e-02,3.231484e-02,3.227724e-02,3.225288e-02,3.222903e-02,3.219754e-02,3.217415e-02,3.215079e-02,3.212732e-02,3.211175e-02,3.209306e-02,3.207665e-02,3.205957e-02,3.204743e-02,3.203818e-02,3.203466e-02,3.202324e-02,3.201925e-02,3.202249e-02,3.201840e-02,3.201938e-02,3.202739e-02,3.202735e-02,3.204035e-02,3.204592e-02,3.205960e-02,3.207341e-02,3.207941e-02,3.209363e-02,3.211280e-02,3.211950e-02,3.213447e-02,3.215063e-02,3.215966e-02,3.217151e-02,3.218138e-02,3.219506e-02,3.220919e-02,3.221103e-02,3.222779e-02,3.224148e-02,3.224959e-02,3.226797e-02,3.228437e-02,3.230241e-02,3.232173e-02,3.234225e-02,3.237189e-02,3.239564e-02,3.241418e-02,3.244489e-02,3.246717e-02,3.248958e-02,3.251677e-02,3.253542e-02,3.256342e-02,3.258533e-02,3.261323e-02,3.264059e-02,3.265826e-02,3.268377e-02,3.270843e-02,3.272203e-02,3.273789e-02,3.275849e-02,3.276574e-02,3.278477e-02,3.280387e-02,3.282807e-02,3.284431e-02,3.287337e-02,3.290455e-02,3.294025e-02,3.298939e-02,3.304258e-02,3.310176e-02,3.318213e-02,3.326756e-02,3.335720e-02,3.347418e-02,3.360062e-02,3.374357e-02,3.389601e-02,3.408209e-02,3.428049e-02,3.450922e-02,3.475995e-02,3.505141e-02,3.537325e-02,3.573170e-02,3.614541e-02,3.660496e-02,3.711790e-02,3.768754e-02,3.831940e-02,3.903320e-02,3.981534e-02,4.068135e-02,4.166003e-02,4.275605e-02,4.394198e-02,4.523873e-02,4.664396e-02,4.816860e-02,4.989716e-02,5.178288e-02,5.373447e-02,5.582781e-02,5.805473e-02,6.040573e-02,6.287219e-02,6.544147e-02,6.801175e-02,7.064426e-02,7.323030e-02,7.580709e-02,7.826500e-02,8.066574e-02,8.287110e-02,8.497911e-02,8.681903e-02,8.856460e-02,9.000698e-02,9.135031e-02,9.243095e-02,9.342882e-02,9.418624e-02,9.487443e-02,9.528560e-02,9.569297e-02,9.590329e-02,9.609390e-02,9.618085e-02,9.616986e-02,9.626002e-02,9.632030e-02,9.640985e-02,9.647828e-02,9.660582e-02,9.669111e-02,9.677013e-02,9.681286e-02,9.677276e-02,9.665405e-02,9.656860e-02,9.630854e-02,9.581694e-02,9.503171e-02,9.418840e-02,9.327748e-02,9.230370e-02,9.139026e-02,9.044665e-02,8.942522e-02,8.832206e-02,8.714758e-02,8.587153e-02,8.454531e-02,8.313781e-02,8.170352e-02,8.022368e-02,7.874124e-02,7.727111e-02,7.583620e-02,7.445824e-02,7.314901e-02,7.190141e-02,7.073921e-02,6.964444e-02,6.863766e-02,6.768538e-02,6.679583e-02,6.594288e-02,6.514748e-02,6.440431e-02,6.371451e-02,6.305040e-02,6.244386e-02,6.188407e-02,6.137015e-02,6.087903e-02,6.045129e-02,6.005207e-02,5.969400e-02,5.935264e-02,5.905405e-02,5.878211e-02,5.851987e-02,5.826585e-02,5.801660e-02,5.776302e-02,5.749140e-02,5.719756e-02,5.688936e-02,5.655556e-02,5.618018e-02,5.578807e-02,5.535113e-02,5.488071e-02,5.438309e-02,5.386084e-02,5.333386e-02,5.280776e-02,5.227554e-02,5.173567e-02,5.120171e-02,5.069016e-02,5.020428e-02,4.973708e-02,4.930739e-02,4.892527e-02,4.859086e-02,4.827991e-02,4.802297e-02,4.780052e-02,4.761872e-02,4.746398e-02,4.733544e-02,4.724137e-02,4.716680e-02,4.709651e-02,4.701528e-02,4.693001e-02,4.681381e-02,4.664001e-02,4.643326e-02,4.616640e-02,4.584545e-02,4.544557e-02,4.501141e-02,4.452636e-02,4.402780e-02,4.349605e-02,4.295677e-02,4.241329e-02,4.188468e-02,4.137116e-02,4.089979e-02,4.046233e-02,4.006482e-02,3.973566e-02,3.943821e-02,3.919550e-02,3.896400e-02,3.875456e-02,3.853547e-02,3.830833e-02,3.805835e-02,3.778336e-02,3.748492e-02,3.716247e-02,3.683434e-02,3.649930e-02,3.617056e-02,3.587115e-02,3.560059e-02,3.535037e-02,3.513907e-02,3.496526e-02,3.482640e-02,3.471864e-02,3.463263e-02,3.457093e-02,3.452691e-02,3.449685e-02,3.448331e-02,3.447730e-02,3.448484e-02,3.450405e-02,3.453637e-02,3.460337e-02,3.468176e-02,3.483491e-02,3.502338e-02,3.532587e-02,3.572781e-02,3.631089e-02,3.707379e-02,3.810350e-02,3.941844e-02,4.111431e-02,4.322547e-02,4.579811e-02,4.887376e-02,5.250210e-02,5.667671e-02,6.132496e-02,6.650430e-02,7.214262e-02,7.823590e-02,8.464911e-02,9.141277e-02,9.841708e-02,1.056101e-01,1.129236e-01,1.203556e-01,1.278396e-01,1.353996e-01,1.430084e-01,1.506920e-01,1.585066e-01,1.664084e-01,1.743941e-01,1.825176e-01,1.907824e-01,1.992283e-01,2.078001e-01,2.165705e-01,2.254866e-01,2.345418e-01,2.437692e-01,2.532264e-01,2.627249e-01,2.723729e-01,2.821040e-01,2.919424e-01,3.018480e-01,3.118130e-01,3.217581e-01,3.317321e-01,3.416651e-01,3.515227e-01,3.612581e-01,3.709514e-01,3.805474e-01,3.898797e-01,3.989426e-01,4.078320e-01,4.164072e-01,4.246947e-01,4.327426e-01,4.403920e-01,4.475553e-01,4.544515e-01,4.608772e-01,4.670066e-01,4.726702e-01,4.780159e-01,4.828763e-01,4.873512e-01,4.914856e-01,4.952153e-01,4.989293e-01,5.026886e-01,5.065294e-01,5.103644e-01,5.142673e-01,5.181510e-01,5.220423e-01,5.259811e-01,5.298683e-01,5.337854e-01,5.375839e-01,5.413885e-01,5.451421e-01,5.487843e-01,5.523981e-01,5.559210e-01,5.593395e-01,5.625896e-01,5.657560e-01,5.687724e-01,5.716213e-01,5.742913e-01,5.767866e-01,5.790472e-01,5.810779e-01,5.828591e-01,5.843826e-01,5.856299e-01,5.865620e-01,5.872169e-01,5.875719e-01,5.880151e-01,5.884321e-01,5.888497e-01,5.892742e-01,5.896722e-01,5.900979e-01,5.904611e-01,5.908820e-01,5.913120e-01,5.916788e-01,5.921078e-01,5.924758e-01,5.928740e-01,5.932411e-01,5.936106e-01,5.940432e-01,5.944139e-01,5.947597e-01,5.951380e-01,5.954827e-01,5.958258e-01,5.961781e-01,5.964676e-01,5.968120e-01,5.971568e-01,5.975069e-01,5.978568e-01,5.981420e-01,5.984886e-01,5.987766e-01,5.990886e-01,5.994602e-01,5.997730e-01,6.000862e-01,6.003976e-01,6.007073e-01,6.010194e-01,6.013601e-01,6.016730e-01,6.019778e-01,6.023090e-01,6.025609e-01,6.028972e-01,6.031948e-01,6.034272e-01,6.037340e-01,6.040368e-01,6.042882e-01,6.045006e-01,6.047154e-01,6.049496e-01,6.051255e-01,6.053229e-01,6.055834e-01,6.057726e-01,6.059462e-01,6.061507e-01,6.064077e-01,6.066083e-01,6.068133e-01,6.070429e-01,6.072439e-01,6.074760e-01,6.077084e-01,6.079310e-01,6.081659e-01,6.084254e-01,6.086520e-01,6.089164e-01,6.091766e-01,6.093734e-01,6.096340e-01,6.098355e-01,6.100944e-01,6.103492e-01,6.105455e-01,6.108095e-01,6.110030e-01,6.112652e-01,6.114657e-01,6.116970e-01,6.118977e-01,6.120716e-01,6.122310e-01,6.124608e-01,6.126328e-01,6.127801e-01,6.129589e-01,6.131643e-01,6.132928e-01,6.134361e-01,6.135838e-01,6.136933e-01,6.138346e-01,6.139722e-01,6.141091e-01,6.142550e-01,6.143965e-01,6.145482e-01,6.146544e-01,6.148255e-01,6.150092e-01,6.152035e-01,6.153394e-01,6.155405e-01,6.157587e-01,6.159445e-01,6.161081e-01,6.163076e-01,6.164900e-01,6.166495e-01,6.167883e-01,6.169845e-01,6.171190e-01,6.173057e-01,6.174366e-01,6.176370e-01,6.177629e-01,6.178702e-01,6.179715e-01,6.180677e-01,6.181685e-01,6.182744e-01,6.183864e-01,6.184895e-01,6.185791e-01,6.186717e-01,6.187794e-01,6.188872e-01,6.189837e-01,6.190861e-01,6.192036e-01,6.193347e-01,6.194598e-01,6.195708e-01,6.196502e-01,6.197461e-01,6.198940e-01,6.200142e-01,6.200944e-01,6.201635e-01,6.202348e-01,6.203281e-01,6.204123e-01,6.204859e-01,6.205657e-01,6.206169e-01,6.205686e-01,6.205806e-01,6.206202e-01,6.206548e-01,6.206718e-01,6.207012e-01,6.206794e-01,6.205894e-01,6.205285e-01,6.204951e-01,6.205181e-01,6.204288e-01,6.202264e-01,6.201431e-01,6.200873e-01,6.200203e-01,6.199088e-01,6.197969e-01,6.197300e-01,6.196798e-01,6.194611e-01,6.189465e-01,6.187062e-01,6.185446e-01,6.183048e-01,6.180374e-01,6.177982e-01,6.176261e-01,6.174487e-01,6.173437e-01,6.172992e-01,6.171667e-01,6.169731e-01,6.169796e-01,6.170747e-01,6.171638e-01,6.172146e-01,6.172760e-01,6.173491e-01,6.174614e-01,6.175227e-01,6.176073e-01,6.176856e-01,6.177192e-01,6.177761e-01,6.177820e-01,6.178325e-01,6.179054e-01,6.179843e-01,6.180572e-01,6.182024e-01,6.183252e-01,6.184705e-01,6.185936e-01,6.187946e-01,6.189681e-01,6.191639e-01,6.193590e-01,6.195775e-01,6.198242e-01,6.200260e-01,6.202667e-01,6.205083e-01,6.207718e-01,6.209744e-01,6.211877e-01,6.214356e-01,6.216718e-01,6.218855e-01,6.221283e-01,6.223650e-01,6.225736e-01,6.227823e-01,6.230194e-01,6.232058e-01,6.234149e-01,6.236242e-01,6.238563e-01,6.240537e-01,6.242918e-01,6.245529e-01,6.247792e-01,6.250406e-01,6.252673e-01,6.255064e-01,6.257391e-01,6.260300e-01,6.262631e-01,6.265024e-01,6.267359e-01,6.270155e-01,6.272723e-01,6.275294e-01,6.277578e-01,6.280153e-01,6.282441e-01,6.284500e-01,6.286560e-01,6.288618e-01,6.290623e-01,6.293084e-01,6.294860e-01,6.296108e-01,6.297358e-01,6.298673e-01,6.300386e-01,6.302100e-01,6.303814e-01,6.305298e-01,6.307014e-01,6.308499e-01,6.309984e-01,6.311404e-01,6.313182e-01,6.314437e-01,6.315918e-01,6.317233e-01,6.318716e-01,6.320432e-01,6.321982e-01,6.323695e-01,6.325473e-01,6.327019e-01,6.329087e-01,6.330629e-01,6.332692e-01,6.334283e-01,6.336108e-01,6.337989e-01,6.339576e-01,6.341447e-01,6.343191e-01,6.344996e-01,6.346857e-01,6.348423e-01,6.350038e-01,6.351593e-01,6.352913e-01,6.354456e-01,6.356000e-01,6.356933e-01,6.357939e-01,6.358933e-01,6.359622e-01,6.360609e-01,6.361292e-01,6.361605e-01,6.361804e-01,6.362238e-01,6.362895e-01,6.363254e-01,6.363904e-01,6.364011e-01,6.364178e-01,6.364345e-01,6.364498e-01,6.364887e-01,6.365034e-01,6.365344e-01,6.365479e-01,6.365609e-01,6.365498e-01,6.365381e-01,6.365428e-01,6.365769e-01,6.365871e-01,6.365731e-01,6.365351e-01,6.364965e-01,6.364273e-01,6.364345e-01,6.364412e-01,6.364475e-01,6.364070e-01,6.363665e-01,6.363664e-01,6.363728e-01,6.363559e-01,6.363155e-01,6.362517e-01,6.362283e-01,6.362349e-01,6.362181e-01,6.361544e-01,6.360843e-01,6.361144e-01,6.361848e-01,6.362149e-01,6.361514e-01,6.360880e-01,6.360780e-01,6.360380e-01,6.359983e-01,6.359184e-01,6.358385e-01,6.358054e-01,6.357957e-01,6.356928e-01,6.354671e-01,6.352249e-01,6.350526e-01,6.348806e-01,6.346160e-01,6.341135e-01,6.335726e-01,6.330723e-01,6.326193e-01,6.321843e-01,6.317331e-01,6.311388e-01,6.303476e-01,6.292797e-01,6.282390e-01,6.274956e-01,6.268444e-01,6.260158e-01,6.248725e-01,6.236953e-01,6.228774e-01,6.223049e-01,6.218000e-01,6.212082e-01,6.205084e-01,6.198762e-01,6.192699e-01,6.186411e-01,6.182595e-01,6.180953e-01,6.179313e-01,6.177960e-01,6.176609e-01,6.175258e-01,6.174195e-01,6.173133e-01,6.174231e-01,6.173170e-01,6.174228e-01,6.175613e-01,6.176714e-01,6.175655e-01,6.176757e-01,6.177573e-01,6.178389e-01,6.177046e-01,6.175419e-01,6.175950e-01,6.176482e-01,6.176727e-01,6.177258e-01,6.177790e-01,6.175879e-01,6.176410e-01,6.176942e-01,6.177434e-01,6.175810e-01,6.176343e-01,6.174721e-01,6.175253e-01,6.176072e-01,6.176318e-01,6.174698e-01,6.175231e-01,6.175478e-01,6.176011e-01,6.174106e-01,6.174353e-01,6.174600e-01,6.174847e-01,6.174807e-01,6.175054e-01,6.175300e-01,6.177698e-01,6.177945e-01,6.178192e-01,6.178438e-01,6.178685e-01,6.178932e-01,6.177704e-01,6.180102e-01,6.180349e-01,6.180596e-01,6.180843e-01,6.181766e-01,6.181725e-01,6.184125e-01,6.184372e-01,6.183142e-01,6.183101e-01,6.185790e-01,6.186714e-01,6.186920e-01,6.188132e-01,6.188668e-01,6.189204e-01,6.188550e-01,6.189375e-01,6.190877e-01,6.191703e-01,6.191050e-01,6.192165e-01,6.193669e-01,6.193307e-01,6.196581e-01,6.195929e-01,6.197047e-01,6.198514e-01,6.199343e-01,6.200851e-01,6.200200e-01,6.201030e-01,6.200089e-01,6.200629e-01,6.201848e-01,6.200617e-01,6.203026e-01,6.201795e-01,6.202723e-01,6.202682e-01,6.201451e-01,6.202379e-01,6.202629e-01,6.201399e-01,6.202286e-01,6.202827e-01,6.204046e-01,6.203107e-01,6.203649e-01,6.202711e-01,6.203253e-01,6.202316e-01,6.201671e-01,6.204369e-01,6.203433e-01,6.202789e-01,6.205487e-01,6.204551e-01,6.205094e-01,6.204159e-01,6.203225e-01,6.203769e-01,6.202503e-01,6.203047e-01,6.201823e-01,6.200216e-01,6.198994e-01,6.197099e-01,6.195879e-01,6.193987e-01,6.192478e-01,6.192730e-01,6.189374e-01,6.189626e-01,6.187740e-01,6.184392e-01,6.182474e-01,6.180595e-01,6.179387e-01,6.177511e-01,6.175638e-01,6.174433e-01,6.172563e-01,6.170694e-01,6.168827e-01,6.165511e-01,6.163649e-01,6.161789e-01,6.159930e-01,6.155966e-01,6.154113e-01,6.150160e-01,6.148312e-01,6.147906e-01,6.141091e-01,6.140687e-01,6.138192e-01,6.135699e-01,6.131125e-01,6.127214e-01,6.122657e-01,6.118760e-01,6.114870e-01,6.112405e-01,6.106463e-01,6.102595e-01,6.096678e-01,6.092183e-01,6.086293e-01,6.080418e-01,6.074558e-01,6.068713e-01,6.062856e-01,6.053636e-01,6.047212e-01,6.038053e-01,6.032300e-01,6.026561e-01,6.020212e-01,6.013879e-01,6.002873e-01,5.993267e-01,5.983700e-01,5.977466e-01,5.969912e-01,5.962993e-01,5.953276e-01,5.940621e-01,5.928033e-01,5.918128e-01,5.906255e-01,5.897629e-01,5.889036e-01,5.883909e-01,5.875632e-01,5.867385e-01,5.858584e-01,5.846692e-01,5.833020e-01,5.818172e-01,5.804665e-01,5.792373e-01,5.784988e-01,5.772801e-01,5.764918e-01,5.753802e-01,5.744513e-01,5.733495e-01,5.725494e-01,5.714568e-01,5.706633e-01,5.696442e-01,5.692531e-01,5.690065e-01,5.685230e-01,5.674245e-01,5.661063e-01,5.651075e-01,5.640882e-01,5.627889e-01,5.617272e-01,5.603117e-01,5.587537e-01,5.569045e-01,5.546334e-01,5.520605e-01,5.498113e-01,5.469030e-01,5.435645e-01,5.406855e-01,5.372934e-01,5.339599e-01,5.301210e-01,5.274100e-01,5.228731e-01,5.180976e-01,5.127375e-01,5.082088e-01,5.018535e-01,4.955288e-01,4.893987e-01,4.824963e-01,4.775472e-01,4.706559e-01,4.641555e-01,4.577707e-01,4.506657e-01,4.436774e-01,4.390205e-01,4.334136e-01,4.261960e-01,4.200990e-01,4.140843e-01,4.091738e-01,4.035063e-01,3.979544e-01,3.926806e-01,3.882741e-01,3.845656e-01,3.802202e-01,3.759837e-01,3.725449e-01,3.684284e-01,3.650265e-01,3.616942e-01,3.584824e-01,3.559195e-01,3.534094e-01,3.508276e-01,3.483204e-01,3.458648e-01,3.439533e-01,3.421390e-01,3.402790e-01,3.384002e-01,3.365914e-01,3.353170e-01,3.335507e-01,3.317999e-01,3.305662e-01,3.293429e-01,3.286587e-01,3.274959e-01,3.263315e-01,3.256947e-01,3.245885e-01,3.239544e-01,3.233881e-01,3.227646e-01,3.221710e-01,3.216119e-01,3.210284e-01,3.204421e-01,3.198793e-01,3.197793e-01,3.192243e-01,3.191879e-01,3.191515e-01,3.191202e-01,3.186256e-01,3.185580e-01,3.185583e-01,3.185221e-01,3.190065e-01,3.189753e-01,3.189812e-01,3.189293e-01,3.193942e-01,3.193421e-01,3.198397e-01,3.203072e-01,3.208449e-01,3.208616e-01,3.213053e-01,3.222446e-01,3.227677e-01,3.232763e-01,3.242330e-01,3.251906e-01,3.261923e-01,3.276468e-01,3.286648e-01,3.297067e-01,3.311664e-01,3.321569e-01,3.336748e-01,3.351908e-01,3.362130e-01,3.382736e-01,3.393522e-01,3.409250e-01,3.425075e-01,3.436470e-01,3.458144e-01,3.468704e-01,3.484441e-01,3.500777e-01,3.517612e-01,3.528962e-01,3.545699e-01,3.562669e-01,3.574741e-01,3.598315e-01,3.610239e-01,3.628250e-01,3.646941e-01,3.664694e-01,3.677901e-01,3.696289e-01,3.716575e-01,3.735836e-01,3.749225e-01,3.768665e-01,3.788984e-01,3.802198e-01,3.823324e-01,3.838218e-01,3.860192e-01,3.874380e-01,3.889231e-01,3.911165e-01,3.925834e-01,3.940625e-01,3.963863e-01,3.978973e-01,3.994727e-01,4.010557e-01,4.026064e-01,4.049378e-01,4.058486e-01,4.082824e-01,4.099990e-01,4.108250e-01,4.124546e-01,4.150339e-01,4.159800e-01,4.177126e-01,4.194518e-01,4.212170e-01,4.230048e-01,4.239484e-01,4.257560e-01,4.275429e-01,4.284586e-01,4.303316e-01,4.313438e-01,4.331315e-01,4.350663e-01,4.360508e-01,4.380778e-01,4.390662e-01,4.408610e-01,4.418630e-01,4.438847e-01,4.448789e-01,4.458837e-01,4.478622e-01,4.489258e-01,4.499332e-01,4.518663e-01,4.529335e-01,4.539608e-01,4.549755e-01,4.570734e-01,4.581036e-01,4.591389e-01,4.602449e-01,4.612910e-01,4.623422e-01,4.635375e-01,4.645670e-01,4.652444e-01,4.662041e-01,4.671002e-01,4.680286e-01,4.689171e-01,4.699327e-01,4.707154e-01,4.718676e-01,4.726623e-01,4.736407e-01,4.743850e-01,4.752998e-01,4.762328e-01,4.771745e-01,4.780078e-01,4.790298e-01,4.800028e-01,4.806547e-01,4.818035e-01,4.823818e-01,4.833091e-01,4.841654e-01,4.848891e-01,4.857705e-01,4.866530e-01,4.876434e-01,4.882731e-01,4.891523e-01,4.899492e-01,4.906514e-01,4.911369e-01,4.919207e-01,4.925289e-01,4.935415e-01,4.943379e-01,4.951988e-01,4.962276e-01,4.970156e-01,4.975106e-01,4.982642e-01,4.988468e-01,4.995196e-01,5.002543e-01,5.009876e-01,5.015414e-01,5.023291e-01,5.029431e-01,5.036885e-01,5.043095e-01,5.049099e-01,5.052395e-01,5.059886e-01,5.062720e-01,5.068594e-01,5.073567e-01,5.080754e-01,5.085785e-01,5.091682e-01,5.095439e-01,5.100500e-01,5.104238e-01,5.110621e-01,5.113069e-01,5.118576e-01,5.124582e-01,5.129672e-01,5.136120e-01,5.139912e-01,5.143248e-01,5.148405e-01,5.150889e-01,5.155150e-01,5.157640e-01,5.161912e-01,5.162161e-01,5.167576e-01,5.171023e-01,5.176208e-01,5.177825e-01,5.181680e-01,5.184222e-01,5.188086e-01,5.187637e-01,5.192208e-01,5.194535e-01,5.198615e-01,5.200444e-01,5.204533e-01,5.205939e-01,5.209532e-01,5.208649e-01,5.213684e-01,5.213226e-01,5.213421e-01,5.213872e-01,5.215933e-01,5.212449e-01,5.213576e-01,5.211534e-01,5.212886e-01,5.208479e-01,5.207317e-01,5.205708e-01,5.204973e-01,5.202014e-01,5.199930e-01,5.197177e-01,5.196447e-01,5.192077e-01,5.191349e-01,5.186990e-01,5.185149e-01,5.185397e-01,5.196457e-01,5.192091e-01,5.191167e-01,5.188182e-01,5.185001e-01,5.180885e-01,5.178633e-01,5.175445e-01,5.172705e-01,5.168615e-01,5.165469e-01,5.158941e-01,5.156200e-01,5.152852e-01,5.147679e-01,5.143445e-01,5.139606e-01,5.132527e-01,5.130039e-01,5.124294e-01,5.120780e-01,5.117245e-01,5.114123e-01,5.107562e-01,5.104049e-01,5.097970e-01,5.093621e-01,5.089254e-01,5.082341e-01,5.076752e-01,5.072021e-01,5.064767e-01,5.060487e-01,5.056261e-01,5.051576e-01,5.046535e-01,5.041871e-01,5.035112e-01,5.032213e-01,5.026800e-01,5.020939e-01,5.015095e-01,5.011164e-01,5.005347e-01,5.002460e-01,4.997508e-01,4.994662e-01,4.988124e-01,4.984425e-01,4.978129e-01,4.974309e-01,4.970465e-01,4.966249e-01,4.962042e-01,4.959047e-01,4.953686e-01,4.952936e-01,4.950025e-01,4.947285e-01,4.943938e-01,4.944039e-01,4.941784e-01,4.941066e-01,4.936399e-01,4.935310e-01,4.936227e-01,4.932386e-01,4.930112e-01,4.927399e-01,4.923947e-01,4.920708e-01,4.917669e-01,4.915181e-01,4.909974e-01,4.904551e-01,4.900106e-01,4.895739e-01,4.888986e-01,4.884575e-01,4.879811e-01,4.873110e-01,4.865076e-01,4.859006e-01,4.855602e-01,4.849201e-01,4.842039e-01,4.834902e-01,4.828920e-01,4.824655e-01,4.817224e-01,4.812831e-01,4.808599e-01,4.805343e-01,4.799446e-01,4.795091e-01,4.791856e-01,4.789388e-01,4.786162e-01,4.782793e-01,4.780336e-01,4.781045e-01,4.782661e-01,4.778542e-01,4.777738e-01,4.776587e-01,4.774682e-01,4.776691e-01,4.776643e-01,4.775084e-01,4.774282e-01,4.773035e-01,4.772233e-01,4.769173e-01,4.767213e-01,4.763410e-01,4.760706e-01,4.758413e-01,4.758710e-01,4.758258e-01,4.757022e-01,4.758753e-01,4.758239e-01,4.758878e-01,4.758427e-01,4.759608e-01,4.759806e-01,4.761538e-01,4.764917e-01,4.765902e-01,4.767232e-01,4.770782e-01,4.771915e-01,4.774900e-01,4.775889e-01,4.778534e-01,4.779289e-01,4.779880e-01,4.779159e-01,4.778848e-01,4.778338e-01,4.777482e-01,4.776182e-01,4.776772e-01,4.777016e-01,4.779461e-01,4.777094e-01,4.777304e-01,4.776447e-01,4.775937e-01,4.778034e-01,4.776768e-01,4.776257e-01,4.777045e-01,4.775946e-01,4.776943e-01,4.776631e-01,4.775420e-01,4.771408e-01,4.770953e-01,4.769024e-01,4.767068e-01,4.760260e-01,4.757828e-01,4.754312e-01,4.749683e-01,4.746584e-01,4.743491e-01,4.736963e-01,4.731700e-01,4.726149e-01,4.716950e-01,4.708188e-01,4.696394e-01,4.682137e-01,4.674050e-01,4.665244e-01,4.655802e-01,4.635927e-01,4.615546e-01,4.606106e-01,4.587206e-01,4.557899e-01,4.538059e-01,4.519595e-01,4.491717e-01,4.463533e-01,4.435779e-01,4.407601e-01,4.380395e-01,4.335241e-01,4.308452e-01,4.247206e-01,4.203675e-01,4.154921e-01,4.115091e-01,4.060167e-01,4.016199e-01,3.958392e-01,3.905740e-01,3.825032e-01,3.759897e-01,3.697257e-01,3.624680e-01,3.560354e-01,3.481683e-01,3.410676e-01,3.298400e-01,3.216140e-01,3.134110e-01,3.056336e-01,2.963412e-01,2.886432e-01,2.765953e-01,2.680387e-01,2.599702e-01,2.520964e-01,2.438492e-01,2.337863e-01,2.260211e-01,2.191745e-01,2.125467e-01,2.059190e-01,1.979808e-01,1.922224e-01,1.870848e-01,1.823638e-01,1.782659e-01,1.722476e-01,1.687013e-01,1.654019e-01,1.619669e-01,1.584655e-01,1.551000e-01,1.528909e-01,1.507439e-01,1.486537e-01,1.466156e-01,1.446389e-01,1.436082e-01,1.417242e-01,1.407506e-01,1.389381e-01,1.380304e-01,1.371221e-01,1.362471e-01,1.353902e-01,1.345492e-01,1.337230e-01,1.336921e-01,1.328555e-01,1.328242e-01,1.320255e-01,1.319794e-01,1.319591e-01,1.319456e-01,1.311511e-01,1.311316e-01,1.311056e-01,1.310913e-01,1.318448e-01,1.318396e-01,1.318243e-01,1.317923e-01,1.325489e-01,1.325427e-01,1.333242e-01,1.333195e-01,1.340985e-01,1.348991e-01,1.349062e-01,1.357272e-01,1.365532e-01,1.373891e-01,1.382574e-01,1.382716e-01,1.391464e-01,1.400477e-01,1.409380e-01,1.418495e-01,1.427557e-01,1.436854e-01,1.446374e-01,1.455845e-01,1.465436e-01,1.475191e-01,1.485030e-01,1.494932e-01,1.505068e-01,1.515297e-01,1.525522e-01,1.535991e-01,1.556965e-01,1.557198e-01,1.578930e-01,1.590158e-01,1.590549e-01,1.609678e-01,1.621135e-01,1.635208e-01,1.645024e-01,1.661833e-01,1.671745e-01,1.680589e-01,1.697119e-01,1.708666e-01,1.723090e-01,1.733781e-01,1.751192e-01,1.760783e-01,1.777268e-01,1.788819e-01,1.798940e-01,1.816035e-01,1.827815e-01,1.844180e-01,1.854622e-01,1.871154e-01,1.881852e-01,1.897410e-01,1.909972e-01,1.923980e-01,1.935154e-01,1.951438e-01,1.962934e-01,1.977850e-01,1.989349e-01,2.004912e-01,2.015404e-01,2.031228e-01,2.043316e-01,2.052206e-01,2.068597e-01,2.085253e-01,2.096292e-01,2.111203e-01,2.122518e-01,2.137656e-01,2.147111e-01,2.162883e-01,2.172281e-01,2.186069e-01,2.195733e-01,2.212005e-01,2.221756e-01,2.235644e-01,2.245155e-01,2.259953e-01,2.267349e-01,2.280119e-01,2.290019e-01,2.302317e-01,2.317090e-01,2.323343e-01,2.336009e-01,2.344010e-01,2.357669e-01,2.361710e-01,2.374807e-01,2.386345e-01,2.394703e-01,2.403913e-01,2.410653e-01,2.424312e-01,2.428589e-01,2.440669e-01,2.450245e-01,2.457254e-01,2.466963e-01,2.471396e-01,2.483069e-01,2.495712e-01,2.500160e-01,2.510221e-01,2.514814e-01,2.522208e-01,2.532452e-01,2.537129e-01,2.547498e-01,2.554192e-01,2.561918e-01,2.569691e-01,2.574608e-01,2.582554e-01,2.595425e-01,2.597476e-01,2.610593e-01,2.612668e-01,2.625751e-01,2.636013e-01,2.640128e-01,2.650409e-01,2.660677e-01,2.667898e-01,2.677229e-01,2.687715e-01,2.695090e-01,2.702410e-01,2.715325e-01,2.719603e-01,2.729508e-01,2.740526e-01,2.747373e-01,2.755194e-01,2.768942e-01,2.773599e-01,2.784015e-01,2.792255e-01,2.799357e-01,2.809985e-01,2.818279e-01,2.823106e-01,2.833804e-01,2.842140e-01,2.849415e-01,2.854247e-01,2.865192e-01,2.873720e-01,2.881045e-01,2.885989e-01,2.897203e-01,2.902205e-01,2.909789e-01,2.918596e-01,2.926269e-01,2.931390e-01,2.939241e-01,2.948234e-01,2.956069e-01,2.961175e-01,2.969083e-01,2.978175e-01,2.982233e-01,2.994115e-01,2.999360e-01,3.007372e-01,3.011403e-01,3.019500e-01,3.024729e-01,3.032885e-01,3.041087e-01,3.042394e-01,3.050668e-01,3.058972e-01,3.063151e-01,3.068655e-01,3.072862e-01,3.081294e-01,3.085556e-01,3.094061e-01,3.102617e-01,3.111222e-01,3.112594e-01,3.121257e-01,3.125752e-01,3.134493e-01,3.138893e-01,3.143305e-01,3.149137e-01,3.153464e-01,3.157920e-01,3.166852e-01,3.171231e-01,3.175643e-01,3.176958e-01,3.186005e-01,3.190323e-01,3.194792e-01,3.196125e-01,3.200591e-01,3.204953e-01,3.206195e-01,3.210692e-01,3.215084e-01,3.219489e-01,3.223908e-01,3.228339e-01,3.229602e-01,3.229261e-01,3.233710e-01,3.238172e-01,3.242648e-01,3.247156e-01,3.251538e-01,3.256055e-01,3.255710e-01,3.260118e-01,3.264539e-01,3.268872e-01,3.268403e-01,3.272728e-01,3.276945e-01,3.276370e-01,3.280475e-01,3.284593e-01,3.283875e-01,3.291338e-01,3.290513e-01,3.294663e-01,3.293817e-01,3.301337e-01,3.300630e-01,3.304812e-01,3.307460e-01,3.311664e-01,3.311060e-01,3.318692e-01,3.317962e-01,3.320637e-01,3.324882e-01,3.332465e-01,3.335044e-01,3.339208e-01,3.341800e-01,3.340937e-01,3.348466e-01,3.347616e-01,3.355309e-01,3.357935e-01,3.357064e-01,3.364938e-01,3.364192e-01,3.367105e-01,3.369882e-01,3.369388e-01,3.372425e-01,3.375469e-01,3.374987e-01,3.378292e-01,3.377923e-01,3.386427e-01,3.386199e-01,3.389656e-01,3.393121e-01,3.393134e-01,3.396735e-01,3.396762e-01,3.400500e-01,3.400642e-01,3.404389e-01,3.404545e-01,3.408300e-01,3.408572e-01,3.412465e-01,3.412751e-01,3.413023e-01,3.416926e-01,3.411908e-01,3.412193e-01,3.412595e-01,3.416496e-01,3.416769e-01,3.417054e-01,3.417457e-01,3.417730e-01,3.414372e-01,3.409377e-01,3.409649e-01,3.406308e-01,3.402846e-01,3.394290e-01,3.394572e-01,3.391135e-01,3.384143e-01,3.375688e-01,3.372292e-01,3.365394e-01,3.356911e-01,3.349940e-01,3.346599e-01,3.334636e-01,3.327761e-01,3.315947e-01,3.309153e-01,3.294099e-01,3.287397e-01,3.272425e-01,3.265814e-01,3.254442e-01,3.244766e-01,3.233555e-01,3.219327e-01,3.213058e-01,3.199018e-01,3.188244e-01,3.178975e-01,3.168341e-01,3.154706e-01,3.148702e-01,3.135241e-01,3.129309e-01,3.119018e-01,3.105702e-01,3.095455e-01,3.085277e-01,3.075168e-01,3.069356e-01,3.059238e-01,3.049302e-01,3.036588e-01,3.026802e-01,3.023985e-01,3.014282e-01,3.007423e-01,2.993800e-01,2.987149e-01,2.977685e-01,2.974959e-01,2.968282e-01,2.961523e-01,2.954906e-01,2.945537e-01,2.938991e-01,2.932365e-01,2.923139e-01,2.913971e-01,2.903673e-01,2.897202e-01,2.884353e-01,2.875426e-01,2.869082e-01,2.862765e-01,2.850326e-01,2.844091e-01,2.837883e-01,2.831701e-01,2.821974e-01,2.813427e-01,2.803824e-01,2.797788e-01,2.791778e-01,2.785793e-01,2.776376e-01,2.770448e-01,2.761237e-01,2.757714e-01,2.748484e-01,2.744993e-01,2.738147e-01,2.736878e-01,2.730072e-01,2.726625e-01,2.722040e-01,2.720783e-01,2.710655e-01,2.711665e-01,2.704877e-01,2.700361e-01,2.696882e-01,2.694621e-01,2.691054e-01,2.684274e-01,2.676605e-01,2.673082e-01,2.668564e-01,2.661877e-01,2.655222e-01,2.653916e-01,2.642020e-01,2.635360e-01,2.631934e-01,2.625419e-01,2.616740e-01,2.610295e-01,2.604837e-01,2.592315e-01,2.586927e-01,2.580620e-01,2.574439e-01,2.566175e-01,2.554184e-01,2.551044e-01,2.543021e-01,2.537106e-01,2.531219e-01,2.525357e-01,2.516690e-01,2.512839e-01,2.507154e-01,2.503331e-01,2.497687e-01,2.488404e-01,2.487530e-01,2.480992e-01,2.475446e-01,2.469925e-01,2.466302e-01,2.457339e-01,2.453753e-01,2.452030e-01,2.446609e-01,2.443052e-01,2.431498e-01,2.428076e-01,2.424571e-01,2.421075e-01,2.412340e-01,2.407088e-01,2.401858e-01,2.393975e-01,2.390563e-01,2.381974e-01,2.376849e-01,2.369123e-01,2.365689e-01,2.354745e-01,2.353752e-01,2.346169e-01,2.338659e-01,2.335307e-01,2.324630e-01,2.319649e-01,2.312273e-01,2.309020e-01,2.297027e-01,2.292157e-01,2.286565e-01,2.281737e-01,2.269958e-01,2.265109e-01,2.258060e-01,2.253289e-01,2.241759e-01,2.233127e-01,2.226213e-01,2.222980e-01,2.211604e-01,2.206897e-01,2.199962e-01,2.195214e-01,2.183932e-01,8.748881e-03,8.748881e-03,8.748881e-03,8.748881e-03,8.748881e-03,8.748881e-03,8.748881e-03,8.748881e-03,8.748881e-03,8.748881e-03,8.748881e-03,8.748881e-03,8.748881e-03,8.748881e-03,8.748881e-03,8.748881e-03,8.748881e-03,8.748881e-03,8.748881e-03,8.748881e-03,8.748881e-03,8.748881e-03,8.748881e-03,8.748881e-03,8.748881e-03,8.748881e-03,8.748881e-03,8.748881e-03,8.748881e-03,8.748881e-03,8.748881e-03,8.748881e-03,8.748881e-03,8.748881e-03,8.748881e-03,8.748881e-03,8.748881e-03,8.748881e-03,8.748881e-03,8.748881e-03,8.748881e-03,8.748881e-03,8.748881e-03,8.748881e-03,8.748881e-03,8.748881e-03,8.748881e-03,8.748881e-03,8.748881e-03,8.748881e-03,8.748881e-03,8.748881e-03,8.748881e-03,8.748881e-03,8.748881e-03,8.748881e-03,8.748881e-03,8.748881e-03,8.748881e-03,8.748881e-03,8.748881e-03,8.748881e-03,8.748881e-03,8.748881e-03,8.748881e-03,8.748881e-03,8.748881e-03,8.748881e-03,8.748881e-03,8.748881e-03,8.748881e-03,8.748881e-03,8.748881e-03,8.748881e-03,8.748881e-03,8.748881e-03,8.748881e-03,8.748881e-03,8.748881e-03,8.748881e-03,8.748881e-03,8.748881e-03,8.748881e-03,8.748881e-03,8.748881e-03,8.748881e-03,8.748881e-03,8.748881e-03,8.748881e-03,8.748881e-03,8.748881e-03,8.748881e-03,8.748881e-03,8.748881e-03,8.748881e-03,8.748881e-03,8.748881e-03,8.748881e-03,8.748881e-03,8.748881e-03,8.748881e-03,8.748881e-03,8.748881e-03,8.748881e-03,8.748881e-03,8.748881e-03,8.748881e-03,8.748881e-03,8.748881e-03,8.748881e-03,8.748881e-03,8.748881e-03,8.748881e-03,8.748881e-03,8.748881e-03,8.748881e-03,8.748881e-03,8.748881e-03,8.748881e-03,8.748881e-03,8.748881e-03,8.748881e-03,8.748881e-03,8.748881e-03,8.748881e-03,8.748881e-03,8.748881e-03,8.748881e-03,8.748881e-03,8.748881e-03,8.748881e-03,8.748881e-03,8.748881e-03,8.748881e-03,8.748881e-03,8.748881e-03,8.748881e-03,8.748881e-03,8.748881e-03,8.748881e-03,8.748881e-03,8.748881e-03,8.748881e-03,8.748881e-03,8.748881e-03,8.748881e-03,8.748881e-03,8.748881e-03,8.748881e-03,8.748881e-03,8.748881e-03,8.748881e-03,8.748881e-03,8.748881e-03,8.748881e-03,8.748881e-03,8.748881e-03,8.748881e-03,8.748881e-03,8.748881e-03,8.748881e-03
5.596038e-03,5.589656e-03,5.581979e-03,5.574488e-03,5.567172e-03,5.560810e-03,5.553956e-03,5.547731e-03,5.542304e-03,5.535459e-03,5.529961e-03,5.523004e-03,5.518333e-03,5.513749e-03,5.507793e-03,5.503267e-03,5.498750e-03,5.494223e-03,5.491117e-03,5.487374e-03,5.484160e-03,5.480855e-03,5.478353e-03,5.476462e-03,5.475464e-03,5.473033e-03,5.471941e-03,5.472183e-03,5.471083e-03,5.470797e-03,5.471834e-03,5.471443e-03,5.473291e-03,5.473782e-03,5.475714e-03,5.477663e-03,5.478218e-03,5.480224e-03,5.483040e-03,5.483698e-03,5.485817e-03,5.488081e-03,5.489037e-03,5.490622e-03,5.491728e-03,5.493598e-03,5.495567e-03,5.495446e-03,5.497891e-03,5.499867e-03,5.500860e-03,5.503714e-03,5.506389e-03,5.509455e-03,5.512876e-03,5.516558e-03,5.521972e-03,5.526368e-03,5.529970e-03,5.535484e-03,5.539407e-03,5.543202e-03,5.547595e-03,5.550399e-03,5.554741e-03,5.558103e-03,5.562418e-03,5.566535e-03,5.568812e-03,5.572663e-03,5.576531e-03,5.578308e-03,5.580807e-03,5.584282e-03,5.585607e-03,5.589048e-03,5.592633e-03,5.597407e-03,5.600831e-03,5.606518e-03,5.612563e-03,5.619497e-03,5.628997e-03,5.639313e-03,5.650643e-03,5.665768e-03,5.682159e-03,5.699726e-03,5.722308e-03,5.747305e-03,5.775631e-03,5.806387e-03,5.844212e-03,5.886171e-03,5.934493e-03,5.988681e-03,6.052332e-03,6.124652e-03,6.206166e-03,6.300529e-03,6.408121e-03,6.527945e-03,6.662934e-03,6.814617e-03,6.986156e-03,7.175809e-03,7.387399e-03,7.622899e-03,7.882771e-03,8.163789e-03,8.473005e-03,8.810388e-03,9.174498e-03,9.571117e-03,9.995570e-03,1.043475e-02,1.089172e-02,1.135949e-02,1.183041e-02,1.229858e-02,1.275464e-02,1.318577e-02,1.359019e-02,1.395167e-02,1.426160e-02,1.451308e-02,1.469404e-02,1.482243e-02,1.489255e-02,1.490204e-02,1.486736e-02,1.479527e-02,1.470201e-02,1.455659e-02,1.439098e-02,1.420263e-02,1.400384e-02,1.379042e-02,1.358139e-02,1.336771e-02,1.317182e-02,1.296241e-02,1.276029e-02,1.258642e-02,1.241605e-02,1.227134e-02,1.213128e-02,1.201615e-02,1.190067e-02,1.179759e-02,1.170889e-02,1.161727e-02,1.153071e-02,1.144780e-02,1.136498e-02,1.127841e-02,1.118756e-02,1.110527e-02,1.101553e-02,1.092639e-02,1.084248e-02,1.076089e-02,1.066422e-02,1.056320e-02,1.045304e-02,1.033216e-02,1.020474e-02,1.006262e-02,9.921349e-03,9.774810e-03,9.626682e-03,9.479168e-03,9.334788e-03,9.196905e-03,9.066139e-03,8.941006e-03,8.825079e-03,8.716832e-03,8.618254e-03,8.525113e-03,8.438433e-03,8.356489e-03,8.280781e-03,8.209965e-03,8.145245e-03,8.082782e-03,8.026176e-03,7.974467e-03,7.927429e-03,7.881990e-03,7.843884e-03,7.808227e-03,7.777045e-03,7.744799e-03,7.719589e-03,7.697149e-03,7.675276e-03,7.655184e-03,7.634903e-03,7.613990e-03,7.588915e-03,7.563304e-03,7.536387e-03,7.505731e-03,7.468538e-03,7.431927e-03,7.389605e-03,7.342315e-03,7.293332e-03,7.241967e-03,7.189931e-03,7.136795e-03,7.084414e-03,7.031756e-03,6.978558e-03,6.928663e-03,6.880902e-03,6.836207e-03,6.795752e-03,6.759048e-03,6.728350e-03,6.698435e-03,6.675570e-03,6.655134e-03,6.640311e-03,6.626582e-03,6.615428e-03,6.608600e-03,6.603313e-03,6.598760e-03,6.592162e-03,6.586652e-03,6.577142e-03,6.561042e-03,6.543511e-03,6.519271e-03,6.490724e-03,6.453326e-03,6.413629e-03,6.370299e-03,6.326553e-03,6.279816e-03,6.233768e-03,6.187613e-03,6.143662e-03,6.101905e-03,6.065662e-03,6.031809e-03,6.001844e-03,5.978887e-03,5.957707e-03,5.941812e-03,5.925800e-03,5.912690e-03,5.898039e-03,5.883883e-03,5.867591e-03,5.850969e-03,5.832198e-03,5.812831e-03,5.793394e-03,5.775214e-03,5.756919e-03,5.742459e-03,5.730342e-03,5.719053e-03,5.711223e-03,5.704613e-03,5.700943e-03,5.698424e-03,5.697411e-03,5.697014e-03,5.697853e-03,5.698767e-03,5.701401e-03,5.703233e-03,5.706632e-03,5.709335e-03,5.713132e-03,5.718625e-03,5.723503e-03,5.732401e-03,5.741997e-03,5.757778e-03,5.779927e-03,5.812645e-03,5.859433e-03,5.929431e-03,6.026644e-03,6.164668e-03,6.353713e-03,6.606100e-03,6.934267e-03,7.355013e-03,7.875843e-03,8.496836e-03,9.234250e-03,1.009027e-02,1.106285e-02,1.213879e-02,1.332697e-02,1.462171e-02,1.599504e-02,1.744266e-02,1.896373e-02,2.054490e-02,2.218801e-02,2.388717e-02,2.564730e-02,2.751870e-02,2.942037e-02,3.138517e-02,3.342867e-02,3.554838e-02,3.776001e-02,4.004582e-02,4.243052e-02,4.489754e-02,4.745177e-02,5.010173e-02,5.297953e-02,5.581187e-02,5.874273e-02,6.170505e-02,6.479495e-02,6.796035e-02,7.120047e-02,7.450843e-02,7.786999e-02,8.127923e-02,8.472604e-02,8.819391e-02,9.171365e-02,9.526430e-02,9.874561e-02,1.022442e-01,1.057491e-01,1.092106e-01,1.125811e-01,1.159847e-01,1.193095e-01,1.223994e-01,1.255124e-01,1.284331e-01,1.313631e-01,1.340886e-01,1.368143e-01,1.393134e-01,1.417868e-01,1.440738e-01,1.463080e-01,1.484281e-01,1.505877e-01,1.529133e-01,1.551770e-01,1.575971e-01,1.599731e-01,1.623782e-01,1.649443e-01,1.674332e-01,1.700989e-01,1.725297e-01,1.751130e-01,1.777180e-01,1.801979e-01,1.828089e-01,1.854381e-01,1.880624e-01,1.905169e-01,1.930854e-01,1.956391e-01,1.981489e-01,2.005888e-01,2.029862e-01,2.052842e-01,2.074912e-01,2.096103e-01,2.115947e-01,2.134468e-01,2.151466e-01,2.166934e-01,2.177596e-01,2.190364e-01,2.203208e-01,2.216206e-01,2.229212e-01,2.242505e-01,2.256043e-01,2.267439e-01,2.281229e-01,2.295061e-01,2.306887e-01,2.321238e-01,2.333344e-01,2.345474e-01,2.357821e-01,2.370324e-01,2.385286e-01,2.398093e-01,2.410972e-01,2.423914e-01,2.437061e-01,2.450333e-01,2.463627e-01,2.474552e-01,2.488252e-01,2.502110e-01,2.515954e-01,2.530186e-01,2.541658e-01,2.556143e-01,2.567886e-01,2.579794e-01,2.594789e-01,2.606957e-01,2.619245e-01,2.631627e-01,2.644103e-01,2.656731e-01,2.669595e-01,2.682477e-01,2.695376e-01,2.708490e-01,2.718456e-01,2.731864e-01,2.745145e-01,2.754865e-01,2.768502e-01,2.782221e-01,2.795626e-01,2.805968e-01,2.816421e-01,2.830205e-01,2.840566e-01,2.851324e-01,2.865855e-01,2.876686e-01,2.887669e-01,2.898904e-01,2.913884e-01,2.925268e-01,2.936812e-01,2.948519e-01,2.960189e-01,2.972127e-01,2.984167e-01,2.996412e-01,3.008694e-01,3.021150e-01,3.033502e-01,3.046248e-01,3.059034e-01,3.067666e-01,3.080642e-01,3.089478e-01,3.102611e-01,3.115785e-01,3.125005e-01,3.138534e-01,3.147565e-01,3.161262e-01,3.170550e-01,3.184263e-01,3.193695e-01,3.203069e-01,3.212507e-01,3.226563e-01,3.236099e-01,3.245617e-01,3.255398e-01,3.269776e-01,3.279416e-01,3.289119e-01,3.298970e-01,3.308541e-01,3.318385e-01,3.328499e-01,3.338379e-01,3.348499e-01,3.358595e-01,3.368822e-01,3.374007e-01,3.384440e-01,3.395052e-01,3.405661e-01,3.411144e-01,3.421999e-01,3.433129e-01,3.443802e-01,3.449548e-01,3.460615e-01,3.471677e-01,3.477425e-01,3.483201e-01,3.494704e-01,3.500442e-01,3.511560e-01,3.517564e-01,3.529094e-01,3.534751e-01,3.540487e-01,3.546399e-01,3.551922e-01,3.557564e-01,3.563635e-01,3.569571e-01,3.575323e-01,3.580787e-01,3.586630e-01,3.592543e-01,3.598476e-01,3.604171e-01,3.609822e-01,3.615544e-01,3.621601e-01,3.627833e-01,3.633457e-01,3.638358e-01,3.643957e-01,3.649998e-01,3.655908e-01,3.661186e-01,3.665402e-01,3.670490e-01,3.675820e-01,3.680949e-01,3.686136e-01,3.691185e-01,3.695853e-01,3.699284e-01,3.702722e-01,3.707185e-01,3.711190e-01,3.715120e-01,3.719540e-01,3.723010e-01,3.724032e-01,3.726246e-01,3.729492e-01,3.733309e-01,3.735125e-01,3.733357e-01,3.735024e-01,3.737723e-01,3.739314e-01,3.740573e-01,3.741044e-01,3.742638e-01,3.744944e-01,3.742203e-01,3.733385e-01,3.730106e-01,3.729610e-01,3.726340e-01,3.722671e-01,3.719415e-01,3.717824e-01,3.716385e-01,3.716454e-01,3.717306e-01,3.716974e-01,3.714835e-01,3.717422e-01,3.722473e-01,3.726657e-01,3.730620e-01,3.734664e-01,3.739204e-01,3.745027e-01,3.749354e-01,3.755049e-01,3.760114e-01,3.764316e-01,3.769894e-01,3.773956e-01,3.778909e-01,3.784449e-01,3.790925e-01,3.796500e-01,3.803414e-01,3.810040e-01,3.817004e-01,3.823407e-01,3.831028e-01,3.838236e-01,3.846064e-01,3.853100e-01,3.861588e-01,3.870284e-01,3.878101e-01,3.886181e-01,3.895425e-01,3.904190e-01,3.912150e-01,3.920199e-01,3.929164e-01,3.937906e-01,3.946371e-01,3.955909e-01,3.964773e-01,3.973496e-01,3.982259e-01,3.991564e-01,3.999765e-01,4.008645e-01,4.017566e-01,4.027179e-01,4.035905e-01,4.045474e-01,4.055412e-01,4.064451e-01,4.074483e-01,4.083609e-01,4.093062e-01,4.101785e-01,4.112198e-01,4.121003e-01,4.129720e-01,4.138602e-01,4.148912e-01,4.158576e-01,4.168286e-01,4.177842e-01,4.187643e-01,4.197289e-01,4.206266e-01,4.215281e-01,4.223393e-01,4.233003e-01,4.242760e-01,4.251729e-01,4.258430e-01,4.265152e-01,4.272738e-01,4.280988e-01,4.289269e-01,4.297583e-01,4.305178e-01,4.313554e-01,4.321206e-01,4.328885e-01,4.335722e-01,4.343668e-01,4.350660e-01,4.357013e-01,4.363494e-01,4.369884e-01,4.377069e-01,4.384387e-01,4.391164e-01,4.397855e-01,4.403779e-01,4.410641e-01,4.416509e-01,4.423319e-01,4.428469e-01,4.434427e-01,4.439736e-01,4.444832e-01,4.449982e-01,4.455823e-01,4.461484e-01,4.466488e-01,4.471272e-01,4.475300e-01,4.479917e-01,4.483729e-01,4.488177e-01,4.492633e-01,4.495957e-01,4.499280e-01,4.502420e-01,4.505237e-01,4.508291e-01,4.511020e-01,4.513520e-01,4.514415e-01,4.516135e-01,4.518494e-01,4.520621e-01,4.522889e-01,4.523505e-01,4.523929e-01,4.524354e-01,4.524590e-01,4.525654e-01,4.525796e-01,4.526768e-01,4.526731e-01,4.526618e-01,4.525592e-01,4.524482e-01,4.524223e-01,4.524598e-01,4.524072e-01,4.522635e-01,4.520291e-01,4.517864e-01,4.514633e-01,4.513688e-01,4.512658e-01,4.511587e-01,4.508877e-01,4.506172e-01,4.505207e-01,4.504142e-01,4.502263e-01,4.499571e-01,4.496070e-01,4.494303e-01,4.493248e-01,4.491383e-01,4.487901e-01,4.485002e-01,4.484763e-01,4.486243e-01,4.486004e-01,4.482537e-01,4.479077e-01,4.476659e-01,4.474014e-01,4.470909e-01,4.466106e-01,4.461317e-01,4.458131e-01,4.455747e-01,4.450194e-01,4.440819e-01,4.430599e-01,4.422777e-01,4.414987e-01,4.404131e-01,4.386195e-01,4.366364e-01,4.348771e-01,4.332829e-01,4.317881e-01,4.302196e-01,4.282782e-01,4.256578e-01,4.222739e-01,4.190179e-01,4.167060e-01,4.146933e-01,4.121657e-01,4.087631e-01,4.052790e-01,4.028758e-01,4.011969e-01,3.997212e-01,3.980094e-01,3.960067e-01,3.942083e-01,3.924611e-01,3.906984e-01,3.895617e-01,3.890215e-01,3.884831e-01,3.879640e-01,3.874466e-01,3.869309e-01,3.864342e-01,3.859392e-01,3.860244e-01,3.855308e-01,3.856317e-01,3.857342e-01,3.858195e-01,3.853271e-01,3.854123e-01,3.854802e-01,3.855481e-01,3.850397e-01,3.845157e-01,3.845662e-01,3.846167e-01,3.846499e-01,3.847005e-01,3.847510e-01,3.842113e-01,3.842618e-01,3.843123e-01,3.843789e-01,3.838580e-01,3.839085e-01,3.833893e-01,3.834398e-01,3.835075e-01,3.835408e-01,3.830231e-01,3.830736e-01,3.831069e-01,3.831574e-01,3.826242e-01,3.826575e-01,3.826908e-01,3.827242e-01,3.827404e-01,3.827737e-01,3.828071e-01,3.834071e-01,3.834405e-01,3.834739e-01,3.835073e-01,3.835407e-01,3.835741e-01,3.834884e-01,3.840900e-01,3.841234e-01,3.841569e-01,3.841903e-01,3.846740e-01,3.846901e-01,3.852951e-01,3.853286e-01,3.852420e-01,3.852581e-01,3.858820e-01,3.863695e-01,3.864192e-01,3.869254e-01,3.869765e-01,3.870277e-01,3.869753e-01,3.870441e-01,3.875692e-01,3.876382e-01,3.875856e-01,3.876722e-01,3.881989e-01,3.881639e-01,3.888317e-01,3.887788e-01,3.888659e-01,3.894116e-01,3.894811e-01,3.900122e-01,3.899590e-01,3.900287e-01,3.899577e-01,3.900095e-01,3.905239e-01,3.904347e-01,3.910555e-01,3.909661e-01,3.914647e-01,3.914807e-01,3.913911e-01,3.918906e-01,3.919247e-01,3.918349e-01,3.923513e-01,3.924035e-01,3.929234e-01,3.928512e-01,3.929035e-01,3.928314e-01,3.928837e-01,3.928116e-01,3.927578e-01,3.934029e-01,3.933306e-01,3.932767e-01,3.939232e-01,3.938508e-01,3.939033e-01,3.938310e-01,3.937587e-01,3.938113e-01,3.937368e-01,3.937894e-01,3.936990e-01,3.931590e-01,3.930691e-01,3.925132e-01,3.924237e-01,3.918700e-01,3.917629e-01,3.917972e-01,3.911230e-01,3.911572e-01,3.906080e-01,3.899387e-01,3.894099e-01,3.888666e-01,3.887797e-01,3.882386e-01,3.876992e-01,3.876132e-01,3.870760e-01,3.865405e-01,3.860069e-01,3.853563e-01,3.848265e-01,3.842984e-01,3.837721e-01,3.826904e-01,3.821692e-01,3.810978e-01,3.805817e-01,3.801823e-01,3.788949e-01,3.784997e-01,3.775649e-01,3.766354e-01,3.751780e-01,3.741504e-01,3.727143e-01,3.717019e-01,3.706956e-01,3.698038e-01,3.682972e-01,3.673115e-01,3.658273e-01,3.644612e-01,3.630024e-01,3.615564e-01,3.601231e-01,3.587024e-01,3.573121e-01,3.553428e-01,3.535935e-01,3.516687e-01,3.503205e-01,3.489837e-01,3.473023e-01,3.456386e-01,3.433675e-01,3.412196e-01,3.391007e-01,3.375214e-01,3.358702e-01,3.345641e-01,3.325208e-01,3.300288e-01,3.275768e-01,3.253280e-01,3.232550e-01,3.216714e-01,3.201047e-01,3.190197e-01,3.174931e-01,3.159824e-01,3.142003e-01,3.120068e-01,3.094943e-01,3.069524e-01,3.045262e-01,3.026692e-01,3.015694e-01,2.997512e-01,2.984174e-01,2.966966e-01,2.953147e-01,2.936323e-01,2.923463e-01,2.907000e-01,2.894417e-01,2.876560e-01,2.864309e-01,2.852889e-01,2.840339e-01,2.824769e-01,2.804274e-01,2.787587e-01,2.771017e-01,2.751342e-01,2.733095e-01,2.709704e-01,2.687786e-01,2.663057e-01,2.633475e-01,2.599524e-01,2.571133e-01,2.532324e-01,2.488052e-01,2.450098e-01,2.403842e-01,2.356647e-01,2.302584e-01,2.262650e-01,2.203865e-01,2.145812e-01,2.085198e-01,2.036446e-01,1.970202e-01,1.907696e-01,1.847589e-01,1.782013e-01,1.736820e-01,1.674999e-01,1.617841e-01,1.564211e-01,1.506123e-01,1.451822e-01,1.415791e-01,1.374412e-01,1.322753e-01,1.280560e-01,1.240666e-01,1.208531e-01,1.172789e-01,1.139015e-01,1.107152e-01,1.081161e-01,1.060174e-01,1.035970e-01,1.012791e-01,9.942458e-02,9.727561e-02,9.553679e-02,9.385547e-02,9.223741e-02,9.097563e-02,8.974779e-02,8.854156e-02,8.736240e-02,8.621416e-02,8.535884e-02,8.453049e-02,8.371477e-02,8.289979e-02,8.210665e-02,8.157640e-02,8.081512e-02,8.005886e-02,7.955318e-02,7.905348e-02,7.880598e-02,7.832174e-02,7.784136e-02,7.760595e-02,7.714029e-02,7.690105e-02,7.667257e-02,7.644402e-02,7.621356e-02,7.598902e-02,7.576902e-02,7.554248e-02,7.532006e-02,7.531319e-02,7.509984e-02,7.510201e-02,7.510418e-02,7.511412e-02,7.490319e-02,7.490092e-02,7.491532e-02,7.491752e-02,7.514179e-02,7.515175e-02,7.516013e-02,7.516731e-02,7.538996e-02,7.539715e-02,7.562548e-02,7.585044e-02,7.609364e-02,7.610380e-02,7.633452e-02,7.678438e-02,7.702977e-02,7.726670e-02,7.773441e-02,7.819898e-02,7.868159e-02,7.939124e-02,7.988702e-02,8.038315e-02,8.112405e-02,8.162369e-02,8.239057e-02,8.315989e-02,8.369117e-02,8.474718e-02,8.530248e-02,8.612196e-02,8.696310e-02,8.754153e-02,8.869747e-02,8.928808e-02,9.016632e-02,9.107644e-02,9.200015e-02,9.263775e-02,9.358403e-02,9.455818e-02,9.523522e-02,9.657398e-02,9.727041e-02,9.831300e-02,9.939435e-02,1.004770e-01,1.012305e-01,1.023559e-01,1.035259e-01,1.047073e-01,1.055232e-01,1.067335e-01,1.079924e-01,1.088449e-01,1.101479e-01,1.110598e-01,1.124315e-01,1.133478e-01,1.142999e-01,1.157228e-01,1.167023e-01,1.176973e-01,1.192142e-01,1.202496e-01,1.213127e-01,1.223806e-01,1.234680e-01,1.251059e-01,1.257079e-01,1.274278e-01,1.286120e-01,1.292212e-01,1.304122e-01,1.322692e-01,1.329338e-01,1.342039e-01,1.355081e-01,1.368256e-01,1.381818e-01,1.388923e-01,1.402733e-01,1.416839e-01,1.424026e-01,1.438693e-01,1.446424e-01,1.461108e-01,1.476545e-01,1.484388e-01,1.500461e-01,1.508663e-01,1.524416e-01,1.532866e-01,1.549784e-01,1.558308e-01,1.567078e-01,1.584508e-01,1.593545e-01,1.602656e-01,1.620627e-01,1.630025e-01,1.639537e-01,1.649114e-01,1.668298e-01,1.678200e-01,1.688214e-01,1.698384e-01,1.708629e-01,1.718993e-01,1.729739e-01,1.739534e-01,1.746911e-01,1.756501e-01,1.766140e-01,1.776559e-01,1.785597e-01,1.796643e-01,1.804594e-01,1.817038e-01,1.825337e-01,1.834920e-01,1.843182e-01,1.852877e-01,1.862542e-01,1.872482e-01,1.881320e-01,1.891529e-01,1.901817e-01,1.909420e-01,1.921180e-01,1.928665e-01,1.938101e-01,1.947539e-01,1.955712e-01,1.964318e-01,1.974992e-01,1.985228e-01,1.993184e-01,2.002243e-01,2.010908e-01,2.019485e-01,2.025403e-01,2.034206e-01,2.041617e-01,2.052341e-01,2.061562e-01,2.069891e-01,2.081097e-01,2.089458e-01,2.095579e-01,2.102868e-01,2.109382e-01,2.116443e-01,2.124816e-01,2.133060e-01,2.138723e-01,2.146360e-01,2.153196e-01,2.161847e-01,2.168972e-01,2.174746e-01,2.177469e-01,2.186111e-01,2.189798e-01,2.195807e-01,2.201309e-01,2.209025e-01,2.214785e-01,2.220728e-01,2.224871e-01,2.230708e-01,2.234689e-01,2.242269e-01,2.244587e-01,2.251870e-01,2.258199e-01,2.264001e-01,2.271768e-01,2.275888e-01,2.281237e-01,2.287350e-01,2.289753e-01,2.295535e-01,2.297954e-01,2.303773e-01,2.304041e-01,2.310335e-01,2.313360e-01,2.319431e-01,2.321713e-01,2.326002e-01,2.328679e-01,2.332991e-01,2.334454e-01,2.339102e-01,2.341733e-01,2.347482e-01,2.351207e-01,2.357000e-01,2.359273e-01,2.366194e-01,2.366202e-01,2.372462e-01,2.373963e-01,2.377037e-01,2.378740e-01,2.382626e-01,2.381300e-01,2.384790e-01,2.382757e-01,2.386324e-01,2.384594e-01,2.385779e-01,2.385253e-01,2.387947e-01,2.385511e-01,2.386295e-01,2.385295e-01,2.387988e-01,2.386260e-01,2.388954e-01,2.387224e-01,2.388083e-01,2.388359e-01,2.394848e-01,2.393111e-01,2.394374e-01,2.393189e-01,2.392136e-01,2.390479e-01,2.389831e-01,2.388579e-01,2.389038e-01,2.387388e-01,2.386345e-01,2.382333e-01,2.382588e-01,2.381479e-01,2.379374e-01,2.377873e-01,2.377660e-01,2.372130e-01,2.373998e-01,2.370358e-01,2.369194e-01,2.367829e-01,2.367939e-01,2.364135e-01,2.362777e-01,2.357717e-01,2.356184e-01,2.354450e-01,2.349046e-01,2.345699e-01,2.342543e-01,2.335767e-01,2.334272e-01,2.330105e-01,2.326997e-01,2.322686e-01,2.319600e-01,2.314372e-01,2.312257e-01,2.306415e-01,2.301621e-01,2.296849e-01,2.294339e-01,2.289601e-01,2.287341e-01,2.282997e-01,2.280953e-01,2.273573e-01,2.270991e-01,2.263746e-01,2.260122e-01,2.256312e-01,2.251193e-01,2.246099e-01,2.242690e-01,2.236186e-01,2.234869e-01,2.229250e-01,2.224885e-01,2.220263e-01,2.218237e-01,2.213183e-01,2.210834e-01,2.202419e-01,2.198837e-01,2.197190e-01,2.189216e-01,2.184110e-01,2.179936e-01,2.173321e-01,2.166811e-01,2.161691e-01,2.157672e-01,2.149423e-01,2.142177e-01,2.136419e-01,2.128654e-01,2.120017e-01,2.114385e-01,2.107633e-01,2.099174e-01,2.089295e-01,2.081229e-01,2.077169e-01,2.068093e-01,2.058807e-01,2.049607e-01,2.041858e-01,2.035754e-01,2.025705e-01,2.018703e-01,2.012743e-01,2.007153e-01,1.999734e-01,1.992918e-01,1.987442e-01,1.982268e-01,1.976854e-01,1.970521e-01,1.965439e-01,1.963220e-01,1.962212e-01,1.955716e-01,1.952997e-01,1.949306e-01,1.945370e-01,1.944488e-01,1.942063e-01,1.939129e-01,1.936462e-01,1.934324e-01,1.931671e-01,1.928261e-01,1.926075e-01,1.922433e-01,1.920008e-01,1.916895e-01,1.915491e-01,1.913839e-01,1.911754e-01,1.912492e-01,1.912479e-01,1.912025e-01,1.910380e-01,1.910918e-01,1.910969e-01,1.911707e-01,1.913837e-01,1.914325e-01,1.915758e-01,1.917760e-01,1.919146e-01,1.921987e-01,1.922479e-01,1.924376e-01,1.924630e-01,1.925018e-01,1.924952e-01,1.924187e-01,1.923371e-01,1.921606e-01,1.920354e-01,1.920742e-01,1.920181e-01,1.922021e-01,1.919757e-01,1.919011e-01,1.917256e-01,1.916447e-01,1.917336e-01,1.916277e-01,1.915470e-01,1.915907e-01,1.914715e-01,1.914410e-01,1.913656e-01,1.911767e-01,1.908150e-01,1.906520e-01,1.902602e-01,1.900490e-01,1.891928e-01,1.888062e-01,1.883062e-01,1.876761e-01,1.871164e-01,1.865602e-01,1.857410e-01,1.849527e-01,1.841025e-01,1.831458e-01,1.821369e-01,1.808815e-01,1.792918e-01,1.783423e-01,1.773638e-01,1.763924e-01,1.744343e-01,1.724988e-01,1.715584e-01,1.697206e-01,1.669915e-01,1.651947e-01,1.634847e-01,1.609622e-01,1.584813e-01,1.560902e-01,1.537489e-01,1.514749e-01,1.478238e-01,1.457161e-01,1.409938e-01,1.377663e-01,1.341375e-01,1.312504e-01,1.273718e-01,1.242685e-01,1.203262e-01,1.166804e-01,1.114815e-01,1.074692e-01,1.037195e-01,9.951041e-02,9.592222e-02,9.167842e-02,8.801575e-02,8.239094e-02,7.846827e-02,7.467106e-02,7.118081e-02,6.713866e-02,6.393011e-02,5.906603e-02,5.575544e-02,5.275328e-02,4.991733e-02,4.704958e-02,4.365615e-02,4.115033e-02,3.900541e-02,3.698704e-02,3.502767e-02,3.274165e-02,3.114088e-02,2.975020e-02,2.849830e-02,2.744093e-02,2.591430e-02,2.504145e-02,2.424734e-02,2.343593e-02,2.262088e-02,2.185263e-02,2.136027e-02,2.088850e-02,2.043435e-02,1.999570e-02,1.957522e-02,1.936660e-02,1.896934e-02,1.877347e-02,1.839776e-02,1.821503e-02,1.803424e-02,1.785775e-02,1.768607e-02,1.751771e-02,1.735183e-02,1.735108e-02,1.718746e-02,1.718600e-02,1.702743e-02,1.702570e-02,1.702495e-02,1.702577e-02,1.686903e-02,1.686896e-02,1.686734e-02,1.686759e-02,1.702361e-02,1.702328e-02,1.702297e-02,1.702112e-02,1.717951e-02,1.717862e-02,1.734079e-02,1.734120e-02,1.750477e-02,1.767325e-02,1.767496e-02,1.784686e-02,1.802226e-02,1.820078e-02,1.838359e-02,1.838689e-02,1.857409e-02,1.876429e-02,1.895789e-02,1.915421e-02,1.935448e-02,1.955876e-02,1.976699e-02,1.997850e-02,2.019398e-02,2.041265e-02,2.063635e-02,2.086339e-02,2.109477e-02,2.133159e-02,2.157204e-02,2.181660e-02,2.231742e-02,2.232197e-02,2.284291e-02,2.311455e-02,2.312042e-02,2.359062e-02,2.387444e-02,2.422507e-02,2.446706e-02,2.489313e-02,2.514300e-02,2.536779e-02,2.579043e-02,2.609084e-02,2.646356e-02,2.674315e-02,2.720366e-02,2.745965e-02,2.790156e-02,2.820884e-02,2.848152e-02,2.895271e-02,2.927498e-02,2.972896e-02,3.002423e-02,3.049531e-02,3.080000e-02,3.124779e-02,3.161365e-02,3.203066e-02,3.236340e-02,3.284539e-02,3.319255e-02,3.364645e-02,3.400476e-02,3.447985e-02,3.480382e-02,3.529357e-02,3.568196e-02,3.596684e-02,3.648779e-02,3.702152e-02,3.738400e-02,3.787161e-02,3.824819e-02,3.875724e-02,3.908172e-02,3.961240e-02,3.994613e-02,4.042046e-02,4.076601e-02,4.133314e-02,4.169042e-02,4.219853e-02,4.256375e-02,4.309650e-02,4.339543e-02,4.391637e-02,4.430709e-02,4.478605e-02,4.535796e-02,4.566727e-02,4.617142e-02,4.650862e-02,4.709950e-02,4.733839e-02,4.787423e-02,4.840066e-02,4.876588e-02,4.921214e-02,4.956721e-02,5.014666e-02,5.041225e-02,5.098702e-02,5.146837e-02,5.185152e-02,5.234686e-02,5.263248e-02,5.316377e-02,5.379311e-02,5.409091e-02,5.462331e-02,5.493036e-02,5.535844e-02,5.591234e-02,5.623182e-02,5.680076e-02,5.715518e-02,5.761471e-02,5.808056e-02,5.842931e-02,5.890784e-02,5.955349e-02,5.977548e-02,6.043896e-02,6.066656e-02,6.134413e-02,6.189276e-02,6.215854e-02,6.271824e-02,6.328515e-02,6.371006e-02,6.417762e-02,6.476756e-02,6.520981e-02,6.565575e-02,6.630338e-02,6.660094e-02,6.710127e-02,6.774024e-02,6.809541e-02,6.857932e-02,6.928263e-02,6.960685e-02,7.014848e-02,7.066117e-02,7.103473e-02,7.160392e-02,7.213343e-02,7.248089e-02,7.306013e-02,7.360679e-02,7.401445e-02,7.437599e-02,7.498185e-02,7.555379e-02,7.596973e-02,7.634804e-02,7.699115e-02,7.737833e-02,7.781369e-02,7.842390e-02,7.886959e-02,7.928255e-02,7.973855e-02,8.037541e-02,8.084063e-02,8.126036e-02,8.173459e-02,8.240748e-02,8.265558e-02,8.338271e-02,8.382588e-02,8.432483e-02,8.458118e-02,8.509795e-02,8.555536e-02,8.607258e-02,8.659535e-02,8.680948e-02,8.735032e-02,8.788683e-02,8.816241e-02,8.865130e-02,8.893109e-02,8.948491e-02,8.977978e-02,9.034294e-02,9.091240e-02,9.148827e-02,9.172397e-02,9.230900e-02,9.262223e-02,9.321742e-02,9.352302e-02,9.383038e-02,9.438730e-02,9.469757e-02,9.501175e-02,9.563449e-02,9.595206e-02,9.628271e-02,9.653833e-02,9.717899e-02,9.750353e-02,9.784358e-02,9.810656e-02,9.843879e-02,9.877083e-02,9.904758e-02,9.938547e-02,9.972320e-02,1.000630e-01,1.004048e-01,1.007488e-01,1.010353e-01,1.010403e-01,1.013882e-01,1.017381e-01,1.020902e-01,1.024565e-01,1.028107e-01,1.031695e-01,1.031747e-01,1.035334e-01,1.038944e-01,1.042675e-01,1.042704e-01,1.046337e-01,1.049970e-01,1.050098e-01,1.053731e-01,1.057386e-01,1.057369e-01,1.061827e-01,1.061910e-01,1.065618e-01,1.065576e-01,1.070098e-01,1.070205e-01,1.073966e-01,1.074745e-01,1.078535e-01,1.078541e-01,1.083290e-01,1.083272e-01,1.084063e-01,1.087914e-01,1.092713e-01,1.093493e-01,1.097380e-01,1.098166e-01,1.098123e-01,1.102853e-01,1.102938e-01,1.107729e-01,1.108529e-01,1.108486e-01,1.113347e-01,1.113328e-01,1.114315e-01,1.115148e-01,1.115179e-01,1.116063e-01,1.116948e-01,1.117109e-01,1.118045e-01,1.118101e-01,1.123137e-01,1.123348e-01,1.124318e-01,1.125290e-01,1.125421e-01,1.126419e-01,1.126681e-01,1.127705e-01,1.127862e-01,1.128888e-01,1.129176e-01,1.130204e-01,1.130386e-01,1.131441e-01,1.131754e-01,1.131936e-01,1.132993e-01,1.129020e-01,1.129333e-01,1.129540e-01,1.130593e-01,1.130775e-01,1.131089e-01,1.131296e-01,1.131478e-01,1.130789e-01,1.126968e-01,1.127150e-01,1.126466e-01,1.125759e-01,1.120985e-01,1.121297e-01,1.120597e-01,1.119043e-01,1.114326e-01,1.113635e-01,1.112232e-01,1.107546e-01,1.106004e-01,1.105324e-01,1.099844e-01,1.098323e-01,1.093037e-01,1.091535e-01,1.085377e-01,1.083896e-01,1.077795e-01,1.076334e-01,1.071122e-01,1.068918e-01,1.063899e-01,1.058055e-01,1.056669e-01,1.050899e-01,1.045940e-01,1.043834e-01,1.038938e-01,1.033348e-01,1.032146e-01,1.026626e-01,1.025319e-01,1.020585e-01,1.015157e-01,1.010487e-01,1.005857e-01,1.001267e-01,1.000119e-01,9.955556e-02,9.910527e-02,9.859128e-02,9.814903e-02,9.809388e-02,9.765579e-02,9.728706e-02,9.654581e-02,9.619838e-02,9.577583e-02,9.572335e-02,9.536808e-02,9.501315e-02,9.466274e-02,9.425051e-02,9.390527e-02,9.356031e-02,9.315684e-02,9.275655e-02,9.213482e-02,9.181266e-02,9.114193e-02,9.075731e-02,9.043321e-02,9.011122e-02,8.946475e-02,8.914901e-02,8.883530e-02,8.852361e-02,8.795232e-02,8.759180e-02,8.703130e-02,8.673099e-02,8.643256e-02,8.613599e-02,8.559216e-02,8.531104e-02,8.477846e-02,8.454313e-02,8.401727e-02,8.378574e-02,8.331800e-02,8.313762e-02,8.267634e-02,8.245146e-02,8.204351e-02,8.186807e-02,8.119078e-02,8.106595e-02,8.062318e-02,8.023117e-02,8.001631e-02,7.967546e-02,7.946147e-02,7.902282e-02,7.843117e-02,7.822303e-02,7.784965e-02,7.743568e-02,7.702555e-02,7.686707e-02,7.620747e-02,7.580692e-02,7.561086e-02,7.521747e-02,7.477579e-02,7.438990e-02,7.415964e-02,7.338799e-02,7.316309e-02,7.279153e-02,7.242489e-02,7.201263e-02,7.129073e-02,7.111618e-02,7.071823e-02,7.037113e-02,7.002700e-02,6.968580e-02,6.916777e-02,6.886944e-02,6.853956e-02,6.824595e-02,6.792128e-02,6.730617e-02,6.717751e-02,6.673287e-02,6.642061e-02,6.611089e-02,6.583665e-02,6.525535e-02,6.498726e-02,6.475313e-02,6.445681e-02,6.419441e-02,6.348863e-02,6.323451e-02,6.298067e-02,6.272861e-02,6.219238e-02,6.191604e-02,6.164182e-02,6.122932e-02,6.098923e-02,6.046960e-02,6.020629e-02,5.981002e-02,5.957797e-02,5.895524e-02,5.885678e-02,5.847550e-02,5.809155e-02,5.787072e-02,5.727784e-02,5.703641e-02,5.667487e-02,5.645649e-02,5.586424e-02,5.563281e-02,5.531065e-02,5.508309e-02,5.450720e-02,5.428381e-02,5.395115e-02,5.372532e-02,5.317904e-02,5.283225e-02,5.250693e-02,5.231806e-02,5.178676e-02,5.158031e-02,5.126497e-02,5.106062e-02,5.054751e-02,2.640123e-03,2.640123e-03,2.640123e-03,2.640123e-03,2.640123e-03,2.640123e-03,2.640123e-03,2.640123e-03,2.640123e-03,2.640123e-03,2.640123e-03,2.640123e-03,2.640123e-03,2.640123e-03,2.640123e-03,2.640123e-03,2.640123e-03,2.640123e-03,2.640123e-03,2.640123e-03,2.640123e-03,2.640123e-03,2.640123e-03,2.640123e-03,2.640123e-03,2.640123e-03,2.640123e-03,2.640123e-03,2.640123e-03,2.640123e-03,2.640123e-03,2.640123e-03,2.640123e-03,2.640123e-03,2.640123e-03,2.640123e-03,2.640123e-03,2.640123e-03,2.640123e-03,2.640123e-03,2.640123e-03,2.640123e-03,2.640123e-03,2.640123e-03,2.640123e-03,2.640123e-03,2.640123e-03,2.640123e-03,2.640123e-03,2.640123e-03,2.640123e-03,2.640123e-03,2.640123e-03,2.640123e-03,2.640123e-03,2.640123e-03,2.640123e-03,2.640123e-03,2.640123e-03,2.640123e-03,2.640123e-03,2.640123e-03,2.640123e-03,2.640123e-03,2.640123e-03,2.640123e-03,2.640123e-03,2.640123e-03,2.640123e-03,2.640123e-03,2.640123e-03,2.640123e-03,2.640123e-03,2.640123e-03,2.640123e-03,2.640123e-03,2.640123e-03,2.640123e-03,2.640123e-03,2.640123e-03,2.640123e-03,2.640123e-03,2.640123e-03,2.640123e-03,2.640123e-03,2.640123e-03,2.640123e-03,2.640123e-03,2.640123e-03,2.640123e-03,2.640123e-03,2.640123e-03,2.640123e-03,2.640123e-03,2.640123e-03,2.640123e-03,2.640123e-03,2.640123e-03,2.640123e-03,2.640123e-03,2.640123e-03,2.640123e-03,2.640123e-03,2.640123e-03,2.640123e-03,2.640123e-03,2.640123e-03,2.640123e-03,2.640123e-03,2.640123e-03,2.640123e-03,2.640123e-03,2.640123e-03,2.640123e-03,2.640123e-03,2.640123e-03,2.640123e-03,2.640123e-03,2.640123e-03,2.640123e-03,2.640123e-03,2.640123e-03,2.640123e-03,2.640123e-03,2.640123e-03,2.640123e-03,2.640123e-03,2.640123e-03,2.640123e-03,2.640123e-03,2.640123e-03,2.640123e-03,2.640123e-03,2.640123e-03,2.640123e-03,2.640123e-03,2.640123e-03,2.640123e-03,2.640123e-03,2.640123e-03,2.640123e-03,2.640123e-03,2.640123e-03,2.640123e-03,2.640123e-03,2.640123e-03,2.640123e-03,2.640123e-03,2.640123e-03,2.640123e-03,2.640123e-03,2.640123e-03,2.640123e-03,2.640123e-03,2.640123e-03,2.640123e-03,2.640123e-03,2.640123e-03,2.640123e-03,2.640123e-03,2.640123e-03
2.017695e-02,2.016083e-02,2.014087e-02,2.012101e-02,2.010129e-02,2.008998e-02,2.008315e-02,2.007196e-02,2.006906e-02,2.006225e-02,2.005929e-02,2.005237e-02,2.005773e-02,2.006317e-02,2.006475e-02,2.007026e-02,2.007579e-02,2.008131e-02,2.009074e-02,2.010454e-02,2.011386e-02,2.012307e-02,2.014057e-02,2.015369e-02,2.017520e-02,2.019279e-02,2.021419e-02,2.023941e-02,2.026080e-02,2.029049e-02,2.032398e-02,2.035353e-02,2.039531e-02,2.043325e-02,2.047514e-02,2.051705e-02,2.055507e-02,2.059705e-02,2.064734e-02,2.068549e-02,2.072762e-02,2.076995e-02,2.080851e-02,2.084271e-02,2.088148e-02,2.091608e-02,2.095083e-02,2.097354e-02,2.100896e-02,2.103656e-02,2.106088e-02,2.108978e-02,2.111128e-02,2.113339e-02,2.115605e-02,2.117913e-02,2.120664e-02,2.123088e-02,2.124691e-02,2.127479e-02,2.129857e-02,2.132224e-02,2.134869e-02,2.137100e-02,2.139748e-02,2.142068e-02,2.144716e-02,2.147338e-02,2.149508e-02,2.152092e-02,2.154675e-02,2.156761e-02,2.158417e-02,2.160927e-02,2.162220e-02,2.164712e-02,2.167226e-02,2.169921e-02,2.172234e-02,2.175776e-02,2.179382e-02,2.183663e-02,2.188525e-02,2.193526e-02,2.199236e-02,2.206433e-02,2.213151e-02,2.219901e-02,2.228349e-02,2.237043e-02,2.245783e-02,2.254771e-02,2.265795e-02,2.276665e-02,2.288771e-02,2.301707e-02,2.316402e-02,2.332406e-02,2.349269e-02,2.369159e-02,2.391130e-02,2.415144e-02,2.441752e-02,2.470456e-02,2.503367e-02,2.539143e-02,2.578587e-02,2.622231e-02,2.670019e-02,2.722035e-02,2.778075e-02,2.839369e-02,2.904361e-02,2.975926e-02,3.052423e-02,3.130927e-02,3.213658e-02,3.297769e-02,3.383268e-02,3.468955e-02,3.553701e-02,3.635118e-02,3.713220e-02,3.785195e-02,3.849837e-02,3.905648e-02,3.951260e-02,3.988877e-02,4.018009e-02,4.035517e-02,4.046980e-02,4.050908e-02,4.051622e-02,4.041690e-02,4.028275e-02,4.009802e-02,3.989020e-02,3.963186e-02,3.938455e-02,3.910831e-02,3.886384e-02,3.858161e-02,3.830002e-02,3.806985e-02,3.784107e-02,3.764991e-02,3.746331e-02,3.732987e-02,3.717893e-02,3.706177e-02,3.696035e-02,3.685244e-02,3.675031e-02,3.666025e-02,3.656253e-02,3.644873e-02,3.631546e-02,3.619915e-02,3.606901e-02,3.592993e-02,3.580878e-02,3.568666e-02,3.553960e-02,3.537831e-02,3.519857e-02,3.499614e-02,3.478171e-02,3.453385e-02,3.428871e-02,3.403184e-02,3.376427e-02,3.349721e-02,3.323587e-02,3.299370e-02,3.276006e-02,3.252935e-02,3.232399e-02,3.213374e-02,3.196446e-02,3.180481e-02,3.165840e-02,3.152109e-02,3.139790e-02,3.128366e-02,3.119006e-02,3.109293e-02,3.100814e-02,3.093495e-02,3.087160e-02,3.080371e-02,3.075918e-02,3.071321e-02,3.068346e-02,3.064285e-02,3.061903e-02,3.060110e-02,3.057773e-02,3.056577e-02,3.055237e-02,3.053763e-02,3.051339e-02,3.048862e-02,3.046213e-02,3.042673e-02,3.037668e-02,3.033619e-02,3.027562e-02,3.020474e-02,3.012960e-02,3.004350e-02,2.996137e-02,2.987052e-02,2.978725e-02,2.969740e-02,2.960568e-02,2.952047e-02,2.944024e-02,2.936034e-02,2.929619e-02,2.923981e-02,2.919694e-02,2.915445e-02,2.912873e-02,2.910799e-02,2.910089e-02,2.909498e-02,2.909478e-02,2.910452e-02,2.911822e-02,2.913302e-02,2.914295e-02,2.915649e-02,2.916080e-02,2.914300e-02,2.912969e-02,2.910103e-02,2.906294e-02,2.900375e-02,2.894003e-02,2.886813e-02,2.880206e-02,2.872809e-02,2.865552e-02,2.858212e-02,2.851338e-02,2.844931e-02,2.839844e-02,2.835195e-02,2.831420e-02,2.829333e-02,2.827564e-02,2.827083e-02,2.825855e-02,2.825373e-02,2.824448e-02,2.823695e-02,2.822367e-02,2.821018e-02,2.819080e-02,2.816404e-02,2.814278e-02,2.812492e-02,2.809969e-02,2.809044e-02,2.808670e-02,2.808434e-02,2.809079e-02,2.809962e-02,2.811610e-02,2.814120e-02,2.816412e-02,2.819437e-02,2.822181e-02,2.825527e-02,2.829344e-02,2.832915e-02,2.836919e-02,2.840704e-02,2.845392e-02,2.849911e-02,2.854231e-02,2.859586e-02,2.865062e-02,2.872684e-02,2.881266e-02,2.892342e-02,2.906774e-02,2.926742e-02,2.952967e-02,2.987908e-02,3.034936e-02,3.095307e-02,3.172504e-02,3.268466e-02,3.384742e-02,3.520371e-02,3.678034e-02,3.857351e-02,4.056681e-02,4.272092e-02,4.505615e-02,4.755138e-02,5.013449e-02,5.281096e-02,5.556859e-02,5.837801e-02,6.124585e-02,6.415749e-02,6.711950e-02,7.021683e-02,7.331238e-02,7.645506e-02,7.966280e-02,8.293625e-02,8.628781e-02,8.969576e-02,9.319347e-02,9.674380e-02,1.003505e-01,1.040164e-01,1.079559e-01,1.117390e-01,1.155784e-01,1.193818e-01,1.232858e-01,1.272133e-01,1.311612e-01,1.351287e-01,1.390798e-01,1.430162e-01,1.469266e-01,1.508054e-01,1.546627e-01,1.585004e-01,1.622167e-01,1.658799e-01,1.694925e-01,1.730078e-01,1.763822e-01,1.797414e-01,1.829802e-01,1.859506e-01,1.888928e-01,1.916243e-01,1.943357e-01,1.968357e-01,1.993137e-01,2.015709e-01,2.037751e-01,2.058161e-01,2.078072e-01,2.096657e-01,2.115475e-01,2.135540e-01,2.154900e-01,2.175449e-01,2.195329e-01,2.215326e-01,2.236502e-01,2.256802e-01,2.278325e-01,2.297729e-01,2.318216e-01,2.338689e-01,2.357962e-01,2.378190e-01,2.398331e-01,2.418273e-01,2.436742e-01,2.456035e-01,2.475034e-01,2.493596e-01,2.511603e-01,2.529349e-01,2.546184e-01,2.562328e-01,2.577772e-01,2.592318e-01,2.605958e-01,2.618389e-01,2.630009e-01,2.638036e-01,2.647757e-01,2.657307e-01,2.666929e-01,2.676569e-01,2.686118e-01,2.695987e-01,2.704368e-01,2.714350e-01,2.724364e-01,2.732939e-01,2.743171e-01,2.751869e-01,2.760806e-01,2.769610e-01,2.778482e-01,2.788991e-01,2.797993e-01,2.806806e-01,2.815875e-01,2.824798e-01,2.833772e-01,2.842764e-01,2.850158e-01,2.859305e-01,2.868514e-01,2.877725e-01,2.887083e-01,2.894693e-01,2.904148e-01,2.911864e-01,2.919874e-01,2.929757e-01,2.937869e-01,2.946027e-01,2.954222e-01,2.962452e-01,2.970741e-01,2.979356e-01,2.987742e-01,2.996132e-01,3.004841e-01,3.011423e-01,3.020245e-01,3.028777e-01,3.035269e-01,3.043935e-01,3.052630e-01,3.060959e-01,3.067435e-01,3.073951e-01,3.082172e-01,3.088404e-01,3.094783e-01,3.103271e-01,3.109668e-01,3.115873e-01,3.122413e-01,3.131043e-01,3.137628e-01,3.144268e-01,3.151213e-01,3.157890e-01,3.164911e-01,3.171965e-01,3.179080e-01,3.186213e-01,3.193657e-01,3.200807e-01,3.208348e-01,3.215899e-01,3.221226e-01,3.228838e-01,3.234234e-01,3.241896e-01,3.249568e-01,3.255084e-01,3.262873e-01,3.268328e-01,3.276168e-01,3.281708e-01,3.289284e-01,3.294868e-01,3.300168e-01,3.305480e-01,3.313156e-01,3.318503e-01,3.323575e-01,3.328998e-01,3.336497e-01,3.341591e-01,3.346711e-01,3.351876e-01,3.356677e-01,3.361832e-01,3.367066e-01,3.372227e-01,3.377463e-01,3.382687e-01,3.388215e-01,3.391277e-01,3.396875e-01,3.402795e-01,3.408718e-01,3.412147e-01,3.418146e-01,3.424500e-01,3.430437e-01,3.434225e-01,3.440285e-01,3.446335e-01,3.450125e-01,3.453646e-01,3.459831e-01,3.463340e-01,3.469407e-01,3.472992e-01,3.479185e-01,3.482668e-01,3.485895e-01,3.489170e-01,3.492330e-01,3.495527e-01,3.498850e-01,3.502136e-01,3.505365e-01,3.508507e-01,3.511758e-01,3.515036e-01,3.518319e-01,3.521530e-01,3.525007e-01,3.528512e-01,3.532118e-01,3.535772e-01,3.539249e-01,3.542508e-01,3.545973e-01,3.549864e-01,3.553428e-01,3.556799e-01,3.560147e-01,3.563464e-01,3.566859e-01,3.570194e-01,3.573543e-01,3.576858e-01,3.580054e-01,3.582788e-01,3.585628e-01,3.588383e-01,3.591393e-01,3.593992e-01,3.596836e-01,3.599395e-01,3.601141e-01,3.603336e-01,3.605445e-01,3.608022e-01,3.610098e-01,3.611024e-01,3.613065e-01,3.615017e-01,3.616941e-01,3.618860e-01,3.620455e-01,3.622384e-01,3.624520e-01,3.625461e-01,3.624385e-01,3.625159e-01,3.626463e-01,3.627238e-01,3.627884e-01,3.628659e-01,3.629935e-01,3.631250e-01,3.633028e-01,3.635236e-01,3.636888e-01,3.638000e-01,3.640836e-01,3.644132e-01,3.647359e-01,3.650327e-01,3.653217e-01,3.656363e-01,3.659890e-01,3.662577e-01,3.665768e-01,3.668671e-01,3.671022e-01,3.673878e-01,3.675888e-01,3.678457e-01,3.681200e-01,3.684029e-01,3.686780e-01,3.690230e-01,3.693299e-01,3.696760e-01,3.700054e-01,3.704016e-01,3.707848e-01,3.711861e-01,3.715545e-01,3.719747e-01,3.724313e-01,3.728321e-01,3.732602e-01,3.737014e-01,3.741488e-01,3.745530e-01,3.749487e-01,3.754115e-01,3.758265e-01,3.762030e-01,3.766505e-01,3.770680e-01,3.774502e-01,3.778331e-01,3.782315e-01,3.785978e-01,3.789829e-01,3.793687e-01,3.797734e-01,3.801111e-01,3.805141e-01,3.809577e-01,3.813340e-01,3.817793e-01,3.821570e-01,3.825855e-01,3.829829e-01,3.834684e-01,3.838674e-01,3.842641e-01,3.846646e-01,3.851032e-01,3.855240e-01,3.859456e-01,3.863307e-01,3.867538e-01,3.871403e-01,3.875086e-01,3.878775e-01,3.882115e-01,3.885632e-01,3.889393e-01,3.892731e-01,3.895360e-01,3.897992e-01,3.900958e-01,3.903983e-01,3.907012e-01,3.910045e-01,3.912889e-01,3.915931e-01,3.918783e-01,3.921639e-01,3.924163e-01,3.927407e-01,3.930079e-01,3.932799e-01,3.935664e-01,3.938390e-01,3.941317e-01,3.944389e-01,3.947533e-01,3.950658e-01,3.953589e-01,3.957073e-01,3.959977e-01,3.963435e-01,3.966466e-01,3.969700e-01,3.973091e-01,3.976099e-01,3.979430e-01,3.982599e-01,3.985714e-01,3.988987e-01,3.991874e-01,3.994885e-01,3.997709e-01,4.000334e-01,4.003095e-01,4.005858e-01,4.007982e-01,4.010121e-01,4.012191e-01,4.013835e-01,4.015873e-01,4.017485e-01,4.018691e-01,4.019828e-01,4.021168e-01,4.022642e-01,4.023723e-01,4.025164e-01,4.026185e-01,4.027150e-01,4.028114e-01,4.029009e-01,4.030108e-01,4.030969e-01,4.032021e-01,4.032815e-01,4.033582e-01,4.034113e-01,4.034613e-01,4.035311e-01,4.036156e-01,4.036769e-01,4.037147e-01,4.037290e-01,4.037401e-01,4.037298e-01,4.037754e-01,4.038177e-01,4.038585e-01,4.038585e-01,4.038585e-01,4.039016e-01,4.039424e-01,4.039629e-01,4.039631e-01,4.039429e-01,4.039658e-01,4.040067e-01,4.040274e-01,4.040073e-01,4.039680e-01,4.040293e-01,4.041337e-01,4.041951e-01,4.041752e-01,4.041553e-01,4.041955e-01,4.041960e-01,4.042183e-01,4.041977e-01,4.041772e-01,4.041973e-01,4.042377e-01,4.041970e-01,4.040578e-01,4.038961e-01,4.037953e-01,4.036946e-01,4.035136e-01,4.031124e-01,4.026917e-01,4.022929e-01,4.019352e-01,4.016011e-01,4.012452e-01,4.007520e-01,4.001023e-01,3.992005e-01,3.983231e-01,3.977030e-01,3.971628e-01,3.964700e-01,3.955148e-01,3.945239e-01,3.938425e-01,3.933723e-01,3.929601e-01,3.924738e-01,3.918951e-01,3.913748e-01,3.908978e-01,3.903809e-01,3.900890e-01,3.899829e-01,3.898769e-01,3.898089e-01,3.897410e-01,3.896732e-01,3.896432e-01,3.896133e-01,3.897681e-01,3.897383e-01,3.898971e-01,3.900898e-01,3.902448e-01,3.902152e-01,3.903703e-01,3.904877e-01,3.906051e-01,3.905378e-01,3.904328e-01,3.905124e-01,3.905921e-01,3.906340e-01,3.907137e-01,3.907934e-01,3.906507e-01,3.907304e-01,3.908101e-01,3.908940e-01,3.907892e-01,3.908690e-01,3.907644e-01,3.908442e-01,3.909619e-01,3.910039e-01,3.908994e-01,3.909792e-01,3.910212e-01,3.911011e-01,3.909589e-01,3.910009e-01,3.910429e-01,3.910850e-01,3.910891e-01,3.911311e-01,3.911732e-01,3.913996e-01,3.914416e-01,3.914837e-01,3.915258e-01,3.915679e-01,3.916100e-01,3.914152e-01,3.916417e-01,3.916838e-01,3.917259e-01,3.917680e-01,3.917577e-01,3.917618e-01,3.919885e-01,3.920306e-01,3.918357e-01,3.918399e-01,3.921046e-01,3.920942e-01,3.921405e-01,3.921682e-01,3.922485e-01,3.923288e-01,3.922101e-01,3.923285e-01,3.923944e-01,3.925128e-01,3.923943e-01,3.925509e-01,3.926170e-01,3.925368e-01,3.928779e-01,3.927596e-01,3.929164e-01,3.929869e-01,3.931057e-01,3.931720e-01,3.930538e-01,3.931727e-01,3.930166e-01,3.930972e-01,3.931255e-01,3.929315e-01,3.931581e-01,3.929642e-01,3.929543e-01,3.929587e-01,3.927651e-01,3.927554e-01,3.927979e-01,3.926047e-01,3.925994e-01,3.926801e-01,3.927085e-01,3.925538e-01,3.926345e-01,3.924800e-01,3.925606e-01,3.924064e-01,3.922904e-01,3.925538e-01,3.923998e-01,3.922841e-01,3.925473e-01,3.923935e-01,3.924742e-01,3.923207e-01,3.921674e-01,3.922481e-01,3.920615e-01,3.921422e-01,3.919514e-01,3.918505e-01,3.916601e-01,3.915216e-01,3.913318e-01,3.911936e-01,3.909664e-01,3.910090e-01,3.906399e-01,3.906825e-01,3.905451e-01,3.901773e-01,3.900453e-01,3.899088e-01,3.897214e-01,3.895853e-01,3.894492e-01,3.892626e-01,3.891270e-01,3.889915e-01,3.888562e-01,3.884932e-01,3.883584e-01,3.882238e-01,3.880894e-01,3.877786e-01,3.876447e-01,3.873350e-01,3.872016e-01,3.872940e-01,3.865349e-01,3.866272e-01,3.865444e-01,3.864617e-01,3.862044e-01,3.858980e-01,3.856418e-01,3.853367e-01,3.850323e-01,3.849507e-01,3.844745e-01,3.841720e-01,3.836983e-01,3.834462e-01,3.829748e-01,3.825049e-01,3.820366e-01,3.815697e-01,3.811097e-01,3.802614e-01,3.798478e-01,3.790064e-01,3.785490e-01,3.780929e-01,3.776853e-01,3.772789e-01,3.762877e-01,3.755121e-01,3.747404e-01,3.743419e-01,3.737374e-01,3.730895e-01,3.722945e-01,3.711761e-01,3.700656e-01,3.693655e-01,3.682237e-01,3.674439e-01,3.666681e-01,3.662819e-01,3.655468e-01,3.648155e-01,3.641311e-01,3.631055e-01,3.619374e-01,3.605879e-01,3.594393e-01,3.582166e-01,3.574801e-01,3.562735e-01,3.555878e-01,3.545464e-01,3.536539e-01,3.526260e-01,3.519247e-01,3.509088e-01,3.502157e-01,3.494275e-01,3.494538e-01,3.496897e-01,3.495716e-01,3.485400e-01,3.474182e-01,3.466453e-01,3.458443e-01,3.447426e-01,3.439897e-01,3.429448e-01,3.415657e-01,3.398725e-01,3.377868e-01,3.354716e-01,3.334084e-01,3.309208e-01,3.281160e-01,3.257488e-01,3.231390e-01,3.207855e-01,3.181700e-01,3.165412e-01,3.133234e-01,3.098025e-01,3.056690e-01,3.021230e-01,2.971718e-01,2.921868e-01,2.875572e-01,2.823966e-01,2.786972e-01,2.736650e-01,2.690507e-01,2.644891e-01,2.595028e-01,2.545484e-01,2.513772e-01,2.474720e-01,2.424821e-01,2.382922e-01,2.341165e-01,2.307795e-01,2.268887e-01,2.230645e-01,2.195168e-01,2.165613e-01,2.140136e-01,2.110473e-01,2.081708e-01,2.058523e-01,2.030491e-01,2.007193e-01,1.984484e-01,1.962999e-01,1.945721e-01,1.928953e-01,1.911202e-01,1.894208e-01,1.877722e-01,1.864484e-01,1.852311e-01,1.839542e-01,1.826509e-01,1.814256e-01,1.805306e-01,1.793442e-01,1.781709e-01,1.773140e-01,1.764670e-01,1.759655e-01,1.751872e-01,1.744018e-01,1.739517e-01,1.732318e-01,1.727843e-01,1.724116e-01,1.719747e-01,1.715711e-01,1.712053e-01,1.708114e-01,1.704150e-01,1.700403e-01,1.699371e-01,1.695702e-01,1.695367e-01,1.695033e-01,1.694749e-01,1.691743e-01,1.691070e-01,1.691131e-01,1.690801e-01,1.693822e-01,1.693539e-01,1.693704e-01,1.693232e-01,1.696068e-01,1.695594e-01,1.698780e-01,1.701632e-01,1.705237e-01,1.705553e-01,1.708126e-01,1.713732e-01,1.717187e-01,1.720448e-01,1.726185e-01,1.731909e-01,1.738085e-01,1.746729e-01,1.753015e-01,1.759507e-01,1.768055e-01,1.773910e-01,1.782988e-01,1.791949e-01,1.798028e-01,1.810222e-01,1.816832e-01,1.826164e-01,1.835494e-01,1.842656e-01,1.855578e-01,1.861705e-01,1.870693e-01,1.880264e-01,1.890314e-01,1.897126e-01,1.906928e-01,1.916902e-01,1.924370e-01,1.938503e-01,1.945689e-01,1.956510e-01,1.967999e-01,1.978368e-01,1.986776e-01,1.997669e-01,2.010614e-01,2.022296e-01,2.030667e-01,2.042355e-01,2.054961e-01,2.062917e-01,2.076265e-01,2.086019e-01,2.100128e-01,2.108952e-01,2.118485e-01,2.132257e-01,2.141451e-01,2.150731e-01,2.165749e-01,2.175261e-01,2.185461e-01,2.195693e-01,2.205493e-01,2.220126e-01,2.226551e-01,2.242200e-01,2.253662e-01,2.259009e-01,2.269358e-01,2.286335e-01,2.292978e-01,2.304343e-01,2.315705e-01,2.327319e-01,2.339138e-01,2.345627e-01,2.357570e-01,2.369218e-01,2.375297e-01,2.387858e-01,2.395058e-01,2.406493e-01,2.419618e-01,2.426394e-01,2.440508e-01,2.447267e-01,2.458452e-01,2.465310e-01,2.479111e-01,2.485786e-01,2.492579e-01,2.505674e-01,2.513088e-01,2.519814e-01,2.532166e-01,2.539525e-01,2.546402e-01,2.553094e-01,2.567192e-01,2.574003e-01,2.580853e-01,2.588525e-01,2.595460e-01,2.602434e-01,2.611131e-01,2.618395e-01,2.622525e-01,2.628875e-01,2.634442e-01,2.639749e-01,2.645802e-01,2.652157e-01,2.657470e-01,2.664840e-01,2.670291e-01,2.677338e-01,2.682143e-01,2.688399e-01,2.694839e-01,2.701397e-01,2.707242e-01,2.714735e-01,2.721632e-01,2.725840e-01,2.734196e-01,2.737463e-01,2.744360e-01,2.750391e-01,2.755430e-01,2.762393e-01,2.768034e-01,2.775686e-01,2.779475e-01,2.786404e-01,2.792263e-01,2.796960e-01,2.800325e-01,2.805996e-01,2.810190e-01,2.818009e-01,2.823846e-01,2.831162e-01,2.839196e-01,2.845621e-01,2.849024e-01,2.855734e-01,2.860238e-01,2.865924e-01,2.871651e-01,2.877316e-01,2.882221e-01,2.889357e-01,2.894236e-01,2.900079e-01,2.905080e-01,2.910523e-01,2.914065e-01,2.919903e-01,2.922090e-01,2.927417e-01,2.931543e-01,2.937791e-01,2.942033e-01,2.947347e-01,2.950721e-01,2.954999e-01,2.958304e-01,2.963506e-01,2.965925e-01,2.969988e-01,2.975490e-01,2.979753e-01,2.985030e-01,2.988401e-01,2.990421e-01,2.994812e-01,2.997280e-01,3.000500e-01,3.002976e-01,3.006207e-01,3.006567e-01,3.011277e-01,3.015057e-01,3.019431e-01,3.020815e-01,3.024264e-01,3.026863e-01,3.030325e-01,3.029014e-01,3.033419e-01,3.035755e-01,3.038688e-01,3.039539e-01,3.042479e-01,3.043603e-01,3.045053e-01,3.043997e-01,3.048174e-01,3.046844e-01,3.045523e-01,3.045336e-01,3.046468e-01,3.041935e-01,3.041841e-01,3.040034e-01,3.040220e-01,3.034498e-01,3.032251e-01,3.030191e-01,3.027686e-01,3.024697e-01,3.021268e-01,3.017754e-01,3.015277e-01,3.009672e-01,3.007212e-01,3.001644e-01,2.998557e-01,2.998916e-01,3.012416e-01,3.006832e-01,3.004919e-01,3.001098e-01,2.997103e-01,2.991864e-01,2.989071e-01,2.985033e-01,2.980839e-01,2.975675e-01,2.971771e-01,2.964337e-01,2.960133e-01,2.956014e-01,2.949556e-01,2.944346e-01,2.938823e-01,2.931566e-01,2.927052e-01,2.920724e-01,2.916475e-01,2.912154e-01,2.907605e-01,2.900370e-01,2.896104e-01,2.890169e-01,2.884946e-01,2.879660e-01,2.872735e-01,2.866760e-01,2.861784e-01,2.855190e-01,2.850114e-01,2.846480e-01,2.841585e-01,2.837024e-01,2.832167e-01,2.825501e-01,2.822821e-01,2.818472e-01,2.812896e-01,2.807345e-01,2.803444e-01,2.797935e-01,2.795232e-01,2.790759e-01,2.788157e-01,2.783157e-01,2.779498e-01,2.774784e-01,2.771704e-01,2.768548e-01,2.765617e-01,2.762694e-01,2.760537e-01,2.756957e-01,2.756785e-01,2.756038e-01,2.754829e-01,2.752903e-01,2.754384e-01,2.754444e-01,2.754957e-01,2.753426e-01,2.754153e-01,2.756604e-01,2.756039e-01,2.756013e-01,2.754805e-01,2.754027e-01,2.753498e-01,2.752591e-01,2.751636e-01,2.749395e-01,2.746234e-01,2.743581e-01,2.742314e-01,2.738185e-01,2.735551e-01,2.733134e-01,2.729039e-01,2.723980e-01,2.720612e-01,2.718504e-01,2.715358e-01,2.711289e-01,2.707233e-01,2.703912e-01,2.702001e-01,2.698181e-01,2.696725e-01,2.694825e-01,2.694089e-01,2.690804e-01,2.689358e-01,2.688626e-01,2.688808e-01,2.688076e-01,2.687789e-01,2.687972e-01,2.690736e-01,2.693976e-01,2.692770e-01,2.693707e-01,2.694848e-01,2.695070e-01,2.698808e-01,2.700669e-01,2.700688e-01,2.701629e-01,2.701359e-01,2.702301e-01,2.700475e-01,2.699369e-01,2.696630e-01,2.694612e-01,2.693715e-01,2.695365e-01,2.696099e-01,2.695831e-01,2.697994e-01,2.697404e-01,2.698853e-01,2.699588e-01,2.701080e-01,2.701324e-01,2.703494e-01,2.707066e-01,2.708319e-01,2.709369e-01,2.713117e-01,2.713925e-01,2.716387e-01,2.717648e-01,2.720324e-01,2.721258e-01,2.722031e-01,2.721180e-01,2.721471e-01,2.721516e-01,2.721768e-01,2.720794e-01,2.721567e-01,2.722547e-01,2.724986e-01,2.723365e-01,2.724262e-01,2.724515e-01,2.724559e-01,2.727211e-01,2.726317e-01,2.726362e-01,2.727385e-01,2.726654e-01,2.728578e-01,2.728870e-01,2.728677e-01,2.725628e-01,2.726375e-01,2.726515e-01,2.725386e-01,2.722006e-01,2.721543e-01,2.720353e-01,2.718357e-01,2.718309e-01,2.718261e-01,2.715155e-01,2.713581e-01,2.712299e-01,2.706406e-01,2.701665e-01,2.694284e-01,2.686267e-01,2.682270e-01,2.677306e-01,2.671552e-01,2.658683e-01,2.645077e-01,2.639160e-01,2.627259e-01,2.608007e-01,2.594651e-01,2.582951e-01,2.564984e-01,2.546400e-01,2.528184e-01,2.509243e-01,2.491290e-01,2.461243e-01,2.443356e-01,2.402514e-01,2.373047e-01,2.341419e-01,2.315561e-01,2.279707e-01,2.252126e-01,2.215554e-01,2.184263e-01,2.133669e-01,2.092694e-01,2.053561e-01,2.008239e-01,1.968009e-01,1.919004e-01,1.874366e-01,1.805033e-01,1.754298e-01,1.704295e-01,1.657212e-01,1.601845e-01,1.555875e-01,1.485448e-01,1.435734e-01,1.389072e-01,1.343880e-01,1.296802e-01,1.240636e-01,1.197373e-01,1.159498e-01,1.123263e-01,1.087371e-01,1.045183e-01,1.014660e-01,9.876218e-02,9.630005e-02,9.416021e-02,9.109571e-02,8.927291e-02,8.758190e-02,8.582527e-02,8.406693e-02,8.238569e-02,8.126239e-02,8.018320e-02,7.913751e-02,7.811973e-02,7.714689e-02,7.661527e-02,7.570392e-02,7.521612e-02,7.435080e-02,7.391883e-02,7.347891e-02,7.306678e-02,7.267351e-02,7.229075e-02,7.191557e-02,7.189641e-02,7.151197e-02,7.149070e-02,7.113971e-02,7.110822e-02,7.109616e-02,7.109622e-02,7.074169e-02,7.073225e-02,7.071082e-02,7.070568e-02,7.103493e-02,7.103059e-02,7.101994e-02,7.099091e-02,7.131983e-02,7.131010e-02,7.165676e-02,7.165482e-02,7.199472e-02,7.235617e-02,7.236864e-02,7.274680e-02,7.312814e-02,7.351465e-02,7.392775e-02,7.395552e-02,7.437754e-02,7.481204e-02,7.524068e-02,7.567711e-02,7.611232e-02,7.655926e-02,7.702423e-02,7.747868e-02,7.793964e-02,7.840878e-02,7.888316e-02,7.935435e-02,7.984416e-02,8.033974e-02,8.083059e-02,8.133612e-02,8.232495e-02,8.236080e-02,8.339452e-02,8.394435e-02,8.399417e-02,8.490999e-02,8.546383e-02,8.614920e-02,8.664508e-02,8.745991e-02,8.795212e-02,8.839854e-02,8.921583e-02,8.979373e-02,9.050994e-02,9.104938e-02,9.190601e-02,9.239123e-02,9.320572e-02,9.380009e-02,9.431486e-02,9.515756e-02,9.575393e-02,9.657314e-02,9.709555e-02,9.791303e-02,9.844142e-02,9.921832e-02,9.984137e-02,1.005226e-01,1.010740e-01,1.018784e-01,1.024474e-01,1.031821e-01,1.037348e-01,1.045138e-01,1.050408e-01,1.058311e-01,1.064177e-01,1.068631e-01,1.076851e-01,1.085215e-01,1.090705e-01,1.098079e-01,1.103715e-01,1.111162e-01,1.115803e-01,1.123699e-01,1.128188e-01,1.134947e-01,1.139551e-01,1.147567e-01,1.152148e-01,1.158693e-01,1.162945e-01,1.170209e-01,1.173296e-01,1.178481e-01,1.182898e-01,1.188522e-01,1.195390e-01,1.197225e-01,1.203003e-01,1.206416e-01,1.211945e-01,1.212609e-01,1.218554e-01,1.222957e-01,1.226497e-01,1.229699e-01,1.231650e-01,1.237804e-01,1.238497e-01,1.243061e-01,1.246359e-01,1.248367e-01,1.251696e-01,1.252405e-01,1.257460e-01,1.262178e-01,1.262772e-01,1.266184e-01,1.266910e-01,1.268991e-01,1.272440e-01,1.273173e-01,1.276646e-01,1.279153e-01,1.281405e-01,1.283665e-01,1.284558e-01,1.286958e-01,1.292448e-01,1.291924e-01,1.297588e-01,1.297058e-01,1.302506e-01,1.306690e-01,1.307873e-01,1.311962e-01,1.315948e-01,1.318488e-01,1.322829e-01,1.326891e-01,1.329480e-01,1.331947e-01,1.338027e-01,1.339138e-01,1.343887e-01,1.348232e-01,1.351648e-01,1.354481e-01,1.361196e-01,1.362619e-01,1.367683e-01,1.370857e-01,1.374368e-01,1.379546e-01,1.382638e-01,1.384104e-01,1.389198e-01,1.392197e-01,1.395710e-01,1.397066e-01,1.402263e-01,1.405323e-01,1.408744e-01,1.410127e-01,1.415455e-01,1.416851e-01,1.420473e-01,1.423619e-01,1.427278e-01,1.428725e-01,1.432551e-01,1.435753e-01,1.439479e-01,1.440783e-01,1.444537e-01,1.447684e-01,1.449662e-01,1.455149e-01,1.456486e-01,1.460187e-01,1.462060e-01,1.465822e-01,1.467039e-01,1.470802e-01,1.474586e-01,1.474079e-01,1.477912e-01,1.481737e-01,1.483673e-01,1.485070e-01,1.487016e-01,1.490894e-01,1.492887e-01,1.496800e-01,1.500736e-01,1.504694e-01,1.504165e-01,1.508144e-01,1.510335e-01,1.514350e-01,1.516382e-01,1.518421e-01,1.519923e-01,1.521826e-01,1.523882e-01,1.527978e-01,1.529905e-01,1.531871e-01,1.531173e-01,1.535315e-01,1.537118e-01,1.539106e-01,1.538402e-01,1.540361e-01,1.542180e-01,1.541357e-01,1.543328e-01,1.545156e-01,1.546990e-01,1.548830e-01,1.550676e-01,1.549845e-01,1.549433e-01,1.551283e-01,1.553138e-01,1.555000e-01,1.556901e-01,1.558626e-01,1.560505e-01,1.560091e-01,1.561827e-01,1.563569e-01,1.565200e-01,1.564635e-01,1.566238e-01,1.567696e-01,1.567014e-01,1.568326e-01,1.569644e-01,1.568776e-01,1.572922e-01,1.571935e-01,1.573269e-01,1.572247e-01,1.576433e-01,1.575594e-01,1.576944e-01,1.578935e-01,1.580297e-01,1.579573e-01,1.583865e-01,1.582988e-01,1.585011e-01,1.586397e-01,1.590598e-01,1.592502e-01,1.593761e-01,1.595682e-01,1.594644e-01,1.598736e-01,1.597731e-01,1.602007e-01,1.603969e-01,1.602926e-01,1.607406e-01,1.606514e-01,1.608846e-01,1.610999e-01,1.610414e-01,1.612887e-01,1.615370e-01,1.614819e-01,1.617624e-01,1.617192e-01,1.622424e-01,1.622183e-01,1.625177e-01,1.628184e-01,1.628219e-01,1.631396e-01,1.631467e-01,1.634814e-01,1.635007e-01,1.638369e-01,1.638598e-01,1.641974e-01,1.642325e-01,1.645875e-01,1.646263e-01,1.646614e-01,1.650180e-01,1.648030e-01,1.648418e-01,1.648929e-01,1.652501e-01,1.652854e-01,1.653244e-01,1.653756e-01,1.654109e-01,1.651239e-01,1.649128e-01,1.649480e-01,1.646631e-01,1.643636e-01,1.638348e-01,1.638734e-01,1.635773e-01,1.629696e-01,1.624512e-01,1.621609e-01,1.615684e-01,1.610446e-01,1.604423e-01,1.601601e-01,1.593333e-01,1.587448e-01,1.579368e-01,1.573593e-01,1.562778e-01,1.557133e-01,1.546409e-01,1.540890e-01,1.533280e-01,1.525302e-01,1.517887e-01,1.508027e-01,1.502947e-01,1.493300e-01,1.486339e-01,1.478889e-01,1.472075e-01,1.462860e-01,1.458138e-01,1.449114e-01,1.444466e-01,1.438000e-01,1.429107e-01,1.422650e-01,1.416256e-01,1.409924e-01,1.405431e-01,1.399062e-01,1.392894e-01,1.384592e-01,1.378561e-01,1.376416e-01,1.370462e-01,1.366687e-01,1.359185e-01,1.355632e-01,1.349871e-01,1.347822e-01,1.344181e-01,1.340425e-01,1.336826e-01,1.331100e-01,1.327555e-01,1.323894e-01,1.318284e-01,1.312724e-01,1.307641e-01,1.304108e-01,1.297057e-01,1.291682e-01,1.288222e-01,1.284782e-01,1.278077e-01,1.274693e-01,1.271327e-01,1.267979e-01,1.263249e-01,1.258162e-01,1.253509e-01,1.250257e-01,1.247022e-01,1.243805e-01,1.239261e-01,1.236094e-01,1.231738e-01,1.230295e-01,1.225853e-01,1.224424e-01,1.221696e-01,1.221818e-01,1.219099e-01,1.217685e-01,1.216512e-01,1.216631e-01,1.212522e-01,1.214290e-01,1.211473e-01,1.210309e-01,1.208784e-01,1.209262e-01,1.207610e-01,1.204684e-01,1.202265e-01,1.200628e-01,1.199352e-01,1.196467e-01,1.193595e-01,1.193575e-01,1.187880e-01,1.184917e-01,1.183316e-01,1.180498e-01,1.176003e-01,1.173216e-01,1.170099e-01,1.164827e-01,1.161751e-01,1.159024e-01,1.156433e-01,1.152230e-01,1.147362e-01,1.145967e-01,1.141962e-01,1.139567e-01,1.137182e-01,1.134808e-01,1.131322e-01,1.130402e-01,1.128179e-01,1.127264e-01,1.125054e-01,1.122067e-01,1.122380e-01,1.120379e-01,1.118197e-01,1.116024e-01,1.115251e-01,1.112442e-01,1.111673e-01,1.112288e-01,1.110140e-01,1.109375e-01,1.105413e-01,1.104777e-01,1.104020e-01,1.103263e-01,1.100400e-01,1.098302e-01,1.096212e-01,1.092972e-01,1.092232e-01,1.089309e-01,1.087255e-01,1.084070e-01,1.083221e-01,1.079338e-01,1.079383e-01,1.076243e-01,1.073124e-01,1.072290e-01,1.068485e-01,1.066393e-01,1.063330e-01,1.062512e-01,1.057656e-01,1.055606e-01,1.053837e-01,1.051802e-01,1.046935e-01,1.044808e-01,1.041872e-01,1.039768e-01,1.035012e-01,1.030720e-01,1.027751e-01,1.026744e-01,1.021879e-01,1.019730e-01,1.016586e-01,1.014339e-01,1.009351e-01,7.828242e-03,7.828242e-03,7.828242e-03,7.828242e-03,7.828242e-03,7.828242e-03,7.828242e-03,7.828242e-03,7.828242e-03,7.828242e-03,7.828242e-03,7.828242e-03,7.828242e-03,7.828242e-03,7.828242e-03,7.828242e-03,7.828242e-03,7.828242e-03,7.828242e-03,7.828242e-03,7.828242e-03,7.828242e-03,7.828242e-03,7.828242e-03,7.828242e-03,7.828242e-03,7.828242e-03,7.828242e-03,7.828242e-03,7.828242e-03,7.828242e-03,7.828242e-03,7.828242e-03,7.828242e-03,7.828242e-03,7.828242e-03,7.828242e-03,7.828242e-03,7.828242e-03,7.828242e-03,7.828242e-03,7.828242e-03,7.828242e-03,7.828242e-03,7.828242e-03,7.828242e-03,7.828242e-03,7.828242e-03,7.828242e-03,7.828242e-03,7.828242e-03,7.828242e-03,7.828242e-03,7.828242e-03,7.828242e-03,7.828242e-03,7.828242e-03,7.828242e-03,7.828242e-03,7.828242e-03,7.828242e-03,7.828242e-03,7.828242e-03,7.828242e-03,7.828242e-03,7.828242e-03,7.828242e-03,7.828242e-03,7.828242e-03,7.828242e-03,7.828242e-03,7.828242e-03,7.828242e-03,7.828242e-03,7.828242e-03,7.828242e-03,7.828242e-03,7.828242e-03,7.828242e-03,7.828242e-03,7.828242e-03,7.828242e-03,7.828242e-03,7.828242e-03,7.828242e-03,7.828242e-03,7.828242e-03,7.828242e-03,7.828242e-03,7.828242e-03,7.828242e-03,7.828242e-03,7.828242e-03,7.828242e-03,7.828242e-03,7.828242e-03,7.828242e-03,7.828242e-03,7.828242e-03,7.828242e-03,7.828242e-03,7.828242e-03,7.828242e-03,7.828242e-03,7.828242e-03,7.828242e-03,7.828242e-03,7.828242e-03,7.828242e-03,7.828242e-03,7.828242e-03,7.828242e-03,7.828242e-03,7.828242e-03,7.828242e-03,7.828242e-03,7.828242e-03,7.828242e-03,7.828242e-03,7.828242e-03,7.828242e-03,7.828242e-03,7.828242e-03,7.828242e-03,7.828242e-03,7.828242e-03,7.828242e-03,7.828242e-03,7.828242e-03,7.828242e-03,7.828242e-03,7.828242e-03,7.828242e-03,7.828242e-03,7.828242e-03,7.828242e-03,7.828242e-03,7.828242e-03,7.828242e-03,7.828242e-03,7.828242e-03,7.828242e-03,7.828242e-03,7.828242e-03,7.828242e-03,7.828242e-03,7.828242e-03,7.828242e-03,7.828242e-03,7.828242e-03,7.828242e-03,7.828242e-03,7.828242e-03,7.828242e-03,7.828242e-03,7.828242e-03,7.828242e-03,7.828242e-03,7.828242e-03,7.828242e-03,7.828242e-03
1.901645e-02,1.899534e-02,1.896910e-02,1.894303e-02,1.891716e-02,1.889150e-02,1.886085e-02,1.883541e-02,1.880997e-02,1.877935e-02,1.875375e-02,1.872292e-02,1.869740e-02,1.867210e-02,1.864176e-02,1.861662e-02,1.859151e-02,1.856638e-02,1.854644e-02,1.852130e-02,1.850109e-02,1.848062e-02,1.846013e-02,1.844478e-02,1.842968e-02,1.840934e-02,1.839388e-02,1.838332e-02,1.836780e-02,1.835233e-02,1.834172e-02,1.832587e-02,1.831525e-02,1.829966e-02,1.828930e-02,1.827901e-02,1.826362e-02,1.825354e-02,1.824350e-02,1.822850e-02,1.821885e-02,1.820979e-02,1.819596e-02,1.818739e-02,1.817419e-02,1.816676e-02,1.815976e-02,1.814813e-02,1.814308e-02,1.813932e-02,1.813206e-02,1.813174e-02,1.813388e-02,1.813762e-02,1.814280e-02,1.814905e-02,1.816181e-02,1.817095e-02,1.818009e-02,1.819305e-02,1.820001e-02,1.820619e-02,1.821404e-02,1.821590e-02,1.822308e-02,1.822671e-02,1.823373e-02,1.823971e-02,1.823892e-02,1.824422e-02,1.824942e-02,1.824703e-02,1.825048e-02,1.825501e-02,1.825472e-02,1.825923e-02,1.826459e-02,1.827462e-02,1.827989e-02,1.829062e-02,1.830285e-02,1.831549e-02,1.833796e-02,1.836305e-02,1.838961e-02,1.842728e-02,1.847247e-02,1.852346e-02,1.859025e-02,1.866730e-02,1.875914e-02,1.886214e-02,1.899017e-02,1.913882e-02,1.931402e-02,1.951451e-02,1.975481e-02,2.003137e-02,2.035310e-02,2.072605e-02,2.115597e-02,2.164547e-02,2.220102e-02,2.283503e-02,2.355443e-02,2.435650e-02,2.526113e-02,2.626937e-02,2.738300e-02,2.860191e-02,2.994272e-02,3.141600e-02,3.301051e-02,3.473027e-02,3.656058e-02,3.845592e-02,4.040934e-02,4.237382e-02,4.430740e-02,4.617376e-02,4.791996e-02,4.950567e-02,5.089759e-02,5.203828e-02,5.287474e-02,5.340141e-02,5.359427e-02,5.350648e-02,5.313888e-02,5.254001e-02,5.175490e-02,5.083050e-02,4.981027e-02,4.866585e-02,4.748181e-02,4.627053e-02,4.506149e-02,4.386536e-02,4.272331e-02,4.162147e-02,4.059191e-02,3.960592e-02,3.868043e-02,3.785437e-02,3.708411e-02,3.640835e-02,3.578521e-02,3.524064e-02,3.473141e-02,3.427460e-02,3.386173e-02,3.346910e-02,3.310796e-02,3.275892e-02,3.242723e-02,3.210221e-02,3.178581e-02,3.149191e-02,3.119252e-02,3.090525e-02,3.063242e-02,3.035908e-02,3.005253e-02,2.972511e-02,2.937259e-02,2.899275e-02,2.859761e-02,2.817162e-02,2.773942e-02,2.729546e-02,2.685151e-02,2.641166e-02,2.598278e-02,2.557241e-02,2.518769e-02,2.482077e-02,2.447845e-02,2.415927e-02,2.386935e-02,2.359380e-02,2.333665e-02,2.309429e-02,2.287102e-02,2.265970e-02,2.246470e-02,2.227715e-02,2.210539e-02,2.194833e-02,2.180380e-02,2.166425e-02,2.154361e-02,2.143150e-02,2.132898e-02,2.122847e-02,2.114375e-02,2.106629e-02,2.099242e-02,2.092328e-02,2.085189e-02,2.077905e-02,2.069953e-02,2.061522e-02,2.052968e-02,2.043292e-02,2.032362e-02,2.021250e-02,2.008789e-02,1.995651e-02,1.981659e-02,1.967543e-02,1.952953e-02,1.938823e-02,1.924294e-02,1.910178e-02,1.896247e-02,1.882743e-02,1.870224e-02,1.858464e-02,1.847569e-02,1.837784e-02,1.829239e-02,1.820894e-02,1.814218e-02,1.808291e-02,1.803693e-02,1.799320e-02,1.795539e-02,1.792584e-02,1.790343e-02,1.787909e-02,1.785173e-02,1.782734e-02,1.779554e-02,1.774879e-02,1.769775e-02,1.763341e-02,1.755842e-02,1.746357e-02,1.736627e-02,1.726053e-02,1.715620e-02,1.704412e-02,1.693352e-02,1.682459e-02,1.672123e-02,1.662334e-02,1.653930e-02,1.645931e-02,1.638785e-02,1.633284e-02,1.627996e-02,1.624021e-02,1.619972e-02,1.616712e-02,1.612973e-02,1.609588e-02,1.605578e-02,1.601748e-02,1.597328e-02,1.593228e-02,1.588761e-02,1.584818e-02,1.580778e-02,1.577593e-02,1.574858e-02,1.572030e-02,1.570096e-02,1.568126e-02,1.566936e-02,1.565545e-02,1.564820e-02,1.563802e-02,1.563396e-02,1.562604e-02,1.562372e-02,1.561737e-02,1.561637e-02,1.561153e-02,1.560719e-02,1.560978e-02,1.560863e-02,1.561702e-02,1.562392e-02,1.564003e-02,1.567128e-02,1.571875e-02,1.579205e-02,1.591200e-02,1.608364e-02,1.634021e-02,1.670513e-02,1.721535e-02,1.789723e-02,1.879920e-02,1.995200e-02,2.135784e-02,2.306294e-02,2.506989e-02,2.739128e-02,2.999430e-02,3.289027e-02,3.604740e-02,3.943102e-02,4.300489e-02,4.676433e-02,5.066735e-02,5.472157e-02,5.890425e-02,6.322357e-02,6.772896e-02,7.234658e-02,7.709319e-02,8.199714e-02,8.705935e-02,9.230159e-02,9.768872e-02,1.032598e-01,1.089892e-01,1.148669e-01,1.209180e-01,1.272389e-01,1.335824e-01,1.400777e-01,1.466525e-01,1.533733e-01,1.601876e-01,1.670894e-01,1.740343e-01,1.810347e-01,1.880518e-01,1.950611e-01,2.020210e-01,2.090032e-01,2.159525e-01,2.227253e-01,2.293789e-01,2.359501e-01,2.423359e-01,2.485240e-01,2.546056e-01,2.604339e-01,2.658801e-01,2.712059e-01,2.761779e-01,2.809948e-01,2.854526e-01,2.897362e-01,2.936368e-01,2.973221e-01,3.007122e-01,3.038462e-01,3.069208e-01,3.100361e-01,3.132788e-01,3.164856e-01,3.198027e-01,3.230923e-01,3.263965e-01,3.297990e-01,3.331376e-01,3.365746e-01,3.398345e-01,3.431636e-01,3.464711e-01,3.496585e-01,3.528775e-01,3.560537e-01,3.591630e-01,3.620979e-01,3.650206e-01,3.678484e-01,3.705536e-01,3.731099e-01,3.755276e-01,3.777647e-01,3.798184e-01,3.816851e-01,3.833256e-01,3.847368e-01,3.859032e-01,3.868141e-01,3.873823e-01,3.880533e-01,3.887249e-01,3.893992e-01,3.900650e-01,3.907451e-01,3.914298e-01,3.920012e-01,3.926884e-01,3.933681e-01,3.939467e-01,3.946442e-01,3.952271e-01,3.958013e-01,3.963873e-01,3.969761e-01,3.976722e-01,3.982654e-01,3.988594e-01,3.994455e-01,4.000426e-01,4.006409e-01,4.012310e-01,4.017150e-01,4.023190e-01,4.029251e-01,4.035213e-01,4.041333e-01,4.046227e-01,4.052368e-01,4.057301e-01,4.062253e-01,4.068455e-01,4.073438e-01,4.078435e-01,4.083437e-01,4.088444e-01,4.093475e-01,4.098543e-01,4.103602e-01,4.108639e-01,4.113705e-01,4.117527e-01,4.122636e-01,4.127691e-01,4.131313e-01,4.136429e-01,4.141541e-01,4.146542e-01,4.150355e-01,4.154186e-01,4.159244e-01,4.163022e-01,4.166903e-01,4.172109e-01,4.175971e-01,4.179874e-01,4.183819e-01,4.189055e-01,4.193001e-01,4.196974e-01,4.200962e-01,4.204934e-01,4.208949e-01,4.212973e-01,4.217107e-01,4.221158e-01,4.225225e-01,4.229256e-01,4.233361e-01,4.237455e-01,4.240189e-01,4.244299e-01,4.247064e-01,4.251179e-01,4.255284e-01,4.258185e-01,4.262346e-01,4.265098e-01,4.269264e-01,4.272057e-01,4.276202e-01,4.279006e-01,4.281797e-01,4.284671e-01,4.288834e-01,4.291630e-01,4.294423e-01,4.297258e-01,4.301443e-01,4.304309e-01,4.307100e-01,4.309916e-01,4.312669e-01,4.315463e-01,4.318390e-01,4.321172e-01,4.323999e-01,4.326810e-01,4.329710e-01,4.331120e-01,4.333970e-01,4.336919e-01,4.339774e-01,4.341220e-01,4.344114e-01,4.347127e-01,4.349957e-01,4.351429e-01,4.354328e-01,4.357298e-01,4.358755e-01,4.360227e-01,4.363269e-01,4.364723e-01,4.367580e-01,4.369166e-01,4.372093e-01,4.373512e-01,4.374956e-01,4.376520e-01,4.377913e-01,4.379329e-01,4.380917e-01,4.382388e-01,4.383817e-01,4.385185e-01,4.386714e-01,4.388168e-01,4.389623e-01,4.391026e-01,4.392494e-01,4.393886e-01,4.395344e-01,4.396921e-01,4.398284e-01,4.399500e-01,4.400942e-01,4.402370e-01,4.403781e-01,4.405151e-01,4.406209e-01,4.407537e-01,4.408823e-01,4.410068e-01,4.411410e-01,4.412634e-01,4.413870e-01,4.414838e-01,4.415742e-01,4.416919e-01,4.417932e-01,4.419003e-01,4.420105e-01,4.421111e-01,4.421526e-01,4.422198e-01,4.423144e-01,4.424098e-01,4.424782e-01,4.424658e-01,4.425223e-01,4.426062e-01,4.426586e-01,4.427162e-01,4.427470e-01,4.427994e-01,4.428745e-01,4.428424e-01,4.427054e-01,4.426625e-01,4.426835e-01,4.426406e-01,4.425988e-01,4.425559e-01,4.425455e-01,4.425469e-01,4.425688e-01,4.426112e-01,4.426342e-01,4.426130e-01,4.426920e-01,4.428113e-01,4.429186e-01,4.430164e-01,4.431219e-01,4.432307e-01,4.433730e-01,4.434757e-01,4.436162e-01,4.437417e-01,4.438426e-01,4.439813e-01,4.440803e-01,4.442041e-01,4.443388e-01,4.444858e-01,4.446207e-01,4.447796e-01,4.449247e-01,4.450838e-01,4.452320e-01,4.453925e-01,4.455539e-01,4.457265e-01,4.458722e-01,4.460560e-01,4.462420e-01,4.464033e-01,4.465744e-01,4.467699e-01,4.469523e-01,4.471143e-01,4.472839e-01,4.474710e-01,4.476520e-01,4.478192e-01,4.480159e-01,4.481973e-01,4.483768e-01,4.485565e-01,4.487356e-01,4.489044e-01,4.490845e-01,4.492647e-01,4.494563e-01,4.496304e-01,4.498105e-01,4.500047e-01,4.501813e-01,4.503759e-01,4.505528e-01,4.507365e-01,4.509046e-01,4.511020e-01,4.512705e-01,4.514273e-01,4.515960e-01,4.517875e-01,4.519678e-01,4.521483e-01,4.523267e-01,4.525075e-01,4.526863e-01,4.528538e-01,4.530214e-01,4.531617e-01,4.533387e-01,4.535137e-01,4.536796e-01,4.538070e-01,4.539344e-01,4.540777e-01,4.542282e-01,4.543787e-01,4.545294e-01,4.546686e-01,4.548195e-01,4.549589e-01,4.550984e-01,4.552221e-01,4.553640e-01,4.554923e-01,4.556069e-01,4.557260e-01,4.558408e-01,4.559671e-01,4.560979e-01,4.562268e-01,4.563441e-01,4.564499e-01,4.565680e-01,4.566722e-01,4.567888e-01,4.568808e-01,4.569843e-01,4.570770e-01,4.571674e-01,4.572570e-01,4.573676e-01,4.574649e-01,4.575514e-01,4.576356e-01,4.577074e-01,4.577884e-01,4.578578e-01,4.579357e-01,4.580136e-01,4.580860e-01,4.581483e-01,4.582075e-01,4.582626e-01,4.583202e-01,4.583738e-01,4.584350e-01,4.584620e-01,4.585007e-01,4.585478e-01,4.585926e-01,4.586381e-01,4.586703e-01,4.586893e-01,4.587083e-01,4.587240e-01,4.587514e-01,4.587655e-01,4.588013e-01,4.588124e-01,4.588221e-01,4.588187e-01,4.588139e-01,4.588311e-01,4.588467e-01,4.588493e-01,4.588388e-01,4.588152e-01,4.587902e-01,4.587636e-01,4.587589e-01,4.587528e-01,4.587459e-01,4.587157e-01,4.586856e-01,4.586903e-01,4.586835e-01,4.586650e-01,4.586348e-01,4.585931e-01,4.585862e-01,4.585794e-01,4.585609e-01,4.585192e-01,4.584867e-01,4.584915e-01,4.585312e-01,4.585361e-01,4.584944e-01,4.584527e-01,4.584251e-01,4.583951e-01,4.583675e-01,4.583051e-01,4.582427e-01,4.582036e-01,4.581760e-01,4.581021e-01,4.579820e-01,4.578387e-01,4.577302e-01,4.576219e-01,4.574674e-01,4.572067e-01,4.569143e-01,4.566544e-01,4.564179e-01,4.562049e-01,4.559690e-01,4.556738e-01,4.552673e-01,4.547340e-01,4.542136e-01,4.538419e-01,4.535162e-01,4.531008e-01,4.525404e-01,4.519476e-01,4.515358e-01,4.512478e-01,4.509937e-01,4.506954e-01,4.503420e-01,4.500226e-01,4.497178e-01,4.493996e-01,4.491946e-01,4.491004e-01,4.490062e-01,4.489144e-01,4.488226e-01,4.487309e-01,4.486415e-01,4.485522e-01,4.485730e-01,4.484838e-01,4.485164e-01,4.485395e-01,4.485604e-01,4.484712e-01,4.484920e-01,4.485106e-01,4.485292e-01,4.484378e-01,4.483442e-01,4.483605e-01,4.483768e-01,4.483909e-01,4.484072e-01,4.484235e-01,4.483277e-01,4.483440e-01,4.483603e-01,4.483884e-01,4.482949e-01,4.483112e-01,4.482178e-01,4.482341e-01,4.482527e-01,4.482668e-01,4.481734e-01,4.481897e-01,4.482038e-01,4.482201e-01,4.481245e-01,4.481385e-01,4.481526e-01,4.481667e-01,4.481784e-01,4.481925e-01,4.482065e-01,4.483303e-01,4.483444e-01,4.483584e-01,4.483725e-01,4.483865e-01,4.484006e-01,4.477850e-01,4.479085e-01,4.479226e-01,4.479366e-01,4.479507e-01,4.474459e-01,4.474577e-01,4.475810e-01,4.475950e-01,4.469824e-01,4.469942e-01,4.471194e-01,4.466172e-01,4.466430e-01,4.461443e-01,4.461606e-01,4.461770e-01,4.455739e-01,4.455924e-01,4.450990e-01,4.451175e-01,4.445180e-01,4.445387e-01,4.440482e-01,4.434543e-01,4.435819e-01,4.429873e-01,4.430080e-01,4.425333e-01,4.425518e-01,4.420666e-01,4.414770e-01,4.414954e-01,4.409055e-01,4.409217e-01,4.404387e-01,4.398499e-01,4.399687e-01,4.393816e-01,4.389004e-01,4.389123e-01,4.383286e-01,4.378503e-01,4.378643e-01,4.372839e-01,4.368202e-01,4.368364e-01,4.363642e-01,4.357908e-01,4.358069e-01,4.352353e-01,4.352514e-01,4.346815e-01,4.341155e-01,4.342331e-01,4.336665e-01,4.331037e-01,4.332207e-01,4.326573e-01,4.326733e-01,4.321116e-01,4.315516e-01,4.315676e-01,4.310192e-01,4.310351e-01,4.304765e-01,4.303930e-01,4.298365e-01,4.297513e-01,4.291967e-01,4.291118e-01,4.285573e-01,4.285712e-01,4.279222e-01,4.279361e-01,4.278519e-01,4.272056e-01,4.271337e-01,4.270499e-01,4.265039e-01,4.264205e-01,4.263371e-01,4.257932e-01,4.257102e-01,4.256272e-01,4.255443e-01,4.249065e-01,4.248239e-01,4.247414e-01,4.246589e-01,4.244803e-01,4.243980e-01,4.242196e-01,4.241374e-01,4.246074e-01,4.233274e-01,4.237953e-01,4.241684e-01,4.245421e-01,4.248202e-01,4.246415e-01,4.249198e-01,4.247410e-01,4.245624e-01,4.249368e-01,4.246618e-01,4.244834e-01,4.242091e-01,4.244866e-01,4.242124e-01,4.239386e-01,4.236653e-01,4.233924e-01,4.231318e-01,4.222186e-01,4.223981e-01,4.214887e-01,4.212192e-01,4.209501e-01,4.211284e-01,4.213069e-01,4.203092e-01,4.198543e-01,4.194005e-01,4.195773e-01,4.192175e-01,4.184172e-01,4.179652e-01,4.168939e-01,4.158289e-01,4.158193e-01,4.143293e-01,4.134601e-01,4.125950e-01,4.123408e-01,4.114830e-01,4.106293e-01,4.102004e-01,4.091763e-01,4.080702e-01,4.064709e-01,4.053815e-01,4.034856e-01,4.022660e-01,4.004029e-01,3.996009e-01,3.982402e-01,3.969724e-01,3.956319e-01,3.948501e-01,3.935258e-01,3.927533e-01,3.922846e-01,3.937452e-01,3.956885e-01,3.967055e-01,3.953661e-01,3.943407e-01,3.938678e-01,3.933948e-01,3.923810e-01,3.922922e-01,3.920418e-01,3.904998e-01,3.884401e-01,3.858170e-01,3.830695e-01,3.805138e-01,3.780508e-01,3.754047e-01,3.733548e-01,3.717909e-01,3.713195e-01,3.713083e-01,3.725426e-01,3.717650e-01,3.701088e-01,3.670631e-01,3.640893e-01,3.598535e-01,3.549842e-01,3.512217e-01,3.470431e-01,3.438693e-01,3.399780e-01,3.368395e-01,3.334383e-01,3.298763e-01,3.257781e-01,3.237410e-01,3.206139e-01,3.165390e-01,3.130627e-01,3.091136e-01,3.062741e-01,3.025000e-01,2.985741e-01,2.952428e-01,2.924139e-01,2.895771e-01,2.861512e-01,2.828070e-01,2.801567e-01,2.765232e-01,2.733468e-01,2.702430e-01,2.674143e-01,2.649940e-01,2.626175e-01,2.597106e-01,2.570477e-01,2.544386e-01,2.520161e-01,2.499968e-01,2.476649e-01,2.451943e-01,2.429411e-01,2.410183e-01,2.388471e-01,2.367058e-01,2.348774e-01,2.330761e-01,2.317324e-01,2.301301e-01,2.285488e-01,2.274040e-01,2.260060e-01,2.248781e-01,2.240506e-01,2.229486e-01,2.219921e-01,2.211848e-01,2.202499e-01,2.193154e-01,2.185263e-01,2.179820e-01,2.172091e-01,2.169435e-01,2.166785e-01,2.164211e-01,2.159218e-01,2.155244e-01,2.154041e-01,2.151427e-01,2.153839e-01,2.151295e-01,2.150028e-01,2.146158e-01,2.147223e-01,2.143362e-01,2.145759e-01,2.146823e-01,2.150637e-01,2.149374e-01,2.149170e-01,2.152573e-01,2.155061e-01,2.157482e-01,2.160980e-01,2.164418e-01,2.169299e-01,2.175144e-01,2.180070e-01,2.186326e-01,2.190939e-01,2.194465e-01,2.200510e-01,2.206512e-01,2.210157e-01,2.218681e-01,2.223791e-01,2.229913e-01,2.236138e-01,2.242702e-01,2.251539e-01,2.253858e-01,2.257195e-01,2.262090e-01,2.268413e-01,2.272251e-01,2.277133e-01,2.282109e-01,2.287497e-01,2.296595e-01,2.300523e-01,2.307051e-01,2.315231e-01,2.318821e-01,2.325851e-01,2.331030e-01,2.342445e-01,2.349279e-01,2.354970e-01,2.361793e-01,2.370346e-01,2.374512e-01,2.384705e-01,2.393841e-01,2.405929e-01,2.411802e-01,2.419458e-01,2.430019e-01,2.436086e-01,2.442181e-01,2.454661e-01,2.460845e-01,2.468803e-01,2.476728e-01,2.483019e-01,2.492347e-01,2.499178e-01,2.510507e-01,2.520508e-01,2.523842e-01,2.530281e-01,2.543732e-01,2.550833e-01,2.559276e-01,2.567854e-01,2.576407e-01,2.585100e-01,2.590513e-01,2.599213e-01,2.606121e-01,2.609592e-01,2.618507e-01,2.624063e-01,2.629043e-01,2.638092e-01,2.641654e-01,2.652792e-01,2.656477e-01,2.659559e-01,2.663261e-01,2.672541e-01,2.676185e-01,2.679927e-01,2.687257e-01,2.693001e-01,2.696784e-01,2.702117e-01,2.707919e-01,2.711743e-01,2.715572e-01,2.725107e-01,2.728973e-01,2.732849e-01,2.738780e-01,2.742683e-01,2.746597e-01,2.754745e-01,2.760482e-01,2.761137e-01,2.764632e-01,2.766046e-01,2.765572e-01,2.768793e-01,2.770591e-01,2.773351e-01,2.775541e-01,2.778401e-01,2.783762e-01,2.784435e-01,2.787697e-01,2.790880e-01,2.794161e-01,2.797062e-01,2.802498e-01,2.805810e-01,2.806102e-01,2.811964e-01,2.810009e-01,2.815101e-01,2.818044e-01,2.820593e-01,2.827594e-01,2.828676e-01,2.836202e-01,2.836395e-01,2.843561e-01,2.848361e-01,2.850952e-01,2.852747e-01,2.857572e-01,2.859779e-01,2.867374e-01,2.872340e-01,2.881539e-01,2.889342e-01,2.896356e-01,2.898111e-01,2.907150e-01,2.911324e-01,2.918023e-01,2.922750e-01,2.927398e-01,2.933744e-01,2.943009e-01,2.947291e-01,2.952112e-01,2.956515e-01,2.962902e-01,2.968533e-01,2.973326e-01,2.974398e-01,2.980951e-01,2.984902e-01,2.991943e-01,2.996019e-01,3.002569e-01,3.006227e-01,3.010340e-01,3.013919e-01,3.018504e-01,3.021650e-01,3.023657e-01,3.030425e-01,3.034506e-01,3.039152e-01,3.042799e-01,3.041742e-01,3.045950e-01,3.049153e-01,3.050734e-01,3.053946e-01,3.055531e-01,3.055635e-01,3.059887e-01,3.065883e-01,3.070058e-01,3.070726e-01,3.074447e-01,3.077805e-01,3.081543e-01,3.076819e-01,3.083245e-01,3.086614e-01,3.088126e-01,3.086555e-01,3.088067e-01,3.088733e-01,3.085301e-01,3.082795e-01,3.087006e-01,3.082266e-01,3.075330e-01,3.073211e-01,3.071664e-01,3.061092e-01,3.056905e-01,3.053898e-01,3.049739e-01,3.036705e-01,3.029529e-01,3.024434e-01,3.015188e-01,3.009695e-01,3.000098e-01,2.992558e-01,2.983512e-01,2.971054e-01,2.962141e-01,2.949864e-01,2.940661e-01,2.940760e-01,2.966093e-01,2.953785e-01,2.947016e-01,2.937321e-01,2.927778e-01,2.915797e-01,2.908789e-01,2.899343e-01,2.888098e-01,2.876444e-01,2.867299e-01,2.853101e-01,2.842128e-01,2.833197e-01,2.819728e-01,2.808705e-01,2.795853e-01,2.784161e-01,2.771998e-01,2.760880e-01,2.752451e-01,2.743988e-01,2.733829e-01,2.721001e-01,2.712730e-01,2.703788e-01,2.693648e-01,2.683501e-01,2.672725e-01,2.662466e-01,2.654196e-01,2.645287e-01,2.635577e-01,2.631047e-01,2.622968e-01,2.616620e-01,2.608629e-01,2.598437e-01,2.594443e-01,2.589720e-01,2.581561e-01,2.573451e-01,2.567658e-01,2.559634e-01,2.555679e-01,2.549570e-01,2.545724e-01,2.540854e-01,2.535132e-01,2.530306e-01,2.526205e-01,2.522040e-01,2.519376e-01,2.516717e-01,2.514376e-01,2.511492e-01,2.511263e-01,2.513679e-01,2.514613e-01,2.513756e-01,2.518596e-01,2.522902e-01,2.525965e-01,2.529586e-01,2.534168e-01,2.540913e-01,2.546412e-01,2.550731e-01,2.551690e-01,2.555704e-01,2.559734e-01,2.562312e-01,2.563283e-01,2.565145e-01,2.563609e-01,2.562395e-01,2.566120e-01,2.564254e-01,2.563040e-01,2.563362e-01,2.561501e-01,2.559316e-01,2.559311e-01,2.558419e-01,2.559947e-01,2.559619e-01,2.559291e-01,2.559285e-01,2.561456e-01,2.562663e-01,2.566383e-01,2.568566e-01,2.572628e-01,2.572623e-01,2.576370e-01,2.580456e-01,2.586447e-01,2.590563e-01,2.596271e-01,2.602333e-01,2.611022e-01,2.620102e-01,2.623988e-01,2.628904e-01,2.635459e-01,2.640075e-01,2.649360e-01,2.656361e-01,2.659396e-01,2.664441e-01,2.665754e-01,2.670823e-01,2.669856e-01,2.669240e-01,2.666265e-01,2.663645e-01,2.664687e-01,2.670102e-01,2.673517e-01,2.674839e-01,2.678971e-01,2.677031e-01,2.680817e-01,2.684259e-01,2.686385e-01,2.686389e-01,2.690556e-01,2.697140e-01,2.699281e-01,2.699724e-01,2.706275e-01,2.706716e-01,2.709587e-01,2.711747e-01,2.716348e-01,2.718431e-01,2.720595e-01,2.718589e-01,2.720394e-01,2.722197e-01,2.725731e-01,2.725362e-01,2.727535e-01,2.731449e-01,2.736109e-01,2.735451e-01,2.739305e-01,2.742882e-01,2.744713e-01,2.751178e-01,2.750883e-01,2.752724e-01,2.754944e-01,2.754572e-01,2.760708e-01,2.762566e-01,2.764057e-01,2.760865e-01,2.764507e-01,2.769484e-01,2.768819e-01,2.770226e-01,2.773142e-01,2.775686e-01,2.777773e-01,2.784309e-01,2.790875e-01,2.792308e-01,2.798060e-01,2.805749e-01,2.802373e-01,2.803042e-01,2.800640e-01,2.801210e-01,2.804086e-01,2.804667e-01,2.803116e-01,2.797719e-01,2.790147e-01,2.788524e-01,2.785361e-01,2.776242e-01,2.768698e-01,2.765575e-01,2.758721e-01,2.749688e-01,2.740793e-01,2.729849e-01,2.720996e-01,2.703018e-01,2.692369e-01,2.665743e-01,2.644437e-01,2.625992e-01,2.611139e-01,2.587867e-01,2.575785e-01,2.555515e-01,2.548347e-01,2.519468e-01,2.493891e-01,2.468812e-01,2.438249e-01,2.409687e-01,2.371755e-01,2.332979e-01,2.273435e-01,2.226229e-01,2.181167e-01,2.137709e-01,2.087381e-01,2.041874e-01,1.972372e-01,1.922015e-01,1.871894e-01,1.822340e-01,1.766372e-01,1.701598e-01,1.647624e-01,1.599262e-01,1.552783e-01,1.504694e-01,1.447469e-01,1.405384e-01,1.366817e-01,1.330982e-01,1.299037e-01,1.253203e-01,1.224641e-01,1.197507e-01,1.167874e-01,1.138777e-01,1.110423e-01,1.090357e-01,1.070879e-01,1.051959e-01,1.033196e-01,1.015337e-01,1.003513e-01,9.868242e-02,9.762190e-02,9.599158e-02,9.507626e-02,9.414213e-02,9.328744e-02,9.247618e-02,9.170733e-02,9.094933e-02,9.076376e-02,8.992633e-02,8.971462e-02,8.901162e-02,8.874306e-02,8.859492e-02,8.847581e-02,8.778796e-02,8.767047e-02,8.752512e-02,8.743714e-02,8.791380e-02,8.788456e-02,8.782518e-02,8.770751e-02,8.815726e-02,8.815723e-02,8.869969e-02,8.869877e-02,8.915775e-02,8.968007e-02,8.970946e-02,9.023795e-02,9.077063e-02,9.130845e-02,9.191504e-02,9.191441e-02,9.249509e-02,9.317869e-02,9.373994e-02,9.437283e-02,9.491271e-02,9.555789e-02,9.621077e-02,9.683615e-02,9.746819e-02,9.810737e-02,9.875296e-02,9.940548e-02,1.000654e-01,1.007321e-01,1.013325e-01,1.019762e-01,1.032074e-01,1.032453e-01,1.045792e-01,1.052958e-01,1.054135e-01,1.065447e-01,1.071625e-01,1.080096e-01,1.087041e-01,1.096751e-01,1.102603e-01,1.108195e-01,1.118761e-01,1.125135e-01,1.133982e-01,1.140615e-01,1.151243e-01,1.156791e-01,1.165932e-01,1.173811e-01,1.180484e-01,1.189943e-01,1.196636e-01,1.206438e-01,1.211941e-01,1.220454e-01,1.226054e-01,1.234356e-01,1.240965e-01,1.246981e-01,1.252275e-01,1.260338e-01,1.265727e-01,1.272481e-01,1.276880e-01,1.284820e-01,1.289981e-01,1.296940e-01,1.300929e-01,1.304113e-01,1.311215e-01,1.318382e-01,1.322061e-01,1.327164e-01,1.330885e-01,1.335481e-01,1.337647e-01,1.343453e-01,1.344467e-01,1.348102e-01,1.349711e-01,1.355011e-01,1.356040e-01,1.357952e-01,1.357195e-01,1.361503e-01,1.359701e-01,1.355044e-01,1.354289e-01,1.354568e-01,1.355882e-01,1.348179e-01,1.348456e-01,1.346683e-01,1.342114e-01,1.333532e-01,1.333803e-01,1.328304e-01,1.326574e-01,1.320133e-01,1.312761e-01,1.313025e-01,1.304746e-01,1.299443e-01,1.293217e-01,1.286091e-01,1.279970e-01,1.272031e-01,1.271348e-01,1.266265e-01,1.258464e-01,1.252557e-01,1.244894e-01,1.238198e-01,1.232445e-01,1.224981e-01,1.219328e-01,1.216954e-01,1.210501e-01,1.204104e-01,1.196924e-01,1.190644e-01,1.190028e-01,1.182150e-01,1.181541e-01,1.173754e-01,1.173151e-01,1.171734e-01,1.168694e-01,1.167285e-01,1.165878e-01,1.163667e-01,1.166096e-01,1.164690e-01,1.162483e-01,1.160281e-01,1.163500e-01,1.160493e-01,1.162908e-01,1.161509e-01,1.163127e-01,1.160923e-01,1.164148e-01,1.161138e-01,1.163557e-01,1.161353e-01,1.162966e-01,1.165396e-01,1.163185e-01,1.160178e-01,1.162593e-01,1.160390e-01,1.162005e-01,1.159002e-01,1.161414e-01,1.159213e-01,1.160822e-01,1.157823e-01,1.160234e-01,1.157237e-01,1.158841e-01,1.156648e-01,1.158251e-01,1.155265e-01,1.156866e-01,1.154678e-01,1.156277e-01,1.153294e-01,1.154890e-01,1.152709e-01,1.153508e-01,1.155902e-01,1.152920e-01,1.154515e-01,1.155315e-01,1.156918e-01,1.153930e-01,1.155528e-01,1.157129e-01,1.153343e-01,1.154942e-01,1.156542e-01,1.157345e-01,1.154354e-01,1.155155e-01,1.156756e-01,1.157561e-01,1.159168e-01,1.160778e-01,1.162392e-01,1.158576e-01,1.160185e-01,1.160996e-01,1.162611e-01,1.163421e-01,1.164232e-01,1.161212e-01,1.162020e-01,1.162830e-01,1.164449e-01,1.165261e-01,1.166076e-01,1.162237e-01,1.163855e-01,1.164666e-01,1.165480e-01,1.161643e-01,1.162452e-01,1.163261e-01,1.159436e-01,1.160242e-01,1.161048e-01,1.161856e-01,1.162664e-01,1.163474e-01,1.159646e-01,1.159646e-01,1.160452e-01,1.161259e-01,1.162067e-01,1.162877e-01,1.163686e-01,1.164497e-01,1.164497e-01,1.165308e-01,1.166120e-01,1.166934e-01,1.166934e-01,1.167747e-01,1.168561e-01,1.168561e-01,1.169376e-01,1.170191e-01,1.170189e-01,1.175725e-01,1.175725e-01,1.176547e-01,1.176545e-01,1.182131e-01,1.182132e-01,1.182962e-01,1.187761e-01,1.188598e-01,1.188598e-01,1.194282e-01,1.194281e-01,1.199156e-01,1.200008e-01,1.205783e-01,1.210736e-01,1.211600e-01,1.216593e-01,1.216592e-01,1.222497e-01,1.222500e-01,1.228453e-01,1.233562e-01,1.233561e-01,1.239605e-01,1.239606e-01,1.244798e-01,1.250021e-01,1.250023e-01,1.255284e-01,1.260582e-01,1.260589e-01,1.265926e-01,1.265930e-01,1.272243e-01,1.272253e-01,1.277673e-01,1.283132e-01,1.283138e-01,1.288637e-01,1.288649e-01,1.294189e-01,1.294196e-01,1.299775e-01,1.299789e-01,1.305409e-01,1.305417e-01,1.311079e-01,1.311095e-01,1.311103e-01,1.316806e-01,1.315821e-01,1.315837e-01,1.315847e-01,1.321585e-01,1.321594e-01,1.321611e-01,1.321620e-01,1.321629e-01,1.315906e-01,1.314928e-01,1.314937e-01,1.309260e-01,1.303623e-01,1.297053e-01,1.297067e-01,1.291513e-01,1.280515e-01,1.274133e-01,1.268738e-01,1.258056e-01,1.251853e-01,1.241395e-01,1.236221e-01,1.225088e-01,1.214988e-01,1.204162e-01,1.194337e-01,1.179009e-01,1.169511e-01,1.154689e-01,1.145502e-01,1.135649e-01,1.122274e-01,1.112732e-01,1.099039e-01,1.090546e-01,1.077283e-01,1.068343e-01,1.056202e-01,1.047536e-01,1.035089e-01,1.027353e-01,1.015279e-01,1.007782e-01,9.997317e-02,9.881618e-02,9.803541e-02,9.726423e-02,9.650247e-02,9.580851e-02,9.506428e-02,9.432904e-02,9.327200e-02,9.255813e-02,9.223183e-02,9.153019e-02,9.115403e-02,9.041029e-02,9.003962e-02,8.936343e-02,8.905415e-02,8.869339e-02,8.833481e-02,8.797847e-02,8.732579e-02,8.697563e-02,8.662756e-02,8.599012e-02,8.535986e-02,8.497187e-02,8.463404e-02,8.396997e-02,8.336210e-02,8.303571e-02,8.271124e-02,8.207003e-02,8.175125e-02,8.143432e-02,8.111924e-02,8.076001e-02,8.018702e-02,7.983400e-02,7.952818e-02,7.922411e-02,7.892177e-02,7.857707e-02,7.827621e-02,7.793572e-02,7.788994e-02,7.755191e-02,7.750643e-02,7.741787e-02,7.762050e-02,7.753173e-02,7.748625e-02,7.764588e-02,7.784951e-02,7.771689e-02,7.817175e-02,7.808196e-02,7.824361e-02,7.819747e-02,7.861269e-02,7.856621e-02,7.847792e-02,7.859673e-02,7.855025e-02,7.871349e-02,7.862267e-02,7.853200e-02,7.873951e-02,7.835335e-02,7.826309e-02,7.821684e-02,7.812681e-02,7.778861e-02,7.769929e-02,7.740478e-02,7.723224e-02,7.694038e-02,7.685244e-02,7.676468e-02,7.643538e-02,7.626378e-02,7.621914e-02,7.589340e-02,7.580722e-02,7.572117e-02,7.563525e-02,7.551028e-02,7.566388e-02,7.557807e-02,7.573191e-02,7.564597e-02,7.571644e-02,7.591516e-02,7.602805e-02,7.594159e-02,7.585526e-02,7.601010e-02,7.608118e-02,7.623679e-02,7.663708e-02,7.654955e-02,7.670671e-02,7.673613e-02,7.689396e-02,7.705228e-02,7.721113e-02,7.728406e-02,7.719538e-02,7.710683e-02,7.697544e-02,7.713410e-02,7.720932e-02,7.712072e-02,7.698925e-02,7.714796e-02,7.717767e-02,7.738028e-02,7.724809e-02,7.711865e-02,7.727784e-02,7.730763e-02,7.721875e-02,7.708692e-02,7.724848e-02,7.703046e-02,7.694201e-02,7.705762e-02,7.696911e-02,7.675461e-02,7.666655e-02,7.653603e-02,7.645079e-02,7.623598e-02,7.586419e-02,7.573811e-02,7.589290e-02,7.568282e-02,7.559646e-02,7.547098e-02,7.538493e-02,7.517689e-02,3.804569e-03,3.804569e-03,3.804569e-03,3.804569e-03,3.804569e-03,3.804569e-03,3.804569e-03,3.804569e-03,3.804569e-03,3.804569e-03,3.804569e-03,3.804569e-03,3.804569e-03,3.804569e-03,3.804569e-03,3.804569e-03,3.804569e-03,3.804569e-03,3.804569e-03,3.804569e-03,3.804569e-03,3.804569e-03,3.804569e-03,3.804569e-03,3.804569e-03,3.804569e-03,3.804569e-03,3.804569e-03,3.804569e-03,3.804569e-03,3.804569e-03,3.804569e-03,3.804569e-03,3.804569e-03,3.804569e-03,3.804569e-03,3.804569e-03,3.804569e-03,3.804569e-03,3.804569e-03,3.804569e-03,3.804569e-03,3.804569e-03,3.804569e-03,3.804569e-03,3.804569e-03,3.804569e-03,3.804569e-03,3.804569e-03,3.804569e-03,3.804569e-03,3.804569e-03,3.804569e-03,3.804569e-03,3.804569e-03,3.804569e-03,3.804569e-03,3.804569e-03,3.804569e-03,3.804569e-03,3.804569e-03,3.804569e-03,3.804569e-03,3.804569e-03,3.804569e-03,3.804569e-03,3.804569e-03,3.804569e-03,3.804569e-03,3.804569e-03,3.804569e-03,3.804569e-03,3.804569e-03,3.804569e-03,3.804569e-03,3.804569e-03,3.804569e-03,3.804569e-03,3.804569e-03,3.804569e-03,3.804569e-03,3.804569e-03,3.804569e-03,3.804569e-03,3.804569e-03,3.804569e-03,3.804569e-03,3.804569e-03,3.804569e-03,3.804569e-03,3.804569e-03,3.804569e-03,3.804569e-03,3.804569e-03,3.804569e-03,3.804569e-03,3.804569e-03,3.804569e-03,3.804569e-03,3.804569e-03,3.804569e-03,3.804569e-03,3.804569e-03,3.804569e-03,3.804569e-03,3.804569e-03,3.804569e-03,3.804569e-03,3.804569e-03,3.804569e-03,3.804569e-03,3.804569e-03,3.804569e-03,3.804569e-03,3.804569e-03,3.804569e-03,3.804569e-03,3.804569e-03,3.804569e-03,3.804569e-03,3.804569e-03,3.804569e-03,3.804569e-03,3.804569e-03,3.804569e-03,3.804569e-03,3.804569e-03,3.804569e-03,3.804569e-03,3.804569e-03,3.804569e-03,3.804569e-03,3.804569e-03,3.804569e-03,3.804569e-03,3.804569e-03,3.804569e-03,3.804569e-03,3.804569e-03,3.804569e-03,3.804569e-03,3.804569e-03,3.804569e-03,3.804569e-03,3.804569e-03,3.804569e-03,3.804569e-03,3.804569e-03,3.804569e-03,3.804569e-03,3.804569e-03,3.804569e-03,3.804569e-03,3.804569e-03,3.804569e-03,3.804569e-03,3.804569e-03,3.804569e-03,3.804569e-03,3.804569e-03,3.804569e-03
2.743026e-02,2.740054e-02,2.736340e-02,2.732628e-02,2.728918e-02,2.725223e-02,2.720801e-02,2.717109e-02,2.713431e-02,2.709013e-02,2.705337e-02,2.700920e-02,2.697259e-02,2.693599e-02,2.689201e-02,2.685544e-02,2.681887e-02,2.678232e-02,2.675317e-02,2.671676e-02,2.668761e-02,2.665846e-02,2.662945e-02,2.660769e-02,2.658608e-02,2.655709e-02,2.653549e-02,2.652126e-02,2.649966e-02,2.647820e-02,2.646411e-02,2.644264e-02,2.642869e-02,2.640738e-02,2.639344e-02,2.637951e-02,2.635821e-02,2.634429e-02,2.633050e-02,2.630922e-02,2.629531e-02,2.628142e-02,2.626018e-02,2.624617e-02,2.622494e-02,2.621097e-02,2.619702e-02,2.617557e-02,2.616168e-02,2.614771e-02,2.612644e-02,2.611262e-02,2.609878e-02,2.608502e-02,2.607136e-02,2.605778e-02,2.605166e-02,2.603830e-02,2.602485e-02,2.601891e-02,2.600563e-02,2.599238e-02,2.598637e-02,2.597300e-02,2.596707e-02,2.595390e-02,2.594802e-02,2.594213e-02,2.592880e-02,2.592286e-02,2.591691e-02,2.590342e-02,2.589714e-02,2.589100e-02,2.587737e-02,2.587118e-02,2.586501e-02,2.585918e-02,2.584602e-02,2.584037e-02,2.583488e-02,2.582268e-02,2.581826e-02,2.581419e-02,2.580360e-02,2.580121e-02,2.579961e-02,2.579182e-02,2.579297e-02,2.578865e-02,2.579328e-02,2.579278e-02,2.580263e-02,2.580874e-02,2.582583e-02,2.584056e-02,2.586858e-02,2.589668e-02,2.593307e-02,2.598644e-02,2.604508e-02,2.611665e-02,2.620385e-02,2.630963e-02,2.644362e-02,2.659410e-02,2.677251e-02,2.698469e-02,2.722847e-02,2.751348e-02,2.784379e-02,2.822091e-02,2.864982e-02,2.914180e-02,2.970413e-02,3.030789e-02,3.097889e-02,3.170451e-02,3.249074e-02,3.332295e-02,3.419881e-02,3.509522e-02,3.601023e-02,3.691383e-02,3.780992e-02,3.865404e-02,3.944672e-02,4.017228e-02,4.083846e-02,4.140536e-02,4.191269e-02,4.232539e-02,4.269663e-02,4.294871e-02,4.315850e-02,4.328368e-02,4.337046e-02,4.336851e-02,4.335968e-02,4.329390e-02,4.322926e-02,4.311096e-02,4.296416e-02,4.287002e-02,4.275190e-02,4.267497e-02,4.257946e-02,4.252772e-02,4.245116e-02,4.238345e-02,4.232299e-02,4.222783e-02,4.212093e-02,4.201001e-02,4.185796e-02,4.164813e-02,4.136910e-02,4.109262e-02,4.077197e-02,4.043439e-02,4.010495e-02,3.977563e-02,3.940150e-02,3.901076e-02,3.859202e-02,3.813895e-02,3.767092e-02,3.715909e-02,3.664788e-02,3.612246e-02,3.559827e-02,3.507974e-02,3.457501e-02,3.409166e-02,3.364032e-02,3.320881e-02,3.280662e-02,3.243052e-02,3.209035e-02,3.176537e-02,3.146225e-02,3.117463e-02,3.091131e-02,3.066079e-02,3.043132e-02,3.020830e-02,3.000398e-02,2.981904e-02,2.964883e-02,2.948276e-02,2.934023e-02,2.920780e-02,2.908672e-02,2.896366e-02,2.886282e-02,2.877028e-02,2.868190e-02,2.860016e-02,2.851458e-02,2.842751e-02,2.833093e-02,2.823122e-02,2.813192e-02,2.801909e-02,2.789027e-02,2.776349e-02,2.761992e-02,2.746874e-02,2.730839e-02,2.714822e-02,2.698140e-02,2.681978e-02,2.665402e-02,2.649425e-02,2.633531e-02,2.618115e-02,2.603846e-02,2.590550e-02,2.578242e-02,2.567078e-02,2.557416e-02,2.547710e-02,2.540133e-02,2.533289e-02,2.528189e-02,2.523079e-02,2.518628e-02,2.515190e-02,2.512616e-02,2.509759e-02,2.506478e-02,2.503785e-02,2.500184e-02,2.494754e-02,2.489121e-02,2.481937e-02,2.473669e-02,2.462975e-02,2.452200e-02,2.440590e-02,2.429278e-02,2.416987e-02,2.404951e-02,2.393086e-02,2.381873e-02,2.371300e-02,2.362474e-02,2.353899e-02,2.346266e-02,2.340614e-02,2.334989e-02,2.330948e-02,2.326634e-02,2.323371e-02,2.319405e-02,2.316026e-02,2.311823e-02,2.308055e-02,2.303499e-02,2.299510e-02,2.294999e-02,2.291286e-02,2.287294e-02,2.284419e-02,2.282015e-02,2.279314e-02,2.277719e-02,2.275835e-02,2.274929e-02,2.273580e-02,2.273080e-02,2.272042e-02,2.271799e-02,2.270938e-02,2.270841e-02,2.270096e-02,2.270094e-02,2.269454e-02,2.268864e-02,2.269114e-02,2.268741e-02,2.269430e-02,2.269698e-02,2.270772e-02,2.273507e-02,2.277575e-02,2.284334e-02,2.296264e-02,2.313776e-02,2.340943e-02,2.380721e-02,2.437780e-02,2.515207e-02,2.619153e-02,2.753296e-02,2.917770e-02,3.118000e-02,3.354551e-02,3.627624e-02,3.933421e-02,4.272502e-02,4.642008e-02,5.035143e-02,5.448365e-02,5.880765e-02,6.327051e-02,6.788223e-02,7.261317e-02,7.747072e-02,8.254500e-02,8.768229e-02,9.293265e-02,9.832299e-02,1.038574e-01,1.095522e-01,1.153730e-01,1.213546e-01,1.274730e-01,1.337107e-01,1.400951e-01,1.468352e-01,1.534647e-01,1.602125e-01,1.669654e-01,1.738719e-01,1.808397e-01,1.878633e-01,1.949218e-01,2.019851e-01,2.090375e-01,2.160572e-01,2.230066e-01,2.299562e-01,2.368556e-01,2.435462e-01,2.501335e-01,2.566320e-01,2.629478e-01,2.690414e-01,2.750621e-01,2.808462e-01,2.862018e-01,2.914807e-01,2.963973e-01,3.012132e-01,3.056638e-01,3.100026e-01,3.139550e-01,3.177622e-01,3.212639e-01,3.245920e-01,3.277665e-01,3.309892e-01,3.343871e-01,3.377093e-01,3.411981e-01,3.446089e-01,3.480460e-01,3.516433e-01,3.551310e-01,3.587783e-01,3.621488e-01,3.656575e-01,3.691569e-01,3.724873e-01,3.759312e-01,3.793430e-01,3.827056e-01,3.858445e-01,3.890638e-01,3.922039e-01,3.952443e-01,3.981654e-01,4.009682e-01,4.036201e-01,4.061149e-01,4.084438e-01,4.105789e-01,4.125114e-01,4.142237e-01,4.157070e-01,4.166894e-01,4.178692e-01,4.190533e-01,4.202451e-01,4.214390e-01,4.226445e-01,4.238615e-01,4.248821e-01,4.261125e-01,4.273460e-01,4.283866e-01,4.296421e-01,4.306957e-01,4.317524e-01,4.328177e-01,4.338895e-01,4.351756e-01,4.362611e-01,4.373495e-01,4.384421e-01,4.395427e-01,4.406493e-01,4.417574e-01,4.426550e-01,4.437800e-01,4.449116e-01,4.460440e-01,4.471902e-01,4.481122e-01,4.492699e-01,4.502024e-01,4.511427e-01,4.523218e-01,4.532725e-01,4.542278e-01,4.551874e-01,4.561511e-01,4.571202e-01,4.580986e-01,4.590775e-01,4.600591e-01,4.610495e-01,4.617965e-01,4.627970e-01,4.637951e-01,4.645400e-01,4.655495e-01,4.665630e-01,4.675705e-01,4.683345e-01,4.691021e-01,4.701209e-01,4.708877e-01,4.716635e-01,4.727028e-01,4.734832e-01,4.742654e-01,4.750563e-01,4.761121e-01,4.769090e-01,4.777103e-01,4.785186e-01,4.793251e-01,4.801405e-01,4.809593e-01,4.817854e-01,4.826114e-01,4.834447e-01,4.842750e-01,4.851165e-01,4.859602e-01,4.865282e-01,4.873778e-01,4.879511e-01,4.888060e-01,4.896632e-01,4.902481e-01,4.911141e-01,4.916953e-01,4.925668e-01,4.931542e-01,4.940256e-01,4.946173e-01,4.952057e-01,4.957981e-01,4.966801e-01,4.972738e-01,4.978648e-01,4.984640e-01,4.993531e-01,4.999508e-01,5.005482e-01,5.011486e-01,5.017421e-01,5.023439e-01,5.029528e-01,5.035567e-01,5.041651e-01,5.047738e-01,5.053907e-01,5.057026e-01,5.063218e-01,5.069499e-01,5.075766e-01,5.078979e-01,5.085297e-01,5.091719e-01,5.098024e-01,5.101326e-01,5.107704e-01,5.114110e-01,5.117423e-01,5.120709e-01,5.127199e-01,5.130486e-01,5.136909e-01,5.140262e-01,5.146760e-01,5.150047e-01,5.153314e-01,5.156630e-01,5.159869e-01,5.163129e-01,5.166475e-01,5.169782e-01,5.173065e-01,5.176307e-01,5.179627e-01,5.182940e-01,5.186258e-01,5.189543e-01,5.192881e-01,5.196211e-01,5.199592e-01,5.203021e-01,5.206345e-01,5.209566e-01,5.212911e-01,5.216340e-01,5.219715e-01,5.223022e-01,5.226197e-01,5.229482e-01,5.232786e-01,5.236064e-01,5.239372e-01,5.242645e-01,5.245885e-01,5.249385e-01,5.252439e-01,5.255377e-01,5.258517e-01,5.261385e-01,5.264553e-01,5.267607e-01,5.270052e-01,5.272917e-01,5.275663e-01,5.278513e-01,5.281349e-01,5.283414e-01,5.286216e-01,5.288899e-01,5.291448e-01,5.294221e-01,5.296617e-01,5.299175e-01,5.301855e-01,5.303841e-01,5.305187e-01,5.307095e-01,5.309384e-01,5.311296e-01,5.313169e-01,5.315085e-01,5.317245e-01,5.319445e-01,5.321852e-01,5.324178e-01,5.326547e-01,5.328638e-01,5.331480e-01,5.334631e-01,5.337459e-01,5.340456e-01,5.343227e-01,5.346314e-01,5.349606e-01,5.352370e-01,5.355606e-01,5.358496e-01,5.361206e-01,5.364390e-01,5.367042e-01,5.369882e-01,5.372807e-01,5.376071e-01,5.379004e-01,5.382171e-01,5.385242e-01,5.388419e-01,5.391517e-01,5.394816e-01,5.398072e-01,5.401416e-01,5.404373e-01,5.407810e-01,5.411320e-01,5.414650e-01,5.417810e-01,5.421353e-01,5.424607e-01,5.427957e-01,5.431069e-01,5.434616e-01,5.437821e-01,5.440930e-01,5.444509e-01,5.447728e-01,5.450884e-01,5.454043e-01,5.457260e-01,5.460342e-01,5.463515e-01,5.466691e-01,5.469958e-01,5.472791e-01,5.476035e-01,5.479385e-01,5.482299e-01,5.485659e-01,5.488581e-01,5.491862e-01,5.494775e-01,5.498224e-01,5.501145e-01,5.504040e-01,5.506969e-01,5.510077e-01,5.513102e-01,5.516130e-01,5.519090e-01,5.522127e-01,5.525094e-01,5.527977e-01,5.530864e-01,5.533346e-01,5.536255e-01,5.538949e-01,5.541776e-01,5.544047e-01,5.546320e-01,5.548976e-01,5.551432e-01,5.553891e-01,5.556351e-01,5.558725e-01,5.561191e-01,5.563569e-01,5.565949e-01,5.567947e-01,5.570407e-01,5.572703e-01,5.574692e-01,5.576977e-01,5.578969e-01,5.581052e-01,5.583434e-01,5.585533e-01,5.587607e-01,5.589592e-01,5.591707e-01,5.593657e-01,5.595737e-01,5.597598e-01,5.599551e-01,5.601453e-01,5.603280e-01,5.605107e-01,5.606975e-01,5.608781e-01,5.610535e-01,5.612213e-01,5.613800e-01,5.615402e-01,5.616914e-01,5.618440e-01,5.619967e-01,5.621272e-01,5.622592e-01,5.623834e-01,5.624959e-01,5.626163e-01,5.627250e-01,5.628244e-01,5.629068e-01,5.629985e-01,5.630916e-01,5.631768e-01,5.632660e-01,5.633351e-01,5.633980e-01,5.634608e-01,5.635158e-01,5.635801e-01,5.636311e-01,5.636898e-01,5.637334e-01,5.637738e-01,5.638014e-01,5.638255e-01,5.638580e-01,5.638934e-01,5.639164e-01,5.639267e-01,5.639241e-01,5.639179e-01,5.639012e-01,5.639064e-01,5.639079e-01,5.639077e-01,5.638889e-01,5.638702e-01,5.638722e-01,5.638720e-01,5.638625e-01,5.638438e-01,5.638158e-01,5.638087e-01,5.638085e-01,5.637990e-01,5.637711e-01,5.637445e-01,5.637535e-01,5.637833e-01,5.637924e-01,5.637645e-01,5.637366e-01,5.637260e-01,5.637074e-01,5.636899e-01,5.636516e-01,5.636134e-01,5.635936e-01,5.635831e-01,5.635357e-01,5.634445e-01,5.633419e-01,5.632670e-01,5.631921e-01,5.630804e-01,5.628781e-01,5.626564e-01,5.624545e-01,5.622711e-01,5.620994e-01,5.619163e-01,5.616797e-01,5.613600e-01,5.609326e-01,5.605152e-01,5.602166e-01,5.599546e-01,5.596206e-01,5.591629e-01,5.586858e-01,5.583537e-01,5.581210e-01,5.579156e-01,5.576745e-01,5.573888e-01,5.571304e-01,5.568827e-01,5.566249e-01,5.564645e-01,5.563934e-01,5.563224e-01,5.562591e-01,5.561960e-01,5.561328e-01,5.560775e-01,5.560222e-01,5.560560e-01,5.560008e-01,5.560373e-01,5.560790e-01,5.561130e-01,5.560578e-01,5.560918e-01,5.561179e-01,5.561441e-01,5.560811e-01,5.560104e-01,5.560288e-01,5.560471e-01,5.560576e-01,5.560759e-01,5.560943e-01,5.560158e-01,5.560341e-01,5.560525e-01,5.560735e-01,5.560029e-01,5.560212e-01,5.559506e-01,5.559690e-01,5.559953e-01,5.560058e-01,5.559352e-01,5.559536e-01,5.559641e-01,5.559825e-01,5.559041e-01,5.559146e-01,5.559252e-01,5.559357e-01,5.559383e-01,5.559488e-01,5.559593e-01,5.560588e-01,5.560693e-01,5.560798e-01,5.560903e-01,5.561008e-01,5.561114e-01,5.555765e-01,5.556758e-01,5.556863e-01,5.556968e-01,5.557073e-01,5.552622e-01,5.552648e-01,5.553639e-01,5.553744e-01,5.548416e-01,5.548442e-01,5.549510e-01,5.545075e-01,5.545206e-01,5.540859e-01,5.541043e-01,5.541227e-01,5.536088e-01,5.536350e-01,5.532100e-01,5.532362e-01,5.527244e-01,5.527584e-01,5.523351e-01,5.518332e-01,5.519544e-01,5.514457e-01,5.514796e-01,5.510617e-01,5.510878e-01,5.506679e-01,5.501622e-01,5.501883e-01,5.496760e-01,5.496944e-01,5.492694e-01,5.487516e-01,5.488483e-01,5.483315e-01,5.479016e-01,5.479045e-01,5.473900e-01,5.469620e-01,5.469726e-01,5.464604e-01,5.460372e-01,5.460554e-01,5.456377e-01,5.451362e-01,5.451544e-01,5.446541e-01,5.446722e-01,5.441730e-01,5.436825e-01,5.437846e-01,5.432875e-01,5.427990e-01,5.429008e-01,5.424057e-01,5.424238e-01,5.419299e-01,5.414370e-01,5.414551e-01,5.409591e-01,5.409772e-01,5.404792e-01,5.404145e-01,5.399178e-01,5.398459e-01,5.393505e-01,5.392789e-01,5.387775e-01,5.387881e-01,5.382133e-01,5.382240e-01,5.381527e-01,5.375796e-01,5.375120e-01,5.374410e-01,5.369513e-01,5.368805e-01,5.368098e-01,5.363216e-01,5.362510e-01,5.361805e-01,5.361100e-01,5.355426e-01,5.354723e-01,5.354021e-01,5.353320e-01,5.351811e-01,5.351110e-01,5.349602e-01,5.348902e-01,5.353154e-01,5.341760e-01,5.345998e-01,5.349438e-01,5.352883e-01,5.355524e-01,5.354014e-01,5.356657e-01,5.355146e-01,5.353637e-01,5.357087e-01,5.354768e-01,5.353259e-01,5.350945e-01,5.353583e-01,5.351268e-01,5.348957e-01,5.346647e-01,5.344341e-01,5.342070e-01,5.334051e-01,5.335868e-01,5.327873e-01,5.325587e-01,5.323304e-01,5.325112e-01,5.326922e-01,5.318167e-01,5.314306e-01,5.310453e-01,5.312251e-01,5.309192e-01,5.302085e-01,5.298183e-01,5.288761e-01,5.279380e-01,5.279594e-01,5.266266e-01,5.258527e-01,5.250816e-01,5.248683e-01,5.241076e-01,5.233495e-01,5.229855e-01,5.220796e-01,5.211019e-01,5.196674e-01,5.187006e-01,5.169750e-01,5.158625e-01,5.141595e-01,5.134360e-01,5.121903e-01,5.110240e-01,5.097924e-01,5.090773e-01,5.078569e-01,5.071484e-01,5.067345e-01,5.081248e-01,5.099702e-01,5.109451e-01,5.097080e-01,5.087731e-01,5.083561e-01,5.079336e-01,5.070066e-01,5.069499e-01,5.067456e-01,5.053225e-01,5.034061e-01,5.009513e-01,4.983850e-01,4.959782e-01,4.936744e-01,4.911991e-01,4.892813e-01,4.878503e-01,4.874838e-01,4.875808e-01,4.888594e-01,4.882358e-01,4.867605e-01,4.839359e-01,4.811413e-01,4.771426e-01,4.724905e-01,4.689108e-01,4.649278e-01,4.618770e-01,4.581503e-01,4.551696e-01,4.518977e-01,4.484795e-01,4.444819e-01,4.425341e-01,4.394717e-01,4.354642e-01,4.320253e-01,4.280622e-01,4.252234e-01,4.214002e-01,4.173799e-01,4.139849e-01,4.110859e-01,4.081316e-01,4.045500e-01,4.010381e-01,3.982458e-01,3.943759e-01,3.909716e-01,3.876319e-01,3.845872e-01,3.819636e-01,3.793818e-01,3.761849e-01,3.732565e-01,3.703801e-01,3.676826e-01,3.654384e-01,3.628235e-01,3.600446e-01,3.575095e-01,3.553277e-01,3.528686e-01,3.504407e-01,3.483504e-01,3.462866e-01,3.447299e-01,3.428928e-01,3.410744e-01,3.397429e-01,3.381358e-01,3.368238e-01,3.358654e-01,3.345767e-01,3.334627e-01,3.325244e-01,3.314295e-01,3.303374e-01,3.294158e-01,3.287666e-01,3.278588e-01,3.275411e-01,3.272242e-01,3.269124e-01,3.263334e-01,3.258578e-01,3.257096e-01,3.253963e-01,3.256661e-01,3.253575e-01,3.252069e-01,3.247411e-01,3.248514e-01,3.243866e-01,3.246564e-01,3.247667e-01,3.252019e-01,3.250532e-01,3.250081e-01,3.253799e-01,3.256577e-01,3.259297e-01,3.263082e-01,3.266830e-01,3.272257e-01,3.278682e-01,3.284149e-01,3.291214e-01,3.296113e-01,3.299923e-01,3.306508e-01,3.313057e-01,3.316954e-01,3.326281e-01,3.331896e-01,3.338550e-01,3.345259e-01,3.352603e-01,3.362188e-01,3.364484e-01,3.367822e-01,3.372943e-01,3.379770e-01,3.383832e-01,3.388957e-01,3.394145e-01,3.400002e-01,3.409828e-01,3.413965e-01,3.420969e-01,3.429842e-01,3.433385e-01,3.441142e-01,3.446499e-01,3.459112e-01,3.466360e-01,3.472482e-01,3.479721e-01,3.488918e-01,3.493238e-01,3.504339e-01,3.514353e-01,3.527524e-01,3.533807e-01,3.542079e-01,3.553468e-01,3.559897e-01,3.566350e-01,3.579892e-01,3.586422e-01,3.594958e-01,3.603489e-01,3.610110e-01,3.619983e-01,3.627419e-01,3.639475e-01,3.650280e-01,3.653740e-01,3.660511e-01,3.674880e-01,3.682532e-01,3.691515e-01,3.700567e-01,3.709645e-01,3.718818e-01,3.724554e-01,3.733758e-01,3.740927e-01,3.744549e-01,3.753936e-01,3.759841e-01,3.764907e-01,3.774431e-01,3.778179e-01,3.789995e-01,3.793797e-01,3.796731e-01,3.800547e-01,3.810267e-01,3.814035e-01,3.817860e-01,3.825380e-01,3.831424e-01,3.835256e-01,3.840534e-01,3.846600e-01,3.850464e-01,3.854308e-01,3.864189e-01,3.868061e-01,3.871941e-01,3.878114e-01,3.882016e-01,3.885925e-01,3.894500e-01,3.900413e-01,3.900839e-01,3.904355e-01,3.905554e-01,3.904722e-01,3.907936e-01,3.909524e-01,3.912312e-01,3.914321e-01,3.917163e-01,3.922742e-01,3.923233e-01,3.926479e-01,3.929715e-01,3.933003e-01,3.935905e-01,3.941573e-01,3.944914e-01,3.945015e-01,3.951108e-01,3.948781e-01,3.954093e-01,3.957027e-01,3.959535e-01,3.966896e-01,3.967764e-01,3.975572e-01,3.975562e-01,3.983000e-01,3.987942e-01,3.990425e-01,3.992134e-01,3.997066e-01,3.999187e-01,4.007082e-01,4.012099e-01,4.021751e-01,4.029788e-01,4.037030e-01,4.038735e-01,4.048155e-01,4.052435e-01,4.059345e-01,4.064151e-01,4.068925e-01,4.075472e-01,4.085113e-01,4.089514e-01,4.094397e-01,4.098863e-01,4.105543e-01,4.111390e-01,4.116285e-01,4.117275e-01,4.124027e-01,4.128083e-01,4.135311e-01,4.139435e-01,4.146222e-01,4.149928e-01,4.154083e-01,4.157762e-01,4.162377e-01,4.165627e-01,4.167529e-01,4.174459e-01,4.178623e-01,4.183288e-01,4.187022e-01,4.185737e-01,4.189968e-01,4.193264e-01,4.194740e-01,4.198044e-01,4.199523e-01,4.199605e-01,4.203904e-01,4.210054e-01,4.214296e-01,4.214874e-01,4.218669e-01,4.222055e-01,4.225864e-01,4.220784e-01,4.227364e-01,4.230724e-01,4.232144e-01,4.230324e-01,4.231743e-01,4.232285e-01,4.228523e-01,4.225789e-01,4.230022e-01,4.224931e-01,4.217549e-01,4.215247e-01,4.213483e-01,4.202419e-01,4.197894e-01,4.194754e-01,4.190288e-01,4.176619e-01,4.168982e-01,4.163612e-01,4.153761e-01,4.147996e-01,4.137791e-01,4.129800e-01,4.120128e-01,4.106965e-01,4.097413e-01,4.084411e-01,4.074589e-01,4.074665e-01,4.101357e-01,4.088328e-01,4.081086e-01,4.070858e-01,4.060690e-01,4.047982e-01,4.040483e-01,4.030443e-01,4.018392e-01,4.005975e-01,3.996162e-01,3.980995e-01,3.969229e-01,3.959579e-01,3.945109e-01,3.933188e-01,3.919316e-01,3.906725e-01,3.893475e-01,3.881444e-01,3.872226e-01,3.863017e-01,3.851938e-01,3.837948e-01,3.828917e-01,3.819198e-01,3.808063e-01,3.796961e-01,3.785211e-01,3.773933e-01,3.764870e-01,3.755147e-01,3.744413e-01,3.739445e-01,3.730560e-01,3.723538e-01,3.714734e-01,3.703526e-01,3.699052e-01,3.693872e-01,3.684880e-01,3.675934e-01,3.669440e-01,3.660575e-01,3.656177e-01,3.649417e-01,3.645083e-01,3.639733e-01,3.633368e-01,3.628082e-01,3.623501e-01,3.618899e-01,3.615981e-01,3.613068e-01,3.610485e-01,3.607291e-01,3.607054e-01,3.609797e-01,3.610850e-01,3.609936e-01,3.615305e-01,3.620071e-01,3.623462e-01,3.627561e-01,3.632656e-01,3.640122e-01,3.646295e-01,3.651113e-01,3.652190e-01,3.656691e-01,3.661232e-01,3.664068e-01,3.665181e-01,3.667347e-01,3.665759e-01,3.664479e-01,3.668704e-01,3.666752e-01,3.665472e-01,3.665914e-01,3.663965e-01,3.661655e-01,3.661734e-01,3.660764e-01,3.662562e-01,3.662306e-01,3.662050e-01,3.662129e-01,3.664570e-01,3.666035e-01,3.670235e-01,3.672686e-01,3.677239e-01,3.677318e-01,3.681545e-01,3.686121e-01,3.692798e-01,3.697403e-01,3.703809e-01,3.710554e-01,3.720167e-01,3.730151e-01,3.734537e-01,3.739983e-01,3.747250e-01,3.752384e-01,3.762614e-01,3.770332e-01,3.773700e-01,3.779268e-01,3.780780e-01,3.786372e-01,3.785357e-01,3.784703e-01,3.781489e-01,3.778639e-01,3.779825e-01,3.785772e-01,3.789528e-01,3.791049e-01,3.795539e-01,3.793387e-01,3.797521e-01,3.801303e-01,3.803622e-01,3.803654e-01,3.808175e-01,3.815281e-01,3.817587e-01,3.818017e-01,3.825162e-01,3.825561e-01,3.828584e-01,3.830907e-01,3.835835e-01,3.838104e-01,3.840374e-01,3.838134e-01,3.840067e-01,3.841969e-01,3.845781e-01,3.845377e-01,3.847656e-01,3.851852e-01,3.856805e-01,3.856056e-01,3.860240e-01,3.864090e-01,3.866016e-01,3.872944e-01,3.872564e-01,3.874500e-01,3.876848e-01,3.876471e-01,3.883058e-01,3.885038e-01,3.886673e-01,3.883236e-01,3.887201e-01,3.892720e-01,3.892022e-01,3.893750e-01,3.897007e-01,3.899887e-01,3.902359e-01,3.909581e-01,3.916832e-01,3.918618e-01,3.925099e-01,3.933636e-01,3.930230e-01,3.931216e-01,3.928970e-01,3.930009e-01,3.933352e-01,3.934274e-01,3.932834e-01,3.927470e-01,3.919745e-01,3.918252e-01,3.915264e-01,3.906074e-01,3.898377e-01,3.895389e-01,3.888599e-01,3.879482e-01,3.870440e-01,3.859115e-01,3.850114e-01,3.831537e-01,3.820456e-01,3.792713e-01,3.770296e-01,3.751179e-01,3.735723e-01,3.711363e-01,3.699098e-01,3.678109e-01,3.671752e-01,3.641856e-01,3.615009e-01,3.588607e-01,3.556264e-01,3.525722e-01,3.484842e-01,3.442450e-01,3.377263e-01,3.324897e-01,3.274743e-01,3.226101e-01,3.169560e-01,3.117773e-01,3.038375e-01,2.980302e-01,2.921846e-01,2.863595e-01,2.797055e-01,2.719661e-01,2.654228e-01,2.595093e-01,2.537833e-01,2.478020e-01,2.406336e-01,2.353042e-01,2.303766e-01,2.257668e-01,2.216185e-01,2.156389e-01,2.118689e-01,2.082593e-01,2.042847e-01,2.003652e-01,1.965178e-01,1.937670e-01,1.910834e-01,1.884651e-01,1.858559e-01,1.833628e-01,1.816845e-01,1.793426e-01,1.778307e-01,1.755254e-01,1.742180e-01,1.728781e-01,1.716547e-01,1.704922e-01,1.693902e-01,1.683026e-01,1.680225e-01,1.668103e-01,1.664911e-01,1.654786e-01,1.650715e-01,1.648476e-01,1.646671e-01,1.636729e-01,1.634940e-01,1.632732e-01,1.631391e-01,1.638125e-01,1.637681e-01,1.636771e-01,1.634971e-01,1.641287e-01,1.641282e-01,1.648986e-01,1.648962e-01,1.655397e-01,1.662768e-01,1.663205e-01,1.670666e-01,1.678162e-01,1.685717e-01,1.694301e-01,1.694294e-01,1.702463e-01,1.712155e-01,1.719992e-01,1.728884e-01,1.736365e-01,1.745384e-01,1.754513e-01,1.763194e-01,1.771952e-01,1.780807e-01,1.789720e-01,1.798706e-01,1.807799e-01,1.816953e-01,1.825117e-01,1.833906e-01,1.850574e-01,1.851124e-01,1.869208e-01,1.878924e-01,1.880620e-01,1.895823e-01,1.904070e-01,1.915432e-01,1.924842e-01,1.937774e-01,1.945594e-01,1.953076e-01,1.967191e-01,1.975607e-01,1.987372e-01,1.996171e-01,2.010211e-01,2.017507e-01,2.029487e-01,2.039935e-01,2.048740e-01,2.061038e-01,2.069780e-01,2.082562e-01,2.089654e-01,2.100590e-01,2.107797e-01,2.118467e-01,2.126927e-01,2.134474e-01,2.141172e-01,2.151435e-01,2.158231e-01,2.166715e-01,2.172125e-01,2.182189e-01,2.188698e-01,2.197422e-01,2.202231e-01,2.206118e-01,2.214963e-01,2.223874e-01,2.228317e-01,2.234528e-01,2.239010e-01,2.244489e-01,2.246954e-01,2.254040e-01,2.254952e-01,2.259226e-01,2.260922e-01,2.267287e-01,2.268200e-01,2.270114e-01,2.268641e-01,2.273746e-01,2.270961e-01,2.264141e-01,2.262674e-01,2.262498e-01,2.263611e-01,2.252980e-01,2.252804e-01,2.250074e-01,2.243359e-01,2.231642e-01,2.231469e-01,2.223605e-01,2.220937e-01,2.211903e-01,2.201708e-01,2.201537e-01,2.190213e-01,2.182610e-01,2.173855e-01,2.163975e-01,2.155355e-01,2.144456e-01,2.143123e-01,2.135811e-01,2.125081e-01,2.116737e-01,2.106186e-01,2.096851e-01,2.088705e-01,2.078403e-01,2.070384e-01,2.066938e-01,2.057919e-01,2.048970e-01,2.039006e-01,2.030210e-01,2.029004e-01,2.018177e-01,2.016990e-01,2.006276e-01,2.005087e-01,2.002870e-01,1.998588e-01,1.996377e-01,1.994163e-01,1.990928e-01,1.993960e-01,1.991750e-01,1.988522e-01,1.985295e-01,1.989359e-01,1.985118e-01,1.988167e-01,1.985974e-01,1.987993e-01,1.984781e-01,1.988867e-01,1.984640e-01,1.987696e-01,1.984499e-01,1.986534e-01,1.989577e-01,1.986366e-01,1.982147e-01,1.985190e-01,1.981983e-01,1.983987e-01,1.979769e-01,1.982805e-01,1.979605e-01,1.981616e-01,1.977406e-01,1.980416e-01,1.976210e-01,1.978222e-01,1.975034e-01,1.977044e-01,1.972829e-01,1.974843e-01,1.971663e-01,1.973668e-01,1.969477e-01,1.971477e-01,1.968278e-01,1.969270e-01,1.972272e-01,1.968084e-01,1.970075e-01,1.971062e-01,1.973038e-01,1.968839e-01,1.970832e-01,1.972828e-01,1.967631e-01,1.969600e-01,1.971595e-01,1.972583e-01,1.968391e-01,1.969376e-01,1.971370e-01,1.972336e-01,1.974336e-01,1.976339e-01,1.978347e-01,1.973120e-01,1.975122e-01,1.976098e-01,1.978106e-01,1.979100e-01,1.980095e-01,1.975849e-01,1.976833e-01,1.977826e-01,1.979837e-01,1.980825e-01,1.981792e-01,1.976537e-01,1.978545e-01,1.979525e-01,1.980490e-01,1.975240e-01,1.976224e-01,1.977201e-01,1.971934e-01,1.972915e-01,1.973889e-01,1.974864e-01,1.975840e-01,1.976817e-01,1.971550e-01,1.971504e-01,1.972477e-01,1.973450e-01,1.974425e-01,1.975377e-01,1.976345e-01,1.977323e-01,1.977276e-01,1.978247e-01,1.979218e-01,1.980159e-01,1.980105e-01,1.981070e-01,1.982029e-01,1.981943e-01,1.982895e-01,1.983848e-01,1.983778e-01,1.991035e-01,1.990932e-01,1.991893e-01,1.991815e-01,1.999126e-01,1.999031e-01,1.999998e-01,2.006319e-01,2.007293e-01,2.007230e-01,2.014620e-01,2.014549e-01,2.020955e-01,2.021942e-01,2.029424e-01,2.035908e-01,2.036901e-01,2.043429e-01,2.043349e-01,2.050993e-01,2.050888e-01,2.058592e-01,2.065247e-01,2.065166e-01,2.072976e-01,2.072903e-01,2.079636e-01,2.086424e-01,2.086367e-01,2.093213e-01,2.100100e-01,2.100018e-01,2.106964e-01,2.106914e-01,2.115051e-01,2.114986e-01,2.122031e-01,2.129120e-01,2.129096e-01,2.136237e-01,2.136190e-01,2.143383e-01,2.143369e-01,2.150607e-01,2.150569e-01,2.157852e-01,2.157847e-01,2.165185e-01,2.165156e-01,2.165151e-01,2.172536e-01,2.171323e-01,2.171294e-01,2.171298e-01,2.178723e-01,2.178718e-01,2.178689e-01,2.178692e-01,2.178687e-01,2.171250e-01,2.170013e-01,2.170007e-01,2.162621e-01,2.155271e-01,2.146790e-01,2.146758e-01,2.139502e-01,2.125137e-01,2.116864e-01,2.109786e-01,2.095746e-01,2.087666e-01,2.073903e-01,2.067076e-01,2.052459e-01,2.039103e-01,2.024803e-01,2.011761e-01,1.991452e-01,1.978784e-01,1.959046e-01,1.946736e-01,1.933576e-01,1.915598e-01,1.902769e-01,1.884343e-01,1.872842e-01,1.854913e-01,1.842815e-01,1.826268e-01,1.814488e-01,1.797508e-01,1.786864e-01,1.770322e-01,1.759985e-01,1.748924e-01,1.732968e-01,1.722187e-01,1.711518e-01,1.700961e-01,1.691253e-01,1.680899e-01,1.670656e-01,1.655884e-01,1.645896e-01,1.641289e-01,1.631447e-01,1.626177e-01,1.615761e-01,1.610537e-01,1.600998e-01,1.596597e-01,1.591510e-01,1.586444e-01,1.581410e-01,1.572148e-01,1.567188e-01,1.562248e-01,1.553171e-01,1.544180e-01,1.538691e-01,1.533852e-01,1.524381e-01,1.515661e-01,1.510983e-01,1.506327e-01,1.497138e-01,1.492552e-01,1.487988e-01,1.483447e-01,1.478304e-01,1.470008e-01,1.464940e-01,1.460512e-01,1.456104e-01,1.451718e-01,1.446751e-01,1.442361e-01,1.437449e-01,1.436800e-01,1.431913e-01,1.431267e-01,1.430030e-01,1.433014e-01,1.431774e-01,1.431128e-01,1.433522e-01,1.436518e-01,1.434674e-01,1.441345e-01,1.440088e-01,1.442509e-01,1.441850e-01,1.447975e-01,1.447307e-01,1.446086e-01,1.447920e-01,1.447252e-01,1.449689e-01,1.448416e-01,1.447143e-01,1.450186e-01,1.444653e-01,1.443381e-01,1.442715e-01,1.441450e-01,1.436562e-01,1.435305e-01,1.430998e-01,1.428611e-01,1.424336e-01,1.423095e-01,1.421860e-01,1.417084e-01,1.414692e-01,1.414050e-01,1.409320e-01,1.408108e-01,1.406897e-01,1.405688e-01,1.403957e-01,1.406283e-01,1.405079e-01,1.407408e-01,1.406202e-01,1.407384e-01,1.410357e-01,1.412121e-01,1.410908e-01,1.409697e-01,1.412045e-01,1.413241e-01,1.415599e-01,1.421563e-01,1.420337e-01,1.422716e-01,1.423334e-01,1.425726e-01,1.428121e-01,1.430523e-01,1.431741e-01,1.430501e-01,1.429261e-01,1.427427e-01,1.429827e-01,1.431093e-01,1.429852e-01,1.428016e-01,1.430414e-01,1.431033e-01,1.434031e-01,1.432185e-01,1.430396e-01,1.432801e-01,1.433422e-01,1.432172e-01,1.430329e-01,1.432788e-01,1.429759e-01,1.428514e-01,1.430320e-01,1.429074e-01,1.426105e-01,1.424859e-01,1.423030e-01,1.421842e-01,1.418843e-01,1.413428e-01,1.411670e-01,1.414015e-01,1.411086e-01,1.409855e-01,1.408095e-01,1.406863e-01,1.403949e-01,5.449944e-03,5.449944e-03,5.449944e-03,5.449944e-03,5.449944e-03,5.449944e-03,5.449944e-03,5.449944e-03,5.449944e-03,5.449944e-03,5.449944e-03,5.449944e-03,5.449944e-03,5.449944e-03,5.449944e-03,5.449944e-03,5.449944e-03,5.449944e-03,5.449944e-03,5.449944e-03,5.449944e-03,5.449944e-03,5.449944e-03,5.449944e-03,5.449944e-03,5.449944e-03,5.449944e-03,5.449944e-03,5.449944e-03,5.449944e-03,5.449944e-03,5.449944e-03,5.449944e-03,5.449944e-03,5.449944e-03,5.449944e-03,5.449944e-03,5.449944e-03,5.449944e-03,5.449944e-03,5.449944e-03,5.449944e-03,5.449944e-03,5.449944e-03,5.449944e-03,5.449944e-03,5.449944e-03,5.449944e-03,5.449944e-03,5.449944e-03,5.449944e-03,5.449944e-03,5.449944e-03,5.449944e-03,5.449944e-03,5.449944e-03,5.449944e-03,5.449944e-03,5.449944e-03,5.449944e-03,5.449944e-03,5.449944e-03,5.449944e-03,5.449944e-03,5.449944e-03,5.449944e-03,5.449944e-03,5.449944e-03,5.449944e-03,5.449944e-03,5.449944e-03,5.449944e-03,5.449944e-03,5.449944e-03,5.449944e-03,5.449944e-03,5.449944e-03,5.449944e-03,5.449944e-03,5.449944e-03,5.449944e-03,5.449944e-03,5.449944e-03,5.449944e-03,5.449944e-03,5.449944e-03,5.449944e-03,5.449944e-03,5.449944e-03,5.449944e-03,5.449944e-03,5.449944e-03,5.449944e-03,5.449944e-03,5.449944e-03,5.449944e-03,5.449944e-03,5.449944e-03,5.449944e-03,5.449944e-03,5.449944e-03,5.449944e-03,5.449944e-03,5.449944e-03,5.449944e-03,5.449944e-03,5.449944e-03,5.449944e-03,5.449944e-03,5.449944e-03,5.449944e-03,5.449944e-03,5.449944e-03,5.449944e-03,5.449944e-03,5.449944e-03,5.449944e-03,5.449944e-03,5.449944e-03,5.449944e-03,5.449944e-03,5.449944e-03,5.449944e-03,5.449944e-03,5.449944e-03,5.449944e-03,5.449944e-03,5.449944e-03,5.449944e-03,5.449944e-03,5.449944e-03,5.449944e-03,5.449944e-03,5.449944e-03,5.449944e-03,5.449944e-03,5.449944e-03,5.449944e-03,5.449944e-03,5.449944e-03,5.449944e-03,5.449944e-03,5.449944e-03,5.449944e-03,5.449944e-03,5.449944e-03,5.449944e-03,5.449944e-03,5.449944e-03,5.449944e-03,5.449944e-03,5.449944e-03,5.449944e-03,5.449944e-03,5.449944e-03,5.449944e-03,5.449944e-03,5.449944e-03,5.449944e-03,5.449944e-03,5.449944e-03
1.740120e-02,1.737781e-02,1.735056e-02,1.732456e-02,1.729966e-02,1.727587e-02,1.724835e-02,1.722533e-02,1.720254e-02,1.717502e-02,1.715178e-02,1.712366e-02,1.710087e-02,1.707857e-02,1.705182e-02,1.702982e-02,1.700787e-02,1.698586e-02,1.696859e-02,1.694675e-02,1.692890e-02,1.691057e-02,1.689251e-02,1.687888e-02,1.686597e-02,1.684825e-02,1.683481e-02,1.682567e-02,1.681220e-02,1.679905e-02,1.679017e-02,1.677653e-02,1.676796e-02,1.675498e-02,1.674683e-02,1.673878e-02,1.672614e-02,1.671838e-02,1.671094e-02,1.669884e-02,1.669168e-02,1.668525e-02,1.667467e-02,1.666867e-02,1.665892e-02,1.665443e-02,1.665053e-02,1.664239e-02,1.664113e-02,1.664145e-02,1.663943e-02,1.664462e-02,1.665308e-02,1.666378e-02,1.667649e-02,1.669067e-02,1.671136e-02,1.672946e-02,1.674719e-02,1.676789e-02,1.678265e-02,1.679634e-02,1.680978e-02,1.681742e-02,1.683006e-02,1.684054e-02,1.685300e-02,1.686430e-02,1.686845e-02,1.687855e-02,1.688881e-02,1.689096e-02,1.689860e-02,1.690805e-02,1.691320e-02,1.692287e-02,1.693357e-02,1.695118e-02,1.696461e-02,1.698319e-02,1.700361e-02,1.702768e-02,1.706278e-02,1.710186e-02,1.714523e-02,1.720160e-02,1.726830e-02,1.734442e-02,1.743988e-02,1.755100e-02,1.767959e-02,1.782413e-02,1.799967e-02,1.820360e-02,1.843850e-02,1.870708e-02,1.902300e-02,1.938672e-02,1.980348e-02,2.028052e-02,2.082890e-02,2.144167e-02,2.213095e-02,2.291048e-02,2.378516e-02,2.475189e-02,2.582997e-02,2.702509e-02,2.833696e-02,2.975186e-02,3.130580e-02,3.300000e-02,3.482688e-02,3.678685e-02,3.886814e-02,4.101495e-02,4.321589e-02,4.543482e-02,4.761805e-02,4.972510e-02,5.169979e-02,5.349461e-02,5.507228e-02,5.636823e-02,5.732467e-02,5.794139e-02,5.815877e-02,5.808034e-02,5.768566e-02,5.701949e-02,5.614477e-02,5.513538e-02,5.403967e-02,5.277440e-02,5.146130e-02,5.011259e-02,4.876360e-02,4.742016e-02,4.613592e-02,4.489089e-02,4.374247e-02,4.260359e-02,4.153530e-02,4.059159e-02,3.969946e-02,3.891800e-02,3.818382e-02,3.754485e-02,3.693635e-02,3.637900e-02,3.588292e-02,3.539552e-02,3.494432e-02,3.450265e-02,3.408136e-02,3.366872e-02,3.326657e-02,3.289475e-02,3.251309e-02,3.214619e-02,3.179995e-02,3.145593e-02,3.107208e-02,3.067372e-02,3.025177e-02,2.979385e-02,2.932276e-02,2.881323e-02,2.830757e-02,2.778838e-02,2.727335e-02,2.676592e-02,2.627396e-02,2.580241e-02,2.536075e-02,2.494179e-02,2.455221e-02,2.418637e-02,2.385353e-02,2.353772e-02,2.324384e-02,2.296210e-02,2.270256e-02,2.245854e-02,2.223352e-02,2.201610e-02,2.181753e-02,2.163689e-02,2.147102e-02,2.131153e-02,2.117282e-02,2.104456e-02,2.092776e-02,2.081113e-02,2.071376e-02,2.062443e-02,2.053945e-02,2.045792e-02,2.037563e-02,2.029227e-02,2.020050e-02,2.010592e-02,2.000996e-02,1.990480e-02,1.978495e-02,1.966537e-02,1.953232e-02,1.939011e-02,1.924155e-02,1.909066e-02,1.893576e-02,1.878331e-02,1.862918e-02,1.847763e-02,1.832660e-02,1.818240e-02,1.804655e-02,1.791972e-02,1.780244e-02,1.769635e-02,1.760489e-02,1.751542e-02,1.744433e-02,1.738048e-02,1.733130e-02,1.728467e-02,1.724464e-02,1.721474e-02,1.719084e-02,1.716685e-02,1.713868e-02,1.711380e-02,1.707990e-02,1.703033e-02,1.697617e-02,1.690639e-02,1.682553e-02,1.672259e-02,1.661554e-02,1.649930e-02,1.638252e-02,1.625753e-02,1.613411e-02,1.601132e-02,1.589424e-02,1.578286e-02,1.568609e-02,1.559447e-02,1.551248e-02,1.544855e-02,1.538804e-02,1.534159e-02,1.529534e-02,1.525721e-02,1.521444e-02,1.517428e-02,1.512792e-02,1.508216e-02,1.503040e-02,1.498047e-02,1.492769e-02,1.487952e-02,1.483154e-02,1.479255e-02,1.475918e-02,1.472644e-02,1.470317e-02,1.468125e-02,1.466743e-02,1.465313e-02,1.464522e-02,1.463559e-02,1.463166e-02,1.462483e-02,1.462328e-02,1.461836e-02,1.461840e-02,1.461528e-02,1.461301e-02,1.461734e-02,1.461869e-02,1.463013e-02,1.464151e-02,1.466484e-02,1.470546e-02,1.476857e-02,1.486424e-02,1.501569e-02,1.523043e-02,1.554389e-02,1.597825e-02,1.656746e-02,1.733461e-02,1.832149e-02,1.954491e-02,2.099704e-02,2.271226e-02,2.468554e-02,2.691135e-02,2.935362e-02,3.201816e-02,3.488111e-02,3.789143e-02,4.102586e-02,4.428105e-02,4.762209e-02,5.105832e-02,5.457236e-02,5.817322e-02,6.193246e-02,6.573682e-02,6.962794e-02,7.363008e-02,7.774752e-02,8.199817e-02,8.635781e-02,9.085869e-02,9.548419e-02,1.002276e-01,1.051127e-01,1.103073e-01,1.154524e-01,1.207327e-01,1.260615e-01,1.315609e-01,1.371623e-01,1.428649e-01,1.486544e-01,1.545125e-01,1.604273e-01,1.663830e-01,1.723492e-01,1.783878e-01,1.844578e-01,1.904154e-01,1.963576e-01,2.022944e-01,2.081380e-01,2.138441e-01,2.195563e-01,2.251130e-01,2.303170e-01,2.355100e-01,2.403990e-01,2.452449e-01,2.497688e-01,2.542286e-01,2.583290e-01,2.623203e-01,2.660216e-01,2.695705e-01,2.729853e-01,2.764768e-01,2.801931e-01,2.838545e-01,2.877345e-01,2.915650e-01,2.954576e-01,2.995712e-01,3.035980e-01,3.078546e-01,3.118228e-01,3.159951e-01,3.201988e-01,3.242387e-01,3.284561e-01,3.326806e-01,3.368872e-01,3.408522e-01,3.449575e-01,3.490047e-01,3.529629e-01,3.567997e-01,3.605181e-01,3.640661e-01,3.674331e-01,3.706050e-01,3.735334e-01,3.762036e-01,3.785860e-01,3.806622e-01,3.820465e-01,3.837115e-01,3.853906e-01,3.870876e-01,3.887918e-01,3.905225e-01,3.922759e-01,3.937534e-01,3.955420e-01,3.973397e-01,3.988646e-01,4.007114e-01,4.022682e-01,4.038327e-01,4.054194e-01,4.070217e-01,4.089512e-01,4.105882e-01,4.122370e-01,4.138955e-01,4.155772e-01,4.172755e-01,4.189802e-01,4.203674e-01,4.221146e-01,4.238797e-01,4.256521e-01,4.274546e-01,4.289116e-01,4.307480e-01,4.322332e-01,4.337358e-01,4.356286e-01,4.371606e-01,4.387061e-01,4.402649e-01,4.418372e-01,4.434238e-01,4.450302e-01,4.466455e-01,4.482744e-01,4.499236e-01,4.511708e-01,4.528473e-01,4.545320e-01,4.557976e-01,4.575110e-01,4.592401e-01,4.609762e-01,4.622934e-01,4.636204e-01,4.653932e-01,4.667345e-01,4.680884e-01,4.699076e-01,4.712834e-01,4.726644e-01,4.740625e-01,4.759397e-01,4.773615e-01,4.787946e-01,4.802448e-01,4.816990e-01,4.831716e-01,4.846556e-01,4.861600e-01,4.876672e-01,4.891929e-01,4.907226e-01,4.922730e-01,4.938352e-01,4.948903e-01,4.964734e-01,4.975435e-01,4.991477e-01,5.007643e-01,5.018668e-01,5.035068e-01,5.046140e-01,5.062764e-01,5.074000e-01,5.090771e-01,5.102164e-01,5.113541e-01,5.125054e-01,5.142247e-01,5.153846e-01,5.165432e-01,5.177174e-01,5.194731e-01,5.206608e-01,5.218486e-01,5.230440e-01,5.242358e-01,5.254438e-01,5.266670e-01,5.278883e-01,5.291183e-01,5.303548e-01,5.316130e-01,5.322502e-01,5.335146e-01,5.348014e-01,5.360895e-01,5.367499e-01,5.380511e-01,5.393760e-01,5.406904e-01,5.413749e-01,5.427041e-01,5.440464e-01,5.447409e-01,5.454291e-01,5.467908e-01,5.474848e-01,5.488497e-01,5.495572e-01,5.509377e-01,5.516434e-01,5.523430e-01,5.530511e-01,5.537530e-01,5.544580e-01,5.551736e-01,5.558854e-01,5.565977e-01,5.573097e-01,5.580317e-01,5.587519e-01,5.594744e-01,5.601971e-01,5.609354e-01,5.616721e-01,5.624140e-01,5.631640e-01,5.639068e-01,5.646457e-01,5.653972e-01,5.661602e-01,5.669150e-01,5.676707e-01,5.684253e-01,5.691840e-01,5.699434e-01,5.707035e-01,5.714703e-01,5.722346e-01,5.730017e-01,5.738861e-01,5.746443e-01,5.753370e-01,5.761049e-01,5.767971e-01,5.775631e-01,5.783264e-01,5.789963e-01,5.797501e-01,5.804363e-01,5.811370e-01,5.818971e-01,5.825527e-01,5.833132e-01,5.840048e-01,5.846963e-01,5.854629e-01,5.861487e-01,5.868467e-01,5.875557e-01,5.882297e-01,5.889160e-01,5.895888e-01,5.902803e-01,5.909570e-01,5.916341e-01,5.923148e-01,5.930130e-01,5.937167e-01,5.944348e-01,5.950993e-01,5.958195e-01,5.965230e-01,5.972868e-01,5.980635e-01,5.987699e-01,5.995409e-01,6.002384e-01,6.010196e-01,6.018167e-01,6.025103e-01,6.032990e-01,6.040047e-01,6.046912e-01,6.054733e-01,6.061504e-01,6.068507e-01,6.075584e-01,6.083447e-01,6.090567e-01,6.097954e-01,6.105207e-01,6.112638e-01,6.120035e-01,6.127688e-01,6.135327e-01,6.143045e-01,6.149879e-01,6.157699e-01,6.165686e-01,6.173486e-01,6.180620e-01,6.188594e-01,6.195829e-01,6.203725e-01,6.210799e-01,6.218958e-01,6.226133e-01,6.233173e-01,6.241315e-01,6.248553e-01,6.255662e-01,6.262791e-01,6.269995e-01,6.277104e-01,6.284292e-01,6.291499e-01,6.298787e-01,6.304992e-01,6.312317e-01,6.319818e-01,6.326227e-01,6.333768e-01,6.340211e-01,6.347731e-01,6.354304e-01,6.362083e-01,6.368693e-01,6.375325e-01,6.381969e-01,6.388753e-01,6.395493e-01,6.402250e-01,6.408862e-01,6.415653e-01,6.422299e-01,6.428898e-01,6.435512e-01,6.441156e-01,6.447701e-01,6.453484e-01,6.459994e-01,6.465381e-01,6.470778e-01,6.477200e-01,6.482749e-01,6.488310e-01,6.493881e-01,6.499398e-01,6.504991e-01,6.510530e-01,6.516080e-01,6.520610e-01,6.526351e-01,6.531867e-01,6.536528e-01,6.542170e-01,6.546848e-01,6.551600e-01,6.557339e-01,6.562190e-01,6.567076e-01,6.571904e-01,6.576878e-01,6.581618e-01,6.586504e-01,6.591159e-01,6.595890e-01,6.600633e-01,6.605207e-01,6.609754e-01,6.614166e-01,6.618510e-01,6.622867e-01,6.627050e-01,6.631138e-01,6.635120e-01,6.639039e-01,6.642817e-01,6.646600e-01,6.649885e-01,6.653318e-01,6.656538e-01,6.659470e-01,6.662589e-01,6.665419e-01,6.667919e-01,6.670397e-01,6.672946e-01,6.675349e-01,6.677568e-01,6.679865e-01,6.681876e-01,6.683818e-01,6.685762e-01,6.687488e-01,6.689285e-01,6.690903e-01,6.692442e-01,6.693854e-01,6.695178e-01,6.696335e-01,6.697394e-01,6.698393e-01,6.699394e-01,6.700237e-01,6.700912e-01,6.701419e-01,6.701826e-01,6.702021e-01,6.702368e-01,6.702615e-01,6.702812e-01,6.702869e-01,6.702926e-01,6.703081e-01,6.703278e-01,6.703405e-01,6.703463e-01,6.703451e-01,6.703538e-01,6.703735e-01,6.703864e-01,6.703853e-01,6.703722e-01,6.703990e-01,6.704356e-01,6.704624e-01,6.704614e-01,6.704604e-01,6.704853e-01,6.704913e-01,6.705052e-01,6.705094e-01,6.705136e-01,6.705318e-01,6.705570e-01,6.705543e-01,6.705127e-01,6.704683e-01,6.704449e-01,6.704214e-01,6.703702e-01,6.702373e-01,6.701028e-01,6.699701e-01,6.698514e-01,6.697358e-01,6.696173e-01,6.694452e-01,6.692230e-01,6.689060e-01,6.685962e-01,6.683766e-01,6.681849e-01,6.679382e-01,6.675917e-01,6.672357e-01,6.669901e-01,6.668202e-01,6.666710e-01,6.664944e-01,6.662839e-01,6.660941e-01,6.659197e-01,6.657302e-01,6.656280e-01,6.655939e-01,6.655599e-01,6.655448e-01,6.655297e-01,6.655146e-01,6.655185e-01,6.655224e-01,6.655944e-01,6.655984e-01,6.656672e-01,6.657584e-01,6.658307e-01,6.658349e-01,6.659074e-01,6.659609e-01,6.660145e-01,6.659999e-01,6.659663e-01,6.660009e-01,6.660355e-01,6.660511e-01,6.660858e-01,6.661205e-01,6.660679e-01,6.661026e-01,6.661373e-01,6.661686e-01,6.661352e-01,6.661699e-01,6.661365e-01,6.661713e-01,6.662252e-01,6.662409e-01,6.662076e-01,6.662424e-01,6.662582e-01,6.662930e-01,6.662406e-01,6.662564e-01,6.662721e-01,6.662878e-01,6.662844e-01,6.663002e-01,6.663159e-01,6.663998e-01,6.664155e-01,6.664313e-01,6.664470e-01,6.664628e-01,6.664785e-01,6.663600e-01,6.664439e-01,6.664597e-01,6.664754e-01,6.664912e-01,6.664408e-01,6.664374e-01,6.665212e-01,6.665370e-01,6.664186e-01,6.664152e-01,6.665182e-01,6.664679e-01,6.664802e-01,6.664492e-01,6.664843e-01,6.665193e-01,6.664397e-01,6.664940e-01,6.664824e-01,6.665369e-01,6.664573e-01,6.665312e-01,6.665197e-01,6.664596e-01,6.666016e-01,6.665222e-01,6.665963e-01,6.665817e-01,6.666364e-01,6.666252e-01,6.665461e-01,6.666010e-01,6.665026e-01,6.665381e-01,6.665076e-01,6.663898e-01,6.664738e-01,6.663561e-01,6.663063e-01,6.663030e-01,6.661855e-01,6.661358e-01,6.661519e-01,6.660345e-01,6.659815e-01,6.660171e-01,6.659869e-01,6.658891e-01,6.659247e-01,6.658269e-01,6.658626e-01,6.657649e-01,6.656868e-01,6.657900e-01,6.656925e-01,6.656144e-01,6.657177e-01,6.656203e-01,6.656560e-01,6.655587e-01,6.654614e-01,6.654972e-01,6.653774e-01,6.654132e-01,6.652966e-01,6.652651e-01,6.651486e-01,6.650977e-01,6.649813e-01,6.649304e-01,6.647948e-01,6.648111e-01,6.646279e-01,6.646442e-01,6.645935e-01,6.644104e-01,6.643567e-01,6.643061e-01,6.641904e-01,6.641398e-01,6.640892e-01,6.639737e-01,6.639232e-01,6.638727e-01,6.638223e-01,6.636401e-01,6.635898e-01,6.635395e-01,6.634892e-01,6.633722e-01,6.633219e-01,6.632050e-01,6.631549e-01,6.632362e-01,6.628567e-01,6.629380e-01,6.629526e-01,6.629672e-01,6.629153e-01,6.627988e-01,6.627469e-01,6.626305e-01,6.625142e-01,6.625289e-01,6.623463e-01,6.622301e-01,6.620478e-01,6.619962e-01,6.618141e-01,6.616322e-01,6.614504e-01,6.612688e-01,6.610847e-01,6.607075e-01,6.605906e-01,6.602143e-01,6.600338e-01,6.598534e-01,6.597370e-01,6.596206e-01,6.591806e-01,6.588702e-01,6.585602e-01,6.584446e-01,6.582004e-01,6.578933e-01,6.575657e-01,6.570646e-01,6.565647e-01,6.563208e-01,6.557597e-01,6.553913e-01,6.550236e-01,6.548664e-01,6.545183e-01,6.541708e-01,6.538861e-01,6.534117e-01,6.528745e-01,6.522130e-01,6.516785e-01,6.510221e-01,6.506184e-01,6.499649e-01,6.496243e-01,6.490789e-01,6.485975e-01,6.480546e-01,6.476984e-01,6.471575e-01,6.468028e-01,6.464469e-01,6.466254e-01,6.469450e-01,6.470192e-01,6.464619e-01,6.459042e-01,6.455498e-01,6.451778e-01,6.446231e-01,6.443125e-01,6.438613e-01,6.431276e-01,6.421966e-01,6.410274e-01,6.397434e-01,6.385687e-01,6.372185e-01,6.356973e-01,6.344204e-01,6.330881e-01,6.319924e-01,6.308230e-01,6.302371e-01,6.286732e-01,6.268356e-01,6.245048e-01,6.224231e-01,6.194525e-01,6.163171e-01,6.134366e-01,6.101595e-01,6.077361e-01,6.044299e-01,6.013876e-01,5.982689e-01,5.948019e-01,5.911904e-01,5.889137e-01,5.859703e-01,5.821108e-01,5.787834e-01,5.753216e-01,5.725472e-01,5.691789e-01,5.657667e-01,5.625845e-01,5.598780e-01,5.574508e-01,5.545573e-01,5.517016e-01,5.493745e-01,5.464441e-01,5.439466e-01,5.414779e-01,5.391254e-01,5.371868e-01,5.352763e-01,5.331652e-01,5.311418e-01,5.291480e-01,5.274707e-01,5.259521e-01,5.243087e-01,5.225985e-01,5.209831e-01,5.197376e-01,5.181532e-01,5.165724e-01,5.153536e-01,5.141420e-01,5.133612e-01,5.122390e-01,5.111137e-01,5.104123e-01,5.093735e-01,5.086694e-01,5.081010e-01,5.074106e-01,5.067798e-01,5.062169e-01,5.055992e-01,5.049742e-01,5.044076e-01,5.041736e-01,5.036188e-01,5.035158e-01,5.034130e-01,5.033197e-01,5.028878e-01,5.027206e-01,5.026925e-01,5.025903e-01,5.029461e-01,5.028531e-01,5.028245e-01,5.026759e-01,5.029758e-01,5.028271e-01,5.031921e-01,5.034928e-01,5.039334e-01,5.039137e-01,5.041596e-01,5.047927e-01,5.051795e-01,5.055484e-01,5.061950e-01,5.068341e-01,5.075507e-01,5.085309e-01,5.092530e-01,5.100259e-01,5.109595e-01,5.116035e-01,5.126116e-01,5.136058e-01,5.142667e-01,5.156170e-01,5.163529e-01,5.173644e-01,5.183797e-01,5.191858e-01,5.205759e-01,5.211871e-01,5.220795e-01,5.230553e-01,5.240984e-01,5.247907e-01,5.257699e-01,5.267619e-01,5.275349e-01,5.289699e-01,5.296771e-01,5.307518e-01,5.319140e-01,5.328695e-01,5.337301e-01,5.347574e-01,5.360834e-01,5.371973e-01,5.380062e-01,5.391106e-01,5.403162e-01,5.410475e-01,5.423333e-01,5.433047e-01,5.446778e-01,5.454941e-01,5.463996e-01,5.476927e-01,5.485268e-01,5.493637e-01,5.507659e-01,5.516107e-01,5.525397e-01,5.534655e-01,5.543198e-01,5.555875e-01,5.561958e-01,5.575632e-01,5.585923e-01,5.590408e-01,5.599086e-01,5.613817e-01,5.619917e-01,5.629551e-01,5.639159e-01,5.648871e-01,5.658683e-01,5.664157e-01,5.673971e-01,5.683143e-01,5.687873e-01,5.697971e-01,5.703794e-01,5.712274e-01,5.722606e-01,5.727680e-01,5.738966e-01,5.743993e-01,5.751721e-01,5.756773e-01,5.767292e-01,5.772186e-01,5.777141e-01,5.786700e-01,5.792403e-01,5.797256e-01,5.805837e-01,5.811442e-01,5.816329e-01,5.821084e-01,5.831402e-01,5.836182e-01,5.840971e-01,5.846652e-01,5.851458e-01,5.856272e-01,5.862921e-01,5.868216e-01,5.870693e-01,5.875020e-01,5.878455e-01,5.881388e-01,5.885440e-01,5.889366e-01,5.892908e-01,5.897471e-01,5.901063e-01,5.906054e-01,5.908852e-01,5.912942e-01,5.917147e-01,5.921397e-01,5.925168e-01,5.930352e-01,5.934772e-01,5.937109e-01,5.942806e-01,5.944185e-01,5.948916e-01,5.952723e-01,5.955891e-01,5.960969e-01,5.964160e-01,5.969629e-01,5.971654e-01,5.976641e-01,5.980625e-01,5.983514e-01,5.985566e-01,5.989407e-01,5.991960e-01,5.997447e-01,6.001335e-01,6.006828e-01,6.012374e-01,6.016926e-01,6.018967e-01,6.024017e-01,6.027058e-01,6.031125e-01,6.034863e-01,6.038580e-01,6.042154e-01,6.047402e-01,6.050625e-01,6.054387e-01,6.057643e-01,6.061534e-01,6.064271e-01,6.068025e-01,6.069258e-01,6.073027e-01,6.075765e-01,6.080056e-01,6.082822e-01,6.086585e-01,6.088841e-01,6.091614e-01,6.093851e-01,6.097145e-01,6.098868e-01,6.101145e-01,6.104951e-01,6.107717e-01,6.111025e-01,6.113276e-01,6.114014e-01,6.116807e-01,6.118540e-01,6.120307e-01,6.122042e-01,6.123810e-01,6.123993e-01,6.126959e-01,6.129746e-01,6.132534e-01,6.133258e-01,6.135524e-01,6.137283e-01,6.139551e-01,6.138038e-01,6.141174e-01,6.142767e-01,6.144360e-01,6.144405e-01,6.145998e-01,6.146554e-01,6.146598e-01,6.145591e-01,6.148220e-01,6.146701e-01,6.144841e-01,6.144345e-01,6.144558e-01,6.140603e-01,6.139782e-01,6.138409e-01,6.137758e-01,6.132787e-01,6.130420e-01,6.128547e-01,6.125680e-01,6.123292e-01,6.119914e-01,6.116862e-01,6.114012e-01,6.109097e-01,6.106258e-01,6.101360e-01,6.098184e-01,6.098368e-01,6.109410e-01,6.104509e-01,6.102345e-01,6.098804e-01,6.095122e-01,6.090418e-01,6.087759e-01,6.084078e-01,6.079928e-01,6.075257e-01,6.071618e-01,6.065296e-01,6.061162e-01,6.057385e-01,6.051607e-01,6.046857e-01,6.041607e-01,6.035694e-01,6.030994e-01,6.025607e-01,6.021734e-01,6.017844e-01,6.013479e-01,6.007187e-01,6.003323e-01,5.998481e-01,5.993691e-01,5.988885e-01,5.983112e-01,5.977869e-01,5.973571e-01,5.968309e-01,5.963588e-01,5.960740e-01,5.956475e-01,5.952717e-01,5.948469e-01,5.942801e-01,5.940493e-01,5.937198e-01,5.932502e-01,5.927816e-01,5.924433e-01,5.919765e-01,5.917451e-01,5.913732e-01,5.911458e-01,5.907737e-01,5.904506e-01,5.900949e-01,5.898372e-01,5.895764e-01,5.893616e-01,5.891470e-01,5.889795e-01,5.887220e-01,5.887089e-01,5.887249e-01,5.886803e-01,5.885587e-01,5.887453e-01,5.888418e-01,5.889362e-01,5.889357e-01,5.890756e-01,5.893548e-01,5.894466e-01,5.895398e-01,5.894950e-01,5.895413e-01,5.896028e-01,5.896069e-01,5.895773e-01,5.894995e-01,5.892992e-01,5.891306e-01,5.891452e-01,5.888834e-01,5.887152e-01,5.885925e-01,5.883314e-01,5.880090e-01,5.878251e-01,5.876892e-01,5.875508e-01,5.873210e-01,5.870914e-01,5.869085e-01,5.868481e-01,5.866640e-01,5.866637e-01,5.866034e-01,5.866492e-01,5.864667e-01,5.864663e-01,5.865121e-01,5.866490e-01,5.866948e-01,5.868006e-01,5.869376e-01,5.872735e-01,5.876410e-01,5.876557e-01,5.878094e-01,5.880084e-01,5.881159e-01,5.885149e-01,5.887609e-01,5.888234e-01,5.889778e-01,5.889917e-01,5.891462e-01,5.890250e-01,5.889504e-01,5.887375e-01,5.885713e-01,5.885421e-01,5.887428e-01,5.888518e-01,5.888658e-01,5.890680e-01,5.889947e-01,5.891504e-01,5.892596e-01,5.893854e-01,5.894007e-01,5.896033e-01,5.899294e-01,5.900401e-01,5.901055e-01,5.904444e-01,5.904944e-01,5.906835e-01,5.907945e-01,5.910295e-01,5.911220e-01,5.912021e-01,5.911127e-01,5.911614e-01,5.911945e-01,5.912733e-01,5.912109e-01,5.912910e-01,5.914167e-01,5.916364e-01,5.915299e-01,5.916526e-01,5.917314e-01,5.917645e-01,5.920301e-01,5.919704e-01,5.920035e-01,5.920992e-01,5.920521e-01,5.922707e-01,5.923194e-01,5.923365e-01,5.921055e-01,5.922153e-01,5.923210e-01,5.922454e-01,5.920887e-01,5.921201e-01,5.921045e-01,5.920390e-01,5.921618e-01,5.922847e-01,5.921437e-01,5.921696e-01,5.922442e-01,5.918555e-01,5.916055e-01,5.911513e-01,5.907139e-01,5.905417e-01,5.902747e-01,5.899193e-01,5.890847e-01,5.881621e-01,5.877915e-01,5.870400e-01,5.857430e-01,5.848151e-01,5.840584e-01,5.828522e-01,5.815600e-01,5.802788e-01,5.789025e-01,5.776176e-01,5.753809e-01,5.740339e-01,5.708737e-01,5.685160e-01,5.660292e-01,5.639718e-01,5.610236e-01,5.588319e-01,5.557911e-01,5.533386e-01,5.489451e-01,5.452565e-01,5.416411e-01,5.373262e-01,5.333811e-01,5.283822e-01,5.236281e-01,5.159954e-01,5.101397e-01,5.042334e-01,4.984840e-01,4.915187e-01,4.854797e-01,4.758398e-01,4.687495e-01,4.618187e-01,4.548780e-01,4.472842e-01,4.379108e-01,4.303361e-01,4.234729e-01,4.167156e-01,4.097565e-01,4.012300e-01,3.948987e-01,3.891095e-01,3.836757e-01,3.788686e-01,3.717189e-01,3.673670e-01,3.632581e-01,3.588536e-01,3.543658e-01,3.499805e-01,3.470018e-01,3.440941e-01,3.412423e-01,3.384110e-01,3.356694e-01,3.341198e-01,3.314742e-01,3.300174e-01,3.274259e-01,3.260820e-01,3.247259e-01,3.234199e-01,3.221594e-01,3.209316e-01,3.197053e-01,3.195900e-01,3.183214e-01,3.181774e-01,3.170075e-01,3.168322e-01,3.167311e-01,3.166627e-01,3.155028e-01,3.154322e-01,3.153294e-01,3.152795e-01,3.163133e-01,3.162926e-01,3.162602e-01,3.161837e-01,3.172032e-01,3.172004e-01,3.182903e-01,3.182993e-01,3.193252e-01,3.204131e-01,3.204463e-01,3.215365e-01,3.226444e-01,3.237609e-01,3.249239e-01,3.249420e-01,3.261047e-01,3.273317e-01,3.284914e-01,3.296935e-01,3.308495e-01,3.320808e-01,3.333164e-01,3.345452e-01,3.357844e-01,3.370246e-01,3.382849e-01,3.395526e-01,3.408251e-01,3.421181e-01,3.433724e-01,3.446529e-01,3.471951e-01,3.472408e-01,3.498695e-01,3.512426e-01,3.513421e-01,3.536197e-01,3.549363e-01,3.566042e-01,3.578154e-01,3.597683e-01,3.609107e-01,3.619567e-01,3.639032e-01,3.652072e-01,3.668605e-01,3.680952e-01,3.700853e-01,3.711639e-01,3.729735e-01,3.743172e-01,3.754816e-01,3.773463e-01,3.786230e-01,3.804272e-01,3.815406e-01,3.832808e-01,3.843990e-01,3.860365e-01,3.873508e-01,3.887444e-01,3.898768e-01,3.915205e-01,3.926719e-01,3.941447e-01,3.952400e-01,3.968051e-01,3.978499e-01,3.993636e-01,4.004624e-01,4.012816e-01,4.028362e-01,4.044049e-01,4.053923e-01,4.067128e-01,4.077133e-01,4.090244e-01,4.098096e-01,4.112123e-01,4.119312e-01,4.130696e-01,4.138289e-01,4.152194e-01,4.159489e-01,4.170002e-01,4.176189e-01,4.188384e-01,4.192561e-01,4.198783e-01,4.205070e-01,4.213413e-01,4.223842e-01,4.224116e-01,4.232547e-01,4.236886e-01,4.243362e-01,4.241569e-01,4.250080e-01,4.254518e-01,4.258908e-01,4.261275e-01,4.261553e-01,4.270156e-01,4.268335e-01,4.272816e-01,4.275200e-01,4.275480e-01,4.277867e-01,4.276038e-01,4.282590e-01,4.287105e-01,4.285203e-01,4.287602e-01,4.285764e-01,4.286044e-01,4.288443e-01,4.286604e-01,4.289004e-01,4.291347e-01,4.291691e-01,4.292036e-01,4.290354e-01,4.290762e-01,4.297425e-01,4.293514e-01,4.300251e-01,4.296335e-01,4.302953e-01,4.307516e-01,4.307738e-01,4.312248e-01,4.316704e-01,4.319014e-01,4.325617e-01,4.330103e-01,4.332429e-01,4.334692e-01,4.343498e-01,4.343656e-01,4.350378e-01,4.354989e-01,4.359711e-01,4.362139e-01,4.371274e-01,4.371567e-01,4.378455e-01,4.381041e-01,4.385731e-01,4.392766e-01,4.395303e-01,4.395599e-01,4.402505e-01,4.404986e-01,4.409759e-01,4.409987e-01,4.416944e-01,4.419443e-01,4.424086e-01,4.424314e-01,4.431417e-01,4.431646e-01,4.436388e-01,4.438910e-01,4.443670e-01,4.443993e-01,4.448835e-01,4.451373e-01,4.456162e-01,4.456320e-01,4.461121e-01,4.463695e-01,4.466186e-01,4.473271e-01,4.473430e-01,4.478199e-01,4.480635e-01,4.485513e-01,4.485599e-01,4.490397e-01,4.495206e-01,4.493005e-01,4.497912e-01,4.502738e-01,4.505201e-01,4.505360e-01,4.507826e-01,4.512676e-01,4.515242e-01,4.520109e-01,4.524987e-01,4.529878e-01,4.527635e-01,4.532532e-01,4.535196e-01,4.540110e-01,4.542617e-01,4.545127e-01,4.545376e-01,4.547812e-01,4.550328e-01,4.555278e-01,4.557726e-01,4.560266e-01,4.557910e-01,4.562877e-01,4.565256e-01,4.567804e-01,4.565439e-01,4.567897e-01,4.570280e-01,4.567925e-01,4.570385e-01,4.572770e-01,4.575158e-01,4.577548e-01,4.579941e-01,4.577572e-01,4.577428e-01,4.579820e-01,4.582214e-01,4.584611e-01,4.587097e-01,4.589421e-01,4.591825e-01,4.591678e-01,4.594006e-01,4.596336e-01,4.598677e-01,4.598450e-01,4.600705e-01,4.602884e-01,4.602664e-01,4.604766e-01,4.606870e-01,4.606484e-01,4.613510e-01,4.613128e-01,4.615239e-01,4.614771e-01,4.621823e-01,4.621517e-01,4.623635e-01,4.628197e-01,4.630321e-01,4.630008e-01,4.637191e-01,4.636796e-01,4.641385e-01,4.643521e-01,4.650667e-01,4.655205e-01,4.657273e-01,4.661826e-01,4.661343e-01,4.668385e-01,4.667979e-01,4.675123e-01,4.679712e-01,4.679223e-01,4.686486e-01,4.686076e-01,4.690929e-01,4.695632e-01,4.695383e-01,4.700259e-01,4.705146e-01,4.704972e-01,4.710033e-01,4.709863e-01,4.717558e-01,4.717545e-01,4.722718e-01,4.727904e-01,4.727980e-01,4.733261e-01,4.733412e-01,4.738791e-01,4.738950e-01,4.744342e-01,4.744576e-01,4.749982e-01,4.750226e-01,4.755731e-01,4.756049e-01,4.756293e-01,4.761814e-01,4.759381e-01,4.759699e-01,4.760029e-01,4.765558e-01,4.765803e-01,4.766122e-01,4.766453e-01,4.766698e-01,4.761657e-01,4.759300e-01,4.759545e-01,4.754524e-01,4.749430e-01,4.741784e-01,4.742102e-01,4.737043e-01,4.726806e-01,4.719250e-01,4.714251e-01,4.704209e-01,4.696659e-01,4.686552e-01,4.681639e-01,4.669057e-01,4.659094e-01,4.646736e-01,4.636889e-01,4.619686e-01,4.609978e-01,4.592937e-01,4.583364e-01,4.571413e-01,4.557271e-01,4.545563e-01,4.529240e-01,4.520061e-01,4.503956e-01,4.492572e-01,4.479010e-01,4.467777e-01,4.452115e-01,4.443390e-01,4.427933e-01,4.419241e-01,4.408365e-01,4.393129e-01,4.382338e-01,4.371610e-01,4.360945e-01,4.352582e-01,4.341962e-01,4.331470e-01,4.316862e-01,4.306516e-01,4.302455e-01,4.292191e-01,4.286083e-01,4.273845e-01,4.267947e-01,4.257880e-01,4.253931e-01,4.247954e-01,4.241933e-01,4.235997e-01,4.226047e-01,4.220164e-01,4.214238e-01,4.204411e-01,4.194638e-01,4.186830e-01,4.181101e-01,4.169449e-01,4.159870e-01,4.154146e-01,4.148442e-01,4.137064e-01,4.131416e-01,4.125786e-01,4.120175e-01,4.112696e-01,4.103425e-01,4.096018e-01,4.090504e-01,4.085007e-01,4.079529e-01,4.072225e-01,4.066871e-01,4.059678e-01,4.057878e-01,4.050667e-01,4.048877e-01,4.045276e-01,4.047011e-01,4.043414e-01,4.041632e-01,4.041554e-01,4.043285e-01,4.037835e-01,4.043127e-01,4.039484e-01,4.039405e-01,4.037573e-01,4.041055e-01,4.039165e-01,4.035392e-01,4.033514e-01,4.031633e-01,4.031499e-01,4.027827e-01,4.024163e-01,4.025820e-01,4.016776e-01,4.013081e-01,4.011224e-01,4.007597e-01,4.000358e-01,3.996755e-01,3.991452e-01,3.984234e-01,3.978971e-01,3.975413e-01,3.971917e-01,3.964883e-01,3.957963e-01,3.956221e-01,3.949304e-01,3.945914e-01,3.942532e-01,3.939156e-01,3.934008e-01,3.933990e-01,3.930684e-01,3.930666e-01,3.927366e-01,3.924025e-01,3.925664e-01,3.923961e-01,3.920674e-01,3.917395e-01,3.917429e-01,3.914159e-01,3.914194e-01,3.917535e-01,3.914262e-01,3.914296e-01,3.909311e-01,3.909396e-01,3.909430e-01,3.909464e-01,3.906161e-01,3.902911e-01,3.899668e-01,3.894724e-01,3.894758e-01,3.891354e-01,3.888134e-01,3.883225e-01,3.883209e-01,3.878269e-01,3.879843e-01,3.874960e-01,3.870011e-01,3.869995e-01,3.865096e-01,3.861878e-01,3.857048e-01,3.856953e-01,3.848964e-01,3.845778e-01,3.844158e-01,3.840982e-01,3.832942e-01,3.829739e-01,3.825004e-01,3.821737e-01,3.813870e-01,3.805990e-01,3.801196e-01,3.801090e-01,3.793148e-01,3.789977e-01,3.785137e-01,3.781935e-01,3.773993e-01,3.575539e-03,3.575539e-03,3.575539e-03,3.575539e-03,3.575539e-03,3.575539e-03,3.575539e-03,3.575539e-03,3.575539e-03,3.575539e-03,3.575539e-03,3.575539e-03,3.575539e-03,3.575539e-03,3.575539e-03,3.575539e-03,3.575539e-03,3.575539e-03,3.575539e-03,3.575539e-03,3.575539e-03,3.575539e-03,3.575539e-03,3.575539e-03,3.575539e-03,3.575539e-03,3.575539e-03,3.575539e-03,3.575539e-03,3.575539e-03,3.575539e-03,3.575539e-03,3.575539e-03,3.575539e-03,3.575539e-03,3.575539e-03,3.575539e-03,3.575539e-03,3.575539e-03,3.575539e-03,3.575539e-03,3.575539e-03,3.575539e-03,3.575539e-03,3.575539e-03,3.575539e-03,3.575539e-03,3.575539e-03,3.575539e-03,3.575539e-03,3.575539e-03,3.575539e-03,3.575539e-03,3.575539e-03,3.575539e-03,3.575539e-03,3.575539e-03,3.575539e-03,3.575539e-03,3.575539e-03,3.575539e-03,3.575539e-03,3.575539e-03,3.575539e-03,3.575539e-03,3.575539e-03,3.575539e-03,3.575539e-03,3.575539e-03,3.575539e-03,3.575539e-03,3.575539e-03,3.575539e-03,3.575539e-03,3.575539e-03,3.575539e-03,3.575539e-03,3.575539e-03,3.575539e-03,3.575539e-03,3.575539e-03,3.575539e-03,3.575539e-03,3.575539e-03,3.575539e-03,3.575539e-03,3.575539e-03,3.575539e-03,3.575539e-03,3.575539e-03,3.575539e-03,3.575539e-03,3.575539e-03,3.575539e-03,3.575539e-03,3.575539e-03,3.575539e-03,3.575539e-03,3.575539e-03,3.575539e-03,3.575539e-03,3.575539e-03,3.575539e-03,3.575539e-03,3.575539e-03,3.575539e-03,3.575539e-03,3.575539e-03,3.575539e-03,3.575539e-03,3.575539e-03,3.575539e-03,3.575539e-03,3.575539e-03,3.575539e-03,3.575539e-03,3.575539e-03,3.575539e-03,3.575539e-03,3.575539e-03,3.575539e-03,3.575539e-03,3.575539e-03,3.575539e-03,3.575539e-03,3.575539e-03,3.575539e-03,3.575539e-03,3.575539e-03,3.575539e-03,3.575539e-03,3.575539e-03,3.575539e-03,3.575539e-03,3.575539e-03,3.575539e-03,3.575539e-03,3.575539e-03,3.575539e-03,3.575539e-03,3.575539e-03,3.575539e-03,3.575539e-03,3.575539e-03,3.575539e-03,3.575539e-03,3.575539e-03,3.575539e-03,3.575539e-03,3.575539e-03,3.575539e-03,3.575539e-03,3.575539e-03,3.575539e-03,3.575539e-03,3.575539e-03,3.575539e-03,3.575539e-03,3.575539e-03,3.575539e-03,3.575539e-03
2.241030e-02,2.238574e-02,2.235520e-02,2.232472e-02,2.229430e-02,2.226412e-02,2.222808e-02,2.219797e-02,2.216801e-02,2.213201e-02,2.210205e-02,2.206601e-02,2.203620e-02,2.200643e-02,2.197063e-02,2.194090e-02,2.191117e-02,2.188145e-02,2.185777e-02,2.182820e-02,2.180449e-02,2.178074e-02,2.175715e-02,2.173944e-02,2.172194e-02,2.169839e-02,2.168087e-02,2.166934e-02,2.165181e-02,2.163444e-02,2.162305e-02,2.160563e-02,2.159440e-02,2.157717e-02,2.156598e-02,2.155479e-02,2.153758e-02,2.152642e-02,2.151541e-02,2.149824e-02,2.148712e-02,2.147606e-02,2.145901e-02,2.144784e-02,2.143085e-02,2.141979e-02,2.140876e-02,2.139161e-02,2.138075e-02,2.136988e-02,2.135317e-02,2.134267e-02,2.133227e-02,2.132205e-02,2.131199e-02,2.130208e-02,2.129835e-02,2.128884e-02,2.127924e-02,2.127580e-02,2.126635e-02,2.125697e-02,2.125335e-02,2.124369e-02,2.124024e-02,2.123098e-02,2.122759e-02,2.122416e-02,2.121456e-02,2.121098e-02,2.120735e-02,2.119735e-02,2.119315e-02,2.118905e-02,2.117875e-02,2.117450e-02,2.117026e-02,2.116660e-02,2.115693e-02,2.115344e-02,2.115020e-02,2.114201e-02,2.114051e-02,2.113961e-02,2.113396e-02,2.113561e-02,2.113858e-02,2.113724e-02,2.114422e-02,2.114788e-02,2.115982e-02,2.116867e-02,2.118733e-02,2.120455e-02,2.123206e-02,2.125944e-02,2.129953e-02,2.134193e-02,2.139303e-02,2.146010e-02,2.153402e-02,2.162028e-02,2.172142e-02,2.183978e-02,2.198290e-02,2.214134e-02,2.232351e-02,2.253686e-02,2.278007e-02,2.305347e-02,2.336421e-02,2.370870e-02,2.409335e-02,2.453543e-02,2.503343e-02,2.555541e-02,2.612878e-02,2.674687e-02,2.741371e-02,2.811972e-02,2.886462e-02,2.962170e-02,3.040137e-02,3.117405e-02,3.195502e-02,3.270061e-02,3.342225e-02,3.410019e-02,3.475279e-02,3.533225e-02,3.588488e-02,3.636389e-02,3.683117e-02,3.720646e-02,3.756355e-02,3.785020e-02,3.811855e-02,3.830347e-02,3.849107e-02,3.862157e-02,3.875870e-02,3.883709e-02,3.888066e-02,3.897738e-02,3.904216e-02,3.914260e-02,3.921483e-02,3.932854e-02,3.940892e-02,3.949314e-02,3.958149e-02,3.962662e-02,3.964799e-02,3.968089e-02,3.965442e-02,3.954816e-02,3.933937e-02,3.913164e-02,3.887301e-02,3.859059e-02,3.832159e-02,3.806314e-02,3.775488e-02,3.743354e-02,3.708158e-02,3.669703e-02,3.629126e-02,3.583574e-02,3.537846e-02,3.490237e-02,3.441963e-02,3.393509e-02,3.345670e-02,3.299427e-02,3.255595e-02,3.213355e-02,3.173605e-02,3.136280e-02,3.102118e-02,3.069451e-02,3.038762e-02,3.009724e-02,2.982773e-02,2.957184e-02,2.933419e-02,2.910523e-02,2.889526e-02,2.870203e-02,2.852412e-02,2.835258e-02,2.820472e-02,2.806730e-02,2.794237e-02,2.781535e-02,2.771380e-02,2.762190e-02,2.753435e-02,2.745205e-02,2.736736e-02,2.728012e-02,2.717777e-02,2.707294e-02,2.696410e-02,2.683944e-02,2.669083e-02,2.654162e-02,2.637266e-02,2.618606e-02,2.599110e-02,2.579048e-02,2.558266e-02,2.537392e-02,2.516299e-02,2.495428e-02,2.474282e-02,2.454174e-02,2.434904e-02,2.416997e-02,2.400345e-02,2.385077e-02,2.372048e-02,2.359231e-02,2.349161e-02,2.340027e-02,2.333103e-02,2.326539e-02,2.320966e-02,2.317052e-02,2.313818e-02,2.310779e-02,2.306953e-02,2.303592e-02,2.298674e-02,2.291399e-02,2.283288e-02,2.272530e-02,2.260020e-02,2.243914e-02,2.226878e-02,2.208289e-02,2.189181e-02,2.168702e-02,2.148362e-02,2.127853e-02,2.108110e-02,2.089140e-02,2.072355e-02,2.056453e-02,2.042098e-02,2.030649e-02,2.019904e-02,2.011387e-02,2.003116e-02,1.996062e-02,1.988316e-02,1.980739e-02,1.972192e-02,1.963422e-02,1.953655e-02,1.943857e-02,1.933622e-02,1.923822e-02,1.914263e-02,1.905987e-02,1.898728e-02,1.891850e-02,1.886504e-02,1.881790e-02,1.878404e-02,1.875283e-02,1.873188e-02,1.871117e-02,1.869952e-02,1.868547e-02,1.867909e-02,1.866980e-02,1.866742e-02,1.866273e-02,1.865975e-02,1.866841e-02,1.867510e-02,1.870129e-02,1.873182e-02,1.878891e-02,1.887889e-02,1.901810e-02,1.921913e-02,1.951942e-02,1.993118e-02,2.050827e-02,2.127623e-02,2.227908e-02,2.354363e-02,2.512255e-02,2.702231e-02,2.922134e-02,3.175874e-02,3.462058e-02,3.778246e-02,4.119049e-02,4.484900e-02,4.873060e-02,5.274806e-02,5.687800e-02,6.111654e-02,6.541909e-02,6.979836e-02,7.423295e-02,7.873462e-02,8.341670e-02,8.809037e-02,9.283013e-02,9.766423e-02,1.025970e-01,1.076475e-01,1.127860e-01,1.180474e-01,1.234117e-01,1.288681e-01,1.344422e-01,1.403868e-01,1.461673e-01,1.520510e-01,1.579159e-01,1.639437e-01,1.700335e-01,1.761835e-01,1.823890e-01,1.886067e-01,1.948355e-01,2.010589e-01,2.072464e-01,2.134615e-01,2.196625e-01,2.256914e-01,2.316815e-01,2.376273e-01,2.434466e-01,2.490793e-01,2.547071e-01,2.601600e-01,2.652074e-01,2.702464e-01,2.749571e-01,2.796378e-01,2.839803e-01,2.882820e-01,2.922181e-01,2.960810e-01,2.996456e-01,3.031053e-01,3.063715e-01,3.097010e-01,3.132600e-01,3.167284e-01,3.204217e-01,3.240265e-01,3.276786e-01,3.315589e-01,3.353151e-01,3.393079e-01,3.429569e-01,3.468200e-01,3.507040e-01,3.543945e-01,3.582791e-01,3.621655e-01,3.660334e-01,3.696428e-01,3.734204e-01,3.771501e-01,3.808056e-01,3.843619e-01,3.878239e-01,3.911500e-01,3.943331e-01,3.973637e-01,4.002025e-01,4.028391e-01,4.052514e-01,4.074243e-01,4.089016e-01,4.106818e-01,4.124785e-01,4.142952e-01,4.161234e-01,4.179810e-01,4.198632e-01,4.214469e-01,4.233660e-01,4.252995e-01,4.269373e-01,4.289242e-01,4.305979e-01,4.322808e-01,4.339873e-01,4.357122e-01,4.377934e-01,4.395576e-01,4.413374e-01,4.431297e-01,4.449459e-01,4.467803e-01,4.486266e-01,4.501276e-01,4.520177e-01,4.539285e-01,4.558502e-01,4.578058e-01,4.593839e-01,4.613766e-01,4.629881e-01,4.646163e-01,4.666704e-01,4.683324e-01,4.700100e-01,4.717019e-01,4.734083e-01,4.751324e-01,4.768778e-01,4.786352e-01,4.804037e-01,4.821931e-01,4.835488e-01,4.853721e-01,4.872008e-01,4.885661e-01,4.904329e-01,4.923153e-01,4.941943e-01,4.956257e-01,4.970697e-01,4.989992e-01,5.004554e-01,5.019391e-01,5.039384e-01,5.054428e-01,5.069632e-01,5.085033e-01,5.105689e-01,5.121347e-01,5.137167e-01,5.153144e-01,5.169190e-01,5.185450e-01,5.201847e-01,5.218433e-01,5.235124e-01,5.251988e-01,5.268893e-01,5.286085e-01,5.303390e-01,5.315030e-01,5.332589e-01,5.344439e-01,5.362239e-01,5.380159e-01,5.392376e-01,5.410644e-01,5.422883e-01,5.441410e-01,5.453897e-01,5.472612e-01,5.485292e-01,5.497994e-01,5.510769e-01,5.529989e-01,5.542949e-01,5.555952e-01,5.569139e-01,5.588871e-01,5.602107e-01,5.615441e-01,5.628903e-01,5.642279e-01,5.655848e-01,5.669597e-01,5.683296e-01,5.697175e-01,5.711099e-01,5.725133e-01,5.732216e-01,5.746460e-01,5.760839e-01,5.775295e-01,5.782637e-01,5.797313e-01,5.812173e-01,5.826883e-01,5.834474e-01,5.849484e-01,5.864535e-01,5.872211e-01,5.879917e-01,5.895327e-01,5.903065e-01,5.918405e-01,5.926308e-01,5.941962e-01,5.949766e-01,5.957625e-01,5.965566e-01,5.973352e-01,5.981218e-01,5.989294e-01,5.997346e-01,6.005323e-01,6.013172e-01,6.021204e-01,6.029320e-01,6.037466e-01,6.045509e-01,6.053523e-01,6.061623e-01,6.069914e-01,6.078284e-01,6.086394e-01,6.094153e-01,6.102258e-01,6.110647e-01,6.118985e-01,6.126985e-01,6.134501e-01,6.142444e-01,6.150566e-01,6.158607e-01,6.166661e-01,6.174703e-01,6.182531e-01,6.190867e-01,6.198143e-01,6.205372e-01,6.212980e-01,6.219968e-01,6.227824e-01,6.235166e-01,6.240736e-01,6.247502e-01,6.254213e-01,6.261288e-01,6.267856e-01,6.272041e-01,6.278605e-01,6.285108e-01,6.291096e-01,6.297450e-01,6.302876e-01,6.308910e-01,6.315290e-01,6.319056e-01,6.320094e-01,6.323568e-01,6.328485e-01,6.331973e-01,6.335194e-01,6.338691e-01,6.343101e-01,6.347548e-01,6.352884e-01,6.358030e-01,6.363114e-01,6.367265e-01,6.373994e-01,6.382155e-01,6.389212e-01,6.396807e-01,6.403809e-01,6.411763e-01,6.420392e-01,6.427653e-01,6.436238e-01,6.443884e-01,6.451116e-01,6.459682e-01,6.466860e-01,6.474499e-01,6.482482e-01,6.491679e-01,6.499717e-01,6.508532e-01,6.517259e-01,6.526137e-01,6.534719e-01,6.544082e-01,6.553163e-01,6.562609e-01,6.571059e-01,6.580908e-01,6.590904e-01,6.600487e-01,6.609527e-01,6.619868e-01,6.629318e-01,6.639054e-01,6.648122e-01,6.658394e-01,6.667878e-01,6.677282e-01,6.687907e-01,6.697503e-01,6.707019e-01,6.716570e-01,6.726514e-01,6.735784e-01,6.745444e-01,6.755140e-01,6.765232e-01,6.774134e-01,6.784309e-01,6.794638e-01,6.803766e-01,6.814173e-01,6.823369e-01,6.833487e-01,6.842507e-01,6.853197e-01,6.862286e-01,6.871425e-01,6.880579e-01,6.890519e-01,6.900118e-01,6.909753e-01,6.919293e-01,6.928999e-01,6.938609e-01,6.947869e-01,6.957160e-01,6.965319e-01,6.974928e-01,6.983896e-01,6.993179e-01,7.000498e-01,7.007837e-01,7.016411e-01,7.024586e-01,7.032786e-01,7.041010e-01,7.048858e-01,7.057131e-01,7.065025e-01,7.072943e-01,7.079637e-01,7.087738e-01,7.095314e-01,7.101797e-01,7.109145e-01,7.115661e-01,7.122604e-01,7.130420e-01,7.137085e-01,7.143813e-01,7.150143e-01,7.156922e-01,7.163154e-01,7.169838e-01,7.175570e-01,7.181735e-01,7.187514e-01,7.193154e-01,7.198698e-01,7.204471e-01,7.210180e-01,7.215497e-01,7.220672e-01,7.225320e-01,7.230251e-01,7.234762e-01,7.239446e-01,7.244139e-01,7.247929e-01,7.251915e-01,7.255642e-01,7.259085e-01,7.262688e-01,7.266005e-01,7.268974e-01,7.271161e-01,7.273785e-01,7.276580e-01,7.279218e-01,7.281883e-01,7.283480e-01,7.285007e-01,7.286535e-01,7.287795e-01,7.289493e-01,7.290619e-01,7.291985e-01,7.292857e-01,7.293621e-01,7.293828e-01,7.293913e-01,7.294263e-01,7.294982e-01,7.295155e-01,7.294770e-01,7.293827e-01,7.292762e-01,7.291073e-01,7.290639e-01,7.290083e-01,7.289466e-01,7.287976e-01,7.286488e-01,7.285808e-01,7.285193e-01,7.284142e-01,7.282657e-01,7.280739e-01,7.279628e-01,7.279016e-01,7.277969e-01,7.276056e-01,7.274418e-01,7.274241e-01,7.274869e-01,7.274693e-01,7.272783e-01,7.270876e-01,7.269562e-01,7.268090e-01,7.266285e-01,7.263681e-01,7.261080e-01,7.259343e-01,7.258038e-01,7.255014e-01,7.249788e-01,7.244205e-01,7.239917e-01,7.235636e-01,7.229660e-01,7.219720e-01,7.208709e-01,7.198851e-01,7.189870e-01,7.181287e-01,7.172369e-01,7.161255e-01,7.146216e-01,7.126610e-01,7.107558e-01,7.093894e-01,7.081911e-01,7.066784e-01,7.046155e-01,7.024942e-01,7.010153e-01,6.999730e-01,6.990514e-01,6.979787e-01,6.967183e-01,6.955791e-01,6.944566e-01,6.933278e-01,6.925957e-01,6.922432e-01,6.918912e-01,6.915534e-01,6.912161e-01,6.908794e-01,6.905567e-01,6.902346e-01,6.902872e-01,6.899656e-01,6.900163e-01,6.900827e-01,6.901354e-01,6.898142e-01,6.898670e-01,6.899062e-01,6.899454e-01,6.896109e-01,6.892634e-01,6.892889e-01,6.893144e-01,6.893263e-01,6.893518e-01,6.893774e-01,6.890167e-01,6.890423e-01,6.890679e-01,6.890917e-01,6.887453e-01,6.887709e-01,6.884250e-01,6.884506e-01,6.884899e-01,6.885018e-01,6.881565e-01,6.881821e-01,6.881941e-01,6.882198e-01,6.878613e-01,6.878733e-01,6.878853e-01,6.878973e-01,6.878957e-01,6.879077e-01,6.879197e-01,6.883021e-01,6.883141e-01,6.883261e-01,6.883381e-01,6.883501e-01,6.883621e-01,6.883006e-01,6.886833e-01,6.886953e-01,6.887073e-01,6.887193e-01,6.890287e-01,6.890269e-01,6.894104e-01,6.894224e-01,6.893606e-01,6.893588e-01,6.897565e-01,6.900669e-01,6.900770e-01,6.904016e-01,6.904274e-01,6.904533e-01,6.904190e-01,6.904588e-01,6.907978e-01,6.908377e-01,6.908035e-01,6.908574e-01,6.911970e-01,6.911768e-01,6.916051e-01,6.915709e-01,6.916251e-01,6.919636e-01,6.920039e-01,6.923449e-01,6.923107e-01,6.923511e-01,6.923028e-01,6.923290e-01,6.926563e-01,6.925938e-01,6.929818e-01,6.929192e-01,6.932329e-01,6.932307e-01,6.931680e-01,6.934819e-01,6.934939e-01,6.934312e-01,6.937431e-01,6.937694e-01,6.940981e-01,6.940496e-01,6.940760e-01,6.940274e-01,6.940538e-01,6.940053e-01,6.939712e-01,6.943751e-01,6.943266e-01,6.942925e-01,6.946969e-01,6.946483e-01,6.946748e-01,6.946263e-01,6.945778e-01,6.946044e-01,6.945392e-01,6.945658e-01,6.945029e-01,6.941522e-01,6.940895e-01,6.937250e-01,6.936625e-01,6.932987e-01,6.932219e-01,6.932341e-01,6.927966e-01,6.928088e-01,6.924465e-01,6.920105e-01,6.916474e-01,6.912870e-01,6.912253e-01,6.908655e-01,6.905063e-01,6.904449e-01,6.900864e-01,6.897284e-01,6.893710e-01,6.889410e-01,6.885848e-01,6.882292e-01,6.878741e-01,6.871532e-01,6.867998e-01,6.860822e-01,6.857304e-01,6.854514e-01,6.845939e-01,6.843163e-01,6.836777e-01,6.830409e-01,6.820470e-01,6.813436e-01,6.803566e-01,6.796581e-01,6.789616e-01,6.783373e-01,6.772928e-01,6.766032e-01,6.755661e-01,6.746025e-01,6.735740e-01,6.725499e-01,6.715302e-01,6.705147e-01,6.695037e-01,6.680906e-01,6.668195e-01,6.654221e-01,6.644323e-01,6.634465e-01,6.621998e-01,6.609596e-01,6.592691e-01,6.576548e-01,6.560513e-01,6.548426e-01,6.535767e-01,6.525721e-01,6.509908e-01,6.490562e-01,6.471373e-01,6.453562e-01,6.437123e-01,6.424443e-01,6.411833e-01,6.403015e-01,6.390631e-01,6.378313e-01,6.363681e-01,6.345609e-01,6.324758e-01,6.303517e-01,6.283038e-01,6.267298e-01,6.257891e-01,6.242322e-01,6.230771e-01,6.215837e-01,6.203769e-01,6.189012e-01,6.177630e-01,6.163042e-01,6.151790e-01,6.135748e-01,6.124516e-01,6.113965e-01,6.102413e-01,6.088211e-01,6.069393e-01,6.053930e-01,6.038482e-01,6.020079e-01,6.002834e-01,5.980610e-01,5.959701e-01,5.935954e-01,5.907180e-01,5.873938e-01,5.845826e-01,5.806918e-01,5.761876e-01,5.722654e-01,5.674085e-01,5.623612e-01,5.564702e-01,5.520325e-01,5.454003e-01,5.387097e-01,5.315716e-01,5.257084e-01,5.175652e-01,5.096851e-01,5.018992e-01,4.931987e-01,4.870602e-01,4.784738e-01,4.703251e-01,4.624958e-01,4.538003e-01,4.454649e-01,4.398096e-01,4.332029e-01,4.247722e-01,4.177264e-01,4.109292e-01,4.053504e-01,3.990392e-01,3.929568e-01,3.871244e-01,3.822904e-01,3.783392e-01,3.737230e-01,3.692419e-01,3.656117e-01,3.613445e-01,3.578600e-01,3.544556e-01,3.511425e-01,3.485341e-01,3.459733e-01,3.434288e-01,3.409324e-01,3.384803e-01,3.366394e-01,3.348450e-01,3.330585e-01,3.312754e-01,3.295271e-01,3.283484e-01,3.266440e-01,3.249526e-01,3.238121e-01,3.226809e-01,3.221009e-01,3.209953e-01,3.198974e-01,3.193393e-01,3.182659e-01,3.177071e-01,3.171706e-01,3.166237e-01,3.160815e-01,3.155515e-01,3.150210e-01,3.144853e-01,3.139604e-01,3.139308e-01,3.134154e-01,3.134055e-01,3.133956e-01,3.133930e-01,3.128918e-01,3.128722e-01,3.128794e-01,3.128695e-01,3.133703e-01,3.133677e-01,3.133687e-01,3.133575e-01,3.138514e-01,3.138401e-01,3.143456e-01,3.148430e-01,3.153694e-01,3.153716e-01,3.158702e-01,3.168770e-01,3.174024e-01,3.179211e-01,3.189505e-01,3.199802e-01,3.210354e-01,3.226059e-01,3.236812e-01,3.247666e-01,3.263769e-01,3.274618e-01,3.291143e-01,3.307773e-01,3.319045e-01,3.341709e-01,3.353367e-01,3.370745e-01,3.388400e-01,3.400482e-01,3.424561e-01,3.436666e-01,3.454835e-01,3.473438e-01,3.492324e-01,3.505128e-01,3.524298e-01,3.543801e-01,3.557189e-01,3.583905e-01,3.597520e-01,3.618056e-01,3.639099e-01,3.660033e-01,3.674547e-01,3.696099e-01,3.718454e-01,3.740780e-01,3.756015e-01,3.778781e-01,3.802146e-01,3.817814e-01,3.841838e-01,3.858383e-01,3.883264e-01,3.899827e-01,3.916819e-01,3.942345e-01,3.959621e-01,3.977081e-01,4.003780e-01,4.021719e-01,4.040034e-01,4.058462e-01,4.077006e-01,4.105017e-01,4.115005e-01,4.143948e-01,4.163760e-01,4.173712e-01,4.193484e-01,4.224013e-01,4.234693e-01,4.255392e-01,4.276407e-01,4.297617e-01,4.319184e-01,4.330283e-01,4.352165e-01,4.374232e-01,4.385403e-01,4.408114e-01,4.419852e-01,4.442499e-01,4.465990e-01,4.477826e-01,4.502023e-01,4.514155e-01,4.537798e-01,4.550172e-01,4.575117e-01,4.587616e-01,4.600291e-01,4.625642e-01,4.638702e-01,4.651692e-01,4.677462e-01,4.690851e-01,4.704207e-01,4.717615e-01,4.744714e-01,4.758413e-01,4.772210e-01,4.786290e-01,4.800289e-01,4.814389e-01,4.829063e-01,4.842239e-01,4.852085e-01,4.865044e-01,4.877891e-01,4.891901e-01,4.903800e-01,4.918378e-01,4.928867e-01,4.945176e-01,4.955897e-01,4.968401e-01,4.978996e-01,4.991430e-01,5.003907e-01,5.016549e-01,5.027711e-01,5.040731e-01,5.053661e-01,5.063126e-01,5.077978e-01,5.087239e-01,5.099035e-01,5.110662e-01,5.120663e-01,5.131283e-01,5.144361e-01,5.156792e-01,5.166547e-01,5.177431e-01,5.187955e-01,5.198217e-01,5.205179e-01,5.215784e-01,5.224522e-01,5.237360e-01,5.248209e-01,5.258043e-01,5.271168e-01,5.280837e-01,5.287994e-01,5.296312e-01,5.303876e-01,5.311899e-01,5.321459e-01,5.330985e-01,5.337293e-01,5.345866e-01,5.353673e-01,5.363419e-01,5.371363e-01,5.377846e-01,5.380646e-01,5.390439e-01,5.394379e-01,5.400935e-01,5.407066e-01,5.415542e-01,5.421786e-01,5.428351e-01,5.432732e-01,5.439023e-01,5.443352e-01,5.451586e-01,5.454023e-01,5.461914e-01,5.468669e-01,5.474991e-01,5.483341e-01,5.487758e-01,5.493427e-01,5.499888e-01,5.502376e-01,5.508471e-01,5.510968e-01,5.517086e-01,5.517227e-01,5.523827e-01,5.526800e-01,5.533287e-01,5.535482e-01,5.539999e-01,5.542596e-01,5.547127e-01,5.548464e-01,5.553329e-01,5.555863e-01,5.561956e-01,5.565713e-01,5.571833e-01,5.573983e-01,5.581348e-01,5.581072e-01,5.587636e-01,5.588989e-01,5.592054e-01,5.593752e-01,5.597633e-01,5.596151e-01,5.599630e-01,5.597320e-01,5.600877e-01,5.598987e-01,5.600016e-01,5.599344e-01,5.602013e-01,5.599296e-01,5.599918e-01,5.598763e-01,5.601430e-01,5.599541e-01,5.602207e-01,5.600318e-01,5.601018e-01,5.601158e-01,5.607548e-01,5.605654e-01,5.606762e-01,5.605433e-01,5.604087e-01,5.602276e-01,5.601338e-01,5.599935e-01,5.600230e-01,5.598423e-01,5.597084e-01,5.592763e-01,5.592996e-01,5.591582e-01,5.589303e-01,5.587490e-01,5.587242e-01,5.581244e-01,5.583081e-01,5.579115e-01,5.577636e-01,5.576095e-01,5.576172e-01,5.571882e-01,5.570347e-01,5.564800e-01,5.562935e-01,5.561009e-01,5.555092e-01,5.551245e-01,5.547737e-01,5.540271e-01,5.538431e-01,5.533755e-01,5.530279e-01,5.525295e-01,5.521833e-01,5.516031e-01,5.513425e-01,5.506859e-01,5.501485e-01,5.496126e-01,5.493088e-01,5.487752e-01,5.485121e-01,5.480187e-01,5.477631e-01,5.469267e-01,5.466282e-01,5.458038e-01,5.453685e-01,5.449278e-01,5.443365e-01,5.437470e-01,5.433471e-01,5.425797e-01,5.424134e-01,5.417541e-01,5.412389e-01,5.406953e-01,5.404415e-01,5.398250e-01,5.395357e-01,5.385479e-01,5.381137e-01,5.378996e-01,5.369559e-01,5.363435e-01,5.358422e-01,5.350527e-01,5.342731e-01,5.336401e-01,5.331523e-01,5.321669e-01,5.312997e-01,5.306059e-01,5.296677e-01,5.286297e-01,5.279452e-01,5.271239e-01,5.260990e-01,5.249011e-01,5.239150e-01,5.234104e-01,5.222958e-01,5.211541e-01,5.200188e-01,5.190566e-01,5.182919e-01,5.170406e-01,5.161581e-01,5.154045e-01,5.146923e-01,5.137559e-01,5.128880e-01,5.121849e-01,5.115162e-01,5.108181e-01,5.100008e-01,5.093396e-01,5.090345e-01,5.088823e-01,5.080418e-01,5.076763e-01,5.071858e-01,5.066654e-01,5.065267e-01,5.061951e-01,5.058023e-01,5.054411e-01,5.051669e-01,5.048070e-01,5.043556e-01,5.040596e-01,5.035795e-01,5.032542e-01,5.028370e-01,5.026347e-01,5.024022e-01,5.021323e-01,5.022060e-01,5.021887e-01,5.021096e-01,5.018778e-01,5.019268e-01,5.019324e-01,5.020061e-01,5.022574e-01,5.023008e-01,5.024668e-01,5.027168e-01,5.028776e-01,5.032224e-01,5.032660e-01,5.034882e-01,5.035187e-01,5.035509e-01,5.035277e-01,5.034118e-01,5.032903e-01,5.030459e-01,5.028869e-01,5.029190e-01,5.028283e-01,5.030441e-01,5.027393e-01,5.026413e-01,5.023977e-01,5.022770e-01,5.023696e-01,5.022185e-01,5.020979e-01,5.021355e-01,5.019829e-01,5.019229e-01,5.018081e-01,5.015467e-01,5.010680e-01,5.008378e-01,5.003281e-01,5.000388e-01,4.989129e-01,4.983912e-01,4.977218e-01,4.968987e-01,4.961453e-01,4.953947e-01,4.943009e-01,4.932583e-01,4.921126e-01,4.908307e-01,4.894712e-01,4.877968e-01,4.856439e-01,4.843433e-01,4.830166e-01,4.816793e-01,4.789887e-01,4.763095e-01,4.750066e-01,4.724306e-01,4.685797e-01,4.660329e-01,4.635733e-01,4.599210e-01,4.563088e-01,4.527745e-01,4.492813e-01,4.458696e-01,4.403032e-01,4.370442e-01,4.296473e-01,4.245152e-01,4.186304e-01,4.138769e-01,4.074084e-01,4.021290e-01,3.953083e-01,3.888735e-01,3.795194e-01,3.721126e-01,3.650431e-01,3.569510e-01,3.498885e-01,3.413424e-01,3.337940e-01,3.218768e-01,3.132943e-01,3.047704e-01,2.967463e-01,2.871761e-01,2.793686e-01,2.671330e-01,2.585254e-01,2.504827e-01,2.426734e-01,2.345545e-01,2.246013e-01,2.170024e-01,2.103234e-01,2.038576e-01,1.974052e-01,1.896417e-01,1.840404e-01,1.790522e-01,1.744636e-01,1.705045e-01,1.646306e-01,1.612042e-01,1.580259e-01,1.547263e-01,1.513375e-01,1.480821e-01,1.459746e-01,1.439207e-01,1.419193e-01,1.399680e-01,1.380658e-01,1.371156e-01,1.352868e-01,1.343746e-01,1.326099e-01,1.317356e-01,1.308696e-01,1.300194e-01,1.291789e-01,1.283496e-01,1.275321e-01,1.275205e-01,1.267053e-01,1.266946e-01,1.258953e-01,1.258792e-01,1.258717e-01,1.258636e-01,1.250731e-01,1.250648e-01,1.250571e-01,1.250504e-01,1.258253e-01,1.258238e-01,1.258183e-01,1.258094e-01,1.265915e-01,1.265912e-01,1.273870e-01,1.273847e-01,1.281872e-01,1.290001e-01,1.289997e-01,1.298247e-01,1.306570e-01,1.314991e-01,1.323571e-01,1.323558e-01,1.332205e-01,1.341026e-01,1.349865e-01,1.358865e-01,1.367904e-01,1.377107e-01,1.386446e-01,1.395861e-01,1.405396e-01,1.415069e-01,1.424848e-01,1.434750e-01,1.444800e-01,1.454965e-01,1.465223e-01,1.475653e-01,1.496864e-01,1.496881e-01,1.518727e-01,1.529889e-01,1.529953e-01,1.549229e-01,1.560761e-01,1.574856e-01,1.584459e-01,1.601382e-01,1.611231e-01,1.619961e-01,1.636415e-01,1.647939e-01,1.662295e-01,1.672889e-01,1.690360e-01,1.699904e-01,1.716481e-01,1.727808e-01,1.737817e-01,1.755108e-01,1.766851e-01,1.783265e-01,1.793818e-01,1.810633e-01,1.821502e-01,1.837268e-01,1.850065e-01,1.864578e-01,1.876060e-01,1.892730e-01,1.904557e-01,1.919963e-01,1.932055e-01,1.947978e-01,1.958729e-01,1.975020e-01,1.987783e-01,1.997030e-01,2.013971e-01,2.031202e-01,2.042783e-01,2.058431e-01,2.070327e-01,2.086372e-01,2.096486e-01,2.113029e-01,2.123323e-01,2.138047e-01,2.148628e-01,2.165972e-01,2.176793e-01,2.192157e-01,2.203112e-01,2.219046e-01,2.227928e-01,2.243511e-01,2.255001e-01,2.269043e-01,2.285733e-01,2.294689e-01,2.309248e-01,2.318902e-01,2.335852e-01,2.342621e-01,2.357822e-01,2.372701e-01,2.382918e-01,2.395406e-01,2.405284e-01,2.421352e-01,2.428652e-01,2.444487e-01,2.457665e-01,2.468093e-01,2.481542e-01,2.489231e-01,2.503518e-01,2.520407e-01,2.528346e-01,2.542503e-01,2.550599e-01,2.561883e-01,2.576445e-01,2.584774e-01,2.599616e-01,2.608754e-01,2.620606e-01,2.632574e-01,2.641338e-01,2.653520e-01,2.669915e-01,2.675471e-01,2.692170e-01,2.697827e-01,2.714811e-01,2.728442e-01,2.734972e-01,2.748815e-01,2.762800e-01,2.773215e-01,2.784486e-01,2.798871e-01,2.809586e-01,2.820380e-01,2.835950e-01,2.843044e-01,2.854931e-01,2.870138e-01,2.878283e-01,2.889688e-01,2.906148e-01,2.913658e-01,2.926217e-01,2.938070e-01,2.946607e-01,2.959525e-01,2.971667e-01,2.979558e-01,2.992744e-01,3.005180e-01,3.014186e-01,3.022317e-01,3.035930e-01,3.048770e-01,3.058013e-01,3.066411e-01,3.080516e-01,3.089053e-01,3.098586e-01,3.112028e-01,3.121721e-01,3.130561e-01,3.140399e-01,3.154253e-01,3.164245e-01,3.173298e-01,3.183426e-01,3.197745e-01,3.202919e-01,3.218417e-01,3.227824e-01,3.238336e-01,3.243645e-01,3.254322e-01,3.263953e-01,3.274734e-01,3.285596e-01,3.290001e-01,3.301027e-01,3.312089e-01,3.317676e-01,3.327755e-01,3.333403e-01,3.344713e-01,3.350477e-01,3.361920e-01,3.373453e-01,3.385077e-01,3.389791e-01,3.401545e-01,3.407551e-01,3.419447e-01,3.425456e-01,3.431489e-01,3.442430e-01,3.448514e-01,3.454640e-01,3.466917e-01,3.473100e-01,3.479361e-01,3.484362e-01,3.496883e-01,3.503171e-01,3.509556e-01,3.514657e-01,3.521038e-01,3.527425e-01,3.532619e-01,3.539074e-01,3.545537e-01,3.552026e-01,3.558543e-01,3.565087e-01,3.570409e-01,3.570401e-01,3.576995e-01,3.583617e-01,3.590268e-01,3.597000e-01,3.603687e-01,3.610424e-01,3.610414e-01,3.617158e-01,3.623931e-01,3.630766e-01,3.630733e-01,3.637543e-01,3.644360e-01,3.644359e-01,3.651183e-01,3.658037e-01,3.657958e-01,3.666226e-01,3.666179e-01,3.673096e-01,3.672994e-01,3.681340e-01,3.681312e-01,3.688295e-01,3.689619e-01,3.696638e-01,3.696578e-01,3.705099e-01,3.705016e-01,3.706353e-01,3.713444e-01,3.722031e-01,3.723358e-01,3.730500e-01,3.731834e-01,3.731724e-01,3.740330e-01,3.740272e-01,3.748947e-01,3.750294e-01,3.750182e-01,3.758933e-01,3.758843e-01,3.760298e-01,3.761678e-01,3.761635e-01,3.763063e-01,3.764492e-01,3.764501e-01,3.765979e-01,3.765959e-01,3.774888e-01,3.774944e-01,3.776455e-01,3.777967e-01,3.778019e-01,3.779556e-01,3.779659e-01,3.781222e-01,3.781298e-01,3.782862e-01,3.782989e-01,3.784555e-01,3.784655e-01,3.786247e-01,3.786398e-01,3.786498e-01,3.788091e-01,3.780681e-01,3.780831e-01,3.780955e-01,3.782543e-01,3.782642e-01,3.782792e-01,3.782916e-01,3.783015e-01,3.781625e-01,3.774296e-01,3.774395e-01,3.773012e-01,3.771607e-01,3.762802e-01,3.762950e-01,3.761553e-01,3.758691e-01,3.749956e-01,3.748571e-01,3.745781e-01,3.737093e-01,3.734250e-01,3.732878e-01,3.722802e-01,3.719985e-01,3.710038e-01,3.707243e-01,3.695918e-01,3.693148e-01,3.681900e-01,3.679154e-01,3.669414e-01,3.665329e-01,3.655720e-01,3.644780e-01,3.642121e-01,3.631275e-01,3.621848e-01,3.617886e-01,3.608539e-01,3.597924e-01,3.595388e-01,3.584861e-01,3.582302e-01,3.573167e-01,3.562769e-01,3.553728e-01,3.544739e-01,3.535803e-01,3.533346e-01,3.524455e-01,3.515636e-01,3.505620e-01,3.496908e-01,3.495710e-01,3.487055e-01,3.479674e-01,3.464980e-01,3.457765e-01,3.449324e-01,3.448162e-01,3.440968e-01,3.433790e-01,3.426664e-01,3.418376e-01,3.411323e-01,3.404284e-01,3.396118e-01,3.387997e-01,3.375294e-01,3.368460e-01,3.354776e-01,3.346876e-01,3.340135e-01,3.333425e-01,3.320077e-01,3.313458e-01,3.306868e-01,3.300307e-01,3.288334e-01,3.280783e-01,3.268967e-01,3.262575e-01,3.256210e-01,3.249872e-01,3.238305e-01,3.232078e-01,3.220667e-01,3.215508e-01,3.204212e-01,3.199111e-01,3.188949e-01,3.184891e-01,3.174828e-01,3.169831e-01,3.160846e-01,3.156866e-01,3.142069e-01,3.139113e-01,3.129353e-01,3.120619e-01,3.115794e-01,3.108094e-01,3.103297e-01,3.093740e-01,3.080520e-01,3.075816e-01,3.067394e-01,3.058104e-01,3.048877e-01,3.045187e-01,3.030579e-01,3.021519e-01,3.017010e-01,3.008051e-01,2.998235e-01,2.989398e-01,2.984123e-01,2.966665e-01,2.961477e-01,2.952874e-01,2.944337e-01,2.934981e-01,2.918188e-01,2.914018e-01,2.904883e-01,2.896655e-01,2.888478e-01,2.880350e-01,2.868228e-01,2.861015e-01,2.853064e-01,2.845933e-01,2.838071e-01,2.823239e-01,2.820130e-01,2.809325e-01,2.801677e-01,2.794074e-01,2.787264e-01,2.773004e-01,2.766302e-01,2.760370e-01,2.753002e-01,2.746402e-01,2.728953e-01,2.722485e-01,2.716038e-01,2.709624e-01,2.696180e-01,2.689168e-01,2.682195e-01,2.671790e-01,2.665593e-01,2.652583e-01,2.645807e-01,2.635696e-01,2.629663e-01,2.613724e-01,2.611072e-01,2.601236e-01,2.591469e-01,2.585644e-01,2.570255e-01,2.563899e-01,2.554428e-01,2.548769e-01,2.533226e-01,2.527058e-01,2.518471e-01,2.512376e-01,2.497276e-01,2.491277e-01,2.482350e-01,2.476422e-01,2.461766e-01,2.452463e-01,2.443810e-01,2.438629e-01,2.424410e-01,2.418755e-01,2.410327e-01,2.404731e-01,2.390896e-01,4.493103e-03,4.493103e-03,4.493103e-03,4.493103e-03,4.493103e-03,4.493103e-03,4.493103e-03,4.493103e-03,4.493103e-03,4.493103e-03,4.493103e-03,4.493103e-03,4.493103e-03,4.493103e-03,4.493103e-03,4.493103e-03,4.493103e-03,4.493103e-03,4.493103e-03,4.493103e-03,4.493103e-03,4.493103e-03,4.493103e-03,4.493103e-03,4.493103e-03,4.493103e-03,4.493103e-03,4.493103e-03,4.493103e-03,4.493103e-03,4.493103e-03,4.493103e-03,4.493103e-03,4.493103e-03,4.493103e-03,4.493103e-03,4.493103e-03,4.493103e-03,4.493103e-03,4.493103e-03,4.493103e-03,4.493103e-03,4.493103e-03,4.493103e-03,4.493103e-03,4.493103e-03,4.493103e-03,4.493103e-03,4.493103e-03,4.493103e-03,4.493103e-03,4.493103e-03,4.493103e-03,4.493103e-03,4.493103e-03,4.493103e-03,4.493103e-03,4.493103e-03,4.493103e-03,4.493103e-03,4.493103e-03,4.493103e-03,4.493103e-03,4.493103e-03,4.493103e-03,4.493103e-03,4.493103e-03,4.493103e-03,4.493103e-03,4.493103e-03,4.493103e-03,4.493103e-03,4.493103e-03,4.493103e-03,4.493103e-03,4.493103e-03,4.493103e-03,4.493103e-03,4.493103e-03,4.493103e-03,4.493103e-03,4.493103e-03,4.493103e-03,4.493103e-03,4.493103e-03,4.493103e-03,4.493103e-03,4.493103e-03,4.493103e-03,4.493103e-03,4.493103e-03,4.493103e-03,4.493103e-03,4.493103e-03,4.493103e-03,4.493103e-03,4.493103e-03,4.493103e-03,4.493103e-03,4.493103e-03,4.493103e-03,4.493103e-03,4.493103e-03,4.493103e-03,4.493103e-03,4.493103e-03,4.493103e-03,4.493103e-03,4.493103e-03,4.493103e-03,4.493103e-03,4.493103e-03,4.493103e-03,4.493103e-03,4.493103e-03,4.493103e-03,4.493103e-03,4.493103e-03,4.493103e-03,4.493103e-03,4.493103e-03,4.493103e-03,4.493103e-03,4.493103e-03,4.493103e-03,4.493103e-03,4.493103e-03,4.493103e-03,4.493103e-03,4.493103e-03,4.493103e-03,4.493103e-03,4.493103e-03,4.493103e-03,4.493103e-03,4.493103e-03,4.493103e-03,4.493103e-03,4.493103e-03,4.493103e-03,4.493103e-03,4.493103e-03,4.493103e-03,4.493103e-03,4.493103e-03,4.493103e-03,4.493103e-03,4.493103e-03,4.493103e-03,4.493103e-03,4.493103e-03,4.493103e-03,4.493103e-03,4.493103e-03,4.493103e-03,4.493103e-03,4.493103e-03,4.493103e-03,4.493103e-03,4.493103e-03,4.493103e-03
2.290963e-02,2.287153e-02,2.282887e-02,2.278995e-02,2.275463e-02,2.272231e-02,2.268634e-02,2.265680e-02,2.262710e-02,2.259095e-02,2.255933e-02,2.252064e-02,2.248976e-02,2.246089e-02,2.242677e-02,2.239903e-02,2.237144e-02,2.234358e-02,2.232211e-02,2.229390e-02,2.227005e-02,2.224417e-02,2.221835e-02,2.219874e-02,2.218102e-02,2.215642e-02,2.213627e-02,2.212068e-02,2.210036e-02,2.208027e-02,2.206465e-02,2.204234e-02,2.202688e-02,2.200637e-02,2.199272e-02,2.197952e-02,2.196049e-02,2.194865e-02,2.193709e-02,2.192054e-02,2.191139e-02,2.190552e-02,2.189559e-02,2.189240e-02,2.188568e-02,2.188840e-02,2.189315e-02,2.189401e-02,2.190806e-02,2.192802e-02,2.194902e-02,2.198358e-02,2.202825e-02,2.207832e-02,2.213269e-02,2.218949e-02,2.225605e-02,2.232030e-02,2.238231e-02,2.244320e-02,2.249311e-02,2.253863e-02,2.257633e-02,2.260434e-02,2.263863e-02,2.267244e-02,2.270511e-02,2.273387e-02,2.274990e-02,2.277508e-02,2.280058e-02,2.281096e-02,2.283031e-02,2.285265e-02,2.287019e-02,2.289344e-02,2.291902e-02,2.295970e-02,2.299482e-02,2.303700e-02,2.308252e-02,2.313901e-02,2.321448e-02,2.329696e-02,2.339010e-02,2.350482e-02,2.363854e-02,2.379314e-02,2.397854e-02,2.419413e-02,2.443483e-02,2.470371e-02,2.502021e-02,2.538410e-02,2.579126e-02,2.624939e-02,2.677408e-02,2.736608e-02,2.802872e-02,2.876755e-02,2.959752e-02,3.050700e-02,3.150565e-02,3.260885e-02,3.381612e-02,3.512516e-02,3.655224e-02,3.808680e-02,3.972674e-02,4.145713e-02,4.330951e-02,4.527737e-02,4.734310e-02,4.949378e-02,5.171214e-02,5.393917e-02,5.615402e-02,5.831155e-02,6.036210e-02,6.227389e-02,6.399469e-02,6.549736e-02,6.675625e-02,6.772614e-02,6.836049e-02,6.866613e-02,6.861085e-02,6.830181e-02,6.771910e-02,6.692379e-02,6.594986e-02,6.486580e-02,6.370620e-02,6.241350e-02,6.108300e-02,5.972943e-02,5.837758e-02,5.704454e-02,5.576501e-02,5.452930e-02,5.337853e-02,5.225479e-02,5.119453e-02,5.025103e-02,4.935773e-02,4.858344e-02,4.786017e-02,4.723800e-02,4.664785e-02,4.612491e-02,4.566245e-02,4.522064e-02,4.481669e-02,4.443323e-02,4.407268e-02,4.372238e-02,4.338506e-02,4.308576e-02,4.277258e-02,4.247533e-02,4.219443e-02,4.192374e-02,4.159972e-02,4.125266e-02,4.086724e-02,4.044810e-02,3.999996e-02,3.950054e-02,3.898930e-02,3.845628e-02,3.791203e-02,3.736298e-02,3.681810e-02,3.629161e-02,3.578992e-02,3.530591e-02,3.484914e-02,3.442222e-02,3.403001e-02,3.365623e-02,3.330436e-02,3.297560e-02,3.266867e-02,3.237783e-02,3.210586e-02,3.184677e-02,3.160913e-02,3.138791e-02,3.118419e-02,3.098928e-02,3.082099e-02,3.066420e-02,3.052177e-02,3.038178e-02,3.026778e-02,3.016547e-02,3.006800e-02,2.997657e-02,2.988278e-02,2.978540e-02,2.967156e-02,2.955137e-02,2.942405e-02,2.927639e-02,2.910112e-02,2.891961e-02,2.871445e-02,2.848765e-02,2.824852e-02,2.800058e-02,2.774444e-02,2.748770e-02,2.722652e-02,2.696715e-02,2.670608e-02,2.645680e-02,2.621834e-02,2.599496e-02,2.578698e-02,2.559777e-02,2.543480e-02,2.527767e-02,2.515192e-02,2.503965e-02,2.495208e-02,2.487215e-02,2.480469e-02,2.475655e-02,2.471712e-02,2.467992e-02,2.463421e-02,2.459119e-02,2.452984e-02,2.443996e-02,2.433605e-02,2.419978e-02,2.403948e-02,2.383605e-02,2.361891e-02,2.338028e-02,2.313426e-02,2.287173e-02,2.260943e-02,2.234554e-02,2.209096e-02,2.184576e-02,2.162593e-02,2.141952e-02,2.123276e-02,2.108129e-02,2.094104e-02,2.082807e-02,2.072000e-02,2.062555e-02,2.052406e-02,2.042282e-02,2.031024e-02,2.019219e-02,2.006265e-02,1.993046e-02,1.979346e-02,1.965963e-02,1.953016e-02,1.941543e-02,1.931385e-02,1.921883e-02,1.914247e-02,1.907679e-02,1.902725e-02,1.898339e-02,1.895194e-02,1.892307e-02,1.890494e-02,1.888574e-02,1.887518e-02,1.886299e-02,1.885840e-02,1.885317e-02,1.885027e-02,1.886226e-02,1.887393e-02,1.891159e-02,1.895764e-02,1.904072e-02,1.916662e-02,1.936047e-02,1.963441e-02,2.003435e-02,2.057605e-02,2.132343e-02,2.230581e-02,2.357400e-02,2.516157e-02,2.712927e-02,2.948783e-02,3.221304e-02,3.535518e-02,3.889434e-02,4.281694e-02,4.705392e-02,5.161779e-02,5.646253e-02,6.150824e-02,6.671468e-02,7.207824e-02,7.754472e-02,8.312648e-02,8.879775e-02,9.457322e-02,1.005603e-01,1.065877e-01,1.127163e-01,1.189845e-01,1.253930e-01,1.319707e-01,1.386734e-01,1.455508e-01,1.525713e-01,1.597242e-01,1.670401e-01,1.747416e-01,1.823303e-01,1.900606e-01,1.978087e-01,2.057331e-01,2.137369e-01,2.218159e-01,2.299409e-01,2.380927e-01,2.462476e-01,2.543814e-01,2.624511e-01,2.705400e-01,2.785897e-01,2.864159e-01,2.941386e-01,3.017764e-01,3.092176e-01,3.164176e-01,3.235459e-01,3.304096e-01,3.367877e-01,3.430849e-01,3.489647e-01,3.547306e-01,3.600713e-01,3.652805e-01,3.700346e-01,3.746124e-01,3.788302e-01,3.828313e-01,3.866703e-01,3.905729e-01,3.946884e-01,3.987260e-01,4.029658e-01,4.071280e-01,4.113280e-01,4.157239e-01,4.200019e-01,4.244763e-01,4.286353e-01,4.329627e-01,4.372863e-01,4.414174e-01,4.456855e-01,4.499209e-01,4.541010e-01,4.580180e-01,4.620287e-01,4.659448e-01,4.697383e-01,4.733840e-01,4.768822e-01,4.801906e-01,4.832996e-01,4.861958e-01,4.888439e-01,4.912307e-01,4.933323e-01,4.951373e-01,4.963248e-01,4.977530e-01,4.991863e-01,5.006297e-01,5.020779e-01,5.035406e-01,5.050190e-01,5.062580e-01,5.077520e-01,5.092532e-01,5.105193e-01,5.120485e-01,5.133318e-01,5.146210e-01,5.159189e-01,5.172263e-01,5.187968e-01,5.201223e-01,5.214519e-01,5.227898e-01,5.241348e-01,5.254870e-01,5.268450e-01,5.279448e-01,5.293214e-01,5.307070e-01,5.320961e-01,5.335028e-01,5.346329e-01,5.360532e-01,5.371982e-01,5.383527e-01,5.398011e-01,5.409696e-01,5.421444e-01,5.433241e-01,5.445085e-01,5.457011e-01,5.469070e-01,5.481127e-01,5.493187e-01,5.505367e-01,5.514571e-01,5.526903e-01,5.539152e-01,5.548258e-01,5.560694e-01,5.573166e-01,5.585450e-01,5.594821e-01,5.604248e-01,5.616716e-01,5.626075e-01,5.635645e-01,5.648495e-01,5.658091e-01,5.667755e-01,5.677556e-01,5.690610e-01,5.700475e-01,5.710417e-01,5.720448e-01,5.730442e-01,5.740579e-01,5.750761e-01,5.760982e-01,5.771274e-01,5.781657e-01,5.791969e-01,5.802484e-01,5.813011e-01,5.820091e-01,5.830699e-01,5.837872e-01,5.848544e-01,5.859229e-01,5.866514e-01,5.877358e-01,5.884601e-01,5.895511e-01,5.902870e-01,5.913759e-01,5.921176e-01,5.928547e-01,5.935881e-01,5.946905e-01,5.954337e-01,5.961742e-01,5.969281e-01,5.980411e-01,5.987791e-01,5.995261e-01,6.002794e-01,6.010177e-01,6.017698e-01,6.025273e-01,6.032800e-01,6.040433e-01,6.048049e-01,6.055672e-01,6.059564e-01,6.067339e-01,6.075140e-01,6.083001e-01,6.087037e-01,6.095001e-01,6.103033e-01,6.110904e-01,6.115068e-01,6.123106e-01,6.131068e-01,6.135226e-01,6.139375e-01,6.147518e-01,6.151646e-01,6.159680e-01,6.163851e-01,6.172055e-01,6.176140e-01,6.180237e-01,6.184338e-01,6.188340e-01,6.192393e-01,6.196558e-01,6.200733e-01,6.204828e-01,6.208799e-01,6.212860e-01,6.217019e-01,6.221186e-01,6.225251e-01,6.229247e-01,6.233344e-01,6.237580e-01,6.241818e-01,6.245870e-01,6.249619e-01,6.253588e-01,6.257836e-01,6.262006e-01,6.265839e-01,6.269325e-01,6.273080e-01,6.277007e-01,6.280850e-01,6.284645e-01,6.288455e-01,6.292036e-01,6.295486e-01,6.298634e-01,6.301942e-01,6.305326e-01,6.308416e-01,6.311947e-01,6.315015e-01,6.316987e-01,6.319618e-01,6.322405e-01,6.325528e-01,6.327925e-01,6.328761e-01,6.331174e-01,6.333744e-01,6.335962e-01,6.338138e-01,6.339899e-01,6.342123e-01,6.344564e-01,6.345037e-01,6.343067e-01,6.343309e-01,6.344597e-01,6.344840e-01,6.344836e-01,6.345079e-01,6.346014e-01,6.346935e-01,6.348564e-01,6.350301e-01,6.351687e-01,6.352394e-01,6.355031e-01,6.358754e-01,6.361892e-01,6.365161e-01,6.368214e-01,6.371724e-01,6.375690e-01,6.378913e-01,6.382796e-01,6.386245e-01,6.389387e-01,6.393190e-01,6.396246e-01,6.399617e-01,6.403228e-01,6.407448e-01,6.411070e-01,6.415266e-01,6.419395e-01,6.423605e-01,6.427583e-01,6.432165e-01,6.436493e-01,6.441068e-01,6.445225e-01,6.450056e-01,6.454995e-01,6.459628e-01,6.464133e-01,6.469242e-01,6.474006e-01,6.478676e-01,6.483114e-01,6.488118e-01,6.492817e-01,6.497451e-01,6.502627e-01,6.507353e-01,6.511984e-01,6.516624e-01,6.521550e-01,6.525959e-01,6.530623e-01,6.535295e-01,6.540224e-01,6.544591e-01,6.549570e-01,6.554631e-01,6.559126e-01,6.564205e-01,6.568716e-01,6.573561e-01,6.577941e-01,6.583163e-01,6.587560e-01,6.592002e-01,6.596413e-01,6.601342e-01,6.606025e-01,6.610715e-01,6.615306e-01,6.620013e-01,6.624619e-01,6.628975e-01,6.633338e-01,6.637267e-01,6.641792e-01,6.646208e-01,6.650488e-01,6.653767e-01,6.657049e-01,6.660824e-01,6.664636e-01,6.668454e-01,6.672276e-01,6.675842e-01,6.679674e-01,6.683249e-01,6.686828e-01,6.689918e-01,6.693619e-01,6.696946e-01,6.699897e-01,6.703082e-01,6.706039e-01,6.709265e-01,6.712726e-01,6.715757e-01,6.718844e-01,6.721667e-01,6.724826e-01,6.727606e-01,6.730723e-01,6.733259e-01,6.736064e-01,6.738673e-01,6.741166e-01,6.743680e-01,6.746292e-01,6.748911e-01,6.751332e-01,6.753636e-01,6.755692e-01,6.757899e-01,6.759839e-01,6.761949e-01,6.764062e-01,6.765627e-01,6.767301e-01,6.768874e-01,6.770277e-01,6.771801e-01,6.773154e-01,6.774279e-01,6.774988e-01,6.775969e-01,6.777121e-01,6.778151e-01,6.779253e-01,6.779701e-01,6.780157e-01,6.780614e-01,6.780968e-01,6.781594e-01,6.781898e-01,6.782364e-01,6.782571e-01,6.782737e-01,6.782586e-01,6.782389e-01,6.782364e-01,6.782619e-01,6.782562e-01,6.782187e-01,6.781494e-01,6.780755e-01,6.779641e-01,6.779354e-01,6.779021e-01,6.778664e-01,6.777765e-01,6.776867e-01,6.776453e-01,6.776098e-01,6.775471e-01,6.774575e-01,6.773408e-01,6.772725e-01,6.772371e-01,6.771746e-01,6.770581e-01,6.769565e-01,6.769482e-01,6.769883e-01,6.769800e-01,6.768637e-01,6.767475e-01,6.766705e-01,6.765814e-01,6.764720e-01,6.763144e-01,6.761569e-01,6.760534e-01,6.759769e-01,6.757928e-01,6.754691e-01,6.751246e-01,6.748610e-01,6.745976e-01,6.742277e-01,6.736063e-01,6.729187e-01,6.723006e-01,6.717368e-01,6.711957e-01,6.706345e-01,6.699313e-01,6.689802e-01,6.677342e-01,6.665203e-01,6.656477e-01,6.648812e-01,6.639117e-01,6.625843e-01,6.612173e-01,6.602620e-01,6.595876e-01,6.589905e-01,6.582946e-01,6.574755e-01,6.567340e-01,6.560023e-01,6.552653e-01,6.547888e-01,6.545603e-01,6.543320e-01,6.541150e-01,6.538982e-01,6.536817e-01,6.534764e-01,6.532713e-01,6.533122e-01,6.531073e-01,6.531450e-01,6.531970e-01,6.532380e-01,6.530334e-01,6.530744e-01,6.531044e-01,6.531345e-01,6.529190e-01,6.526927e-01,6.527117e-01,6.527307e-01,6.527386e-01,6.527576e-01,6.527766e-01,6.525395e-01,6.525585e-01,6.525776e-01,6.525935e-01,6.523677e-01,6.523868e-01,6.521612e-01,6.521803e-01,6.522105e-01,6.522185e-01,6.519932e-01,6.520123e-01,6.520203e-01,6.520394e-01,6.518033e-01,6.518113e-01,6.518193e-01,6.518274e-01,6.518243e-01,6.518324e-01,6.518404e-01,6.520925e-01,6.521005e-01,6.521085e-01,6.521165e-01,6.521246e-01,6.521326e-01,6.519684e-01,6.522205e-01,6.522285e-01,6.522365e-01,6.522445e-01,6.523244e-01,6.523213e-01,6.525736e-01,6.525816e-01,6.524172e-01,6.524140e-01,6.526775e-01,6.527575e-01,6.527623e-01,6.528535e-01,6.528727e-01,6.528919e-01,6.527498e-01,6.527803e-01,6.528827e-01,6.529132e-01,6.527713e-01,6.528131e-01,6.529156e-01,6.527850e-01,6.530714e-01,6.529294e-01,6.529714e-01,6.530709e-01,6.531016e-01,6.532043e-01,6.530625e-01,6.530932e-01,6.529402e-01,6.529597e-01,6.530511e-01,6.528868e-01,6.531393e-01,6.529750e-01,6.530551e-01,6.530519e-01,6.528876e-01,6.529677e-01,6.529758e-01,6.528117e-01,6.528885e-01,6.529080e-01,6.529994e-01,6.528466e-01,6.528662e-01,6.527135e-01,6.527331e-01,6.525806e-01,6.524396e-01,6.527028e-01,6.525504e-01,6.524095e-01,6.526727e-01,6.525204e-01,6.525400e-01,6.523878e-01,6.522357e-01,6.522553e-01,6.520888e-01,6.521085e-01,6.519452e-01,6.517221e-01,6.515592e-01,6.513250e-01,6.511624e-01,6.509287e-01,6.507551e-01,6.507634e-01,6.503598e-01,6.503681e-01,6.501353e-01,6.497329e-01,6.494978e-01,6.492659e-01,6.491049e-01,6.488734e-01,6.486421e-01,6.484816e-01,6.482508e-01,6.480202e-01,6.477898e-01,6.473916e-01,6.471619e-01,6.469324e-01,6.467032e-01,6.462370e-01,6.460085e-01,6.455437e-01,6.453160e-01,6.452549e-01,6.444593e-01,6.443986e-01,6.441028e-01,6.438073e-01,6.432780e-01,6.428186e-01,6.422915e-01,6.418340e-01,6.413775e-01,6.410855e-01,6.403989e-01,6.399451e-01,6.392617e-01,6.387425e-01,6.380625e-01,6.373845e-01,6.367084e-01,6.360342e-01,6.353603e-01,6.343046e-01,6.335710e-01,6.325231e-01,6.318606e-01,6.312000e-01,6.304758e-01,6.297538e-01,6.285019e-01,6.274112e-01,6.263254e-01,6.256158e-01,6.247551e-01,6.239613e-01,6.228812e-01,6.214502e-01,6.200277e-01,6.189125e-01,6.175669e-01,6.165867e-01,6.156105e-01,6.150031e-01,6.140428e-01,6.130864e-01,6.120732e-01,6.107147e-01,6.091602e-01,6.074732e-01,6.059397e-01,6.045336e-01,6.036733e-01,6.022806e-01,6.013706e-01,6.001209e-01,5.990729e-01,5.978355e-01,5.969341e-01,5.957079e-01,5.948148e-01,5.936782e-01,5.932651e-01,5.929952e-01,5.924580e-01,5.912471e-01,5.897999e-01,5.886878e-01,5.875730e-01,5.861486e-01,5.849920e-01,5.834682e-01,5.817600e-01,5.797503e-01,5.772798e-01,5.744821e-01,5.720578e-01,5.689227e-01,5.653242e-01,5.622316e-01,5.585932e-01,5.550318e-01,5.509520e-01,5.480998e-01,5.432721e-01,5.381882e-01,5.324753e-01,5.276607e-01,5.209111e-01,5.141856e-01,5.076893e-01,5.003815e-01,4.951468e-01,4.878761e-01,4.810214e-01,4.743116e-01,4.668387e-01,4.594958e-01,4.546095e-01,4.487378e-01,4.411796e-01,4.348061e-01,4.285210e-01,4.234013e-01,4.174886e-01,4.117130e-01,4.062203e-01,4.016369e-01,3.977934e-01,3.932719e-01,3.888652e-01,3.852940e-01,3.810018e-01,3.774550e-01,3.739813e-01,3.706239e-01,3.679443e-01,3.653090e-01,3.625977e-01,3.599640e-01,3.573737e-01,3.553504e-01,3.534313e-01,3.514645e-01,3.494753e-01,3.475501e-01,3.461826e-01,3.443045e-01,3.424408e-01,3.411168e-01,3.398038e-01,3.390565e-01,3.377978e-01,3.365480e-01,3.358516e-01,3.346537e-01,3.339583e-01,3.333357e-01,3.326538e-01,3.320019e-01,3.313872e-01,3.307482e-01,3.301044e-01,3.294961e-01,3.293702e-01,3.287723e-01,3.287145e-01,3.286567e-01,3.286064e-01,3.280714e-01,3.279803e-01,3.279638e-01,3.279064e-01,3.283927e-01,3.283425e-01,3.283197e-01,3.282370e-01,3.286917e-01,3.286087e-01,3.290984e-01,3.295556e-01,3.300897e-01,3.300677e-01,3.305011e-01,3.314485e-01,3.319557e-01,3.324559e-01,3.334228e-01,3.343881e-01,3.354021e-01,3.368830e-01,3.379132e-01,3.389773e-01,3.404635e-01,3.414717e-01,3.430184e-01,3.445713e-01,3.456135e-01,3.477306e-01,3.488318e-01,3.504421e-01,3.520748e-01,3.532375e-01,3.554652e-01,3.565394e-01,3.581468e-01,3.598189e-01,3.615417e-01,3.626978e-01,3.644087e-01,3.661452e-01,3.673764e-01,3.697956e-01,3.710100e-01,3.728526e-01,3.747682e-01,3.765713e-01,3.779184e-01,3.797994e-01,3.818802e-01,3.838524e-01,3.852181e-01,3.872188e-01,3.893015e-01,3.906592e-01,3.928251e-01,3.943608e-01,3.966295e-01,3.980879e-01,3.996180e-01,4.018924e-01,4.034024e-01,4.049250e-01,4.073243e-01,4.088803e-01,4.105045e-01,4.121354e-01,4.137329e-01,4.161384e-01,4.170759e-01,4.195912e-01,4.213634e-01,4.222101e-01,4.238891e-01,4.265586e-01,4.275466e-01,4.293351e-01,4.311455e-01,4.329686e-01,4.348170e-01,4.357884e-01,4.376566e-01,4.394896e-01,4.404159e-01,4.423406e-01,4.433567e-01,4.451744e-01,4.471503e-01,4.481206e-01,4.501947e-01,4.511842e-01,4.530080e-01,4.540116e-01,4.560790e-01,4.570875e-01,4.581083e-01,4.601438e-01,4.612412e-01,4.622795e-01,4.642812e-01,4.653977e-01,4.664573e-01,4.675186e-01,4.697119e-01,4.707901e-01,4.718738e-01,4.730327e-01,4.741282e-01,4.752295e-01,4.764848e-01,4.775661e-01,4.782749e-01,4.792803e-01,4.802182e-01,4.811868e-01,4.821043e-01,4.831681e-01,4.839739e-01,4.851659e-01,4.859858e-01,4.869993e-01,4.877489e-01,4.886950e-01,4.896437e-01,4.906029e-01,4.914483e-01,4.924931e-01,4.934697e-01,4.941227e-01,4.953008e-01,4.958742e-01,4.968200e-01,4.976901e-01,4.984368e-01,4.993530e-01,5.002644e-01,5.013125e-01,5.019733e-01,5.029051e-01,5.037470e-01,5.045041e-01,5.050173e-01,5.058621e-01,5.065048e-01,5.075773e-01,5.084373e-01,5.093532e-01,5.104450e-01,5.112833e-01,5.118066e-01,5.126115e-01,5.132299e-01,5.139475e-01,5.147115e-01,5.154731e-01,5.160655e-01,5.168911e-01,5.175270e-01,5.183030e-01,5.189477e-01,5.195555e-01,5.198949e-01,5.206742e-01,5.209595e-01,5.215717e-01,5.220849e-01,5.228362e-01,5.233568e-01,5.239706e-01,5.243565e-01,5.248805e-01,5.252633e-01,5.259273e-01,5.261735e-01,5.267422e-01,5.273694e-01,5.278955e-01,5.285669e-01,5.289558e-01,5.292919e-01,5.298266e-01,5.300768e-01,5.305138e-01,5.307647e-01,5.312029e-01,5.312133e-01,5.317585e-01,5.321148e-01,5.326516e-01,5.328083e-01,5.332041e-01,5.334617e-01,5.338585e-01,5.338077e-01,5.342996e-01,5.345519e-01,5.349862e-01,5.351800e-01,5.356154e-01,5.357671e-01,5.361443e-01,5.360501e-01,5.365890e-01,5.365371e-01,5.365342e-01,5.365805e-01,5.367816e-01,5.363840e-01,5.364830e-01,5.362471e-01,5.363526e-01,5.358542e-01,5.357075e-01,5.355148e-01,5.354106e-01,5.350748e-01,5.348275e-01,5.345283e-01,5.344247e-01,5.339311e-01,5.338279e-01,5.333358e-01,5.330972e-01,5.331074e-01,5.342753e-01,5.337823e-01,5.336437e-01,5.332653e-01,5.328850e-01,5.324018e-01,5.321228e-01,5.317409e-01,5.314049e-01,5.309251e-01,5.305492e-01,5.298264e-01,5.294898e-01,5.291102e-01,5.285313e-01,5.280557e-01,5.276180e-01,5.268584e-01,5.265649e-01,5.259464e-01,5.255673e-01,5.251850e-01,5.248435e-01,5.241381e-01,5.237584e-01,5.231084e-01,5.226393e-01,5.221672e-01,5.214273e-01,5.208281e-01,5.203208e-01,5.195481e-01,5.190873e-01,5.186388e-01,5.181368e-01,5.176015e-01,5.171021e-01,5.163800e-01,5.160726e-01,5.155000e-01,5.148754e-01,5.142527e-01,5.138514e-01,5.132318e-01,5.129249e-01,5.123989e-01,5.120977e-01,5.114080e-01,5.110137e-01,5.103332e-01,5.099136e-01,5.094904e-01,5.090308e-01,5.085722e-01,5.082408e-01,5.076628e-01,5.075527e-01,5.072376e-01,5.069544e-01,5.065888e-01,5.066080e-01,5.063817e-01,5.063127e-01,5.058327e-01,5.057273e-01,5.058344e-01,5.054433e-01,5.052138e-01,5.049336e-01,5.045807e-01,5.042339e-01,5.039234e-01,5.036503e-01,5.030953e-01,5.024967e-01,5.020169e-01,5.015524e-01,5.008313e-01,5.003553e-01,4.998448e-01,4.991297e-01,4.982916e-01,4.976612e-01,4.973069e-01,4.966445e-01,4.959004e-01,4.951589e-01,4.945382e-01,4.941150e-01,4.933456e-01,4.928955e-01,4.924758e-01,4.921442e-01,4.915327e-01,4.910867e-01,4.907575e-01,4.905105e-01,4.901822e-01,4.898256e-01,4.895797e-01,4.896505e-01,4.898315e-01,4.893944e-01,4.893027e-01,4.891774e-01,4.889710e-01,4.891614e-01,4.891509e-01,4.889785e-01,4.888871e-01,4.887436e-01,4.886523e-01,4.883188e-01,4.881001e-01,4.876871e-01,4.873887e-01,4.871376e-01,4.871608e-01,4.871038e-01,4.869615e-01,4.871319e-01,4.870616e-01,4.871182e-01,4.870612e-01,4.871563e-01,4.871611e-01,4.873316e-01,4.876915e-01,4.877819e-01,4.879059e-01,4.882667e-01,4.883860e-01,4.887005e-01,4.887913e-01,4.890726e-01,4.891535e-01,4.892345e-01,4.891584e-01,4.891296e-01,4.890958e-01,4.890282e-01,4.889086e-01,4.889894e-01,4.890365e-01,4.893130e-01,4.890834e-01,4.891256e-01,4.890580e-01,4.890242e-01,4.892668e-01,4.891519e-01,4.891181e-01,4.892038e-01,4.890892e-01,4.892170e-01,4.891881e-01,4.890496e-01,4.886304e-01,4.885728e-01,4.883627e-01,4.881443e-01,4.874089e-01,4.871297e-01,4.867375e-01,4.862282e-01,4.858841e-01,4.855407e-01,4.848196e-01,4.842490e-01,4.836522e-01,4.826650e-01,4.817280e-01,4.804881e-01,4.789829e-01,4.781347e-01,4.772086e-01,4.762159e-01,4.741558e-01,4.720422e-01,4.710651e-01,4.691258e-01,4.661068e-01,4.640666e-01,4.621899e-01,4.593395e-01,4.564554e-01,4.536186e-01,4.507518e-01,4.479869e-01,4.433704e-01,4.406508e-01,4.343929e-01,4.299609e-01,4.249863e-01,4.209457e-01,4.153516e-01,4.109062e-01,4.050258e-01,3.996865e-01,3.914722e-01,3.848565e-01,3.784849e-01,3.711042e-01,3.645808e-01,3.565712e-01,3.493529e-01,3.379029e-01,3.295157e-01,3.211661e-01,3.132417e-01,3.037574e-01,2.958999e-01,2.835359e-01,2.747566e-01,2.664648e-01,2.583637e-01,2.498363e-01,2.393933e-01,2.313188e-01,2.241846e-01,2.172647e-01,2.103158e-01,2.019398e-01,1.958720e-01,1.904433e-01,1.854357e-01,1.810966e-01,1.746711e-01,1.708924e-01,1.673770e-01,1.637028e-01,1.599468e-01,1.563308e-01,1.539640e-01,1.516589e-01,1.494128e-01,1.472164e-01,1.450821e-01,1.439748e-01,1.419274e-01,1.408744e-01,1.388951e-01,1.378998e-01,1.369100e-01,1.359458e-01,1.349986e-01,1.340688e-01,1.331505e-01,1.331129e-01,1.321866e-01,1.321443e-01,1.312532e-01,1.311985e-01,1.311687e-01,1.311440e-01,1.302640e-01,1.302394e-01,1.302099e-01,1.301912e-01,1.310268e-01,1.310208e-01,1.310078e-01,1.309828e-01,1.318211e-01,1.318210e-01,1.326869e-01,1.326859e-01,1.335440e-01,1.344233e-01,1.344288e-01,1.353192e-01,1.362188e-01,1.371287e-01,1.380631e-01,1.380629e-01,1.390011e-01,1.399709e-01,1.409247e-01,1.419040e-01,1.428738e-01,1.438760e-01,1.448910e-01,1.459107e-01,1.469429e-01,1.479881e-01,1.490459e-01,1.501168e-01,1.512014e-01,1.522997e-01,1.533962e-01,1.545145e-01,1.567775e-01,1.567863e-01,1.591247e-01,1.603258e-01,1.603520e-01,1.624076e-01,1.636262e-01,1.651316e-01,1.661762e-01,1.679744e-01,1.690228e-01,1.699598e-01,1.717247e-01,1.729434e-01,1.744746e-01,1.756070e-01,1.774680e-01,1.784802e-01,1.802270e-01,1.814486e-01,1.825231e-01,1.843428e-01,1.855812e-01,1.873205e-01,1.884249e-01,1.901786e-01,1.913123e-01,1.929599e-01,1.942945e-01,1.957811e-01,1.969659e-01,1.986895e-01,1.999068e-01,2.014861e-01,2.027091e-01,2.043557e-01,2.054636e-01,2.071235e-01,2.083974e-01,2.093252e-01,2.110457e-01,2.127926e-01,2.139448e-01,2.155008e-01,2.166806e-01,2.182616e-01,2.192434e-01,2.208901e-01,2.218637e-01,2.232952e-01,2.243040e-01,2.260070e-01,2.270233e-01,2.284722e-01,2.294608e-01,2.310054e-01,2.317794e-01,2.330995e-01,2.341266e-01,2.354040e-01,2.369394e-01,2.375785e-01,2.388922e-01,2.397181e-01,2.411292e-01,2.415358e-01,2.428920e-01,2.440798e-01,2.449405e-01,2.458845e-01,2.465708e-01,2.479821e-01,2.484114e-01,2.496520e-01,2.506314e-01,2.513437e-01,2.523361e-01,2.527801e-01,2.539810e-01,2.552763e-01,2.557298e-01,2.567562e-01,2.572155e-01,2.579647e-01,2.590087e-01,2.594759e-01,2.605319e-01,2.612131e-01,2.619859e-01,2.627633e-01,2.632481e-01,2.640336e-01,2.653422e-01,2.655270e-01,2.668509e-01,2.670378e-01,2.683752e-01,2.694119e-01,2.698239e-01,2.708710e-01,2.719253e-01,2.726655e-01,2.736413e-01,2.747171e-01,2.754725e-01,2.762312e-01,2.775624e-01,2.779985e-01,2.790102e-01,2.801293e-01,2.808197e-01,2.816097e-01,2.829958e-01,2.834509e-01,2.845036e-01,2.853163e-01,2.860284e-01,2.871045e-01,2.879312e-01,2.884024e-01,2.894914e-01,2.903311e-01,2.910718e-01,2.915523e-01,2.926654e-01,2.935237e-01,2.942757e-01,2.947670e-01,2.959092e-01,2.964060e-01,2.971740e-01,2.980592e-01,2.988359e-01,2.993469e-01,3.001314e-01,3.010346e-01,3.018271e-01,3.023431e-01,3.031425e-01,3.040674e-01,3.044740e-01,3.056883e-01,3.062177e-01,3.070370e-01,3.074505e-01,3.082810e-01,3.088184e-01,3.096519e-01,3.104901e-01,3.106176e-01,3.114655e-01,3.123137e-01,3.127417e-01,3.132963e-01,3.137271e-01,3.145879e-01,3.150268e-01,3.158949e-01,3.167680e-01,3.176460e-01,3.177794e-01,3.186632e-01,3.191150e-01,3.200064e-01,3.204562e-01,3.209074e-01,3.214965e-01,3.219493e-01,3.224047e-01,3.233151e-01,3.237731e-01,3.242370e-01,3.243747e-01,3.252965e-01,3.257589e-01,3.262286e-01,3.263680e-01,3.268349e-01,3.273017e-01,3.274451e-01,3.279151e-01,3.283851e-01,3.288564e-01,3.293292e-01,3.298033e-01,3.299487e-01,3.299488e-01,3.304248e-01,3.309021e-01,3.313808e-01,3.318654e-01,3.323454e-01,3.328284e-01,3.328284e-01,3.333113e-01,3.337956e-01,3.342843e-01,3.342826e-01,3.347683e-01,3.352538e-01,3.352550e-01,3.357404e-01,3.362272e-01,3.362223e-01,3.370593e-01,3.370572e-01,3.375478e-01,3.375413e-01,3.383849e-01,3.383842e-01,3.388787e-01,3.392269e-01,3.397239e-01,3.397202e-01,3.405793e-01,3.405740e-01,3.409257e-01,3.414276e-01,3.422938e-01,3.426474e-01,3.431529e-01,3.435083e-01,3.435010e-01,3.443719e-01,3.443688e-01,3.452457e-01,3.456055e-01,3.455979e-01,3.464830e-01,3.464770e-01,3.468469e-01,3.472117e-01,3.472091e-01,3.475780e-01,3.479476e-01,3.479491e-01,3.483230e-01,3.483220e-01,3.492282e-01,3.492330e-01,3.496114e-01,3.499907e-01,3.499949e-01,3.503767e-01,3.503850e-01,3.507695e-01,3.507754e-01,3.511607e-01,3.511707e-01,3.515570e-01,3.515646e-01,3.519536e-01,3.519653e-01,3.519730e-01,3.523629e-01,3.518291e-01,3.518409e-01,3.518503e-01,3.522398e-01,3.522475e-01,3.522592e-01,3.522687e-01,3.522763e-01,3.519020e-01,3.513737e-01,3.513813e-01,3.510090e-01,3.506357e-01,3.497305e-01,3.497420e-01,3.493716e-01,3.486275e-01,3.477332e-01,3.473673e-01,3.466361e-01,3.457508e-01,3.450212e-01,3.446612e-01,3.434220e-01,3.427027e-01,3.414821e-01,3.407713e-01,3.392077e-01,3.385068e-01,3.369632e-01,3.362720e-01,3.350950e-01,3.340708e-01,3.329135e-01,3.314256e-01,3.307593e-01,3.292912e-01,3.281658e-01,3.271851e-01,3.260745e-01,3.246490e-01,3.240140e-01,3.226070e-01,3.219767e-01,3.209022e-01,3.195213e-01,3.184622e-01,3.174102e-01,3.163654e-01,3.157619e-01,3.147267e-01,3.136998e-01,3.123815e-01,3.113701e-01,3.110777e-01,3.100749e-01,3.093704e-01,3.079679e-01,3.072775e-01,3.062993e-01,3.060164e-01,3.053305e-01,3.046465e-01,3.039667e-01,3.030085e-01,3.023360e-01,3.016655e-01,3.007218e-01,2.997841e-01,2.987386e-01,2.980868e-01,2.967832e-01,2.958700e-01,2.952278e-01,2.945885e-01,2.933163e-01,2.926852e-01,2.920568e-01,2.914311e-01,2.904430e-01,2.895682e-01,2.885925e-01,2.879815e-01,2.873729e-01,2.867670e-01,2.858099e-01,2.852130e-01,2.842671e-01,2.839197e-01,2.829813e-01,2.826370e-01,2.819493e-01,2.818487e-01,2.811647e-01,2.808247e-01,2.803844e-01,2.802848e-01,2.792696e-01,2.794089e-01,2.787356e-01,2.783017e-01,2.779674e-01,2.777712e-01,2.774373e-01,2.767701e-01,2.760121e-01,2.756823e-01,2.752568e-01,2.746020e-01,2.739502e-01,2.738541e-01,2.726537e-01,2.720101e-01,2.716895e-01,2.710512e-01,2.701896e-01,2.695581e-01,2.690217e-01,2.677698e-01,2.672403e-01,2.666221e-01,2.660075e-01,2.651775e-01,2.639635e-01,2.636619e-01,2.628468e-01,2.622496e-01,2.616550e-01,2.610630e-01,2.601775e-01,2.597986e-01,2.592153e-01,2.588390e-01,2.582598e-01,2.573101e-01,2.572254e-01,2.565681e-01,2.559986e-01,2.554315e-01,2.550662e-01,2.541395e-01,2.537777e-01,2.536143e-01,2.530571e-01,2.526982e-01,2.515112e-01,2.511571e-01,2.508033e-01,2.504505e-01,2.495545e-01,2.490140e-01,2.484757e-01,2.476711e-01,2.473264e-01,2.464495e-01,2.459216e-01,2.451324e-01,2.447937e-01,2.436750e-01,2.435985e-01,2.428233e-01,2.420516e-01,2.417208e-01,2.406283e-01,2.401228e-01,2.393681e-01,2.390431e-01,2.377987e-01,2.373043e-01,2.367393e-01,2.362489e-01,2.350300e-01,2.345456e-01,2.338232e-01,2.333426e-01,2.321522e-01,2.312761e-01,2.305710e-01,2.302675e-01,2.291042e-01,2.286416e-01,2.279502e-01,2.274914e-01,2.263528e-01,4.543240e-03,4.543240e-03,4.543240e-03,4.543240e-03,4.543240e-03,4.543240e-03,4.543240e-03,4.543240e-03,4.543240e-03,4.543240e-03,4.543240e-03,4.543240e-03,4.543240e-03,4.543240e-03,4.543240e-03,4.543240e-03,4.543240e-03,4.543240e-03,4.543240e-03,4.543240e-03,4.543240e-03,4.543240e-03,4.543240e-03,4.543240e-03,4.543240e-03,4.543240e-03,4.543240e-03,4.543240e-03,4.543240e-03,4.543240e-03,4.543240e-03,4.543240e-03,4.543240e-03,4.543240e-03,4.543240e-03,4.543240e-03,4.543240e-03,4.543240e-03,4.543240e-03,4.543240e-03,4.543240e-03,4.543240e-03,4.543240e-03,4.543240e-03,4.543240e-03,4.543240e-03,4.543240e-03,4.543240e-03,4.543240e-03,4.543240e-03,4.543240e-03,4.543240e-03,4.543240e-03,4.543240e-03,4.543240e-03,4.543240e-03,4.543240e-03,4.543240e-03,4.543240e-03,4.543240e-03,4.543240e-03,4.543240e-03,4.543240e-03,4.543240e-03,4.543240e-03,4.543240e-03,4.543240e-03,4.543240e-03,4.543240e-03,4.543240e-03,4.543240e-03,4.543240e-03,4.543240e-03,4.543240e-03,4.543240e-03,4.543240e-03,4.543240e-03,4.543240e-03,4.543240e-03,4.543240e-03,4.543240e-03,4.543240e-03,4.543240e-03,4.543240e-03,4.543240e-03,4.543240e-03,4.543240e-03,4.543240e-03,4.543240e-03,4.543240e-03,4.543240e-03,4.543240e-03,4.543240e-03,4.543240e-03,4.543240e-03,4.543240e-03,4.543240e-03,4.543240e-03,4.543240e-03,4.543240e-03,4.543240e-03,4.543240e-03,4.543240e-03,4.543240e-03,4.543240e-03,4.543240e-03,4.543240e-03,4.543240e-03,4.543240e-03,4.543240e-03,4.543240e-03,4.543240e-03,4.543240e-03,4.543240e-03,4.543240e-03,4.543240e-03,4.543240e-03,4.543240e-03,4.543240e-03,4.543240e-03,4.543240e-03,4.543240e-03,4.543240e-03,4.543240e-03,4.543240e-03,4.543240e-03,4.543240e-03,4.543240e-03,4.543240e-03,4.543240e-03,4.543240e-03,4.543240e-03,4.543240e-03,4.543240e-03,4.543240e-03,4.543240e-03,4.543240e-03,4.543240e-03,4.543240e-03,4.543240e-03,4.543240e-03,4.543240e-03,4.543240e-03,4.543240e-03,4.543240e-03,4.543240e-03,4.543240e-03,4.543240e-03,4.543240e-03,4.543240e-03,4.543240e-03,4.543240e-03,4.543240e-03,4.543240e-03,4.543240e-03,4.543240e-03,4.543240e-03,4.543240e-03,4.543240e-03,4.543240e-03,4.543240e-03
2.793941e-02,2.790367e-02,2.786955e-02,2.783651e-02,2.780643e-02,2.780023e-02,2.781019e-02,2.780957e-02,2.782482e-02,2.783780e-02,2.785393e-02,2.786045e-02,2.788774e-02,2.791655e-02,2.794126e-02,2.797299e-02,2.800471e-02,2.803510e-02,2.807000e-02,2.811412e-02,2.814349e-02,2.816853e-02,2.820855e-02,2.823725e-02,2.828723e-02,2.833387e-02,2.838356e-02,2.843304e-02,2.848159e-02,2.854645e-02,2.860844e-02,2.866421e-02,2.874130e-02,2.881693e-02,2.889913e-02,2.898176e-02,2.905925e-02,2.914389e-02,2.924284e-02,2.932350e-02,2.941158e-02,2.950841e-02,2.960525e-02,2.968831e-02,2.978792e-02,2.988075e-02,2.997415e-02,3.004849e-02,3.015237e-02,3.024863e-02,3.034876e-02,3.046105e-02,3.056538e-02,3.067144e-02,3.077800e-02,3.088553e-02,3.099822e-02,3.111031e-02,3.120388e-02,3.131617e-02,3.142175e-02,3.152837e-02,3.163311e-02,3.173089e-02,3.183836e-02,3.194286e-02,3.204741e-02,3.215068e-02,3.224518e-02,3.234070e-02,3.243199e-02,3.251064e-02,3.257304e-02,3.264655e-02,3.269642e-02,3.276272e-02,3.282735e-02,3.289993e-02,3.296669e-02,3.305321e-02,3.314481e-02,3.326219e-02,3.339432e-02,3.353510e-02,3.370383e-02,3.390842e-02,3.411498e-02,3.433402e-02,3.459657e-02,3.487758e-02,3.516698e-02,3.547001e-02,3.581403e-02,3.616230e-02,3.653504e-02,3.692933e-02,3.735484e-02,3.780596e-02,3.827211e-02,3.878816e-02,3.933660e-02,3.991985e-02,4.053920e-02,4.118372e-02,4.188919e-02,4.263555e-02,4.342867e-02,4.429296e-02,4.523079e-02,4.622053e-02,4.725623e-02,4.835460e-02,4.950192e-02,5.078852e-02,5.215878e-02,5.355479e-02,5.504609e-02,5.660799e-02,5.825243e-02,5.998205e-02,6.179719e-02,6.363990e-02,6.556360e-02,6.751308e-02,6.951665e-02,7.152743e-02,7.359932e-02,7.565487e-02,7.776651e-02,7.979771e-02,8.190211e-02,8.391068e-02,8.597301e-02,8.796711e-02,9.001445e-02,9.199358e-02,9.402385e-02,9.591745e-02,9.789114e-02,9.975515e-02,1.016673e-01,1.035268e-01,1.053194e-01,1.072090e-01,1.090842e-01,1.109591e-01,1.128064e-01,1.147015e-01,1.165091e-01,1.183028e-01,1.199970e-01,1.215633e-01,1.229541e-01,1.243882e-01,1.255040e-01,1.262098e-01,1.263763e-01,1.263504e-01,1.261329e-01,1.256850e-01,1.252121e-01,1.246683e-01,1.240549e-01,1.233506e-01,1.225674e-01,1.216960e-01,1.207532e-01,1.197225e-01,1.186465e-01,1.175120e-01,1.163321e-01,1.151371e-01,1.139476e-01,1.128075e-01,1.116898e-01,1.106016e-01,1.095915e-01,1.086395e-01,1.077545e-01,1.069195e-01,1.061354e-01,1.053914e-01,1.046882e-01,1.040361e-01,1.034364e-01,1.028560e-01,1.023302e-01,1.018372e-01,1.013891e-01,1.009568e-01,1.005982e-01,1.002537e-01,9.996527e-02,9.968798e-02,9.945434e-02,9.925106e-02,9.904407e-02,9.885375e-02,9.867241e-02,9.848242e-02,9.826223e-02,9.801377e-02,9.773437e-02,9.741952e-02,9.704210e-02,9.664150e-02,9.617152e-02,9.563768e-02,9.506950e-02,9.444021e-02,9.381395e-02,9.315752e-02,9.250366e-02,9.181245e-02,9.111674e-02,9.045382e-02,8.980831e-02,8.917417e-02,8.859786e-02,8.808332e-02,8.763844e-02,8.723237e-02,8.689977e-02,8.661661e-02,8.638818e-02,8.620872e-02,8.606996e-02,8.598777e-02,8.592495e-02,8.587964e-02,8.581363e-02,8.573202e-02,8.559619e-02,8.536378e-02,8.507442e-02,8.467822e-02,8.418615e-02,8.355875e-02,8.285015e-02,8.203884e-02,8.118116e-02,8.025261e-02,7.928731e-02,7.828581e-02,7.728495e-02,7.628482e-02,7.533089e-02,7.443279e-02,7.359614e-02,7.287801e-02,7.222758e-02,7.167629e-02,7.114977e-02,7.065143e-02,7.013194e-02,6.956230e-02,6.893294e-02,6.819875e-02,6.738827e-02,6.645223e-02,6.547446e-02,6.439869e-02,6.330057e-02,6.220861e-02,6.114851e-02,6.011958e-02,5.915104e-02,5.831855e-02,5.756674e-02,5.695799e-02,5.640548e-02,5.599671e-02,5.564999e-02,5.540970e-02,5.522419e-02,5.513580e-02,5.509081e-02,5.518099e-02,5.534593e-02,5.572349e-02,5.621521e-02,5.711199e-02,5.818617e-02,5.974444e-02,6.156556e-02,6.392444e-02,6.661743e-02,6.977361e-02,7.333512e-02,7.739122e-02,8.189641e-02,8.682138e-02,9.219771e-02,9.801347e-02,1.042015e-01,1.106513e-01,1.174198e-01,1.244081e-01,1.316018e-01,1.388310e-01,1.461804e-01,1.535256e-01,1.607947e-01,1.679695e-01,1.750432e-01,1.819691e-01,1.887656e-01,1.954211e-01,2.019629e-01,2.084585e-01,2.148543e-01,2.211476e-01,2.273830e-01,2.335505e-01,2.396833e-01,2.457297e-01,2.517677e-01,2.577007e-01,2.635524e-01,2.693098e-01,2.750829e-01,2.806474e-01,2.861242e-01,2.914643e-01,2.967003e-01,3.018040e-01,3.067743e-01,3.115799e-01,3.162446e-01,3.207454e-01,3.250743e-01,3.292538e-01,3.332585e-01,3.371410e-01,3.408466e-01,3.443237e-01,3.476489e-01,3.507843e-01,3.537479e-01,3.565698e-01,3.592074e-01,3.616345e-01,3.639029e-01,3.659890e-01,3.679595e-01,3.697634e-01,3.714580e-01,3.729936e-01,3.743718e-01,3.756791e-01,3.768745e-01,3.780409e-01,3.792130e-01,3.803982e-01,3.815698e-01,3.827543e-01,3.839159e-01,3.850701e-01,3.862336e-01,3.873674e-01,3.885041e-01,3.895937e-01,3.906822e-01,3.917504e-01,3.927788e-01,3.938020e-01,3.947951e-01,3.957584e-01,3.966738e-01,3.975729e-01,3.984336e-01,3.992524e-01,4.000319e-01,4.008124e-01,4.015018e-01,4.021412e-01,4.027245e-01,4.032563e-01,4.037305e-01,4.040973e-01,4.044512e-01,4.046836e-01,4.049877e-01,4.052423e-01,4.054971e-01,4.057580e-01,4.059699e-01,4.062319e-01,4.064692e-01,4.067250e-01,4.069891e-01,4.072291e-01,4.074922e-01,4.077326e-01,4.080248e-01,4.082634e-01,4.085044e-01,4.087678e-01,4.090092e-01,4.092027e-01,4.094503e-01,4.096419e-01,4.098313e-01,4.100291e-01,4.102046e-01,4.103945e-01,4.105844e-01,4.107783e-01,4.109730e-01,4.111423e-01,4.113327e-01,4.115045e-01,4.117225e-01,4.119594e-01,4.121776e-01,4.123960e-01,4.126122e-01,4.128264e-01,4.130429e-01,4.133103e-01,4.135271e-01,4.137350e-01,4.139916e-01,4.141876e-01,4.144490e-01,4.146484e-01,4.148213e-01,4.150299e-01,4.152341e-01,4.153624e-01,4.154944e-01,4.156287e-01,4.157175e-01,4.157895e-01,4.158842e-01,4.160004e-01,4.160861e-01,4.161344e-01,4.162361e-01,4.163478e-01,4.164450e-01,4.165468e-01,4.166953e-01,4.167926e-01,4.169434e-01,4.170943e-01,4.172368e-01,4.173901e-01,4.175901e-01,4.177344e-01,4.179393e-01,4.181396e-01,4.183185e-01,4.185191e-01,4.187027e-01,4.189012e-01,4.190951e-01,4.192750e-01,4.194784e-01,4.196532e-01,4.198544e-01,4.200364e-01,4.201839e-01,4.203660e-01,4.204988e-01,4.206185e-01,4.207639e-01,4.208946e-01,4.209783e-01,4.211160e-01,4.212146e-01,4.212804e-01,4.213595e-01,4.214433e-01,4.214660e-01,4.215429e-01,4.216181e-01,4.216903e-01,4.217718e-01,4.218487e-01,4.219595e-01,4.220663e-01,4.221951e-01,4.223601e-01,4.225338e-01,4.226927e-01,4.228736e-01,4.230955e-01,4.232602e-01,4.234689e-01,4.236478e-01,4.238110e-01,4.240153e-01,4.241771e-01,4.243545e-01,4.245117e-01,4.246769e-01,4.248325e-01,4.250119e-01,4.251599e-01,4.252675e-01,4.253712e-01,4.254671e-01,4.255677e-01,4.256761e-01,4.257886e-01,4.258916e-01,4.259806e-01,4.260750e-01,4.261828e-01,4.262906e-01,4.263867e-01,4.265123e-01,4.266513e-01,4.268045e-01,4.269538e-01,4.270858e-01,4.271848e-01,4.273035e-01,4.274951e-01,4.276367e-01,4.277389e-01,4.278479e-01,4.279407e-01,4.280541e-01,4.281579e-01,4.282532e-01,4.283524e-01,4.284241e-01,4.283589e-01,4.283871e-01,4.284304e-01,4.284824e-01,4.285021e-01,4.285276e-01,4.285022e-01,4.284077e-01,4.283389e-01,4.282852e-01,4.283088e-01,4.282130e-01,4.280014e-01,4.279096e-01,4.278329e-01,4.277628e-01,4.276443e-01,4.275276e-01,4.274579e-01,4.274082e-01,4.272016e-01,4.266649e-01,4.264366e-01,4.262718e-01,4.260444e-01,4.257913e-01,4.255651e-01,4.254084e-01,4.252492e-01,4.251622e-01,4.251659e-01,4.250533e-01,4.248752e-01,4.249271e-01,4.250470e-01,4.251887e-01,4.252628e-01,4.253552e-01,4.254522e-01,4.255924e-01,4.256609e-01,4.257516e-01,4.258404e-01,4.258595e-01,4.259007e-01,4.258702e-01,4.259095e-01,4.259717e-01,4.260119e-01,4.260741e-01,4.262318e-01,4.263427e-01,4.265005e-01,4.266354e-01,4.268688e-01,4.270765e-01,4.273073e-01,4.275392e-01,4.277934e-01,4.280976e-01,4.283320e-01,4.286347e-01,4.289129e-01,4.292393e-01,4.294744e-01,4.297280e-01,4.300339e-01,4.303112e-01,4.305416e-01,4.308214e-01,4.310994e-01,4.313274e-01,4.315556e-01,4.318104e-01,4.320155e-01,4.322442e-01,4.324731e-01,4.327257e-01,4.329260e-01,4.331821e-01,4.334857e-01,4.337371e-01,4.340413e-01,4.342932e-01,4.345742e-01,4.348535e-01,4.352094e-01,4.354892e-01,4.357724e-01,4.360527e-01,4.363809e-01,4.366855e-01,4.369904e-01,4.372447e-01,4.375501e-01,4.378049e-01,4.380357e-01,4.382668e-01,4.384994e-01,4.387037e-01,4.389815e-01,4.391620e-01,4.392924e-01,4.394228e-01,4.395552e-01,4.397341e-01,4.399130e-01,4.400921e-01,4.402470e-01,4.404263e-01,4.405813e-01,4.407365e-01,4.408897e-01,4.410965e-01,4.412276e-01,4.414082e-01,4.415666e-01,4.417474e-01,4.419527e-01,4.421357e-01,4.423647e-01,4.425976e-01,4.428061e-01,4.430908e-01,4.432994e-01,4.435842e-01,4.438199e-01,4.440803e-01,4.443680e-01,4.446040e-01,4.448916e-01,4.451483e-01,4.454087e-01,4.456965e-01,4.459323e-01,4.461953e-01,4.464310e-01,4.466421e-01,4.468776e-01,4.471133e-01,4.472679e-01,4.474265e-01,4.475848e-01,4.476906e-01,4.478488e-01,4.479545e-01,4.480040e-01,4.480597e-01,4.481402e-01,4.482452e-01,4.482978e-01,4.484025e-01,4.484538e-01,4.485086e-01,4.485635e-01,4.486179e-01,4.486971e-01,4.487514e-01,4.488266e-01,4.488805e-01,4.489343e-01,4.489631e-01,4.489918e-01,4.490414e-01,4.491193e-01,4.491723e-01,4.492003e-01,4.492034e-01,4.492064e-01,4.491810e-01,4.492331e-01,4.492851e-01,4.493370e-01,4.493396e-01,4.493421e-01,4.493906e-01,4.494426e-01,4.494700e-01,4.494727e-01,4.494508e-01,4.494748e-01,4.495269e-01,4.495544e-01,4.495327e-01,4.494832e-01,4.495601e-01,4.496828e-01,4.497597e-01,4.497382e-01,4.497167e-01,4.497723e-01,4.497755e-01,4.498033e-01,4.497854e-01,4.497676e-01,4.497990e-01,4.498549e-01,4.498128e-01,4.496453e-01,4.494569e-01,4.493422e-01,4.492278e-01,4.490163e-01,4.485346e-01,4.480341e-01,4.475558e-01,4.471273e-01,4.467214e-01,4.462956e-01,4.457001e-01,4.449212e-01,4.438350e-01,4.427793e-01,4.420333e-01,4.413837e-01,4.405516e-01,4.393998e-01,4.382122e-01,4.373960e-01,4.368327e-01,4.363392e-01,4.357573e-01,4.350655e-01,4.344437e-01,4.338733e-01,4.332564e-01,4.329128e-01,4.327907e-01,4.326689e-01,4.325972e-01,4.325256e-01,4.324543e-01,4.324329e-01,4.324118e-01,4.326103e-01,4.325893e-01,4.327872e-01,4.330358e-01,4.332347e-01,4.332137e-01,4.334127e-01,4.335617e-01,4.337109e-01,4.336401e-01,4.335197e-01,4.336189e-01,4.337181e-01,4.337674e-01,4.338666e-01,4.339659e-01,4.337956e-01,4.338949e-01,4.339942e-01,4.340929e-01,4.339728e-01,4.340721e-01,4.339522e-01,4.340516e-01,4.342009e-01,4.342503e-01,4.341306e-01,4.342300e-01,4.342794e-01,4.343789e-01,4.342094e-01,4.342588e-01,4.343083e-01,4.343577e-01,4.343572e-01,4.344066e-01,4.344561e-01,4.347245e-01,4.347740e-01,4.348235e-01,4.348730e-01,4.349225e-01,4.349720e-01,4.349627e-01,4.352314e-01,4.352809e-01,4.353305e-01,4.353800e-01,4.355901e-01,4.355895e-01,4.358587e-01,4.359083e-01,4.358988e-01,4.358982e-01,4.362179e-01,4.364285e-01,4.364775e-01,4.367385e-01,4.368385e-01,4.369385e-01,4.370296e-01,4.371800e-01,4.374919e-01,4.376425e-01,4.377337e-01,4.379349e-01,4.382474e-01,4.383892e-01,4.388122e-01,4.389036e-01,4.391053e-01,4.394181e-01,4.395693e-01,4.398832e-01,4.399748e-01,4.401262e-01,4.401671e-01,4.402679e-01,4.405315e-01,4.405217e-01,4.407946e-01,4.407848e-01,4.409979e-01,4.409972e-01,4.409874e-01,4.412006e-01,4.412507e-01,4.412409e-01,4.414535e-01,4.415546e-01,4.418191e-01,4.418601e-01,4.419613e-01,4.420023e-01,4.421035e-01,4.421446e-01,4.422366e-01,4.425617e-01,4.426028e-01,4.426950e-01,4.430204e-01,4.430615e-01,4.431630e-01,4.432041e-01,4.432453e-01,4.433468e-01,4.433362e-01,4.434377e-01,4.434279e-01,4.433055e-01,4.432957e-01,4.431225e-01,4.431128e-01,4.429399e-01,4.428793e-01,4.429297e-01,4.426972e-01,4.427477e-01,4.425754e-01,4.423437e-01,4.421716e-01,4.420002e-01,4.419911e-01,4.418201e-01,4.416493e-01,4.416403e-01,4.414699e-01,4.412997e-01,4.411298e-01,4.409010e-01,4.407317e-01,4.405626e-01,4.403938e-01,4.400065e-01,4.398384e-01,4.394526e-01,4.392853e-01,4.391767e-01,4.386763e-01,4.385682e-01,4.382441e-01,4.379207e-01,4.373830e-01,4.370038e-01,4.364693e-01,4.360925e-01,4.357167e-01,4.353989e-01,4.348132e-01,4.344407e-01,4.338585e-01,4.333350e-01,4.327570e-01,4.321812e-01,4.316075e-01,4.310360e-01,4.304674e-01,4.296396e-01,4.289259e-01,4.281061e-01,4.275473e-01,4.269905e-01,4.262887e-01,4.255900e-01,4.245882e-01,4.236457e-01,4.227087e-01,4.220256e-01,4.212931e-01,4.207061e-01,4.197385e-01,4.185803e-01,4.174304e-01,4.163905e-01,4.153937e-01,4.146409e-01,4.138918e-01,4.134291e-01,4.127328e-01,4.120398e-01,4.112161e-01,4.101655e-01,4.089413e-01,4.076785e-01,4.064739e-01,4.055376e-01,4.050070e-01,4.040801e-01,4.034273e-01,4.025117e-01,4.017743e-01,4.008686e-01,4.001852e-01,3.992889e-01,3.986126e-01,3.976477e-01,3.969920e-01,3.964285e-01,3.957777e-01,3.948627e-01,3.936685e-01,3.927343e-01,3.917619e-01,3.905909e-01,3.895146e-01,3.880845e-01,3.867406e-01,3.851673e-01,3.832644e-01,3.810755e-01,3.791737e-01,3.765943e-01,3.736210e-01,3.710253e-01,3.678481e-01,3.645716e-01,3.607282e-01,3.578300e-01,3.534806e-01,3.490646e-01,3.443228e-01,3.403934e-01,3.349312e-01,3.296503e-01,3.244469e-01,3.186357e-01,3.145307e-01,3.087880e-01,3.033709e-01,2.981219e-01,2.923346e-01,2.867709e-01,2.830203e-01,2.786019e-01,2.729813e-01,2.682774e-01,2.637324e-01,2.600031e-01,2.557880e-01,2.516988e-01,2.478151e-01,2.445915e-01,2.419171e-01,2.388356e-01,2.358483e-01,2.334238e-01,2.306055e-01,2.283008e-01,2.260522e-01,2.238948e-01,2.221958e-01,2.205545e-01,2.189176e-01,2.173171e-01,2.157717e-01,2.146178e-01,2.135001e-01,2.123833e-01,2.112678e-01,2.102022e-01,2.095011e-01,2.084650e-01,2.074388e-01,2.067641e-01,2.060959e-01,2.057802e-01,2.051547e-01,2.045111e-01,2.042123e-01,2.036104e-01,2.033118e-01,2.030320e-01,2.027406e-01,2.024551e-01,2.021795e-01,2.019011e-01,2.016198e-01,2.013245e-01,2.013427e-01,2.010531e-01,2.010881e-01,2.011231e-01,2.011624e-01,2.008866e-01,2.009133e-01,2.009609e-01,2.009959e-01,2.013585e-01,2.013978e-01,2.014650e-01,2.015198e-01,2.018993e-01,2.019541e-01,2.023435e-01,2.027259e-01,2.031310e-01,2.032225e-01,2.036036e-01,2.043108e-01,2.047375e-01,2.051373e-01,2.058603e-01,2.065845e-01,2.073277e-01,2.083991e-01,2.091572e-01,2.099015e-01,2.109992e-01,2.117401e-01,2.128699e-01,2.139842e-01,2.147546e-01,2.162600e-01,2.170600e-01,2.182274e-01,2.193898e-01,2.202226e-01,2.218278e-01,2.226559e-01,2.238753e-01,2.251270e-01,2.264012e-01,2.272812e-01,2.285732e-01,2.298885e-01,2.308121e-01,2.326036e-01,2.335411e-01,2.349318e-01,2.363605e-01,2.377994e-01,2.388059e-01,2.402653e-01,2.417920e-01,2.433085e-01,2.443634e-01,2.458844e-01,2.474765e-01,2.485325e-01,2.501735e-01,2.513000e-01,2.529775e-01,2.540988e-01,2.552533e-01,2.569451e-01,2.581158e-01,2.592993e-01,2.611024e-01,2.623190e-01,2.635651e-01,2.648186e-01,2.660768e-01,2.679622e-01,2.686628e-01,2.706166e-01,2.719691e-01,2.726595e-01,2.740010e-01,2.760671e-01,2.767872e-01,2.781961e-01,2.795981e-01,2.810415e-01,2.825098e-01,2.832830e-01,2.847718e-01,2.862985e-01,2.871007e-01,2.886761e-01,2.895525e-01,2.911427e-01,2.928012e-01,2.937093e-01,2.954214e-01,2.963210e-01,2.979738e-01,2.988901e-01,3.006481e-01,3.015415e-01,3.024480e-01,3.041970e-01,3.051030e-01,3.059995e-01,3.077388e-01,3.086352e-01,3.095558e-01,3.104483e-01,3.122538e-01,3.131648e-01,3.140821e-01,3.150231e-01,3.159533e-01,3.168899e-01,3.178761e-01,3.187576e-01,3.194052e-01,3.202639e-01,3.211096e-01,3.220237e-01,3.228452e-01,3.238042e-01,3.245309e-01,3.256362e-01,3.263792e-01,3.272456e-01,3.280060e-01,3.288618e-01,3.297521e-01,3.306545e-01,3.314593e-01,3.323925e-01,3.333472e-01,3.340331e-01,3.350869e-01,3.357517e-01,3.366044e-01,3.374398e-01,3.381345e-01,3.388835e-01,3.397727e-01,3.406081e-01,3.412429e-01,3.419762e-01,3.426766e-01,3.433190e-01,3.437788e-01,3.444496e-01,3.450255e-01,3.458844e-01,3.465717e-01,3.472414e-01,3.481200e-01,3.487721e-01,3.492419e-01,3.498137e-01,3.503181e-01,3.508623e-01,3.515335e-01,3.522009e-01,3.526328e-01,3.532562e-01,3.538112e-01,3.544944e-01,3.550599e-01,3.555722e-01,3.558105e-01,3.564952e-01,3.567909e-01,3.572745e-01,3.577202e-01,3.583292e-01,3.587839e-01,3.592667e-01,3.595999e-01,3.600578e-01,3.603861e-01,3.609707e-01,3.611757e-01,3.617292e-01,3.622262e-01,3.626845e-01,3.632767e-01,3.636109e-01,3.640105e-01,3.644795e-01,3.646882e-01,3.651245e-01,3.653338e-01,3.657715e-01,3.658184e-01,3.663328e-01,3.665840e-01,3.670532e-01,3.672356e-01,3.675768e-01,3.677945e-01,3.681366e-01,3.682086e-01,3.685452e-01,3.687226e-01,3.691207e-01,3.693591e-01,3.697587e-01,3.699019e-01,3.703637e-01,3.703398e-01,3.707772e-01,3.708498e-01,3.710609e-01,3.711635e-01,3.714461e-01,3.713509e-01,3.715980e-01,3.714770e-01,3.717659e-01,3.716349e-01,3.717138e-01,3.716899e-01,3.718657e-01,3.717092e-01,3.717524e-01,3.716512e-01,3.718269e-01,3.716962e-01,3.718719e-01,3.717413e-01,3.718262e-01,3.718737e-01,3.724580e-01,3.723270e-01,3.724477e-01,3.724361e-01,3.723886e-01,3.722997e-01,3.722880e-01,3.722350e-01,3.722845e-01,3.721961e-01,3.721491e-01,3.718519e-01,3.718958e-01,3.718075e-01,3.716427e-01,3.715194e-01,3.714864e-01,3.710538e-01,3.711578e-01,3.708569e-01,3.707282e-01,3.705937e-01,3.705546e-01,3.702260e-01,3.700920e-01,3.696987e-01,3.695363e-01,3.693682e-01,3.689422e-01,3.686520e-01,3.683911e-01,3.678743e-01,3.677142e-01,3.673959e-01,3.671373e-01,3.667922e-01,3.665346e-01,3.661170e-01,3.659346e-01,3.654943e-01,3.651135e-01,3.647336e-01,3.644786e-01,3.641004e-01,3.639147e-01,3.635714e-01,3.633925e-01,3.628362e-01,3.626190e-01,3.621062e-01,3.618470e-01,3.615823e-01,3.612287e-01,3.608762e-01,3.606463e-01,3.601802e-01,3.601458e-01,3.597731e-01,3.594494e-01,3.591342e-01,3.589969e-01,3.586258e-01,3.584568e-01,3.578421e-01,3.575869e-01,3.574831e-01,3.569044e-01,3.565326e-01,3.562164e-01,3.557287e-01,3.552826e-01,3.548900e-01,3.546172e-01,3.540274e-01,3.535332e-01,3.531170e-01,3.525648e-01,3.519227e-01,3.515116e-01,3.510187e-01,3.503840e-01,3.496006e-01,3.489637e-01,3.486345e-01,3.479205e-01,3.471804e-01,3.464441e-01,3.458212e-01,3.453010e-01,3.444949e-01,3.439386e-01,3.434250e-01,3.429803e-01,3.423725e-01,3.418245e-01,3.413850e-01,3.409754e-01,3.405385e-01,3.400642e-01,3.396585e-01,3.395296e-01,3.394677e-01,3.389693e-01,3.387852e-01,3.385253e-01,3.382382e-01,3.382526e-01,3.380976e-01,3.378873e-01,3.377052e-01,3.375642e-01,3.373826e-01,3.371185e-01,3.369575e-01,3.366668e-01,3.364791e-01,3.362445e-01,3.361672e-01,3.360625e-01,3.359238e-01,3.360229e-01,3.360399e-01,3.360373e-01,3.359329e-01,3.360422e-01,3.360797e-01,3.361788e-01,3.363697e-01,3.364416e-01,3.365880e-01,3.368101e-01,3.369192e-01,3.371583e-01,3.372303e-01,3.373948e-01,3.374224e-01,3.374192e-01,3.373985e-01,3.373304e-01,3.372246e-01,3.370441e-01,3.369042e-01,3.369009e-01,3.368228e-01,3.369493e-01,3.367140e-01,3.366292e-01,3.364492e-01,3.363439e-01,3.363954e-01,3.362627e-01,3.361575e-01,3.361917e-01,3.360899e-01,3.360394e-01,3.359719e-01,3.358404e-01,3.355158e-01,3.354121e-01,3.351268e-01,3.349693e-01,3.343005e-01,3.340351e-01,3.336706e-01,3.332011e-01,3.327936e-01,3.323876e-01,3.317705e-01,3.311655e-01,3.304993e-01,3.297067e-01,3.288748e-01,3.277884e-01,3.264272e-01,3.256057e-01,3.247574e-01,3.238968e-01,3.220894e-01,3.202819e-01,3.194078e-01,3.176484e-01,3.150190e-01,3.132629e-01,3.115472e-01,3.090225e-01,3.065162e-01,3.040637e-01,3.016019e-01,2.991989e-01,2.953295e-01,2.930268e-01,2.878796e-01,2.842656e-01,2.801881e-01,2.768510e-01,2.723470e-01,2.686435e-01,2.639238e-01,2.594980e-01,2.530581e-01,2.479403e-01,2.430884e-01,2.375367e-01,2.326646e-01,2.268455e-01,2.216816e-01,2.136451e-01,2.078712e-01,2.021321e-01,1.967574e-01,1.904173e-01,1.852487e-01,1.773341e-01,1.717719e-01,1.666150e-01,1.616369e-01,1.565492e-01,1.504325e-01,1.457965e-01,1.417518e-01,1.378800e-01,1.340842e-01,1.296419e-01,1.264239e-01,1.235936e-01,1.210289e-01,1.188030e-01,1.156336e-01,1.137568e-01,1.120218e-01,1.102434e-01,1.084563e-01,1.067536e-01,1.056243e-01,1.045445e-01,1.034975e-01,1.024832e-01,1.015149e-01,1.010133e-01,1.001088e-01,9.964763e-02,9.879901e-02,9.839472e-02,9.797856e-02,9.759039e-02,9.722322e-02,9.686273e-02,9.651071e-02,9.651891e-02,9.616661e-02,9.617686e-02,9.585070e-02,9.585618e-02,9.586839e-02,9.589544e-02,9.555770e-02,9.556788e-02,9.556326e-02,9.557437e-02,9.591639e-02,9.591546e-02,9.591060e-02,9.588698e-02,9.623309e-02,9.621618e-02,9.657035e-02,9.656740e-02,9.692695e-02,9.730791e-02,9.732297e-02,9.772947e-02,9.813881e-02,9.855404e-02,9.899725e-02,9.904561e-02,9.950831e-02,9.996633e-02,1.004408e-01,1.009098e-01,1.013965e-01,1.018763e-01,1.023832e-01,1.028761e-01,1.033765e-01,1.038869e-01,1.044024e-01,1.049084e-01,1.054423e-01,1.059818e-01,1.065271e-01,1.070847e-01,1.081683e-01,1.082200e-01,1.093451e-01,1.099474e-01,1.100026e-01,1.110100e-01,1.116371e-01,1.123944e-01,1.129298e-01,1.138353e-01,1.143877e-01,1.148837e-01,1.157763e-01,1.164363e-01,1.172289e-01,1.178287e-01,1.187695e-01,1.193187e-01,1.202381e-01,1.208864e-01,1.214487e-01,1.223959e-01,1.230725e-01,1.239811e-01,1.245790e-01,1.255136e-01,1.261153e-01,1.270001e-01,1.277089e-01,1.285112e-01,1.291522e-01,1.300796e-01,1.307435e-01,1.316054e-01,1.322679e-01,1.331648e-01,1.337778e-01,1.347188e-01,1.354446e-01,1.359960e-01,1.369799e-01,1.379836e-01,1.386708e-01,1.395898e-01,1.402985e-01,1.412433e-01,1.418532e-01,1.428328e-01,1.434543e-01,1.443331e-01,1.449553e-01,1.459697e-01,1.466077e-01,1.475085e-01,1.481541e-01,1.490955e-01,1.496031e-01,1.505133e-01,1.511951e-01,1.520276e-01,1.530175e-01,1.535437e-01,1.544112e-01,1.549905e-01,1.559916e-01,1.563909e-01,1.573017e-01,1.581839e-01,1.588009e-01,1.595428e-01,1.601297e-01,1.610989e-01,1.615326e-01,1.624783e-01,1.632658e-01,1.638887e-01,1.646939e-01,1.651528e-01,1.660226e-01,1.670380e-01,1.674922e-01,1.683440e-01,1.688292e-01,1.695079e-01,1.703862e-01,1.708864e-01,1.717830e-01,1.723469e-01,1.730840e-01,1.738287e-01,1.743783e-01,1.751586e-01,1.761906e-01,1.765448e-01,1.776190e-01,1.779797e-01,1.790298e-01,1.798968e-01,1.803054e-01,1.811648e-01,1.820119e-01,1.826391e-01,1.833141e-01,1.841878e-01,1.848349e-01,1.854649e-01,1.864308e-01,1.868544e-01,1.876155e-01,1.885665e-01,1.891194e-01,1.898350e-01,1.909297e-01,1.914262e-01,1.922568e-01,1.930484e-01,1.936288e-01,1.944849e-01,1.952737e-01,1.957961e-01,1.966476e-01,1.974332e-01,1.980239e-01,1.985394e-01,1.994203e-01,2.002329e-01,2.008164e-01,2.013496e-01,2.022647e-01,2.028071e-01,2.034338e-01,2.042867e-01,2.049243e-01,2.054876e-01,2.061589e-01,2.070394e-01,2.076976e-01,2.082504e-01,2.089179e-01,2.098060e-01,2.101596e-01,2.111453e-01,2.117210e-01,2.123905e-01,2.127292e-01,2.134107e-01,2.139765e-01,2.146640e-01,2.153570e-01,2.156144e-01,2.163192e-01,2.170256e-01,2.173830e-01,2.180021e-01,2.183636e-01,2.190865e-01,2.194568e-01,2.201888e-01,2.209268e-01,2.216709e-01,2.219473e-01,2.227000e-01,2.231117e-01,2.238740e-01,2.242598e-01,2.246472e-01,2.253231e-01,2.256886e-01,2.260822e-01,2.268697e-01,2.272417e-01,2.276201e-01,2.278884e-01,2.286919e-01,2.290449e-01,2.294312e-01,2.297053e-01,2.300898e-01,2.304490e-01,2.307043e-01,2.310934e-01,2.314572e-01,2.318227e-01,2.321898e-01,2.325586e-01,2.328209e-01,2.327440e-01,2.331157e-01,2.334891e-01,2.338643e-01,2.342461e-01,2.345973e-01,2.349777e-01,2.349002e-01,2.352547e-01,2.356110e-01,2.359463e-01,2.358407e-01,2.361726e-01,2.364784e-01,2.363499e-01,2.366294e-01,2.369104e-01,2.367488e-01,2.371508e-01,2.369660e-01,2.372501e-01,2.370601e-01,2.374662e-01,2.373086e-01,2.375958e-01,2.375543e-01,2.378434e-01,2.377084e-01,2.381260e-01,2.379627e-01,2.379217e-01,2.382143e-01,2.386086e-01,2.385401e-01,2.388084e-01,2.387401e-01,2.385478e-01,2.389140e-01,2.387261e-01,2.391228e-01,2.390550e-01,2.388619e-01,2.392897e-01,2.391245e-01,2.391183e-01,2.390791e-01,2.389705e-01,2.389879e-01,2.390054e-01,2.389013e-01,2.389756e-01,2.388951e-01,2.394408e-01,2.393932e-01,2.394965e-01,2.396000e-01,2.396046e-01,2.397367e-01,2.397459e-01,2.399066e-01,2.399398e-01,2.401007e-01,2.401385e-01,2.402996e-01,2.403613e-01,2.405512e-01,2.406176e-01,2.406794e-01,2.408696e-01,2.404544e-01,2.405208e-01,2.406110e-01,2.408009e-01,2.408627e-01,2.409292e-01,2.410196e-01,2.410814e-01,2.410150e-01,2.406056e-01,2.406674e-01,2.406015e-01,2.405072e-01,2.399693e-01,2.400356e-01,2.399420e-01,2.397223e-01,2.391895e-01,2.390970e-01,2.388841e-01,2.383282e-01,2.380843e-01,2.379931e-01,2.372911e-01,2.370498e-01,2.363589e-01,2.361198e-01,2.353102e-01,2.350737e-01,2.342446e-01,2.340106e-01,2.333361e-01,2.330141e-01,2.323510e-01,2.315995e-01,2.313995e-01,2.306557e-01,2.300322e-01,2.297219e-01,2.291047e-01,2.283795e-01,2.281911e-01,2.274732e-01,2.272826e-01,2.266821e-01,2.259490e-01,2.253301e-01,2.247153e-01,2.241044e-01,2.238984e-01,2.232659e-01,2.226643e-01,2.219618e-01,2.213686e-01,2.212684e-01,2.206796e-01,2.201973e-01,2.192363e-01,2.187917e-01,2.182187e-01,2.181220e-01,2.176530e-01,2.171600e-01,2.166959e-01,2.161095e-01,2.156507e-01,2.151679e-01,2.145909e-01,2.140174e-01,2.131881e-01,2.127211e-01,2.117836e-01,2.112268e-01,2.107659e-01,2.103072e-01,2.094188e-01,2.089667e-01,2.085167e-01,2.080689e-01,2.072910e-01,2.067604e-01,2.059936e-01,2.055578e-01,2.051241e-01,2.046924e-01,2.039429e-01,2.035198e-01,2.028051e-01,2.024686e-01,2.017377e-01,2.014051e-01,2.007655e-01,2.004939e-01,1.998607e-01,1.995348e-01,1.989645e-01,1.986977e-01,1.977545e-01,1.975706e-01,1.969329e-01,1.963782e-01,1.960397e-01,1.955681e-01,1.952078e-01,1.945590e-01,1.937337e-01,1.933798e-01,1.928213e-01,1.921911e-01,1.915650e-01,1.912926e-01,1.903228e-01,1.896850e-01,1.893447e-01,1.887370e-01,1.880356e-01,1.874364e-01,1.870328e-01,1.858941e-01,1.854969e-01,1.849139e-01,1.843581e-01,1.837125e-01,1.826649e-01,1.823713e-01,1.817638e-01,1.812515e-01,1.807425e-01,1.802368e-01,1.794933e-01,1.790594e-01,1.785875e-01,1.781585e-01,1.776923e-01,1.768291e-01,1.766609e-01,1.760144e-01,1.755617e-01,1.751118e-01,1.747248e-01,1.739191e-01,1.735387e-01,1.732191e-01,1.727839e-01,1.724095e-01,1.713942e-01,1.710497e-01,1.706846e-01,1.703213e-01,1.695436e-01,1.691308e-01,1.687204e-01,1.680867e-01,1.677368e-01,1.669645e-01,1.665669e-01,1.659522e-01,1.655908e-01,1.646492e-01,1.644648e-01,1.638679e-01,1.632754e-01,1.629272e-01,1.620208e-01,1.616290e-01,1.610560e-01,1.607180e-01,1.598140e-01,1.594346e-01,1.589275e-01,1.585528e-01,1.576564e-01,1.572673e-01,1.567300e-01,1.563455e-01,1.554787e-01,1.548683e-01,1.543285e-01,1.539798e-01,1.531007e-01,1.527142e-01,1.521484e-01,1.517454e-01,1.508515e-01,1.265940e-02,1.265940e-02,1.265940e-02,1.265940e-02,1.265940e-02,1.265940e-02,1.265940e-02,1.265940e-02,1.265940e-02,1.265940e-02,1.265940e-02,1.265940e-02,1.265940e-02,1.265940e-02,1.265940e-02,1.265940e-02,1.265940e-02,1.265940e-02,1.265940e-02,1.265940e-02,1.265940e-02,1.265940e-02,1.265940e-02,1.265940e-02,1.265940e-02,1.265940e-02,1.265940e-02,1.265940e-02,1.265940e-02,1.265940e-02,1.265940e-02,1.265940e-02,1.265940e-02,1.265940e-02,1.265940e-02,1.265940e-02,1.265940e-02,1.265940e-02,1.265940e-02,1.265940e-02,1.265940e-02,1.265940e-02,1.265940e-02,1.265940e-02,1.265940e-02,1.265940e-02,1.265940e-02,1.265940e-02,1.265940e-02,1.265940e-02,1.265940e-02,1.265940e-02,1.265940e-02,1.265940e-02,1.265940e-02,1.265940e-02,1.265940e-02,1.265940e-02,1.265940e-02,1.265940e-02,1.265940e-02,1.265940e-02,1.265940e-02,1.265940e-02,1.265940e-02,1.265940e-02,1.265940e-02,1.265940e-02,1.265940e-02,1.265940e-02,1.265940e-02,1.265940e-02,1.265940e-02,1.265940e-02,1.265940e-02,1.265940e-02,1.265940e-02,1.265940e-02,1.265940e-02,1.265940e-02,1.265940e-02,1.265940e-02,1.265940e-02,1.265940e-02,1.265940e-02,1.265940e-02,1.265940e-02,1.265940e-02,1.265940e-02,1.265940e-02,1.265940e-02,1.265940e-02,1.265940e-02,1.265940e-02,1.265940e-02,1.265940e-02,1.265940e-02,1.265940e-02,1.265940e-02,1.265940e-02,1.265940e-02,1.265940e-02,1.265940e-02,1.265940e-02,1.265940e-02,1.265940e-02,1.265940e-02,1.265940e-02,1.265940e-02,1.265940e-02,1.265940e-02,1.265940e-02,1.265940e-02,1.265940e-02,1.265940e-02,1.265940e-02,1.265940e-02,1.265940e-02,1.265940e-02,1.265940e-02,1.265940e-02,1.265940e-02,1.265940e-02,1.265940e-02,1.265940e-02,1.265940e-02,1.265940e-02,1.265940e-02,1.265940e-02,1.265940e-02,1.265940e-02,1.265940e-02,1.265940e-02,1.265940e-02,1.265940e-02,1.265940e-02,1.265940e-02,1.265940e-02,1.265940e-02,1.265940e-02,1.265940e-02,1.265940e-02,1.265940e-02,1.265940e-02,1.265940e-02,1.265940e-02,1.265940e-02,1.265940e-02,1.265940e-02,1.265940e-02,1.265940e-02,1.265940e-02,1.265940e-02,1.265940e-02,1.265940e-02,1.265940e-02,1.265940e-02,1.265940e-02,1.265940e-02,1.265940e-02,1.265940e-02
2.231201e-02,2.228773e-02,2.225740e-02,2.222708e-02,2.219677e-02,2.216647e-02,2.213014e-02,2.209986e-02,2.206960e-02,2.203329e-02,2.200304e-02,2.196674e-02,2.193651e-02,2.190629e-02,2.187002e-02,2.183982e-02,2.180962e-02,2.177943e-02,2.175529e-02,2.172511e-02,2.170097e-02,2.167683e-02,2.165270e-02,2.163461e-02,2.161652e-02,2.159241e-02,2.157432e-02,2.156227e-02,2.154419e-02,2.152612e-02,2.151408e-02,2.149600e-02,2.148396e-02,2.146590e-02,2.145387e-02,2.144184e-02,2.142379e-02,2.141177e-02,2.139975e-02,2.138171e-02,2.136969e-02,2.135769e-02,2.133967e-02,2.132768e-02,2.130967e-02,2.129770e-02,2.128573e-02,2.126775e-02,2.125582e-02,2.124391e-02,2.122603e-02,2.121421e-02,2.120245e-02,2.119073e-02,2.117907e-02,2.116745e-02,2.116189e-02,2.115040e-02,2.113893e-02,2.113348e-02,2.112203e-02,2.111061e-02,2.110514e-02,2.109365e-02,2.108823e-02,2.107687e-02,2.107148e-02,2.106608e-02,2.105464e-02,2.104922e-02,2.104380e-02,2.103226e-02,2.102672e-02,2.102119e-02,2.100963e-02,2.100406e-02,2.099850e-02,2.099313e-02,2.098175e-02,2.097640e-02,2.097114e-02,2.096017e-02,2.095545e-02,2.095093e-02,2.094079e-02,2.093707e-02,2.093390e-02,2.092536e-02,2.092366e-02,2.091704e-02,2.091743e-02,2.091309e-02,2.091638e-02,2.091584e-02,2.092336e-02,2.092776e-02,2.094156e-02,2.095372e-02,2.097067e-02,2.099913e-02,2.102900e-02,2.106617e-02,2.111257e-02,2.116988e-02,2.124535e-02,2.132886e-02,2.142880e-02,2.154876e-02,2.168589e-02,2.184859e-02,2.203895e-02,2.225724e-02,2.250690e-02,2.279298e-02,2.312348e-02,2.347847e-02,2.387673e-02,2.430837e-02,2.478064e-02,2.528222e-02,2.581406e-02,2.636458e-02,2.693010e-02,2.749498e-02,2.806387e-02,2.860719e-02,2.912213e-02,2.960839e-02,3.006592e-02,3.046979e-02,3.084318e-02,3.116993e-02,3.148258e-02,3.171793e-02,3.193118e-02,3.209312e-02,3.223207e-02,3.231334e-02,3.239066e-02,3.242989e-02,3.247433e-02,3.246759e-02,3.243804e-02,3.244891e-02,3.243226e-02,3.244846e-02,3.244048e-02,3.246737e-02,3.246600e-02,3.246804e-02,3.247870e-02,3.245436e-02,3.241891e-02,3.237701e-02,3.230223e-02,3.218253e-02,3.200910e-02,3.184126e-02,3.163005e-02,3.140277e-02,3.117750e-02,3.095734e-02,3.069800e-02,3.043303e-02,3.014724e-02,2.983602e-02,2.951351e-02,2.915205e-02,2.879551e-02,2.842727e-02,2.805840e-02,2.769203e-02,2.733404e-02,2.698993e-02,2.666830e-02,2.635939e-02,2.607061e-02,2.579985e-02,2.555498e-02,2.531996e-02,2.510025e-02,2.489129e-02,2.470011e-02,2.451739e-02,2.435012e-02,2.418684e-02,2.403709e-02,2.390184e-02,2.377729e-02,2.365525e-02,2.355093e-02,2.345409e-02,2.336551e-02,2.327259e-02,2.319914e-02,2.313183e-02,2.306768e-02,2.300864e-02,2.294623e-02,2.288254e-02,2.280921e-02,2.273553e-02,2.266224e-02,2.257806e-02,2.247926e-02,2.238398e-02,2.227529e-02,2.215870e-02,2.203635e-02,2.191407e-02,2.178590e-02,2.166010e-02,2.153205e-02,2.140858e-02,2.128395e-02,2.116405e-02,2.105169e-02,2.094819e-02,2.085212e-02,2.076372e-02,2.068828e-02,2.061112e-02,2.055202e-02,2.049763e-02,2.045824e-02,2.041763e-02,2.038229e-02,2.035605e-02,2.033580e-02,2.031419e-02,2.028816e-02,2.026783e-02,2.023916e-02,2.019572e-02,2.015136e-02,2.009339e-02,2.002730e-02,1.994043e-02,1.985267e-02,1.975854e-02,1.966568e-02,1.956454e-02,1.946577e-02,1.936750e-02,1.927434e-02,1.918620e-02,1.911260e-02,1.904062e-02,1.897635e-02,1.892867e-02,1.888100e-02,1.884640e-02,1.880976e-02,1.878193e-02,1.874808e-02,1.871888e-02,1.868283e-02,1.865023e-02,1.861090e-02,1.857609e-02,1.853684e-02,1.850398e-02,1.846913e-02,1.844330e-02,1.842150e-02,1.839750e-02,1.838269e-02,1.836583e-02,1.835711e-02,1.834490e-02,1.833982e-02,1.833040e-02,1.832768e-02,1.831988e-02,1.831836e-02,1.831164e-02,1.831100e-02,1.830525e-02,1.829985e-02,1.830157e-02,1.829833e-02,1.830414e-02,1.830681e-02,1.831673e-02,1.834110e-02,1.837792e-02,1.843849e-02,1.854367e-02,1.869726e-02,1.893373e-02,1.927638e-02,1.976363e-02,2.041999e-02,2.129674e-02,2.241927e-02,2.378810e-02,2.544614e-02,2.740173e-02,2.964566e-02,3.215006e-02,3.491907e-02,3.794213e-02,4.114052e-02,4.449638e-02,4.800281e-02,5.161788e-02,5.534925e-02,5.917377e-02,6.309760e-02,6.723410e-02,7.138252e-02,7.561998e-02,7.996865e-02,8.443022e-02,8.901904e-02,9.370591e-02,9.851961e-02,1.034393e-01,1.084527e-01,1.135802e-01,1.190973e-01,1.244203e-01,1.298353e-01,1.352096e-01,1.407406e-01,1.463166e-01,1.519329e-01,1.575899e-01,1.632323e-01,1.688637e-01,1.744675e-01,1.800150e-01,1.855615e-01,1.910683e-01,1.963851e-01,2.016542e-01,2.068582e-01,2.119279e-01,2.167985e-01,2.216553e-01,2.263423e-01,2.306374e-01,2.349229e-01,2.389016e-01,2.428574e-01,2.465033e-01,2.501226e-01,2.534156e-01,2.566614e-01,2.596385e-01,2.625461e-01,2.652533e-01,2.680000e-01,2.709403e-01,2.737770e-01,2.768003e-01,2.797243e-01,2.826711e-01,2.858052e-01,2.888085e-01,2.920066e-01,2.948810e-01,2.979295e-01,3.009813e-01,3.038512e-01,3.068767e-01,3.098944e-01,3.128870e-01,3.156532e-01,3.185560e-01,3.214182e-01,3.242174e-01,3.269346e-01,3.295808e-01,3.321227e-01,3.345592e-01,3.368888e-01,3.390791e-01,3.411280e-01,3.430231e-01,3.447544e-01,3.459434e-01,3.473706e-01,3.488087e-01,3.502599e-01,3.517154e-01,3.531960e-01,3.546924e-01,3.559466e-01,3.574639e-01,3.589882e-01,3.602778e-01,3.618413e-01,3.631538e-01,3.644667e-01,3.657987e-01,3.671434e-01,3.687596e-01,3.701287e-01,3.715085e-01,3.728913e-01,3.742925e-01,3.757038e-01,3.771197e-01,3.782709e-01,3.797161e-01,3.811737e-01,3.826330e-01,3.841198e-01,3.853140e-01,3.868206e-01,3.880358e-01,3.892584e-01,3.907990e-01,3.920415e-01,3.932929e-01,3.945515e-01,3.958173e-01,3.970943e-01,3.983837e-01,3.996798e-01,4.009772e-01,4.022851e-01,4.032756e-01,4.046050e-01,4.059309e-01,4.069052e-01,4.082572e-01,4.096152e-01,4.109562e-01,4.119803e-01,4.130124e-01,4.143873e-01,4.154189e-01,4.164792e-01,4.179085e-01,4.189743e-01,4.200570e-01,4.211519e-01,4.226139e-01,4.237196e-01,4.248368e-01,4.259595e-01,4.270857e-01,4.282248e-01,4.293710e-01,4.305306e-01,4.316937e-01,4.328628e-01,4.340307e-01,4.352198e-01,4.364115e-01,4.372072e-01,4.384118e-01,4.392212e-01,4.404364e-01,4.416543e-01,4.424891e-01,4.437309e-01,4.445532e-01,4.458061e-01,4.466456e-01,4.479058e-01,4.487547e-01,4.496061e-01,4.504615e-01,4.517447e-01,4.526068e-01,4.534743e-01,4.543527e-01,4.556638e-01,4.565394e-01,4.574192e-01,4.583087e-01,4.591867e-01,4.600758e-01,4.609829e-01,4.618745e-01,4.627819e-01,4.636878e-01,4.645956e-01,4.650471e-01,4.659681e-01,4.668940e-01,4.678193e-01,4.682830e-01,4.692241e-01,4.701761e-01,4.711050e-01,4.715783e-01,4.725324e-01,4.734865e-01,4.739594e-01,4.744411e-01,4.754230e-01,4.759021e-01,4.768587e-01,4.773551e-01,4.783376e-01,4.788113e-01,4.792970e-01,4.797945e-01,4.802667e-01,4.807464e-01,4.812539e-01,4.817520e-01,4.822385e-01,4.827069e-01,4.831999e-01,4.836964e-01,4.841942e-01,4.846770e-01,4.851506e-01,4.856278e-01,4.861257e-01,4.866355e-01,4.871064e-01,4.875323e-01,4.880026e-01,4.884919e-01,4.889805e-01,4.894308e-01,4.898070e-01,4.902458e-01,4.906985e-01,4.911389e-01,4.915839e-01,4.920194e-01,4.924326e-01,4.928055e-01,4.931420e-01,4.935358e-01,4.939076e-01,4.942688e-01,4.946740e-01,4.950220e-01,4.952035e-01,4.954735e-01,4.958010e-01,4.961551e-01,4.964022e-01,4.964128e-01,4.966499e-01,4.969447e-01,4.971625e-01,4.973762e-01,4.975253e-01,4.977438e-01,4.980074e-01,4.979509e-01,4.975415e-01,4.974504e-01,4.975406e-01,4.974496e-01,4.973344e-01,4.972434e-01,4.972562e-01,4.972793e-01,4.973958e-01,4.975394e-01,4.976317e-01,4.976100e-01,4.978776e-01,4.983069e-01,4.986598e-01,4.990209e-01,4.993729e-01,4.997703e-01,5.002489e-01,5.006256e-01,5.011039e-01,5.015277e-01,5.019046e-01,5.023836e-01,5.027599e-01,5.031847e-01,5.036460e-01,5.041880e-01,5.046515e-01,5.051900e-01,5.057175e-01,5.062587e-01,5.067651e-01,5.073374e-01,5.078851e-01,5.084706e-01,5.089901e-01,5.096153e-01,5.102448e-01,5.108269e-01,5.114016e-01,5.120711e-01,5.126865e-01,5.132754e-01,5.138544e-01,5.144966e-01,5.151165e-01,5.157260e-01,5.164092e-01,5.170347e-01,5.176595e-01,5.182861e-01,5.189430e-01,5.195349e-01,5.201670e-01,5.208009e-01,5.214754e-01,5.220880e-01,5.227569e-01,5.234401e-01,5.240610e-01,5.247484e-01,5.253729e-01,5.260248e-01,5.266160e-01,5.273142e-01,5.279089e-01,5.284958e-01,5.290938e-01,5.297739e-01,5.304158e-01,5.310596e-01,5.317023e-01,5.323499e-01,5.329964e-01,5.336038e-01,5.342128e-01,5.347493e-01,5.354000e-01,5.360316e-01,5.366444e-01,5.371096e-01,5.375759e-01,5.381091e-01,5.386613e-01,5.392148e-01,5.397697e-01,5.402837e-01,5.408412e-01,5.413576e-01,5.418751e-01,5.423265e-01,5.428493e-01,5.433274e-01,5.437418e-01,5.441818e-01,5.445978e-01,5.450577e-01,5.455435e-01,5.459739e-01,5.463963e-01,5.467760e-01,5.471963e-01,5.475704e-01,5.479853e-01,5.483063e-01,5.486717e-01,5.489901e-01,5.493057e-01,5.496111e-01,5.499663e-01,5.503065e-01,5.505993e-01,5.508891e-01,5.511243e-01,5.514008e-01,5.516331e-01,5.518962e-01,5.521595e-01,5.523696e-01,5.525783e-01,5.527732e-01,5.529577e-01,5.531458e-01,5.533235e-01,5.534993e-01,5.535734e-01,5.536924e-01,5.538422e-01,5.539886e-01,5.541314e-01,5.541857e-01,5.542246e-01,5.542634e-01,5.542881e-01,5.543578e-01,5.543754e-01,5.544392e-01,5.544433e-01,5.544418e-01,5.543889e-01,5.543297e-01,5.543181e-01,5.543360e-01,5.543033e-01,5.542193e-01,5.540842e-01,5.539426e-01,5.537584e-01,5.536939e-01,5.536229e-01,5.535488e-01,5.533852e-01,5.532218e-01,5.531563e-01,5.530824e-01,5.529639e-01,5.528009e-01,5.525935e-01,5.524837e-01,5.524101e-01,5.522921e-01,5.520853e-01,5.519196e-01,5.518906e-01,5.519589e-01,5.519299e-01,5.517235e-01,5.515174e-01,5.513592e-01,5.511977e-01,5.510040e-01,5.507139e-01,5.504242e-01,5.502229e-01,5.500658e-01,5.497332e-01,5.491905e-01,5.485971e-01,5.481361e-01,5.476760e-01,5.470435e-01,5.460209e-01,5.448776e-01,5.438653e-01,5.429428e-01,5.420756e-01,5.411610e-01,5.400373e-01,5.385057e-01,5.365274e-01,5.346083e-01,5.332342e-01,5.320306e-01,5.305127e-01,5.284580e-01,5.263355e-01,5.248583e-01,5.238186e-01,5.229002e-01,5.218318e-01,5.205776e-01,5.194450e-01,5.183311e-01,5.172109e-01,5.164744e-01,5.161146e-01,5.157555e-01,5.153997e-01,5.150446e-01,5.146901e-01,5.143389e-01,5.139884e-01,5.140087e-01,5.136587e-01,5.136888e-01,5.137118e-01,5.137321e-01,5.133827e-01,5.134031e-01,5.134208e-01,5.134385e-01,5.130871e-01,5.127336e-01,5.127487e-01,5.127638e-01,5.127762e-01,5.127912e-01,5.128063e-01,5.124509e-01,5.124659e-01,5.124810e-01,5.125058e-01,5.121537e-01,5.121688e-01,5.118172e-01,5.118323e-01,5.118500e-01,5.118624e-01,5.115115e-01,5.115266e-01,5.115390e-01,5.115541e-01,5.112012e-01,5.112136e-01,5.112260e-01,5.112385e-01,5.112483e-01,5.112607e-01,5.112731e-01,5.116508e-01,5.116633e-01,5.116757e-01,5.116881e-01,5.117005e-01,5.117129e-01,5.112716e-01,5.116491e-01,5.116615e-01,5.116740e-01,5.116864e-01,5.116102e-01,5.116199e-01,5.119979e-01,5.120104e-01,5.115686e-01,5.115784e-01,5.119588e-01,5.118826e-01,5.119047e-01,5.118311e-01,5.118462e-01,5.118613e-01,5.114254e-01,5.114431e-01,5.113724e-01,5.113901e-01,5.109553e-01,5.109757e-01,5.109052e-01,5.104742e-01,5.108578e-01,5.104243e-01,5.104447e-01,5.103842e-01,5.104019e-01,5.103317e-01,5.098995e-01,5.099172e-01,5.094833e-01,5.094984e-01,5.094259e-01,5.089905e-01,5.093633e-01,5.089280e-01,5.088532e-01,5.088630e-01,5.084289e-01,5.083543e-01,5.083667e-01,5.079338e-01,5.078692e-01,5.078843e-01,5.078126e-01,5.073835e-01,5.073986e-01,5.069705e-01,5.069856e-01,5.065584e-01,5.061348e-01,5.065049e-01,5.060788e-01,5.056562e-01,5.060255e-01,5.056005e-01,5.056155e-01,5.051914e-01,5.047683e-01,5.047833e-01,5.043684e-01,5.043834e-01,5.039595e-01,5.036240e-01,5.032018e-01,5.028651e-01,5.024445e-01,5.021091e-01,5.016877e-01,5.017001e-01,5.009363e-01,5.009488e-01,5.006160e-01,4.998564e-01,4.995355e-01,4.992052e-01,4.987926e-01,4.984635e-01,4.981351e-01,4.977247e-01,4.973975e-01,4.970709e-01,4.967448e-01,4.960002e-01,4.956759e-01,4.953522e-01,4.950290e-01,4.943719e-01,4.940504e-01,4.933966e-01,4.930767e-01,4.931697e-01,4.916978e-01,4.917902e-01,4.915529e-01,4.913159e-01,4.907509e-01,4.901081e-01,4.895465e-01,4.889076e-01,4.882709e-01,4.880380e-01,4.870817e-01,4.864509e-01,4.855023e-01,4.849539e-01,4.840125e-01,4.830757e-01,4.821433e-01,4.812153e-01,4.803020e-01,4.786892e-01,4.778520e-01,4.762592e-01,4.753588e-01,4.744626e-01,4.736434e-01,4.728278e-01,4.709783e-01,4.695119e-01,4.680566e-01,4.672642e-01,4.661149e-01,4.649027e-01,4.634798e-01,4.614343e-01,4.594103e-01,4.580966e-01,4.560407e-01,4.546175e-01,4.532049e-01,4.524081e-01,4.510135e-01,4.496291e-01,4.483187e-01,4.464305e-01,4.443025e-01,4.418810e-01,4.398036e-01,4.376280e-01,4.362786e-01,4.341436e-01,4.328783e-01,4.310794e-01,4.295366e-01,4.277701e-01,4.265465e-01,4.248084e-01,4.236045e-01,4.222346e-01,4.222384e-01,4.225288e-01,4.222485e-01,4.205500e-01,4.186967e-01,4.173636e-01,4.160391e-01,4.142315e-01,4.129827e-01,4.113091e-01,4.090696e-01,4.063849e-01,4.030809e-01,3.994228e-01,3.962345e-01,3.923726e-01,3.880260e-01,3.843857e-01,3.803653e-01,3.767433e-01,3.727606e-01,3.703111e-01,3.654390e-01,3.601455e-01,3.539738e-01,3.487379e-01,3.414715e-01,3.341835e-01,3.274547e-01,3.199980e-01,3.146836e-01,3.075007e-01,3.009229e-01,2.944986e-01,2.874730e-01,2.805443e-01,2.761109e-01,2.707080e-01,2.638225e-01,2.580783e-01,2.523849e-01,2.478569e-01,2.425930e-01,2.374639e-01,2.326976e-01,2.287462e-01,2.253848e-01,2.214431e-01,2.176306e-01,2.145715e-01,2.108483e-01,2.077679e-01,2.047710e-01,2.019163e-01,1.996253e-01,1.973822e-01,1.950145e-01,1.927515e-01,1.905365e-01,1.887554e-01,1.871129e-01,1.853940e-01,1.836473e-01,1.819819e-01,1.807525e-01,1.791383e-01,1.775463e-01,1.763706e-01,1.752089e-01,1.744954e-01,1.734031e-01,1.723230e-01,1.716768e-01,1.706618e-01,1.700233e-01,1.694796e-01,1.688523e-01,1.682705e-01,1.677368e-01,1.671651e-01,1.665937e-01,1.660693e-01,1.658980e-01,1.653806e-01,1.652971e-01,1.652137e-01,1.651335e-01,1.647032e-01,1.645773e-01,1.645405e-01,1.644577e-01,1.648070e-01,1.647270e-01,1.646871e-01,1.645643e-01,1.648708e-01,1.647478e-01,1.650982e-01,1.654066e-01,1.658061e-01,1.657659e-01,1.660359e-01,1.667008e-01,1.670620e-01,1.674214e-01,1.680996e-01,1.687795e-01,1.695130e-01,1.705716e-01,1.713193e-01,1.721161e-01,1.731606e-01,1.738780e-01,1.749901e-01,1.761114e-01,1.768548e-01,1.783974e-01,1.792085e-01,1.803796e-01,1.815684e-01,1.824540e-01,1.840909e-01,1.848438e-01,1.859758e-01,1.871788e-01,1.884470e-01,1.892883e-01,1.905269e-01,1.917846e-01,1.927108e-01,1.945166e-01,1.954086e-01,1.967815e-01,1.982371e-01,1.995296e-01,2.005832e-01,2.019666e-01,2.036162e-01,2.051031e-01,2.061521e-01,2.076686e-01,2.092779e-01,2.102997e-01,2.120106e-01,2.132647e-01,2.150966e-01,2.162380e-01,2.174679e-01,2.192901e-01,2.204793e-01,2.216807e-01,2.236460e-01,2.248804e-01,2.262049e-01,2.275385e-01,2.288139e-01,2.307410e-01,2.315615e-01,2.336211e-01,2.351226e-01,2.358058e-01,2.371652e-01,2.394076e-01,2.402879e-01,2.417851e-01,2.433065e-01,2.448402e-01,2.463992e-01,2.472382e-01,2.488203e-01,2.503350e-01,2.510993e-01,2.527367e-01,2.536184e-01,2.550866e-01,2.567752e-01,2.575787e-01,2.594002e-01,2.602265e-01,2.616682e-01,2.625087e-01,2.642950e-01,2.651447e-01,2.660069e-01,2.677331e-01,2.687122e-01,2.695971e-01,2.712594e-01,2.722639e-01,2.731719e-01,2.740857e-01,2.760227e-01,2.769554e-01,2.778943e-01,2.789481e-01,2.799004e-01,2.808592e-01,2.820540e-01,2.830508e-01,2.836208e-01,2.845002e-01,2.852712e-01,2.860149e-01,2.868184e-01,2.877013e-01,2.884065e-01,2.894000e-01,2.901214e-01,2.910665e-01,2.916695e-01,2.925049e-01,2.933375e-01,2.941828e-01,2.949284e-01,2.959056e-01,2.967661e-01,2.972867e-01,2.983865e-01,2.987795e-01,2.996747e-01,3.004485e-01,3.011169e-01,3.020525e-01,3.028115e-01,3.038763e-01,3.044132e-01,3.053773e-01,3.061994e-01,3.068929e-01,3.073627e-01,3.081952e-01,3.087836e-01,3.098830e-01,3.107377e-01,3.117628e-01,3.128923e-01,3.137929e-01,3.142759e-01,3.152136e-01,3.158501e-01,3.166474e-01,3.174198e-01,3.181877e-01,3.188745e-01,3.198409e-01,3.204970e-01,3.212886e-01,3.219593e-01,3.226553e-01,3.231105e-01,3.239068e-01,3.241773e-01,3.248911e-01,3.254408e-01,3.262886e-01,3.268517e-01,3.275690e-01,3.280068e-01,3.285759e-01,3.290078e-01,3.297115e-01,3.300151e-01,3.305592e-01,3.313019e-01,3.318740e-01,3.325903e-01,3.330331e-01,3.332864e-01,3.338742e-01,3.341855e-01,3.346084e-01,3.349211e-01,3.353459e-01,3.353551e-01,3.359508e-01,3.364445e-01,3.370350e-01,3.371901e-01,3.376454e-01,3.379725e-01,3.384300e-01,3.382418e-01,3.388717e-01,3.392006e-01,3.396270e-01,3.397499e-01,3.401777e-01,3.403349e-01,3.405558e-01,3.403988e-01,3.410029e-01,3.408114e-01,3.405868e-01,3.405614e-01,3.406854e-01,3.399988e-01,3.399488e-01,3.396451e-01,3.395959e-01,3.387417e-01,3.383818e-01,3.380477e-01,3.376560e-01,3.371862e-01,3.366598e-01,3.361593e-01,3.357723e-01,3.349387e-01,3.345548e-01,3.337276e-01,3.332134e-01,3.332223e-01,3.350468e-01,3.342172e-01,3.338682e-01,3.332121e-01,3.325664e-01,3.317503e-01,3.312748e-01,3.306288e-01,3.299620e-01,3.291594e-01,3.285303e-01,3.274450e-01,3.267836e-01,3.261636e-01,3.252218e-01,3.244508e-01,3.236451e-01,3.226232e-01,3.219593e-01,3.210723e-01,3.204744e-01,3.198709e-01,3.192402e-01,3.182256e-01,3.176310e-01,3.167978e-01,3.160677e-01,3.153332e-01,3.143653e-01,3.135290e-01,3.128352e-01,3.119114e-01,3.112045e-01,3.106929e-01,3.100120e-01,3.093696e-01,3.086948e-01,3.077685e-01,3.073891e-01,3.067777e-01,3.060023e-01,3.052310e-01,3.047196e-01,3.039549e-01,3.035777e-01,3.029552e-01,3.025880e-01,3.018871e-01,3.013802e-01,3.006854e-01,3.002164e-01,2.997417e-01,2.992945e-01,2.988487e-01,2.985106e-01,2.979682e-01,2.978702e-01,2.977172e-01,2.975384e-01,2.972290e-01,2.974186e-01,2.974042e-01,2.974626e-01,2.972297e-01,2.973137e-01,2.976348e-01,2.975330e-01,2.975114e-01,2.973328e-01,2.972056e-01,2.970789e-01,2.969335e-01,2.967561e-01,2.963943e-01,2.958785e-01,2.954683e-01,2.952390e-01,2.946232e-01,2.942165e-01,2.938360e-01,2.932261e-01,2.925162e-01,2.920379e-01,2.917396e-01,2.912885e-01,2.907133e-01,2.901404e-01,2.896699e-01,2.894247e-01,2.888811e-01,2.886617e-01,2.884182e-01,2.882986e-01,2.878342e-01,2.876164e-01,2.874975e-01,2.875013e-01,2.873826e-01,2.872882e-01,2.872920e-01,2.876159e-01,2.880391e-01,2.878214e-01,2.879004e-01,2.880035e-01,2.879836e-01,2.884086e-01,2.886114e-01,2.885674e-01,2.886468e-01,2.885718e-01,2.886512e-01,2.883603e-01,2.881691e-01,2.877563e-01,2.874433e-01,2.872772e-01,2.874544e-01,2.875093e-01,2.874350e-01,2.876872e-01,2.875715e-01,2.877252e-01,2.877801e-01,2.879103e-01,2.879107e-01,2.881637e-01,2.886395e-01,2.887701e-01,2.888767e-01,2.893485e-01,2.894551e-01,2.897863e-01,2.899179e-01,2.902744e-01,2.903994e-01,2.905308e-01,2.904124e-01,2.904435e-01,2.904742e-01,2.905293e-01,2.904283e-01,2.905597e-01,2.907156e-01,2.910737e-01,2.908780e-01,2.910276e-01,2.910829e-01,2.911137e-01,2.914972e-01,2.914022e-01,2.914331e-01,2.915657e-01,2.914643e-01,2.917472e-01,2.917785e-01,2.917087e-01,2.912854e-01,2.913415e-01,2.913143e-01,2.911191e-01,2.905701e-01,2.904251e-01,2.901797e-01,2.898279e-01,2.897321e-01,2.896364e-01,2.890934e-01,2.887925e-01,2.885228e-01,2.876394e-01,2.869071e-01,2.858554e-01,2.846715e-01,2.840733e-01,2.833523e-01,2.825228e-01,2.807545e-01,2.788926e-01,2.780822e-01,2.764813e-01,2.738880e-01,2.721082e-01,2.705737e-01,2.681941e-01,2.657443e-01,2.633433e-01,2.608827e-01,2.585601e-01,2.546216e-01,2.523153e-01,2.469894e-01,2.431972e-01,2.390862e-01,2.357740e-01,2.311609e-01,2.276558e-01,2.229575e-01,2.189436e-01,2.124724e-01,2.072696e-01,2.022949e-01,1.965650e-01,1.915246e-01,1.853525e-01,1.797821e-01,1.711109e-01,1.648040e-01,1.586432e-01,1.528685e-01,1.460791e-01,1.404868e-01,1.318739e-01,1.258680e-01,1.202533e-01,1.148502e-01,1.092193e-01,1.025025e-01,9.737323e-02,9.291865e-02,8.867264e-02,8.446910e-02,7.951614e-02,7.599009e-02,7.287865e-02,7.005452e-02,6.763120e-02,6.411912e-02,6.207749e-02,6.019368e-02,5.824342e-02,5.628329e-02,5.441987e-02,5.320490e-02,5.202947e-02,5.089533e-02,4.979840e-02,4.874152e-02,4.817497e-02,4.718276e-02,4.665629e-02,4.570926e-02,4.522500e-02,4.474384e-02,4.428532e-02,4.383532e-02,4.339763e-02,4.297129e-02,4.293803e-02,4.250056e-02,4.246736e-02,4.205634e-02,4.201008e-02,4.198681e-02,4.196389e-02,4.156063e-02,4.153800e-02,4.151515e-02,4.149711e-02,4.185840e-02,4.185376e-02,4.184016e-02,4.181730e-02,4.217891e-02,4.217890e-02,4.256024e-02,4.255594e-02,4.293302e-02,4.332128e-02,4.332193e-02,4.372060e-02,4.412116e-02,4.452802e-02,4.495597e-02,4.495178e-02,4.537710e-02,4.582965e-02,4.626357e-02,4.671975e-02,4.716226e-02,4.762912e-02,4.810786e-02,4.858450e-02,4.906908e-02,4.956580e-02,5.006675e-02,5.057616e-02,5.109820e-02,5.162510e-02,5.214768e-02,5.268974e-02,5.378366e-02,5.378686e-02,5.493690e-02,5.553049e-02,5.554894e-02,5.656517e-02,5.716838e-02,5.792130e-02,5.845514e-02,5.936009e-02,5.989428e-02,6.037294e-02,6.128287e-02,6.190381e-02,6.270093e-02,6.329007e-02,6.426303e-02,6.479033e-02,6.570677e-02,6.636210e-02,6.693759e-02,6.790015e-02,6.856338e-02,6.949975e-02,7.008766e-02,7.102500e-02,7.163703e-02,7.252790e-02,7.325061e-02,7.404426e-02,7.468377e-02,7.562749e-02,7.628923e-02,7.714932e-02,7.780733e-02,7.872122e-02,7.933487e-02,8.025396e-02,8.094184e-02,8.144614e-02,8.240235e-02,8.337680e-02,8.400724e-02,8.486807e-02,8.551687e-02,8.638532e-02,8.691551e-02,8.783805e-02,8.835166e-02,8.914222e-02,8.968425e-02,9.063874e-02,9.117929e-02,9.195910e-02,9.246221e-02,9.332811e-02,9.370534e-02,9.433179e-02,9.485631e-02,9.552781e-02,9.635131e-02,9.656852e-02,9.726000e-02,9.766373e-02,9.833193e-02,9.840700e-02,9.912026e-02,9.965222e-02,1.000725e-01,1.004581e-01,1.006910e-01,1.014317e-01,1.015109e-01,1.020642e-01,1.024627e-01,1.027033e-01,1.031059e-01,1.031874e-01,1.037955e-01,1.043695e-01,1.044527e-01,1.048668e-01,1.049507e-01,1.052012e-01,1.056202e-01,1.057052e-01,1.061276e-01,1.064240e-01,1.066804e-01,1.069379e-01,1.070232e-01,1.072821e-01,1.079309e-01,1.078452e-01,1.084997e-01,1.084132e-01,1.090734e-01,1.095618e-01,1.096956e-01,1.101885e-01,1.106852e-01,1.110032e-01,1.115491e-01,1.120560e-01,1.123806e-01,1.127068e-01,1.134567e-01,1.135986e-01,1.141674e-01,1.146943e-01,1.150775e-01,1.154170e-01,1.161972e-01,1.163451e-01,1.169371e-01,1.172858e-01,1.176848e-01,1.182872e-01,1.186426e-01,1.187958e-01,1.194088e-01,1.197699e-01,1.201822e-01,1.203388e-01,1.209652e-01,1.213343e-01,1.217567e-01,1.219168e-01,1.225560e-01,1.227179e-01,1.231486e-01,1.235289e-01,1.239643e-01,1.241286e-01,1.245676e-01,1.249555e-01,1.253994e-01,1.255677e-01,1.260153e-01,1.264100e-01,1.266357e-01,1.273181e-01,1.274909e-01,1.279501e-01,1.281804e-01,1.286431e-01,1.288189e-01,1.292863e-01,1.297565e-01,1.296986e-01,1.301708e-01,1.306465e-01,1.308851e-01,1.310663e-01,1.313062e-01,1.317890e-01,1.320307e-01,1.325180e-01,1.330083e-01,1.335017e-01,1.334412e-01,1.339373e-01,1.341859e-01,1.346868e-01,1.349382e-01,1.351904e-01,1.353815e-01,1.356351e-01,1.358895e-01,1.364013e-01,1.366582e-01,1.369155e-01,1.368523e-01,1.373704e-01,1.376303e-01,1.378908e-01,1.378270e-01,1.380885e-01,1.383508e-01,1.382862e-01,1.385492e-01,1.388131e-01,1.390778e-01,1.393434e-01,1.396098e-01,1.395442e-01,1.395438e-01,1.398109e-01,1.400789e-01,1.403478e-01,1.406173e-01,1.408879e-01,1.411595e-01,1.411591e-01,1.414315e-01,1.417048e-01,1.419787e-01,1.419783e-01,1.422534e-01,1.425294e-01,1.425286e-01,1.428054e-01,1.430832e-01,1.430827e-01,1.437097e-01,1.437089e-01,1.439897e-01,1.439891e-01,1.446230e-01,1.446222e-01,1.449062e-01,1.452604e-01,1.455465e-01,1.455460e-01,1.461916e-01,1.461911e-01,1.465507e-01,1.468412e-01,1.474966e-01,1.478618e-01,1.481567e-01,1.485246e-01,1.485241e-01,1.491926e-01,1.491920e-01,1.498657e-01,1.502409e-01,1.502405e-01,1.509224e-01,1.509219e-01,1.513019e-01,1.516835e-01,1.516832e-01,1.520666e-01,1.524516e-01,1.524514e-01,1.528382e-01,1.528380e-01,1.535407e-01,1.535406e-01,1.539323e-01,1.543257e-01,1.543258e-01,1.547210e-01,1.547211e-01,1.551182e-01,1.551183e-01,1.555172e-01,1.555174e-01,1.559181e-01,1.559182e-01,1.563208e-01,1.563210e-01,1.563212e-01,1.567256e-01,1.564004e-01,1.564006e-01,1.564008e-01,1.568056e-01,1.568058e-01,1.568060e-01,1.568062e-01,1.568064e-01,1.564018e-01,1.560775e-01,1.560776e-01,1.556761e-01,1.552762e-01,1.545590e-01,1.545589e-01,1.541637e-01,1.533785e-01,1.526757e-01,1.522885e-01,1.515188e-01,1.508300e-01,1.500728e-01,1.496964e-01,1.486495e-01,1.479103e-01,1.468835e-01,1.461588e-01,1.447967e-01,1.440889e-01,1.427585e-01,1.420671e-01,1.411069e-01,1.400918e-01,1.391526e-01,1.378964e-01,1.372432e-01,1.360151e-01,1.351211e-01,1.341755e-01,1.333011e-01,1.321301e-01,1.315196e-01,1.303738e-01,1.297775e-01,1.289491e-01,1.278394e-01,1.270309e-01,1.262306e-01,1.254385e-01,1.248765e-01,1.240979e-01,1.233270e-01,1.222942e-01,1.215413e-01,1.212736e-01,1.205306e-01,1.200558e-01,1.191168e-01,1.186491e-01,1.179316e-01,1.176762e-01,1.172191e-01,1.167647e-01,1.163131e-01,1.156178e-01,1.151733e-01,1.147313e-01,1.140509e-01,1.133769e-01,1.127553e-01,1.123258e-01,1.114807e-01,1.108305e-01,1.104144e-01,1.100008e-01,1.091831e-01,1.087767e-01,1.083727e-01,1.079710e-01,1.073953e-01,1.067820e-01,1.062162e-01,1.058269e-01,1.054398e-01,1.050548e-01,1.045032e-01,1.041211e-01,1.035770e-01,1.034084e-01,1.028701e-01,1.027031e-01,1.023731e-01,1.024100e-01,1.020814e-01,1.019164e-01,1.017909e-01,1.018275e-01,1.013407e-01,1.015772e-01,1.012525e-01,1.011282e-01,1.009654e-01,1.010403e-01,1.008776e-01,1.005590e-01,1.002775e-01,1.001167e-01,9.999448e-02,9.967738e-02,9.936182e-02,9.939681e-02,9.873806e-02,9.842702e-02,9.827062e-02,9.796184e-02,9.746901e-02,9.716409e-02,9.682427e-02,9.622787e-02,9.589309e-02,9.559568e-02,9.529969e-02,9.482760e-02,9.424731e-02,9.410080e-02,9.363795e-02,9.335120e-02,9.306578e-02,9.278167e-02,9.236260e-02,9.225415e-02,9.197381e-02,9.186601e-02,9.158743e-02,9.120661e-02,9.123973e-02,9.099697e-02,9.072234e-02,9.044895e-02,9.034375e-02,8.997072e-02,8.986631e-02,8.992787e-02,8.965801e-02,8.955411e-02,8.905409e-02,8.895122e-02,8.884849e-02,8.874592e-02,8.838264e-02,8.811965e-02,8.785783e-02,8.746892e-02,8.736863e-02,8.701714e-02,8.676022e-02,8.637862e-02,8.628012e-02,8.580740e-02,8.583411e-02,8.545859e-02,8.508899e-02,8.499260e-02,8.453048e-02,8.428442e-02,8.391908e-02,8.382808e-02,8.322784e-02,8.298744e-02,8.277660e-02,8.253811e-02,8.195532e-02,8.172036e-02,8.137163e-02,8.114277e-02,8.057140e-02,8.009078e-02,7.975613e-02,7.966825e-02,7.911618e-02,7.889327e-02,7.856622e-02,7.834560e-02,7.780747e-02,4.622220e-03,4.622220e-03,4.622220e-03,4.622220e-03,4.622220e-03,4.622220e-03,4.622220e-03,4.622220e-03,4.622220e-03,4.622220e-03,4.622220e-03,4.622220e-03,4.622220e-03,4.622220e-03,4.622220e-03,4.622220e-03,4.622220e-03,4.622220e-03,4.622220e-03,4.622220e-03,4.622220e-03,4.622220e-03,4.622220e-03,4.622220e-03,4.622220e-03,4.622220e-03,4.622220e-03,4.622220e-03,4.622220e-03,4.622220e-03,4.622220e-03,4.622220e-03,4.622220e-03,4.622220e-03,4.622220e-03,4.622220e-03,4.622220e-03,4.622220e-03,4.622220e-03,4.622220e-03,4.622220e-03,4.622220e-03,4.622220e-03,4.622220e-03,4.622220e-03,4.622220e-03,4.622220e-03,4.622220e-03,4.622220e-03,4.622220e-03,4.622220e-03,4.622220e-03,4.622220e-03,4.622220e-03,4.622220e-03,4.622220e-03,4.622220e-03,4.622220e-03,4.622220e-03,4.622220e-03,4.622220e-03,4.622220e-03,4.622220e-03,4.622220e-03,4.622220e-03,4.622220e-03,4.622220e-03,4.622220e-03,4.622220e-03,4.622220e-03,4.622220e-03,4.622220e-03,4.622220e-03,4.622220e-03,4.622220e-03,4.622220e-03,4.622220e-03,4.622220e-03,4.622220e-03,4.622220e-03,4.622220e-03,4.622220e-03,4.622220e-03,4.622220e-03,4.622220e-03,4.622220e-03,4.622220e-03,4.622220e-03,4.622220e-03,4.622220e-03,4.622220e-03,4.622220e-03,4.622220e-03,4.622220e-03,4.622220e-03,4.622220e-03,4.622220e-03,4.622220e-03,4.622220e-03,4.622220e-03,4.622220e-03,4.622220e-03,4.622220e-03,4.622220e-03,4.622220e-03,4.622220e-03,4.622220e-03,4.622220e-03,4.622220e-03,4.622220e-03,4.622220e-03,4.622220e-03,4.622220e-03,4.622220e-03,4.622220e-03,4.622220e-03,4.622220e-03,4.622220e-03,4.622220e-03,4.622220e-03,4.622220e-03,4.622220e-03,4.622220e-03,4.622220e-03,4.622220e-03,4.622220e-03,4.622220e-03,4.622220e-03,4.622220e-03,4.622220e-03,4.622220e-03,4.622220e-03,4.622220e-03,4.622220e-03,4.622220e-03,4.622220e-03,4.622220e-03,4.622220e-03,4.622220e-03,4.622220e-03,4.622220e-03,4.622220e-03,4.622220e-03,4.622220e-03,4.622220e-03,4.622220e-03,4.622220e-03,4.622220e-03,4.622220e-03,4.622220e-03,4.622220e-03,4.622220e-03,4.622220e-03,4.622220e-03,4.622220e-03,4.622220e-03,4.622220e-03,4.622220e-03,4.622220e-03,4.622220e-03,4.622220e-03
2.491212e-02,2.489499e-02,2.487361e-02,2.485225e-02,2.483092e-02,2.482287e-02,2.482382e-02,2.481579e-02,2.482101e-02,2.482197e-02,2.482719e-02,2.482816e-02,2.484664e-02,2.486514e-02,2.487939e-02,2.489790e-02,2.491641e-02,2.493493e-02,2.495770e-02,2.498947e-02,2.501223e-02,2.503498e-02,2.507099e-02,2.509799e-02,2.513825e-02,2.517427e-02,2.521452e-02,2.525901e-02,2.529926e-02,2.535276e-02,2.541050e-02,2.546399e-02,2.553498e-02,2.560174e-02,2.567274e-02,2.574375e-02,2.581051e-02,2.588153e-02,2.596580e-02,2.603258e-02,2.610362e-02,2.617468e-02,2.624151e-02,2.629934e-02,2.636620e-02,2.642408e-02,2.648198e-02,2.652241e-02,2.658041e-02,2.662523e-02,2.666590e-02,2.671092e-02,2.674284e-02,2.677487e-02,2.680701e-02,2.683925e-02,2.687584e-02,2.690833e-02,2.692760e-02,2.696433e-02,2.699679e-02,2.702924e-02,2.706572e-02,2.709793e-02,2.713442e-02,2.716681e-02,2.720333e-02,2.723981e-02,2.727192e-02,2.730835e-02,2.734480e-02,2.737680e-02,2.739984e-02,2.743621e-02,2.745512e-02,2.749150e-02,2.752794e-02,2.756479e-02,2.759745e-02,2.764765e-02,2.769799e-02,2.775790e-02,2.782250e-02,2.788747e-02,2.796212e-02,2.805496e-02,2.813547e-02,2.821290e-02,2.830920e-02,2.840315e-02,2.848962e-02,2.857399e-02,2.867871e-02,2.876975e-02,2.886839e-02,2.896769e-02,2.907705e-02,2.918976e-02,2.929722e-02,2.943150e-02,2.957451e-02,2.972927e-02,2.989955e-02,3.007482e-02,3.028778e-02,3.051924e-02,3.077763e-02,3.106675e-02,3.138584e-02,3.175177e-02,3.214647e-02,3.259778e-02,3.307986e-02,3.362313e-02,3.421735e-02,3.484265e-02,3.552066e-02,3.621012e-02,3.691839e-02,3.762975e-02,3.833249e-02,3.901057e-02,3.965140e-02,4.023376e-02,4.073144e-02,4.114309e-02,4.144428e-02,4.167257e-02,4.181290e-02,4.183628e-02,4.180751e-02,4.171866e-02,4.160467e-02,4.139469e-02,4.115999e-02,4.089612e-02,4.061980e-02,4.031025e-02,4.002626e-02,3.972653e-02,3.946913e-02,3.919066e-02,3.892423e-02,3.870478e-02,3.850039e-02,3.832363e-02,3.816236e-02,3.805290e-02,3.792642e-02,3.784431e-02,3.776890e-02,3.770055e-02,3.764335e-02,3.759962e-02,3.755820e-02,3.751462e-02,3.746879e-02,3.743867e-02,3.740944e-02,3.736943e-02,3.735002e-02,3.732149e-02,3.728823e-02,3.724007e-02,3.718350e-02,3.711433e-02,3.704328e-02,3.695334e-02,3.686887e-02,3.678047e-02,3.668071e-02,3.658453e-02,3.649464e-02,3.642629e-02,3.635786e-02,3.628160e-02,3.622938e-02,3.618560e-02,3.615574e-02,3.612917e-02,3.611000e-02,3.609510e-02,3.609021e-02,3.608771e-02,3.610755e-02,3.611371e-02,3.612579e-02,3.614619e-02,3.617117e-02,3.618190e-02,3.621516e-02,3.623812e-02,3.627794e-02,3.630051e-02,3.633268e-02,3.636721e-02,3.638959e-02,3.642920e-02,3.646576e-02,3.650197e-02,3.653473e-02,3.656763e-02,3.660295e-02,3.663275e-02,3.665741e-02,3.669933e-02,3.672120e-02,3.674261e-02,3.676032e-02,3.676703e-02,3.678333e-02,3.678937e-02,3.680634e-02,3.681382e-02,3.682113e-02,3.682819e-02,3.684013e-02,3.684188e-02,3.685963e-02,3.687997e-02,3.690465e-02,3.692648e-02,3.695649e-02,3.698796e-02,3.702658e-02,3.706243e-02,3.709994e-02,3.714037e-02,3.718495e-02,3.722684e-02,3.726731e-02,3.731199e-02,3.735405e-02,3.737586e-02,3.741323e-02,3.744643e-02,3.747731e-02,3.749956e-02,3.752413e-02,3.754706e-02,3.758633e-02,3.762098e-02,3.765662e-02,3.769265e-02,3.773039e-02,3.776979e-02,3.781603e-02,3.786029e-02,3.790679e-02,3.796051e-02,3.801165e-02,3.806896e-02,3.810983e-02,3.815572e-02,3.819740e-02,3.824299e-02,3.828417e-02,3.832900e-02,3.836946e-02,3.840058e-02,3.844120e-02,3.848623e-02,3.851481e-02,3.856169e-02,3.860958e-02,3.865417e-02,3.870378e-02,3.875009e-02,3.880114e-02,3.886180e-02,3.891370e-02,3.897500e-02,3.902744e-02,3.908911e-02,3.915509e-02,3.921700e-02,3.928318e-02,3.934532e-02,3.942079e-02,3.948751e-02,3.955022e-02,3.961788e-02,3.968198e-02,3.976108e-02,3.983324e-02,3.990578e-02,3.998455e-02,4.007805e-02,4.018290e-02,4.029950e-02,4.046387e-02,4.066743e-02,4.094574e-02,4.129950e-02,4.176270e-02,4.234207e-02,4.306727e-02,4.395394e-02,4.500768e-02,4.621202e-02,4.760077e-02,4.916353e-02,5.084648e-02,5.267102e-02,5.461895e-02,5.666604e-02,5.881644e-02,6.105498e-02,6.338360e-02,6.587304e-02,6.841105e-02,7.102998e-02,7.374175e-02,7.654696e-02,7.945318e-02,8.244189e-02,8.554744e-02,8.872090e-02,9.197085e-02,9.529038e-02,9.890756e-02,1.023805e-01,1.059235e-01,1.094440e-01,1.130791e-01,1.167502e-01,1.204528e-01,1.241885e-01,1.279154e-01,1.316370e-01,1.353417e-01,1.390328e-01,1.426995e-01,1.463620e-01,1.499210e-01,1.534280e-01,1.568905e-01,1.602648e-01,1.635048e-01,1.667376e-01,1.698601e-01,1.727222e-01,1.755543e-01,1.781855e-01,1.808050e-01,1.832230e-01,1.856281e-01,1.878228e-01,1.899651e-01,1.919614e-01,1.939212e-01,1.957417e-01,1.975853e-01,1.995525e-01,2.014474e-01,2.034617e-01,2.054050e-01,2.073601e-01,2.094342e-01,2.114184e-01,2.135248e-01,2.154175e-01,2.174204e-01,2.194223e-01,2.213038e-01,2.232851e-01,2.252580e-01,2.272131e-01,2.290225e-01,2.309204e-01,2.327911e-01,2.346225e-01,2.364050e-01,2.381766e-01,2.398543e-01,2.414698e-01,2.430213e-01,2.444933e-01,2.458838e-01,2.471518e-01,2.483607e-01,2.492005e-01,2.502244e-01,2.512198e-01,2.522225e-01,2.532294e-01,2.542140e-01,2.552426e-01,2.561210e-01,2.571607e-01,2.582062e-01,2.591046e-01,2.601705e-01,2.610816e-01,2.620306e-01,2.629525e-01,2.638815e-01,2.649777e-01,2.659200e-01,2.668317e-01,2.677835e-01,2.687063e-01,2.696340e-01,2.705664e-01,2.713355e-01,2.722808e-01,2.732326e-01,2.741869e-01,2.751541e-01,2.759446e-01,2.769213e-01,2.777227e-01,2.785656e-01,2.795973e-01,2.804506e-01,2.813087e-01,2.821702e-01,2.830352e-01,2.839064e-01,2.848228e-01,2.857040e-01,2.865846e-01,2.875096e-01,2.882089e-01,2.891458e-01,2.900401e-01,2.907301e-01,2.916390e-01,2.925502e-01,2.934094e-01,2.940842e-01,2.947634e-01,2.956004e-01,2.962371e-01,2.968911e-01,2.977579e-01,2.984128e-01,2.990371e-01,2.997080e-01,3.005887e-01,3.012636e-01,3.019447e-01,3.026685e-01,3.033528e-01,3.040846e-01,3.048199e-01,3.055579e-01,3.063013e-01,3.070885e-01,3.078326e-01,3.086301e-01,3.094282e-01,3.100019e-01,3.108062e-01,3.113875e-01,3.121966e-01,3.130062e-01,3.135967e-01,3.144193e-01,3.150057e-01,3.158332e-01,3.164290e-01,3.172167e-01,3.178171e-01,3.183761e-01,3.189319e-01,3.197295e-01,3.202929e-01,3.208161e-01,3.213883e-01,3.221553e-01,3.226758e-01,3.232032e-01,3.237358e-01,3.242172e-01,3.247479e-01,3.252835e-01,3.258141e-01,3.263534e-01,3.268909e-01,3.274672e-01,3.277999e-01,3.283884e-01,3.290176e-01,3.296511e-01,3.300342e-01,3.306765e-01,3.313635e-01,3.319973e-01,3.324297e-01,3.330779e-01,3.337200e-01,3.341521e-01,3.345450e-01,3.352027e-01,3.355938e-01,3.362409e-01,3.366366e-01,3.372984e-01,3.376856e-01,3.380352e-01,3.383862e-01,3.387275e-01,3.390731e-01,3.394295e-01,3.397858e-01,3.401351e-01,3.404735e-01,3.408207e-01,3.411755e-01,3.415309e-01,3.418773e-01,3.422577e-01,3.426459e-01,3.430464e-01,3.434481e-01,3.438324e-01,3.441900e-01,3.445681e-01,3.450088e-01,3.454035e-01,3.457697e-01,3.461435e-01,3.465029e-01,3.468762e-01,3.472421e-01,3.476050e-01,3.479681e-01,3.483121e-01,3.485858e-01,3.488904e-01,3.491800e-01,3.495053e-01,3.497755e-01,3.500743e-01,3.503334e-01,3.505037e-01,3.507228e-01,3.509267e-01,3.511982e-01,3.513979e-01,3.514677e-01,3.516673e-01,3.518517e-01,3.520432e-01,3.522231e-01,3.523743e-01,3.525660e-01,3.527785e-01,3.528556e-01,3.526702e-01,3.527270e-01,3.528379e-01,3.528947e-01,3.529315e-01,3.529884e-01,3.531061e-01,3.532242e-01,3.534029e-01,3.536416e-01,3.538005e-01,3.538981e-01,3.542066e-01,3.545693e-01,3.549313e-01,3.552540e-01,3.555688e-01,3.559128e-01,3.562986e-01,3.565868e-01,3.569255e-01,3.572354e-01,3.574766e-01,3.577683e-01,3.579618e-01,3.582247e-01,3.585088e-01,3.587951e-01,3.590799e-01,3.594554e-01,3.597830e-01,3.601597e-01,3.605160e-01,3.609638e-01,3.613912e-01,3.618404e-01,3.622606e-01,3.627327e-01,3.632547e-01,3.637076e-01,3.642013e-01,3.646986e-01,3.652156e-01,3.656721e-01,3.661202e-01,3.666491e-01,3.671206e-01,3.675438e-01,3.680479e-01,3.685221e-01,3.689475e-01,3.693736e-01,3.698231e-01,3.702289e-01,3.706574e-01,3.710867e-01,3.715391e-01,3.719106e-01,3.723653e-01,3.728706e-01,3.732947e-01,3.738019e-01,3.742277e-01,3.747143e-01,3.751698e-01,3.757315e-01,3.761888e-01,3.766479e-01,3.771068e-01,3.776123e-01,3.780958e-01,3.785803e-01,3.790146e-01,3.795009e-01,3.799368e-01,3.803504e-01,3.807648e-01,3.811482e-01,3.815357e-01,3.819657e-01,3.823313e-01,3.826174e-01,3.829039e-01,3.832240e-01,3.835583e-01,3.838931e-01,3.842283e-01,3.845404e-01,3.848767e-01,3.851897e-01,3.855031e-01,3.857833e-01,3.861497e-01,3.864405e-01,3.867501e-01,3.870700e-01,3.873804e-01,3.877150e-01,3.880601e-01,3.884221e-01,3.887865e-01,3.891272e-01,3.895416e-01,3.898796e-01,3.902916e-01,3.906521e-01,3.910372e-01,3.914479e-01,3.918061e-01,3.922107e-01,3.925851e-01,3.929585e-01,3.933574e-01,3.937036e-01,3.940718e-01,3.944117e-01,3.947272e-01,3.950607e-01,3.953945e-01,3.956414e-01,3.958940e-01,3.961398e-01,3.963288e-01,3.965714e-01,3.967571e-01,3.968836e-01,3.970128e-01,3.971668e-01,3.973387e-01,3.974570e-01,3.976255e-01,3.977385e-01,3.978503e-01,3.979620e-01,3.980668e-01,3.981965e-01,3.982977e-01,3.984182e-01,3.985129e-01,3.986047e-01,3.986684e-01,3.987289e-01,3.988095e-01,3.989136e-01,3.989899e-01,3.990382e-01,3.990584e-01,3.990754e-01,3.990623e-01,3.991227e-01,3.991800e-01,3.992357e-01,3.992416e-01,3.992476e-01,3.993013e-01,3.993571e-01,3.993880e-01,3.993941e-01,3.993754e-01,3.994045e-01,3.994604e-01,3.994915e-01,3.994730e-01,3.994255e-01,3.995063e-01,3.996348e-01,3.997156e-01,3.996973e-01,3.996790e-01,3.997393e-01,3.997459e-01,3.997796e-01,3.997658e-01,3.997522e-01,3.997880e-01,3.998486e-01,3.998104e-01,3.996473e-01,3.994617e-01,3.993503e-01,3.992392e-01,3.990303e-01,3.985481e-01,3.980479e-01,3.975693e-01,3.971408e-01,3.967366e-01,3.963108e-01,3.957133e-01,3.949319e-01,3.938403e-01,3.927794e-01,3.920306e-01,3.913788e-01,3.905434e-01,3.893877e-01,3.881947e-01,3.873756e-01,3.868110e-01,3.863167e-01,3.857335e-01,3.850398e-01,3.844165e-01,3.838472e-01,3.832289e-01,3.828864e-01,3.827667e-01,3.826472e-01,3.825790e-01,3.825110e-01,3.824432e-01,3.824265e-01,3.824099e-01,3.826144e-01,3.825980e-01,3.828030e-01,3.830587e-01,3.832634e-01,3.832470e-01,3.834518e-01,3.836056e-01,3.837594e-01,3.836921e-01,3.835739e-01,3.836767e-01,3.837795e-01,3.838312e-01,3.839340e-01,3.840369e-01,3.838677e-01,3.839706e-01,3.840734e-01,3.841770e-01,3.840591e-01,3.841620e-01,3.840444e-01,3.841473e-01,3.843013e-01,3.843531e-01,3.842356e-01,3.843386e-01,3.843904e-01,3.844934e-01,3.843250e-01,3.843769e-01,3.844288e-01,3.844807e-01,3.844815e-01,3.845334e-01,3.845853e-01,3.848575e-01,3.849095e-01,3.849614e-01,3.850134e-01,3.850653e-01,3.851173e-01,3.850504e-01,3.853229e-01,3.853749e-01,3.854269e-01,3.854789e-01,3.856327e-01,3.856334e-01,3.859064e-01,3.859585e-01,3.858913e-01,3.858920e-01,3.862166e-01,3.863707e-01,3.864235e-01,3.866291e-01,3.867326e-01,3.868362e-01,3.868717e-01,3.870267e-01,3.872841e-01,3.874393e-01,3.874748e-01,3.876816e-01,3.879393e-01,3.880264e-01,3.884559e-01,3.884915e-01,3.886987e-01,3.889578e-01,3.891135e-01,3.893721e-01,3.894077e-01,3.895636e-01,3.895476e-01,3.896518e-01,3.898589e-01,3.897911e-01,3.900669e-01,3.899990e-01,3.901545e-01,3.901553e-01,3.900874e-01,3.902429e-01,3.902955e-01,3.902277e-01,3.903840e-01,3.904884e-01,3.906959e-01,3.906798e-01,3.907844e-01,3.907684e-01,3.908729e-01,3.908570e-01,3.908930e-01,3.912211e-01,3.912052e-01,3.912412e-01,3.915695e-01,3.915536e-01,3.916584e-01,3.916425e-01,3.916267e-01,3.917315e-01,3.916647e-01,3.917695e-01,3.917019e-01,3.915835e-01,3.915161e-01,3.913462e-01,3.912790e-01,3.911094e-01,3.909906e-01,3.910435e-01,3.907547e-01,3.908076e-01,3.906389e-01,3.903511e-01,3.901842e-01,3.900164e-01,3.899503e-01,3.897829e-01,3.896158e-01,3.895501e-01,3.893833e-01,3.892168e-01,3.890505e-01,3.887667e-01,3.886010e-01,3.884357e-01,3.882706e-01,3.878883e-01,3.877240e-01,3.873433e-01,3.871796e-01,3.871328e-01,3.865214e-01,3.864750e-01,3.862136e-01,3.859527e-01,3.854784e-01,3.851039e-01,3.846323e-01,3.842600e-01,3.838887e-01,3.836323e-01,3.830519e-01,3.826837e-01,3.821070e-01,3.816450e-01,3.810723e-01,3.805017e-01,3.799332e-01,3.793669e-01,3.788051e-01,3.779287e-01,3.772762e-01,3.764083e-01,3.758550e-01,3.753038e-01,3.746624e-01,3.740238e-01,3.729759e-01,3.720410e-01,3.711116e-01,3.704876e-01,3.697614e-01,3.691277e-01,3.681673e-01,3.669668e-01,3.657754e-01,3.647959e-01,3.637070e-01,3.629117e-01,3.621206e-01,3.616649e-01,3.609279e-01,3.601947e-01,3.593816e-01,3.582949e-01,3.570370e-01,3.556938e-01,3.544575e-01,3.533927e-01,3.527774e-01,3.517250e-01,3.510378e-01,3.500445e-01,3.492280e-01,3.482467e-01,3.475309e-01,3.465608e-01,3.458531e-01,3.449070e-01,3.444422e-01,3.441125e-01,3.436066e-01,3.426174e-01,3.413981e-01,3.404801e-01,3.395235e-01,3.383286e-01,3.373128e-01,3.359472e-01,3.345414e-01,3.328691e-01,3.308363e-01,3.285265e-01,3.265018e-01,3.238579e-01,3.208337e-01,3.182212e-01,3.151182e-01,3.120277e-01,3.084492e-01,3.058573e-01,3.017349e-01,2.974772e-01,2.928054e-01,2.889021e-01,2.834799e-01,2.781911e-01,2.730761e-01,2.673803e-01,2.633494e-01,2.577646e-01,2.525506e-01,2.474811e-01,2.419222e-01,2.365457e-01,2.329798e-01,2.287368e-01,2.233491e-01,2.188486e-01,2.144759e-01,2.109216e-01,2.068818e-01,2.029571e-01,1.992658e-01,1.962058e-01,1.936428e-01,1.906917e-01,1.878375e-01,1.855297e-01,1.828273e-01,1.806116e-01,1.784550e-01,1.764010e-01,1.747768e-01,1.732112e-01,1.716247e-01,1.700858e-01,1.686032e-01,1.674742e-01,1.663998e-01,1.653114e-01,1.642180e-01,1.631833e-01,1.624821e-01,1.614800e-01,1.604891e-01,1.598181e-01,1.591546e-01,1.588188e-01,1.582060e-01,1.575768e-01,1.572667e-01,1.566866e-01,1.563774e-01,1.561011e-01,1.558001e-01,1.555118e-01,1.552405e-01,1.549599e-01,1.546767e-01,1.543875e-01,1.543773e-01,1.540942e-01,1.541140e-01,1.541339e-01,1.541581e-01,1.539021e-01,1.539072e-01,1.539463e-01,1.539663e-01,1.542917e-01,1.543160e-01,1.543735e-01,1.544056e-01,1.547401e-01,1.547721e-01,1.551228e-01,1.554599e-01,1.558329e-01,1.559135e-01,1.562426e-01,1.568682e-01,1.572547e-01,1.576154e-01,1.582562e-01,1.588977e-01,1.595651e-01,1.605163e-01,1.611978e-01,1.618733e-01,1.628421e-01,1.634987e-01,1.645053e-01,1.654962e-01,1.661809e-01,1.675228e-01,1.682436e-01,1.692843e-01,1.703201e-01,1.710803e-01,1.725164e-01,1.732457e-01,1.743161e-01,1.754261e-01,1.765659e-01,1.773521e-01,1.784985e-01,1.796667e-01,1.805034e-01,1.821114e-01,1.829508e-01,1.841985e-01,1.854929e-01,1.867649e-01,1.876896e-01,1.889903e-01,1.903985e-01,1.917638e-01,1.927237e-01,1.940915e-01,1.955391e-01,1.964871e-01,1.979923e-01,1.990439e-01,2.005972e-01,2.016186e-01,2.026851e-01,2.042385e-01,2.053074e-01,2.063883e-01,2.080617e-01,2.091738e-01,2.103281e-01,2.114888e-01,2.126404e-01,2.143639e-01,2.150381e-01,2.168424e-01,2.181131e-01,2.187482e-01,2.199779e-01,2.219051e-01,2.225998e-01,2.239099e-01,2.252138e-01,2.265570e-01,2.279249e-01,2.286558e-01,2.300427e-01,2.314499e-01,2.321910e-01,2.336619e-01,2.344931e-01,2.359420e-01,2.374928e-01,2.383356e-01,2.399565e-01,2.407917e-01,2.422790e-01,2.431296e-01,2.447751e-01,2.456020e-01,2.464424e-01,2.480584e-01,2.489166e-01,2.497465e-01,2.513313e-01,2.521796e-01,2.530320e-01,2.538567e-01,2.555436e-01,2.563858e-01,2.572338e-01,2.581251e-01,2.589852e-01,2.598514e-01,2.608084e-01,2.616475e-01,2.622242e-01,2.630176e-01,2.637766e-01,2.645731e-01,2.653352e-01,2.661978e-01,2.668710e-01,2.678701e-01,2.685597e-01,2.693864e-01,2.700693e-01,2.708630e-01,2.716889e-01,2.725276e-01,2.732764e-01,2.741678e-01,2.750569e-01,2.756702e-01,2.766735e-01,2.772408e-01,2.780587e-01,2.788360e-01,2.794817e-01,2.802297e-01,2.810279e-01,2.818561e-01,2.824159e-01,2.831507e-01,2.838262e-01,2.844204e-01,2.848481e-01,2.854949e-01,2.860298e-01,2.868810e-01,2.875455e-01,2.882516e-01,2.891246e-01,2.897888e-01,2.902251e-01,2.908448e-01,2.913428e-01,2.919087e-01,2.925653e-01,2.932171e-01,2.936802e-01,2.943532e-01,2.949017e-01,2.955713e-01,2.961318e-01,2.966738e-01,2.969613e-01,2.976318e-01,2.979120e-01,2.984284e-01,2.988773e-01,2.995110e-01,2.999706e-01,3.004859e-01,3.008328e-01,3.012960e-01,3.016370e-01,3.022187e-01,3.024450e-01,3.029665e-01,3.034988e-01,3.039619e-01,3.045518e-01,3.048994e-01,3.052459e-01,3.057213e-01,3.059520e-01,3.063649e-01,3.065964e-01,3.070108e-01,3.070583e-01,3.075787e-01,3.078842e-01,3.083592e-01,3.085353e-01,3.088908e-01,3.091328e-01,3.094894e-01,3.094946e-01,3.098773e-01,3.100800e-01,3.104544e-01,3.106481e-01,3.110239e-01,3.111615e-01,3.115288e-01,3.114768e-01,3.119212e-01,3.119260e-01,3.120286e-01,3.120929e-01,3.123291e-01,3.121102e-01,3.122796e-01,3.121373e-01,3.123475e-01,3.120623e-01,3.120414e-01,3.119564e-01,3.119924e-01,3.117844e-01,3.116974e-01,3.115058e-01,3.115419e-01,3.112591e-01,3.112952e-01,3.110132e-01,3.109678e-01,3.110158e-01,3.118955e-01,3.116126e-01,3.116331e-01,3.114985e-01,3.113308e-01,3.110904e-01,3.109894e-01,3.108155e-01,3.107054e-01,3.104668e-01,3.103016e-01,3.098377e-01,3.097217e-01,3.095175e-01,3.091767e-01,3.089090e-01,3.086895e-01,3.081369e-01,3.080452e-01,3.076139e-01,3.073735e-01,3.071260e-01,3.069333e-01,3.064497e-01,3.062040e-01,3.057246e-01,3.054249e-01,3.051183e-01,3.045803e-01,3.041676e-01,3.038107e-01,3.032250e-01,3.029311e-01,3.025865e-01,3.022338e-01,3.018374e-01,3.014868e-01,3.009632e-01,3.007441e-01,3.002928e-01,2.998342e-01,2.993772e-01,2.990616e-01,2.986072e-01,2.983845e-01,2.979920e-01,2.977780e-01,2.972268e-01,2.969473e-01,2.964384e-01,2.961571e-01,2.958687e-01,2.955312e-01,2.951946e-01,2.949669e-01,2.945323e-01,2.945099e-01,2.942427e-01,2.939869e-01,2.937126e-01,2.936797e-01,2.934413e-01,2.933511e-01,2.928932e-01,2.927544e-01,2.927790e-01,2.923801e-01,2.921365e-01,2.918850e-01,2.915373e-01,2.912287e-01,2.909388e-01,2.907279e-01,2.902615e-01,2.898268e-01,2.894590e-01,2.890532e-01,2.884828e-01,2.881193e-01,2.877100e-01,2.871461e-01,2.864462e-01,2.859046e-01,2.856116e-01,2.850275e-01,2.843925e-01,2.837606e-01,2.832302e-01,2.828157e-01,2.821465e-01,2.817275e-01,2.813176e-01,2.809980e-01,2.804788e-01,2.800653e-01,2.797489e-01,2.794849e-01,2.791700e-01,2.788488e-01,2.785868e-01,2.786027e-01,2.786769e-01,2.783062e-01,2.782201e-01,2.780906e-01,2.779105e-01,2.780575e-01,2.780227e-01,2.778862e-01,2.778007e-01,2.776999e-01,2.776146e-01,2.773777e-01,2.772349e-01,2.769485e-01,2.767561e-01,2.765714e-01,2.765803e-01,2.765391e-01,2.764397e-01,2.765845e-01,2.765789e-01,2.766308e-01,2.765897e-01,2.767208e-01,2.767572e-01,2.769022e-01,2.771544e-01,2.772494e-01,2.773874e-01,2.776687e-01,2.777705e-01,2.780168e-01,2.781121e-01,2.783156e-01,2.783663e-01,2.783886e-01,2.783460e-01,2.783108e-01,2.782391e-01,2.781240e-01,2.779935e-01,2.780157e-01,2.779946e-01,2.781613e-01,2.779450e-01,2.779157e-01,2.778008e-01,2.777292e-01,2.778523e-01,2.777301e-01,2.776584e-01,2.777170e-01,2.776233e-01,2.776527e-01,2.776176e-01,2.775256e-01,2.772030e-01,2.771617e-01,2.769763e-01,2.768348e-01,2.762738e-01,2.760846e-01,2.758038e-01,2.754237e-01,2.751520e-01,2.748810e-01,2.743668e-01,2.739086e-01,2.734189e-01,2.726895e-01,2.719718e-01,2.709900e-01,2.698037e-01,2.691155e-01,2.683764e-01,2.676037e-01,2.659494e-01,2.642719e-01,2.634824e-01,2.618922e-01,2.594708e-01,2.578374e-01,2.562842e-01,2.539784e-01,2.516667e-01,2.494064e-01,2.471162e-01,2.448993e-01,2.413038e-01,2.391640e-01,2.343687e-01,2.309805e-01,2.272206e-01,2.241458e-01,2.199780e-01,2.166125e-01,2.122966e-01,2.083494e-01,2.024737e-01,1.977967e-01,1.933717e-01,1.883096e-01,1.838680e-01,1.785654e-01,1.738459e-01,1.665568e-01,1.613301e-01,1.561742e-01,1.513687e-01,1.457498e-01,1.411793e-01,1.342616e-01,1.294399e-01,1.249982e-01,1.207463e-01,1.164309e-01,1.113283e-01,1.074946e-01,1.041845e-01,1.010551e-01,9.802260e-02,9.453485e-02,9.203644e-02,8.986403e-02,8.791911e-02,8.624260e-02,8.390617e-02,8.252821e-02,8.126447e-02,7.997994e-02,7.871065e-02,7.751367e-02,7.671653e-02,7.596302e-02,7.523772e-02,7.453963e-02,7.388202e-02,7.353342e-02,7.293079e-02,7.261838e-02,7.206283e-02,7.180112e-02,7.152818e-02,7.128016e-02,7.105096e-02,7.082758e-02,7.061101e-02,7.061646e-02,7.039851e-02,7.040525e-02,7.021130e-02,7.021350e-02,7.022267e-02,7.024550e-02,7.004098e-02,7.004895e-02,7.004334e-02,7.005243e-02,7.025889e-02,7.025775e-02,7.025308e-02,7.023122e-02,7.044032e-02,7.042540e-02,7.064200e-02,7.063966e-02,7.085917e-02,7.109794e-02,7.111187e-02,7.137240e-02,7.163517e-02,7.190259e-02,7.219472e-02,7.223781e-02,7.254662e-02,7.285172e-02,7.316957e-02,7.348253e-02,7.380974e-02,7.413172e-02,7.447680e-02,7.480897e-02,7.514717e-02,7.549346e-02,7.584414e-02,7.618586e-02,7.655148e-02,7.692207e-02,7.729605e-02,7.768061e-02,7.841908e-02,7.846636e-02,7.924053e-02,7.966352e-02,7.971548e-02,8.041641e-02,8.085752e-02,8.139266e-02,8.177903e-02,8.242072e-02,8.281853e-02,8.317908e-02,8.382215e-02,8.430263e-02,8.487820e-02,8.531828e-02,8.600126e-02,8.640685e-02,8.707955e-02,8.756414e-02,8.798292e-02,8.867964e-02,8.918501e-02,8.986145e-02,9.030763e-02,9.100279e-02,9.145103e-02,9.211488e-02,9.264627e-02,9.324385e-02,9.372531e-02,9.442339e-02,9.492483e-02,9.557557e-02,9.607151e-02,9.675612e-02,9.722559e-02,9.794535e-02,9.849510e-02,9.891877e-02,9.967653e-02,1.004515e-01,1.009808e-01,1.016878e-01,1.022356e-01,1.029634e-01,1.034333e-01,1.041954e-01,1.046705e-01,1.053498e-01,1.058262e-01,1.066147e-01,1.071020e-01,1.077914e-01,1.082769e-01,1.090109e-01,1.093847e-01,1.100497e-01,1.105639e-01,1.111977e-01,1.119568e-01,1.123159e-01,1.129774e-01,1.134095e-01,1.141445e-01,1.143997e-01,1.150945e-01,1.157324e-01,1.161928e-01,1.167175e-01,1.171178e-01,1.178569e-01,1.181337e-01,1.188166e-01,1.193724e-01,1.197963e-01,1.203640e-01,1.206557e-01,1.213107e-01,1.220416e-01,1.223236e-01,1.229222e-01,1.232296e-01,1.236888e-01,1.243042e-01,1.246200e-01,1.252470e-01,1.256529e-01,1.261550e-01,1.266617e-01,1.270148e-01,1.275497e-01,1.283219e-01,1.285174e-01,1.293238e-01,1.295223e-01,1.303016e-01,1.309402e-01,1.312167e-01,1.318449e-01,1.324595e-01,1.329018e-01,1.334275e-01,1.340611e-01,1.345172e-01,1.349561e-01,1.357102e-01,1.359903e-01,1.365879e-01,1.372812e-01,1.377209e-01,1.382298e-01,1.390938e-01,1.394340e-01,1.400888e-01,1.406611e-01,1.411210e-01,1.417968e-01,1.423621e-01,1.427192e-01,1.433863e-01,1.439435e-01,1.444087e-01,1.447548e-01,1.454440e-01,1.460197e-01,1.464740e-01,1.468314e-01,1.475476e-01,1.479109e-01,1.484016e-01,1.490043e-01,1.495033e-01,1.498814e-01,1.504096e-01,1.510307e-01,1.515448e-01,1.519073e-01,1.524282e-01,1.530496e-01,1.533277e-01,1.540902e-01,1.544671e-01,1.549849e-01,1.552475e-01,1.557760e-01,1.561393e-01,1.566705e-01,1.572059e-01,1.573334e-01,1.578788e-01,1.584239e-01,1.587005e-01,1.591043e-01,1.593836e-01,1.599409e-01,1.602284e-01,1.607926e-01,1.613613e-01,1.619348e-01,1.620713e-01,1.626506e-01,1.629734e-01,1.635600e-01,1.638576e-01,1.641565e-01,1.645980e-01,1.648757e-01,1.651789e-01,1.657840e-01,1.660666e-01,1.663556e-01,1.664764e-01,1.670928e-01,1.673565e-01,1.676512e-01,1.677745e-01,1.680659e-01,1.683338e-01,1.684391e-01,1.687336e-01,1.690045e-01,1.692768e-01,1.695502e-01,1.698249e-01,1.699333e-01,1.698640e-01,1.701405e-01,1.704182e-01,1.706972e-01,1.709828e-01,1.712394e-01,1.715222e-01,1.714524e-01,1.717113e-01,1.719715e-01,1.722132e-01,1.721179e-01,1.723552e-01,1.725685e-01,1.724531e-01,1.726421e-01,1.728321e-01,1.726857e-01,1.730592e-01,1.728925e-01,1.730849e-01,1.729126e-01,1.732900e-01,1.731481e-01,1.733430e-01,1.733806e-01,1.735771e-01,1.734548e-01,1.738445e-01,1.736963e-01,1.737353e-01,1.739349e-01,1.743042e-01,1.743190e-01,1.744962e-01,1.745117e-01,1.743367e-01,1.746808e-01,1.745108e-01,1.748833e-01,1.749002e-01,1.747244e-01,1.751262e-01,1.749759e-01,1.750508e-01,1.750948e-01,1.749962e-01,1.750922e-01,1.751886e-01,1.750951e-01,1.752439e-01,1.751710e-01,1.756845e-01,1.756429e-01,1.758193e-01,1.759961e-01,1.760014e-01,1.762048e-01,1.762154e-01,1.764456e-01,1.764772e-01,1.767079e-01,1.767448e-01,1.769762e-01,1.770341e-01,1.772924e-01,1.773557e-01,1.774137e-01,1.776727e-01,1.773582e-01,1.774215e-01,1.775058e-01,1.777647e-01,1.778227e-01,1.778862e-01,1.779706e-01,1.780287e-01,1.778857e-01,1.775773e-01,1.776353e-01,1.774933e-01,1.773255e-01,1.768166e-01,1.768797e-01,1.767135e-01,1.763510e-01,1.758494e-01,1.756857e-01,1.753337e-01,1.748133e-01,1.744343e-01,1.742740e-01,1.735454e-01,1.731725e-01,1.724593e-01,1.720915e-01,1.711988e-01,1.708370e-01,1.699331e-01,1.695771e-01,1.688911e-01,1.683877e-01,1.677174e-01,1.668992e-01,1.665824e-01,1.657771e-01,1.651503e-01,1.646728e-01,1.640557e-01,1.632786e-01,1.629830e-01,1.622178e-01,1.619222e-01,1.613293e-01,1.605579e-01,1.599522e-01,1.593516e-01,1.587560e-01,1.584556e-01,1.578434e-01,1.572604e-01,1.565318e-01,1.559596e-01,1.558151e-01,1.552489e-01,1.548336e-01,1.540064e-01,1.536266e-01,1.530783e-01,1.529399e-01,1.525387e-01,1.521162e-01,1.517198e-01,1.511633e-01,1.507724e-01,1.503604e-01,1.498145e-01,1.492730e-01,1.486214e-01,1.482257e-01,1.474293e-01,1.469061e-01,1.465162e-01,1.461285e-01,1.453787e-01,1.449974e-01,1.446182e-01,1.442411e-01,1.436360e-01,1.431413e-01,1.425462e-01,1.421806e-01,1.418170e-01,1.414553e-01,1.408753e-01,1.405222e-01,1.399729e-01,1.397377e-01,1.391730e-01,1.389406e-01,1.384969e-01,1.383584e-01,1.379186e-01,1.376903e-01,1.373449e-01,1.372082e-01,1.365483e-01,1.365235e-01,1.360736e-01,1.357359e-01,1.354927e-01,1.352662e-01,1.350026e-01,1.345374e-01,1.340091e-01,1.337497e-01,1.334009e-01,1.329490e-01,1.324999e-01,1.323491e-01,1.316076e-01,1.311455e-01,1.308953e-01,1.304590e-01,1.299015e-01,1.294714e-01,1.291281e-01,1.283174e-01,1.279798e-01,1.275616e-01,1.271673e-01,1.266573e-01,1.259220e-01,1.257098e-01,1.252326e-01,1.248738e-01,1.245173e-01,1.241631e-01,1.236429e-01,1.233830e-01,1.230567e-01,1.227995e-01,1.224768e-01,1.219218e-01,1.218480e-01,1.214376e-01,1.211235e-01,1.208114e-01,1.205852e-01,1.200713e-01,1.198486e-01,1.197094e-01,1.194062e-01,1.191865e-01,1.185178e-01,1.183225e-01,1.181077e-01,1.178940e-01,1.173888e-01,1.171001e-01,1.168131e-01,1.163649e-01,1.161588e-01,1.156500e-01,1.153717e-01,1.149365e-01,1.147166e-01,1.140882e-01,1.139875e-01,1.135642e-01,1.131430e-01,1.129307e-01,1.123251e-01,1.120460e-01,1.116395e-01,1.114321e-01,1.107969e-01,1.105267e-01,1.102005e-01,1.099336e-01,1.092988e-01,1.090176e-01,1.086368e-01,1.083580e-01,1.077460e-01,1.072742e-01,1.068873e-01,1.066622e-01,1.060332e-01,1.057506e-01,1.053373e-01,1.050391e-01,1.043925e-01,1.114417e-02,1.114417e-02,1.114417e-02,1.114417e-02,1.114417e-02,1.114417e-02,1.114417e-02,1.114417e-02,1.114417e-02,1.114417e-02,1.114417e-02,1.114417e-02,1.114417e-02,1.114417e-02,1.114417e-02,1.114417e-02,1.114417e-02,1.114417e-02,1.114417e-02,1.114417e-02,1.114417e-02,1.114417e-02,1.114417e-02,1.114417e-02,1.114417e-02,1.114417e-02,1.114417e-02,1.114417e-02,1.114417e-02,1.114417e-02,1.114417e-02,1.114417e-02,1.114417e-02,1.114417e-02,1.114417e-02,1.114417e-02,1.114417e-02,1.114417e-02,1.114417e-02,1.114417e-02,1.114417e-02,1.114417e-02,1.114417e-02,1.114417e-02,1.114417e-02,1.114417e-02,1.114417e-02,1.114417e-02,1.114417e-02,1.114417e-02,1.114417e-02,1.114417e-02,1.114417e-02,1.114417e-02,1.114417e-02,1.114417e-02,1.114417e-02,1.114417e-02,1.114417e-02,1.114417e-02,1.114417e-02,1.114417e-02,1.114417e-02,1.114417e-02,1.114417e-02,1.114417e-02,1.114417e-02,1.114417e-02,1.114417e-02,1.114417e-02,1.114417e-02,1.114417e-02,1.114417e-02,1.114417e-02,1.114417e-02,1.114417e-02,1.114417e-02,1.114417e-02,1.114417e-02,1.114417e-02,1.114417e-02,1.114417e-02,1.114417e-02,1.114417e-02,1.114417e-02,1.114417e-02,1.114417e-02,1.114417e-02,1.114417e-02,1.114417e-02,1.114417e-02,1.114417e-02,1.114417e-02,1.114417e-02,1.114417e-02,1.114417e-02,1.114417e-02,1.114417e-02,1.114417e-02,1.114417e-02,1.114417e-02,1.114417e-02,1.114417e-02,1.114417e-02,1.114417e-02,1.114417e-02,1.114417e-02,1.114417e-02,1.114417e-02,1.114417e-02,1.114417e-02,1.114417e-02,1.114417e-02,1.114417e-02,1.114417e-02,1.114417e-02,1.114417e-02,1.114417e-02,1.114417e-02,1.114417e-02,1.114417e-02,1.114417e-02,1.114417e-02,1.114417e-02,1.114417e-02,1.114417e-02,1.114417e-02,1.114417e-02,1.114417e-02,1.114417e-02,1.114417e-02,1.114417e-02,1.114417e-02,1.114417e-02,1.114417e-02,1.114417e-02,1.114417e-02,1.114417e-02,1.114417e-02,1.114417e-02,1.114417e-02,1.114417e-02,1.114417e-02,1.114417e-02,1.114417e-02,1.114417e-02,1.114417e-02,1.114417e-02,1.114417e-02,1.114417e-02,1.114417e-02,1.114417e-02,1.114417e-02,1.114417e-02,1.114417e-02,1.114417e-02,1.114417e-02,1.114417e-02,1.114417e-02,1.114417e-02,1.114417e-02
1.658594e-02,1.656338e-02,1.653711e-02,1.651212e-02,1.648833e-02,1.646585e-02,1.644007e-02,1.641849e-02,1.639720e-02,1.637140e-02,1.634956e-02,1.632299e-02,1.630169e-02,1.628100e-02,1.625614e-02,1.623582e-02,1.621555e-02,1.619520e-02,1.617936e-02,1.615923e-02,1.614266e-02,1.612547e-02,1.610863e-02,1.609591e-02,1.608411e-02,1.606768e-02,1.605518e-02,1.604662e-02,1.603408e-02,1.602194e-02,1.601371e-02,1.600090e-02,1.599306e-02,1.598112e-02,1.597383e-02,1.596667e-02,1.595517e-02,1.594840e-02,1.594204e-02,1.593127e-02,1.592529e-02,1.592028e-02,1.591151e-02,1.590702e-02,1.589928e-02,1.589671e-02,1.589482e-02,1.588897e-02,1.589025e-02,1.589334e-02,1.589467e-02,1.590327e-02,1.591544e-02,1.592996e-02,1.594649e-02,1.596439e-02,1.598851e-02,1.601020e-02,1.603121e-02,1.605460e-02,1.607203e-02,1.608815e-02,1.610336e-02,1.611286e-02,1.612711e-02,1.613941e-02,1.615326e-02,1.616572e-02,1.617109e-02,1.618211e-02,1.619329e-02,1.619625e-02,1.620436e-02,1.621411e-02,1.621964e-02,1.622960e-02,1.624053e-02,1.625822e-02,1.627184e-02,1.629055e-02,1.631097e-02,1.633523e-02,1.637003e-02,1.640859e-02,1.645127e-02,1.650642e-02,1.657113e-02,1.664461e-02,1.673597e-02,1.684155e-02,1.696267e-02,1.709757e-02,1.725991e-02,1.744684e-02,1.765990e-02,1.790103e-02,1.818188e-02,1.850181e-02,1.886390e-02,1.927435e-02,1.974073e-02,2.025626e-02,2.083028e-02,2.147187e-02,2.218407e-02,2.296354e-02,2.382291e-02,2.476302e-02,2.578292e-02,2.686882e-02,2.804735e-02,2.931358e-02,3.066017e-02,3.208906e-02,3.358641e-02,3.510742e-02,3.664762e-02,3.817999e-02,3.967101e-02,4.109692e-02,4.242251e-02,4.361726e-02,4.466616e-02,4.552778e-02,4.617212e-02,4.659323e-02,4.675932e-02,4.674285e-02,4.652837e-02,4.614119e-02,4.561860e-02,4.500353e-02,4.433099e-02,4.353632e-02,4.270331e-02,4.183586e-02,4.095995e-02,4.007803e-02,3.922848e-02,3.839682e-02,3.762647e-02,3.685379e-02,3.612124e-02,3.547593e-02,3.485848e-02,3.432430e-02,3.381849e-02,3.338580e-02,3.296895e-02,3.259409e-02,3.226387e-02,3.193906e-02,3.163874e-02,3.134977e-02,3.107279e-02,3.079825e-02,3.052688e-02,3.028227e-02,3.002442e-02,2.977607e-02,2.954173e-02,2.931400e-02,2.904775e-02,2.876838e-02,2.846437e-02,2.813289e-02,2.778432e-02,2.739821e-02,2.701014e-02,2.660757e-02,2.620120e-02,2.579517e-02,2.539610e-02,2.501171e-02,2.464793e-02,2.429911e-02,2.397220e-02,2.366573e-02,2.338548e-02,2.311866e-02,2.286874e-02,2.263210e-02,2.241261e-02,2.220523e-02,2.201290e-02,2.182795e-02,2.165869e-02,2.150303e-02,2.135997e-02,2.122240e-02,2.110367e-02,2.099335e-02,2.089335e-02,2.079297e-02,2.071135e-02,2.063740e-02,2.056682e-02,2.050013e-02,2.043212e-02,2.036227e-02,2.028189e-02,2.019876e-02,2.011247e-02,2.001472e-02,1.989968e-02,1.978356e-02,1.965262e-02,1.950913e-02,1.935901e-02,1.920450e-02,1.904536e-02,1.888628e-02,1.872564e-02,1.856660e-02,1.840658e-02,1.825434e-02,1.810924e-02,1.797389e-02,1.784852e-02,1.773439e-02,1.763666e-02,1.754132e-02,1.746597e-02,1.739821e-02,1.734637e-02,1.729785e-02,1.725672e-02,1.722745e-02,1.720364e-02,1.718091e-02,1.715286e-02,1.712776e-02,1.709168e-02,1.703811e-02,1.697822e-02,1.689942e-02,1.680752e-02,1.668994e-02,1.656584e-02,1.643043e-02,1.629230e-02,1.614468e-02,1.599831e-02,1.585158e-02,1.571092e-02,1.557633e-02,1.545773e-02,1.534595e-02,1.524550e-02,1.516585e-02,1.509138e-02,1.503290e-02,1.497585e-02,1.492752e-02,1.487443e-02,1.482291e-02,1.476463e-02,1.470523e-02,1.463909e-02,1.457316e-02,1.450455e-02,1.443965e-02,1.437615e-02,1.432231e-02,1.427558e-02,1.423122e-02,1.419765e-02,1.416786e-02,1.414729e-02,1.412817e-02,1.411600e-02,1.410364e-02,1.409737e-02,1.408922e-02,1.408649e-02,1.408128e-02,1.408103e-02,1.407865e-02,1.407754e-02,1.408406e-02,1.408867e-02,1.410608e-02,1.412572e-02,1.416265e-02,1.422155e-02,1.431291e-02,1.444670e-02,1.464996e-02,1.493253e-02,1.533427e-02,1.587755e-02,1.659730e-02,1.751789e-02,1.868197e-02,2.010132e-02,2.176463e-02,2.370634e-02,2.591889e-02,2.839159e-02,3.108344e-02,3.400264e-02,3.712507e-02,4.039025e-02,4.377669e-02,4.728163e-02,5.086974e-02,5.454931e-02,5.830363e-02,6.214277e-02,6.615331e-02,7.019550e-02,7.432294e-02,7.856292e-02,8.291617e-02,8.740470e-02,9.199873e-02,9.673544e-02,1.015922e-01,1.065655e-01,1.116766e-01,1.171244e-01,1.224828e-01,1.279709e-01,1.334857e-01,1.391703e-01,1.449430e-01,1.508017e-01,1.567310e-01,1.627083e-01,1.687215e-01,1.747527e-01,1.807709e-01,1.868357e-01,1.929056e-01,1.988287e-01,2.047197e-01,2.105791e-01,2.163224e-01,2.218967e-01,2.274639e-01,2.328602e-01,2.378756e-01,2.428736e-01,2.475520e-01,2.521876e-01,2.564910e-01,2.607370e-01,2.646214e-01,2.684102e-01,2.719070e-01,2.752716e-01,2.784803e-01,2.817472e-01,2.852256e-01,2.886268e-01,2.922296e-01,2.957651e-01,2.993390e-01,3.031154e-01,3.067839e-01,3.106648e-01,3.142398e-01,3.179982e-01,3.217704e-01,3.253682e-01,3.291213e-01,3.328712e-01,3.365926e-01,3.400772e-01,3.436842e-01,3.472373e-01,3.507031e-01,3.540537e-01,3.573057e-01,3.604036e-01,3.633466e-01,3.661293e-01,3.687054e-01,3.710692e-01,3.731967e-01,3.750810e-01,3.763509e-01,3.778754e-01,3.794068e-01,3.809525e-01,3.825020e-01,3.840778e-01,3.856765e-01,3.870164e-01,3.886349e-01,3.902615e-01,3.916416e-01,3.933144e-01,3.947197e-01,3.961287e-01,3.975547e-01,3.989956e-01,4.007230e-01,4.021909e-01,4.036658e-01,4.051489e-01,4.066462e-01,4.081532e-01,4.096665e-01,4.109010e-01,4.124452e-01,4.140030e-01,4.155615e-01,4.171539e-01,4.184317e-01,4.200431e-01,4.213452e-01,4.226596e-01,4.243123e-01,4.256486e-01,4.269947e-01,4.283473e-01,4.297064e-01,4.310793e-01,4.324730e-01,4.338668e-01,4.352562e-01,4.366631e-01,4.377310e-01,4.391645e-01,4.405790e-01,4.416107e-01,4.430596e-01,4.445119e-01,4.459206e-01,4.470076e-01,4.481050e-01,4.495494e-01,4.506297e-01,4.517570e-01,4.532788e-01,4.544053e-01,4.555515e-01,4.567207e-01,4.582740e-01,4.594513e-01,4.606443e-01,4.618484e-01,4.630476e-01,4.642710e-01,4.655022e-01,4.667437e-01,4.679948e-01,4.692577e-01,4.705069e-01,4.717952e-01,4.730828e-01,4.739468e-01,4.752484e-01,4.761312e-01,4.774425e-01,4.787532e-01,4.796624e-01,4.810065e-01,4.818960e-01,4.832503e-01,4.841641e-01,4.855149e-01,4.864390e-01,4.873581e-01,4.882722e-01,4.896454e-01,4.905740e-01,4.915023e-01,4.924544e-01,4.938515e-01,4.947743e-01,4.957115e-01,4.966631e-01,4.975836e-01,4.985283e-01,4.994924e-01,5.004353e-01,5.014034e-01,5.023656e-01,5.033254e-01,5.038123e-01,5.048010e-01,5.057926e-01,5.067902e-01,5.073009e-01,5.083219e-01,5.093566e-01,5.103493e-01,5.108793e-01,5.119122e-01,5.129315e-01,5.134569e-01,5.139895e-01,5.150521e-01,5.155775e-01,5.165996e-01,5.171433e-01,5.182068e-01,5.187173e-01,5.192408e-01,5.197742e-01,5.202716e-01,5.207816e-01,5.213301e-01,5.218714e-01,5.223910e-01,5.228771e-01,5.233959e-01,5.239308e-01,5.244670e-01,5.249753e-01,5.254635e-01,5.259681e-01,5.265091e-01,5.270595e-01,5.275501e-01,5.279588e-01,5.284357e-01,5.289648e-01,5.294835e-01,5.299218e-01,5.302452e-01,5.306610e-01,5.311116e-01,5.315392e-01,5.319634e-01,5.323805e-01,5.327457e-01,5.329625e-01,5.331997e-01,5.335583e-01,5.338569e-01,5.341557e-01,5.345040e-01,5.347384e-01,5.347255e-01,5.348304e-01,5.350572e-01,5.353498e-01,5.354015e-01,5.350829e-01,5.351269e-01,5.352928e-01,5.353410e-01,5.353316e-01,5.352575e-01,5.353057e-01,5.354228e-01,5.349943e-01,5.338890e-01,5.334029e-01,5.332162e-01,5.327316e-01,5.321957e-01,5.317133e-01,5.314121e-01,5.311193e-01,5.309987e-01,5.309621e-01,5.307897e-01,5.304301e-01,5.305690e-01,5.309874e-01,5.313107e-01,5.316103e-01,5.319224e-01,5.322831e-01,5.327732e-01,5.331273e-01,5.336070e-01,5.340311e-01,5.343750e-01,5.348450e-01,5.351779e-01,5.355925e-01,5.360690e-01,5.366451e-01,5.371237e-01,5.377391e-01,5.383360e-01,5.389545e-01,5.395125e-01,5.402015e-01,5.408376e-01,5.415381e-01,5.421747e-01,5.429423e-01,5.437253e-01,5.444274e-01,5.451559e-01,5.459974e-01,5.467951e-01,5.475066e-01,5.482317e-01,5.490327e-01,5.498275e-01,5.506049e-01,5.514661e-01,5.522691e-01,5.530614e-01,5.538562e-01,5.547137e-01,5.554475e-01,5.562503e-01,5.570557e-01,5.579312e-01,5.587329e-01,5.596085e-01,5.605072e-01,5.613316e-01,5.622368e-01,5.630670e-01,5.639096e-01,5.646905e-01,5.656227e-01,5.664091e-01,5.671927e-01,5.679843e-01,5.689194e-01,5.697873e-01,5.706583e-01,5.715175e-01,5.723946e-01,5.732599e-01,5.740562e-01,5.748550e-01,5.755842e-01,5.764455e-01,5.773300e-01,5.781241e-01,5.787053e-01,5.792879e-01,5.799405e-01,5.806737e-01,5.814090e-01,5.821464e-01,5.828113e-01,5.835527e-01,5.842213e-01,5.848915e-01,5.854931e-01,5.861826e-01,5.867821e-01,5.873281e-01,5.878701e-01,5.884185e-01,5.890444e-01,5.896666e-01,5.902381e-01,5.908077e-01,5.913013e-01,5.918824e-01,5.923708e-01,5.929471e-01,5.933618e-01,5.938551e-01,5.942807e-01,5.946903e-01,5.951027e-01,5.955802e-01,5.960485e-01,5.964484e-01,5.968321e-01,5.971396e-01,5.975097e-01,5.978011e-01,5.981574e-01,5.985141e-01,5.987625e-01,5.990161e-01,5.992551e-01,5.994698e-01,5.997018e-01,5.999093e-01,6.000948e-01,6.001282e-01,6.002413e-01,6.004195e-01,6.005805e-01,6.007514e-01,6.007574e-01,6.007536e-01,6.007498e-01,6.007312e-01,6.007924e-01,6.007663e-01,6.008151e-01,6.007749e-01,6.007288e-01,6.005962e-01,6.004571e-01,6.003942e-01,6.004013e-01,6.003227e-01,6.001579e-01,5.999071e-01,5.996499e-01,5.993095e-01,5.991981e-01,5.990800e-01,5.989586e-01,5.986792e-01,5.984002e-01,5.982820e-01,5.981613e-01,5.979618e-01,5.976839e-01,5.973278e-01,5.971320e-01,5.970121e-01,5.968139e-01,5.964594e-01,5.961666e-01,5.961255e-01,5.962436e-01,5.962025e-01,5.958492e-01,5.954965e-01,5.952392e-01,5.949653e-01,5.946342e-01,5.941457e-01,5.936583e-01,5.933262e-01,5.930717e-01,5.925098e-01,5.915697e-01,5.905539e-01,5.897702e-01,5.889893e-01,5.879093e-01,5.861434e-01,5.841841e-01,5.824459e-01,5.808667e-01,5.793758e-01,5.778175e-01,5.758954e-01,5.732948e-01,5.699377e-01,5.666973e-01,5.643869e-01,5.623700e-01,5.598350e-01,5.564102e-01,5.528999e-01,5.504681e-01,5.487623e-01,5.472593e-01,5.455150e-01,5.434731e-01,5.416349e-01,5.398333e-01,5.380254e-01,5.368485e-01,5.362796e-01,5.357123e-01,5.351593e-01,5.346079e-01,5.340579e-01,5.335222e-01,5.329878e-01,5.330475e-01,5.325145e-01,5.325830e-01,5.326555e-01,5.327152e-01,5.321834e-01,5.322432e-01,5.322902e-01,5.323373e-01,5.317940e-01,5.312395e-01,5.312739e-01,5.313082e-01,5.313298e-01,5.313642e-01,5.313985e-01,5.308328e-01,5.308672e-01,5.309015e-01,5.309449e-01,5.303933e-01,5.304277e-01,5.298776e-01,5.299119e-01,5.299589e-01,5.299807e-01,5.294320e-01,5.294663e-01,5.294881e-01,5.295225e-01,5.289627e-01,5.289844e-01,5.290062e-01,5.290280e-01,5.290372e-01,5.290590e-01,5.290807e-01,5.296841e-01,5.297058e-01,5.297276e-01,5.297494e-01,5.297712e-01,5.297930e-01,5.296907e-01,5.302952e-01,5.303170e-01,5.303388e-01,5.303606e-01,5.308419e-01,5.308510e-01,5.314582e-01,5.314800e-01,5.313769e-01,5.313859e-01,5.320071e-01,5.324915e-01,5.325223e-01,5.330205e-01,5.330553e-01,5.330900e-01,5.330119e-01,5.330596e-01,5.335718e-01,5.336195e-01,5.335413e-01,5.336021e-01,5.341154e-01,5.340501e-01,5.347039e-01,5.346254e-01,5.346865e-01,5.352110e-01,5.352592e-01,5.357760e-01,5.356972e-01,5.357455e-01,5.356536e-01,5.356887e-01,5.361931e-01,5.360879e-01,5.367074e-01,5.366019e-01,5.370948e-01,5.371036e-01,5.369979e-01,5.374915e-01,5.375136e-01,5.374077e-01,5.379107e-01,5.379461e-01,5.384548e-01,5.383618e-01,5.383973e-01,5.383044e-01,5.383398e-01,5.382470e-01,5.381676e-01,5.388051e-01,5.387121e-01,5.386326e-01,5.392712e-01,5.391781e-01,5.392137e-01,5.391206e-01,5.390276e-01,5.390632e-01,5.389655e-01,5.390011e-01,5.388948e-01,5.383289e-01,5.382230e-01,5.376455e-01,5.375401e-01,5.369646e-01,5.368462e-01,5.368684e-01,5.361681e-01,5.361903e-01,5.356187e-01,5.349227e-01,5.343637e-01,5.337972e-01,5.336941e-01,5.331295e-01,5.325665e-01,5.324641e-01,5.319030e-01,5.313433e-01,5.307852e-01,5.301054e-01,5.295506e-01,5.289974e-01,5.284457e-01,5.273243e-01,5.267770e-01,5.256645e-01,5.251216e-01,5.247003e-01,5.233598e-01,5.229422e-01,5.219684e-01,5.209992e-01,5.194840e-01,5.184095e-01,5.169126e-01,5.158512e-01,5.147952e-01,5.138587e-01,5.122806e-01,5.112425e-01,5.096840e-01,5.082482e-01,5.067119e-01,5.051869e-01,5.036730e-01,5.021702e-01,5.006894e-01,4.986034e-01,4.967486e-01,4.947019e-01,4.932635e-01,4.918351e-01,4.900407e-01,4.882620e-01,4.858303e-01,4.835261e-01,4.812481e-01,4.795452e-01,4.777610e-01,4.763436e-01,4.741362e-01,4.714336e-01,4.687675e-01,4.663181e-01,4.640502e-01,4.623123e-01,4.605899e-01,4.593881e-01,4.577005e-01,4.560277e-01,4.540558e-01,4.516261e-01,4.488389e-01,4.460107e-01,4.433046e-01,4.412221e-01,4.399797e-01,4.379340e-01,4.364279e-01,4.344899e-01,4.329281e-01,4.310267e-01,4.295688e-01,4.277021e-01,4.262708e-01,4.242429e-01,4.228540e-01,4.215543e-01,4.201224e-01,4.183441e-01,4.160030e-01,4.140882e-01,4.121872e-01,4.099259e-01,4.078256e-01,4.051327e-01,4.025955e-01,3.997298e-01,3.962828e-01,3.923229e-01,3.890020e-01,3.844466e-01,3.792245e-01,3.747255e-01,3.692160e-01,3.635639e-01,3.570523e-01,3.522160e-01,3.450447e-01,3.379060e-01,3.303903e-01,3.242993e-01,3.159585e-01,3.080116e-01,3.002940e-01,2.918039e-01,2.858999e-01,2.777601e-01,2.701599e-01,2.629657e-01,2.550969e-01,2.476682e-01,2.426963e-01,2.369486e-01,2.297113e-01,2.237462e-01,2.180595e-01,2.134454e-01,2.082773e-01,2.033516e-01,1.986776e-01,1.948398e-01,1.917257e-01,1.881136e-01,1.846353e-01,1.818380e-01,1.785715e-01,1.759210e-01,1.733471e-01,1.708579e-01,1.689079e-01,1.670023e-01,1.651162e-01,1.632742e-01,1.614728e-01,1.601242e-01,1.588152e-01,1.575156e-01,1.562216e-01,1.549575e-01,1.541062e-01,1.528809e-01,1.516684e-01,1.508516e-01,1.500433e-01,1.496284e-01,1.488414e-01,1.480614e-01,1.476648e-01,1.469052e-01,1.465089e-01,1.461299e-01,1.457432e-01,1.453605e-01,1.449871e-01,1.446136e-01,1.442366e-01,1.438679e-01,1.438455e-01,1.434841e-01,1.434765e-01,1.434689e-01,1.434667e-01,1.431163e-01,1.431015e-01,1.431066e-01,1.430990e-01,1.434488e-01,1.434466e-01,1.434472e-01,1.434385e-01,1.437834e-01,1.437746e-01,1.441284e-01,1.444764e-01,1.448463e-01,1.448479e-01,1.451971e-01,1.459039e-01,1.462741e-01,1.466396e-01,1.473654e-01,1.480924e-01,1.488398e-01,1.499536e-01,1.507191e-01,1.514933e-01,1.526432e-01,1.534198e-01,1.546063e-01,1.558034e-01,1.566175e-01,1.582582e-01,1.591060e-01,1.603713e-01,1.616616e-01,1.625477e-01,1.643177e-01,1.652102e-01,1.665519e-01,1.679317e-01,1.693369e-01,1.702933e-01,1.717270e-01,1.731918e-01,1.742018e-01,1.762209e-01,1.772547e-01,1.788169e-01,1.804256e-01,1.820294e-01,1.831468e-01,1.848094e-01,1.865426e-01,1.882792e-01,1.894696e-01,1.912511e-01,1.930890e-01,1.943260e-01,1.962282e-01,1.975465e-01,1.995338e-01,2.008597e-01,2.022267e-01,2.042844e-01,2.056838e-01,2.071025e-01,2.092787e-01,2.107478e-01,2.122535e-01,2.137714e-01,2.153050e-01,2.176267e-01,2.184631e-01,2.208822e-01,2.225457e-01,2.233858e-01,2.250525e-01,2.276415e-01,2.285558e-01,2.303213e-01,2.321237e-01,2.339464e-01,2.358095e-01,2.367743e-01,2.386731e-01,2.405963e-01,2.415719e-01,2.435647e-01,2.445997e-01,2.465923e-01,2.486740e-01,2.497230e-01,2.518824e-01,2.529691e-01,2.550835e-01,2.561989e-01,2.584531e-01,2.595851e-01,2.607393e-01,2.630510e-01,2.642477e-01,2.654430e-01,2.678151e-01,2.690552e-01,2.702963e-01,2.715468e-01,2.740737e-01,2.753611e-01,2.766612e-01,2.779891e-01,2.793154e-01,2.806549e-01,2.820521e-01,2.833133e-01,2.842567e-01,2.854966e-01,2.867313e-01,2.880742e-01,2.892248e-01,2.906359e-01,2.916516e-01,2.932358e-01,2.942840e-01,2.955056e-01,2.965424e-01,2.977653e-01,2.989888e-01,3.002364e-01,3.013412e-01,3.026293e-01,3.039126e-01,3.048549e-01,3.063344e-01,3.072584e-01,3.084395e-01,3.096092e-01,3.106206e-01,3.116958e-01,3.130193e-01,3.142906e-01,3.152811e-01,3.164012e-01,3.174793e-01,3.185383e-01,3.192602e-01,3.203554e-01,3.212622e-01,3.225917e-01,3.237255e-01,3.247541e-01,3.261289e-01,3.271489e-01,3.278984e-01,3.287841e-01,3.295814e-01,3.304367e-01,3.314492e-01,3.324543e-01,3.331346e-01,3.340545e-01,3.348835e-01,3.359251e-01,3.367781e-01,3.374715e-01,3.377842e-01,3.388307e-01,3.392596e-01,3.399736e-01,3.406340e-01,3.415552e-01,3.422363e-01,3.429492e-01,3.434323e-01,3.441211e-01,3.445933e-01,3.454932e-01,3.457625e-01,3.466245e-01,3.473713e-01,3.480624e-01,3.489815e-01,3.494678e-01,3.500916e-01,3.508086e-01,3.510866e-01,3.517620e-01,3.520416e-01,3.527208e-01,3.527399e-01,3.534730e-01,3.538159e-01,3.545344e-01,3.547862e-01,3.552896e-01,3.555892e-01,3.560950e-01,3.562500e-01,3.567998e-01,3.570969e-01,3.577770e-01,3.582035e-01,3.588880e-01,3.591407e-01,3.599581e-01,3.599388e-01,3.606785e-01,3.608370e-01,3.611791e-01,3.613720e-01,3.618122e-01,3.616375e-01,3.620297e-01,3.617728e-01,3.621704e-01,3.619468e-01,3.620628e-01,3.619851e-01,3.622804e-01,3.619748e-01,3.620421e-01,3.619108e-01,3.622058e-01,3.619824e-01,3.622776e-01,3.620542e-01,3.621267e-01,3.621462e-01,3.629004e-01,3.626761e-01,3.627976e-01,3.626327e-01,3.624771e-01,3.622589e-01,3.621523e-01,3.619830e-01,3.620070e-01,3.617895e-01,3.616351e-01,3.611385e-01,3.611482e-01,3.609894e-01,3.607202e-01,3.605139e-01,3.604705e-01,3.597964e-01,3.599916e-01,3.595432e-01,3.593812e-01,3.592051e-01,3.592046e-01,3.587255e-01,3.585502e-01,3.579320e-01,3.577248e-01,3.575037e-01,3.568429e-01,3.564182e-01,3.560270e-01,3.552015e-01,3.549984e-01,3.544868e-01,3.541006e-01,3.535604e-01,3.531766e-01,3.525344e-01,3.522583e-01,3.515435e-01,3.509533e-01,3.503653e-01,3.500438e-01,3.494594e-01,3.491752e-01,3.486385e-01,3.483700e-01,3.474666e-01,3.471421e-01,3.462507e-01,3.457868e-01,3.453103e-01,3.446756e-01,3.440435e-01,3.436155e-01,3.428014e-01,3.426243e-01,3.419291e-01,3.413887e-01,3.408127e-01,3.405578e-01,3.399236e-01,3.396284e-01,3.385939e-01,3.381484e-01,3.379396e-01,3.369578e-01,3.363251e-01,3.358048e-01,3.349866e-01,3.341771e-01,3.335299e-01,3.330237e-01,3.319984e-01,3.310907e-01,3.303688e-01,3.294008e-01,3.283226e-01,3.276142e-01,3.267673e-01,3.257082e-01,3.244752e-01,3.234660e-01,3.229521e-01,3.218164e-01,3.206526e-01,3.194980e-01,3.185228e-01,3.177557e-01,3.164919e-01,3.156080e-01,3.148564e-01,3.141477e-01,3.132082e-01,3.123445e-01,3.116483e-01,3.109900e-01,3.103005e-01,3.094921e-01,3.088439e-01,3.085534e-01,3.084184e-01,3.075873e-01,3.072323e-01,3.067549e-01,3.062457e-01,3.061203e-01,3.058024e-01,3.054189e-01,3.050696e-01,3.047966e-01,3.044488e-01,3.040036e-01,3.037131e-01,3.032377e-01,3.029163e-01,3.025085e-01,3.023184e-01,3.020963e-01,3.018291e-01,3.019102e-01,3.018945e-01,3.018243e-01,3.016030e-01,3.016552e-01,3.016587e-01,3.017397e-01,3.020009e-01,3.020498e-01,3.022179e-01,3.024703e-01,3.026355e-01,3.029856e-01,3.030348e-01,3.032656e-01,3.032982e-01,3.033404e-01,3.033210e-01,3.032139e-01,3.031035e-01,3.028733e-01,3.027177e-01,3.027597e-01,3.026821e-01,3.029088e-01,3.026142e-01,3.025236e-01,3.022944e-01,3.021848e-01,3.022913e-01,3.021494e-01,3.020400e-01,3.020853e-01,3.019341e-01,3.018892e-01,3.017834e-01,3.015304e-01,3.010601e-01,3.008404e-01,3.003409e-01,3.000588e-01,2.989539e-01,2.984460e-01,2.977933e-01,2.969849e-01,2.962559e-01,2.955307e-01,2.944649e-01,2.934520e-01,2.923482e-01,2.911043e-01,2.897923e-01,2.881743e-01,2.861090e-01,2.848701e-01,2.836020e-01,2.823302e-01,2.797773e-01,2.772461e-01,2.760191e-01,2.736083e-01,2.700188e-01,2.676549e-01,2.653920e-01,2.620448e-01,2.587498e-01,2.555511e-01,2.524090e-01,2.493564e-01,2.444150e-01,2.415473e-01,2.350902e-01,2.306562e-01,2.256270e-01,2.216039e-01,2.161754e-01,2.117980e-01,2.061964e-01,2.009786e-01,1.934824e-01,1.876337e-01,1.821206e-01,1.758897e-01,1.705248e-01,1.641193e-01,1.585402e-01,1.498834e-01,1.437643e-01,1.377833e-01,1.322390e-01,1.257384e-01,1.205232e-01,1.125142e-01,1.069996e-01,1.019371e-01,9.710620e-02,9.217329e-02,8.625450e-02,8.183050e-02,7.801236e-02,7.437921e-02,7.081704e-02,6.661922e-02,6.364838e-02,6.104546e-02,5.868866e-02,5.668198e-02,5.375685e-02,5.207829e-02,5.053862e-02,4.896094e-02,4.736086e-02,4.584404e-02,4.487300e-02,4.393376e-02,4.302642e-02,4.215094e-02,4.130361e-02,4.088155e-02,4.007929e-02,3.967961e-02,3.891568e-02,3.853807e-02,3.816532e-02,3.780293e-02,3.744487e-02,3.709312e-02,3.674945e-02,3.674290e-02,3.639988e-02,3.639533e-02,3.606084e-02,3.605230e-02,3.604922e-02,3.604455e-02,3.571491e-02,3.570987e-02,3.570645e-02,3.570210e-02,3.602182e-02,3.602113e-02,3.601706e-02,3.601121e-02,3.633521e-02,3.633482e-02,3.666606e-02,3.666342e-02,3.700039e-02,3.734190e-02,3.734043e-02,3.769042e-02,3.804339e-02,3.840207e-02,3.877107e-02,3.876975e-02,3.914184e-02,3.952456e-02,3.990820e-02,4.030190e-02,4.069754e-02,4.110200e-02,4.151607e-02,4.193346e-02,4.235798e-02,4.279208e-02,4.323134e-02,4.367782e-02,4.413473e-02,4.459743e-02,4.506629e-02,4.554662e-02,4.652753e-02,4.652782e-02,4.754869e-02,4.807288e-02,4.807560e-02,4.898660e-02,4.953592e-02,5.020944e-02,5.067049e-02,5.148694e-02,5.196561e-02,5.239027e-02,5.319490e-02,5.376119e-02,5.447116e-02,5.499650e-02,5.586707e-02,5.634481e-02,5.717964e-02,5.775232e-02,5.825988e-02,5.914069e-02,5.974291e-02,6.058716e-02,6.113200e-02,6.200421e-02,6.257108e-02,6.339601e-02,6.406827e-02,6.483366e-02,6.544163e-02,6.632938e-02,6.696105e-02,6.778735e-02,6.843802e-02,6.929939e-02,6.988310e-02,7.077202e-02,7.147004e-02,7.197758e-02,7.291142e-02,7.386583e-02,7.450947e-02,7.538311e-02,7.604926e-02,7.695107e-02,7.752123e-02,7.845799e-02,7.904209e-02,7.988160e-02,8.048593e-02,8.148117e-02,8.210355e-02,8.299046e-02,8.362418e-02,8.455095e-02,8.506748e-02,8.597658e-02,8.664986e-02,8.747567e-02,8.846127e-02,8.898858e-02,8.985313e-02,9.042725e-02,9.143783e-02,9.183978e-02,9.275273e-02,9.364699e-02,9.426369e-02,9.501755e-02,9.561429e-02,9.659329e-02,9.703539e-02,9.800258e-02,9.880919e-02,9.944799e-02,1.002755e-01,1.007474e-01,1.016335e-01,1.026822e-01,1.031734e-01,1.040559e-01,1.045595e-01,1.052648e-01,1.061789e-01,1.067007e-01,1.076369e-01,1.082156e-01,1.089656e-01,1.097248e-01,1.102808e-01,1.110570e-01,1.121097e-01,1.124622e-01,1.135393e-01,1.138999e-01,1.150000e-01,1.158852e-01,1.163086e-01,1.172111e-01,1.181253e-01,1.188070e-01,1.195507e-01,1.204979e-01,1.212043e-01,1.219173e-01,1.229538e-01,1.234237e-01,1.242186e-01,1.252339e-01,1.257825e-01,1.265464e-01,1.276573e-01,1.281618e-01,1.290133e-01,1.298147e-01,1.303963e-01,1.312786e-01,1.321047e-01,1.326414e-01,1.335466e-01,1.343980e-01,1.350205e-01,1.355779e-01,1.365200e-01,1.374061e-01,1.380491e-01,1.386296e-01,1.396150e-01,1.402076e-01,1.408757e-01,1.418142e-01,1.424964e-01,1.431161e-01,1.438108e-01,1.447855e-01,1.454942e-01,1.461323e-01,1.468532e-01,1.478701e-01,1.482406e-01,1.493493e-01,1.500190e-01,1.507746e-01,1.511575e-01,1.519289e-01,1.526191e-01,1.533991e-01,1.541866e-01,1.545016e-01,1.553050e-01,1.561107e-01,1.565192e-01,1.572498e-01,1.576638e-01,1.584925e-01,1.589183e-01,1.597593e-01,1.606087e-01,1.614665e-01,1.618097e-01,1.626796e-01,1.631277e-01,1.640109e-01,1.644588e-01,1.649090e-01,1.657205e-01,1.661760e-01,1.666351e-01,1.675542e-01,1.680192e-01,1.684929e-01,1.688634e-01,1.698059e-01,1.702815e-01,1.707671e-01,1.711472e-01,1.716311e-01,1.721164e-01,1.725072e-01,1.729985e-01,1.734911e-01,1.739864e-01,1.744843e-01,1.749850e-01,1.753882e-01,1.753908e-01,1.758964e-01,1.764047e-01,1.769159e-01,1.774365e-01,1.779519e-01,1.784716e-01,1.784743e-01,1.789955e-01,1.795196e-01,1.800521e-01,1.800536e-01,1.805822e-01,1.811125e-01,1.811194e-01,1.816513e-01,1.821861e-01,1.821848e-01,1.828381e-01,1.828423e-01,1.833839e-01,1.833812e-01,1.840426e-01,1.840483e-01,1.845967e-01,1.847130e-01,1.852652e-01,1.852652e-01,1.859468e-01,1.859454e-01,1.860633e-01,1.866233e-01,1.873130e-01,1.874311e-01,1.879975e-01,1.881165e-01,1.881136e-01,1.888052e-01,1.888095e-01,1.895075e-01,1.896282e-01,1.896253e-01,1.903305e-01,1.903290e-01,1.904610e-01,1.905844e-01,1.905858e-01,1.907123e-01,1.908390e-01,1.908477e-01,1.909774e-01,1.909803e-01,1.917012e-01,1.917129e-01,1.918452e-01,1.919778e-01,1.919851e-01,1.921193e-01,1.921341e-01,1.922700e-01,1.922788e-01,1.924149e-01,1.924312e-01,1.925674e-01,1.925778e-01,1.927158e-01,1.927336e-01,1.927440e-01,1.928821e-01,1.922948e-01,1.923125e-01,1.923244e-01,1.924619e-01,1.924723e-01,1.924900e-01,1.925019e-01,1.925123e-01,1.923953e-01,1.918183e-01,1.918286e-01,1.917125e-01,1.915950e-01,1.908899e-01,1.909074e-01,1.907909e-01,1.905496e-01,1.898519e-01,1.897367e-01,1.895050e-01,1.888133e-01,1.885753e-01,1.884615e-01,1.876543e-01,1.874191e-01,1.866273e-01,1.863946e-01,1.854856e-01,1.852556e-01,1.843556e-01,1.841283e-01,1.833561e-01,1.830168e-01,1.822601e-01,1.813904e-01,1.811713e-01,1.803114e-01,1.795706e-01,1.792446e-01,1.785120e-01,1.776758e-01,1.774716e-01,1.766446e-01,1.764363e-01,1.757253e-01,1.749122e-01,1.742114e-01,1.735158e-01,1.728255e-01,1.726303e-01,1.719453e-01,1.712666e-01,1.704917e-01,1.698237e-01,1.697292e-01,1.690668e-01,1.685080e-01,1.673950e-01,1.668534e-01,1.662116e-01,1.661209e-01,1.655800e-01,1.650413e-01,1.645070e-01,1.638807e-01,1.633533e-01,1.628278e-01,1.622133e-01,1.616030e-01,1.606622e-01,1.601578e-01,1.591423e-01,1.585530e-01,1.580556e-01,1.575611e-01,1.565766e-01,1.560905e-01,1.556071e-01,1.551265e-01,1.542536e-01,1.536970e-01,1.528387e-01,1.523735e-01,1.519109e-01,1.514508e-01,1.506151e-01,1.501667e-01,1.493448e-01,1.489776e-01,1.481664e-01,1.478044e-01,1.470817e-01,1.468002e-01,1.460863e-01,1.457334e-01,1.451030e-01,1.448282e-01,1.437829e-01,1.435863e-01,1.428992e-01,1.422907e-01,1.419529e-01,1.414233e-01,1.410883e-01,1.404176e-01,1.394985e-01,1.391715e-01,1.385899e-01,1.379440e-01,1.373033e-01,1.370532e-01,1.360342e-01,1.354083e-01,1.350980e-01,1.344806e-01,1.337987e-01,1.331917e-01,1.328260e-01,1.316275e-01,1.312694e-01,1.306824e-01,1.301009e-01,1.294586e-01,1.283178e-01,1.280362e-01,1.274126e-01,1.268572e-01,1.263060e-01,1.257590e-01,1.249424e-01,1.244629e-01,1.239306e-01,1.234578e-01,1.229329e-01,1.219474e-01,1.217438e-01,1.210292e-01,1.205221e-01,1.200186e-01,1.195722e-01,1.186336e-01,1.181960e-01,1.178132e-01,1.173291e-01,1.168998e-01,1.157591e-01,1.153403e-01,1.149234e-01,1.145090e-01,1.136370e-01,1.131819e-01,1.127299e-01,1.120560e-01,1.116591e-01,1.108213e-01,1.103853e-01,1.097351e-01,1.093513e-01,1.083328e-01,1.081669e-01,1.075387e-01,1.069152e-01,1.065479e-01,1.055733e-01,1.051709e-01,1.045718e-01,1.042166e-01,1.032368e-01,1.028493e-01,1.023131e-01,1.019313e-01,1.009856e-01,1.006114e-01,1.000552e-01,9.968574e-02,9.877565e-02,9.819683e-02,9.766125e-02,9.734421e-02,9.646739e-02,9.611990e-02,9.560180e-02,9.525878e-02,9.441171e-02,4.013674e-03,4.013674e-03,4.013674e-03,4.013674e-03,4.013674e-03,4.013674e-03,4.013674e-03,4.013674e-03,4.013674e-03,4.013674e-03,4.013674e-03,4.013674e-03,4.013674e-03,4.013674e-03,4.013674e-03,4.013674e-03,4.013674e-03,4.013674e-03,4.013674e-03,4.013674e-03,4.013674e-03,4.013674e-03,4.013674e-03,4.013674e-03,4.013674e-03,4.013674e-03,4.013674e-03,4.013674e-03,4.013674e-03,4.013674e-03,4.013674e-03,4.013674e-03,4.013674e-03,4.013674e-03,4.013674e-03,4.013674e-03,4.013674e-03,4.013674e-03,4.013674e-03,4.013674e-03,4.013674e-03,4.013674e-03,4.013674e-03,4.013674e-03,4.013674e-03,4.013674e-03,4.013674e-03,4.013674e-03,4.013674e-03,4.013674e-03,4.013674e-03,4.013674e-03,4.013674e-03,4.013674e-03,4.013674e-03,4.013674e-03,4.013674e-03,4.013674e-03,4.013674e-03,4.013674e-03,4.013674e-03,4.013674e-03,4.013674e-03,4.013674e-03,4.013674e-03,4.013674e-03,4.013674e-03,4.013674e-03,4.013674e-03,4.013674e-03,4.013674e-03,4.013674e-03,4.013674e-03,4.013674e-03,4.013674e-03,4.013674e-03,4.013674e-03,4.013674e-03,4.013674e-03,4.013674e-03,4.013674e-03,4.013674e-03,4.013674e-03,4.013674e-03,4.013674e-03,4.013674e-03,4.013674e-03,4.013674e-03,4.013674e-03,4.013674e-03,4.013674e-03,4.013674e-03,4.013674e-03,4.013674e-03,4.013674e-03,4.013674e-03,4.013674e-03,4.013674e-03,4.013674e-03,4.013674e-03,4.013674e-03,4.013674e-03,4.013674e-03,4.013674e-03,4.013674e-03,4.013674e-03,4.013674e-03,4.013674e-03,4.013674e-03,4.013674e-03,4.013674e-03,4.013674e-03,4.013674e-03,4.013674e-03,4.013674e-03,4.013674e-03,4.013674e-03,4.013674e-03,4.013674e-03,4.013674e-03,4.013674e-03,4.013674e-03,4.013674e-03,4.013674e-03,4.013674e-03,4.013674e-03,4.013674e-03,4.013674e-03,4.013674e-03,4.013674e-03,4.013674e-03,4.013674e-03,4.013674e-03,4.013674e-03,4.013674e-03,4.013674e-03,4.013674e-03,4.013674e-03,4.013674e-03,4.013674e-03,4.013674e-03,4.013674e-03,4.013674e-03,4.013674e-03,4.013674e-03,4.013674e-03,4.013674e-03,4.013674e-03,4.013674e-03,4.013674e-03,4.013674e-03,4.013674e-03,4.013674e-03,4.013674e-03,4.013674e-03,4.013674e-03,4.013674e-03,4.013674e-03,4.013674e-03,4.013674e-03,4.013674e-03
2.108285e-02,2.105973e-02,2.103095e-02,2.100220e-02,2.097348e-02,2.094487e-02,2.091059e-02,2.088205e-02,2.085353e-02,2.081931e-02,2.079080e-02,2.075652e-02,2.072798e-02,2.069948e-02,2.066527e-02,2.063683e-02,2.060838e-02,2.057993e-02,2.055720e-02,2.052874e-02,2.050594e-02,2.048308e-02,2.046022e-02,2.044306e-02,2.042599e-02,2.040322e-02,2.038613e-02,2.037469e-02,2.035759e-02,2.034051e-02,2.032903e-02,2.031182e-02,2.030034e-02,2.028320e-02,2.027180e-02,2.026040e-02,2.024330e-02,2.023193e-02,2.022056e-02,2.020351e-02,2.019221e-02,2.018104e-02,2.016424e-02,2.015311e-02,2.013639e-02,2.012545e-02,2.011454e-02,2.009798e-02,2.008732e-02,2.007685e-02,2.006093e-02,2.005095e-02,2.004125e-02,2.003171e-02,2.002233e-02,2.001308e-02,2.000966e-02,2.000080e-02,1.999199e-02,1.998889e-02,1.998012e-02,1.997148e-02,1.996833e-02,1.995947e-02,1.995659e-02,1.994818e-02,1.994534e-02,1.994249e-02,1.993382e-02,1.993075e-02,1.992760e-02,1.991832e-02,1.991451e-02,1.991051e-02,1.990067e-02,1.989636e-02,1.989198e-02,1.988808e-02,1.987844e-02,1.987450e-02,1.987087e-02,1.986243e-02,1.986034e-02,1.985893e-02,1.985288e-02,1.985365e-02,1.985590e-02,1.985382e-02,1.985943e-02,1.986157e-02,1.987166e-02,1.987817e-02,1.989303e-02,1.990577e-02,1.992705e-02,1.994666e-02,1.997639e-02,2.000610e-02,2.004113e-02,2.008792e-02,2.013717e-02,2.019299e-02,2.025805e-02,2.033304e-02,2.042431e-02,2.052206e-02,2.063305e-02,2.076159e-02,2.090462e-02,2.106510e-02,2.124704e-02,2.144702e-02,2.166904e-02,2.192097e-02,2.220625e-02,2.250391e-02,2.283495e-02,2.319193e-02,2.358376e-02,2.400227e-02,2.445192e-02,2.492278e-02,2.541825e-02,2.592766e-02,2.646517e-02,2.700362e-02,2.754801e-02,2.810104e-02,2.866865e-02,2.922357e-02,2.979138e-02,3.035236e-02,3.094455e-02,3.149892e-02,3.206979e-02,3.261976e-02,3.318069e-02,3.370407e-02,3.424660e-02,3.476336e-02,3.530911e-02,3.579320e-02,3.625255e-02,3.677057e-02,3.724546e-02,3.776466e-02,3.823783e-02,3.875945e-02,3.922609e-02,3.968912e-02,4.016466e-02,4.057039e-02,4.093607e-02,4.130644e-02,4.159764e-02,4.178580e-02,4.183957e-02,4.189118e-02,4.184010e-02,4.173310e-02,4.160883e-02,4.151207e-02,4.134350e-02,4.118918e-02,4.100403e-02,4.079460e-02,4.055949e-02,4.025136e-02,3.995858e-02,3.964421e-02,3.931295e-02,3.896964e-02,3.862062e-02,3.827891e-02,3.794860e-02,3.762447e-02,3.731515e-02,3.702591e-02,3.675956e-02,3.650425e-02,3.626248e-02,3.603981e-02,3.583120e-02,3.563325e-02,3.544773e-02,3.527279e-02,3.511433e-02,3.496641e-02,3.483233e-02,3.470552e-02,3.460156e-02,3.450647e-02,3.442380e-02,3.432179e-02,3.426569e-02,3.422065e-02,3.417944e-02,3.414373e-02,3.410559e-02,3.406281e-02,3.397975e-02,3.391077e-02,3.383125e-02,3.372827e-02,3.357211e-02,3.342609e-02,3.325283e-02,3.302984e-02,3.281158e-02,3.257752e-02,3.233146e-02,3.205908e-02,3.179794e-02,3.153271e-02,3.124246e-02,3.098193e-02,3.071076e-02,3.047157e-02,3.024776e-02,3.002797e-02,2.985564e-02,2.967555e-02,2.954800e-02,2.942153e-02,2.933952e-02,2.925476e-02,2.918638e-02,2.915901e-02,2.912526e-02,2.911230e-02,2.907228e-02,2.904728e-02,2.898120e-02,2.887736e-02,2.876355e-02,2.858708e-02,2.838732e-02,2.811029e-02,2.780455e-02,2.747326e-02,2.710647e-02,2.670977e-02,2.631533e-02,2.589672e-02,2.548314e-02,2.507491e-02,2.470440e-02,2.434433e-02,2.401162e-02,2.373961e-02,2.348132e-02,2.326519e-02,2.306146e-02,2.288152e-02,2.268357e-02,2.247478e-02,2.224421e-02,2.199314e-02,2.171067e-02,2.140380e-02,2.108250e-02,2.074564e-02,2.041839e-02,2.010024e-02,1.980350e-02,1.952597e-02,1.927674e-02,1.906573e-02,1.888613e-02,1.873823e-02,1.861318e-02,1.851305e-02,1.843693e-02,1.837339e-02,1.832588e-02,1.829332e-02,1.827227e-02,1.827086e-02,1.828146e-02,1.833787e-02,1.841434e-02,1.857843e-02,1.878584e-02,1.911903e-02,1.955421e-02,2.017358e-02,2.096052e-02,2.197606e-02,2.322624e-02,2.479449e-02,2.665956e-02,2.885761e-02,3.139778e-02,3.433777e-02,3.759869e-02,4.113704e-02,4.498489e-02,4.914078e-02,5.348124e-02,5.796037e-02,6.258887e-02,6.740281e-02,7.216261e-02,7.691414e-02,8.166004e-02,8.636107e-02,9.103133e-02,9.565652e-02,1.002527e-01,1.051000e-01,1.096920e-01,1.142597e-01,1.188326e-01,1.234079e-01,1.280065e-01,1.325955e-01,1.372085e-01,1.418208e-01,1.464288e-01,1.510477e-01,1.562095e-01,1.608335e-01,1.654561e-01,1.698649e-01,1.744263e-01,1.789527e-01,1.834436e-01,1.879420e-01,1.923334e-01,1.966633e-01,2.009244e-01,2.051024e-01,2.092376e-01,2.133085e-01,2.171630e-01,2.210192e-01,2.248095e-01,2.284968e-01,2.319768e-01,2.355035e-01,2.389202e-01,2.419545e-01,2.450520e-01,2.478911e-01,2.507951e-01,2.534428e-01,2.561619e-01,2.586185e-01,2.611427e-01,2.634372e-01,2.657886e-01,2.678672e-01,2.699657e-01,2.722690e-01,2.744247e-01,2.767788e-01,2.789959e-01,2.812238e-01,2.836551e-01,2.859235e-01,2.884083e-01,2.905170e-01,2.928259e-01,2.951429e-01,2.972626e-01,2.995726e-01,3.018922e-01,3.042074e-01,3.062991e-01,3.085793e-01,3.108555e-01,3.131105e-01,3.153293e-01,3.175313e-01,3.196874e-01,3.218041e-01,3.238879e-01,3.259102e-01,3.278769e-01,3.297822e-01,3.316217e-01,3.329273e-01,3.344958e-01,3.360796e-01,3.376804e-01,3.392876e-01,3.409252e-01,3.425822e-01,3.439743e-01,3.456615e-01,3.473578e-01,3.487957e-01,3.505409e-01,3.520090e-01,3.534792e-01,3.549744e-01,3.564854e-01,3.583051e-01,3.598490e-01,3.614079e-01,3.629715e-01,3.645606e-01,3.661644e-01,3.677747e-01,3.690857e-01,3.707362e-01,3.724038e-01,3.740762e-01,3.757819e-01,3.771560e-01,3.788919e-01,3.802942e-01,3.817075e-01,3.834917e-01,3.849331e-01,3.863873e-01,3.878529e-01,3.893301e-01,3.908223e-01,3.923299e-01,3.938494e-01,3.953764e-01,3.969179e-01,3.980859e-01,3.996560e-01,4.012304e-01,4.023954e-01,4.040027e-01,4.056218e-01,4.072352e-01,4.084644e-01,4.097043e-01,4.113635e-01,4.126134e-01,4.138904e-01,4.156127e-01,4.169049e-01,4.182155e-01,4.195404e-01,4.213163e-01,4.226613e-01,4.240206e-01,4.253892e-01,4.267660e-01,4.281583e-01,4.295616e-01,4.309855e-01,4.324136e-01,4.338518e-01,4.352950e-01,4.367611e-01,4.382351e-01,4.392218e-01,4.407164e-01,4.417212e-01,4.432347e-01,4.447568e-01,4.457978e-01,4.473504e-01,4.483842e-01,4.499570e-01,4.510125e-01,4.526031e-01,4.536741e-01,4.547506e-01,4.558376e-01,4.574685e-01,4.585652e-01,4.596700e-01,4.607870e-01,4.624640e-01,4.635913e-01,4.647217e-01,4.658639e-01,4.670001e-01,4.681490e-01,4.693208e-01,4.704791e-01,4.716546e-01,4.728326e-01,4.740195e-01,4.746101e-01,4.758103e-01,4.770221e-01,4.782335e-01,4.788412e-01,4.800723e-01,4.813204e-01,4.825492e-01,4.831720e-01,4.844289e-01,4.856938e-01,4.863217e-01,4.869586e-01,4.882564e-01,4.888943e-01,4.901730e-01,4.908331e-01,4.921414e-01,4.927813e-01,4.934332e-01,4.941003e-01,4.947426e-01,4.953928e-01,4.960721e-01,4.967409e-01,4.974006e-01,4.980454e-01,4.987167e-01,4.993889e-01,5.000635e-01,5.007259e-01,5.013844e-01,5.020439e-01,5.027232e-01,5.034176e-01,5.040752e-01,5.046936e-01,5.053563e-01,5.060338e-01,5.067122e-01,5.073607e-01,5.079398e-01,5.085802e-01,5.092311e-01,5.098721e-01,5.105216e-01,5.111607e-01,5.117838e-01,5.124180e-01,5.129707e-01,5.135552e-01,5.141421e-01,5.146988e-01,5.153187e-01,5.158905e-01,5.162827e-01,5.167818e-01,5.173126e-01,5.178655e-01,5.183494e-01,5.185877e-01,5.190608e-01,5.195656e-01,5.199970e-01,5.204538e-01,5.208229e-01,5.212570e-01,5.217366e-01,5.219161e-01,5.217964e-01,5.219437e-01,5.222633e-01,5.224111e-01,5.225389e-01,5.226868e-01,5.229320e-01,5.231899e-01,5.235332e-01,5.238787e-01,5.242029e-01,5.244173e-01,5.249075e-01,5.255490e-01,5.260952e-01,5.266744e-01,5.272218e-01,5.278375e-01,5.285338e-01,5.291056e-01,5.298045e-01,5.304257e-01,5.310010e-01,5.317044e-01,5.322816e-01,5.329083e-01,5.335710e-01,5.343376e-01,5.350048e-01,5.357449e-01,5.364738e-01,5.372191e-01,5.379322e-01,5.387076e-01,5.394628e-01,5.402559e-01,5.409560e-01,5.417903e-01,5.426298e-01,5.434232e-01,5.441839e-01,5.450671e-01,5.458699e-01,5.466758e-01,5.474462e-01,5.483086e-01,5.491217e-01,5.499242e-01,5.508318e-01,5.516545e-01,5.524783e-01,5.533052e-01,5.541616e-01,5.549572e-01,5.557937e-01,5.566335e-01,5.575148e-01,5.583059e-01,5.591828e-01,5.600769e-01,5.608798e-01,5.617809e-01,5.625901e-01,5.634590e-01,5.642373e-01,5.651549e-01,5.659394e-01,5.667157e-01,5.675058e-01,5.683793e-01,5.692159e-01,5.700556e-01,5.708961e-01,5.717423e-01,5.725891e-01,5.733980e-01,5.742099e-01,5.749154e-01,5.757718e-01,5.765766e-01,5.773975e-01,5.780369e-01,5.786782e-01,5.794221e-01,5.801522e-01,5.808848e-01,5.816196e-01,5.823140e-01,5.830535e-01,5.837523e-01,5.844532e-01,5.850528e-01,5.857606e-01,5.864240e-01,5.869879e-01,5.876138e-01,5.881807e-01,5.887931e-01,5.894683e-01,5.900526e-01,5.906285e-01,5.911611e-01,5.917322e-01,5.922568e-01,5.928199e-01,5.932836e-01,5.937934e-01,5.942514e-01,5.947072e-01,5.951454e-01,5.956365e-01,5.961080e-01,5.965272e-01,5.969439e-01,5.972969e-01,5.976931e-01,5.980440e-01,5.984196e-01,5.987958e-01,5.991105e-01,5.994271e-01,5.997221e-01,6.000031e-01,6.002878e-01,6.005584e-01,6.008242e-01,6.009799e-01,6.011823e-01,6.014094e-01,6.016333e-01,6.018496e-01,6.019706e-01,6.020713e-01,6.021720e-01,6.022504e-01,6.023757e-01,6.024431e-01,6.025554e-01,6.026015e-01,6.026388e-01,6.026191e-01,6.025893e-01,6.026068e-01,6.026507e-01,6.026389e-01,6.025701e-01,6.024445e-01,6.023089e-01,6.021258e-01,6.020636e-01,6.019914e-01,6.019140e-01,6.017434e-01,6.015730e-01,6.015052e-01,6.014281e-01,6.013045e-01,6.011345e-01,6.009182e-01,6.008044e-01,6.007277e-01,6.006046e-01,6.003890e-01,6.002165e-01,6.001863e-01,6.002581e-01,6.002280e-01,6.000128e-01,5.997980e-01,5.996328e-01,5.994645e-01,5.992630e-01,5.989604e-01,5.986583e-01,5.984483e-01,5.982844e-01,5.979375e-01,5.973724e-01,5.967539e-01,5.962734e-01,5.957940e-01,5.951349e-01,5.940698e-01,5.928792e-01,5.918252e-01,5.908651e-01,5.899633e-01,5.890116e-01,5.878428e-01,5.862496e-01,5.841926e-01,5.821978e-01,5.807700e-01,5.795197e-01,5.779431e-01,5.758102e-01,5.736068e-01,5.720739e-01,5.709954e-01,5.700430e-01,5.689351e-01,5.676345e-01,5.664605e-01,5.653067e-01,5.641459e-01,5.633828e-01,5.630104e-01,5.626387e-01,5.622703e-01,5.619025e-01,5.615355e-01,5.611716e-01,5.608085e-01,5.608297e-01,5.604672e-01,5.604996e-01,5.605233e-01,5.605445e-01,5.601827e-01,5.602039e-01,5.602227e-01,5.602414e-01,5.598777e-01,5.595121e-01,5.595283e-01,5.595446e-01,5.595583e-01,5.595745e-01,5.595907e-01,5.592234e-01,5.592396e-01,5.592558e-01,5.592832e-01,5.589191e-01,5.589353e-01,5.585719e-01,5.585881e-01,5.586068e-01,5.586205e-01,5.582578e-01,5.582740e-01,5.582877e-01,5.583040e-01,5.579394e-01,5.579531e-01,5.579669e-01,5.579806e-01,5.579918e-01,5.580056e-01,5.580193e-01,5.584113e-01,5.584250e-01,5.584388e-01,5.584525e-01,5.584662e-01,5.584800e-01,5.580973e-01,5.584892e-01,5.585030e-01,5.585167e-01,5.585304e-01,5.585260e-01,5.585372e-01,5.589297e-01,5.589434e-01,5.585602e-01,5.585714e-01,5.589664e-01,5.589619e-01,5.589868e-01,5.589848e-01,5.590011e-01,5.590173e-01,5.586393e-01,5.586581e-01,5.586587e-01,5.586775e-01,5.583003e-01,5.583216e-01,5.583223e-01,5.579483e-01,5.583469e-01,5.579704e-01,5.579917e-01,5.580037e-01,5.580225e-01,5.580233e-01,5.576475e-01,5.576663e-01,5.572888e-01,5.573051e-01,5.573034e-01,5.569240e-01,5.573129e-01,5.569336e-01,5.569294e-01,5.569406e-01,5.565621e-01,5.565580e-01,5.565718e-01,5.561940e-01,5.562012e-01,5.562175e-01,5.562159e-01,5.558415e-01,5.558578e-01,5.554842e-01,5.555005e-01,5.551275e-01,5.547578e-01,5.551449e-01,5.547727e-01,5.544037e-01,5.547900e-01,5.544186e-01,5.544349e-01,5.540641e-01,5.536941e-01,5.537104e-01,5.533500e-01,5.533663e-01,5.529952e-01,5.526449e-01,5.522752e-01,5.519238e-01,5.515555e-01,5.512053e-01,5.508360e-01,5.508499e-01,5.501216e-01,5.501355e-01,5.497880e-01,5.490638e-01,5.487297e-01,5.483847e-01,5.480232e-01,5.476796e-01,5.473365e-01,5.469770e-01,5.466353e-01,5.462941e-01,5.459536e-01,5.452435e-01,5.449048e-01,5.445667e-01,5.442292e-01,5.435422e-01,5.432065e-01,5.425230e-01,5.421891e-01,5.422197e-01,5.408149e-01,5.408455e-01,5.405311e-01,5.402172e-01,5.395606e-01,5.388897e-01,5.382375e-01,5.375712e-01,5.369071e-01,5.365991e-01,5.356018e-01,5.349444e-01,5.339554e-01,5.333194e-01,5.323385e-01,5.313624e-01,5.303911e-01,5.294246e-01,5.284748e-01,5.268574e-01,5.259235e-01,5.243267e-01,5.233895e-01,5.224568e-01,5.215435e-01,5.206346e-01,5.187706e-01,5.172453e-01,5.157318e-01,5.148494e-01,5.136552e-01,5.124539e-01,5.109752e-01,5.089064e-01,5.068592e-01,5.054379e-01,5.034130e-01,5.019894e-01,5.005762e-01,4.997486e-01,4.983534e-01,4.969682e-01,4.956062e-01,4.936962e-01,4.915360e-01,4.891215e-01,4.870121e-01,4.849008e-01,4.835974e-01,4.815237e-01,4.802555e-01,4.784797e-01,4.769695e-01,4.752244e-01,4.739969e-01,4.722793e-01,4.710711e-01,4.696426e-01,4.694620e-01,4.695335e-01,4.691039e-01,4.674300e-01,4.655480e-01,4.641617e-01,4.627847e-01,4.609494e-01,4.596071e-01,4.578238e-01,4.555823e-01,4.529185e-01,4.496499e-01,4.460050e-01,4.428447e-01,4.389368e-01,4.345186e-01,4.307962e-01,4.266008e-01,4.227143e-01,4.183872e-01,4.155958e-01,4.103959e-01,4.048315e-01,3.984533e-01,3.930755e-01,3.856110e-01,3.781706e-01,3.712217e-01,3.635058e-01,3.580169e-01,3.505498e-01,3.436644e-01,3.369592e-01,3.296015e-01,3.223807e-01,3.177079e-01,3.120564e-01,3.048475e-01,2.988282e-01,2.928882e-01,2.881343e-01,2.826316e-01,2.772794e-01,2.722713e-01,2.681175e-01,2.646080e-01,2.604917e-01,2.565051e-01,2.532995e-01,2.494203e-01,2.462143e-01,2.430908e-01,2.401026e-01,2.377113e-01,2.353675e-01,2.329186e-01,2.305646e-01,2.282575e-01,2.264216e-01,2.247132e-01,2.229404e-01,2.211404e-01,2.194158e-01,2.181593e-01,2.164869e-01,2.148328e-01,2.136273e-01,2.124349e-01,2.117222e-01,2.105938e-01,2.094771e-01,2.088262e-01,2.077699e-01,2.071230e-01,2.065633e-01,2.059300e-01,2.053354e-01,2.047851e-01,2.042030e-01,2.036180e-01,2.030765e-01,2.029215e-01,2.023896e-01,2.023156e-01,2.022417e-01,2.021738e-01,2.017194e-01,2.016061e-01,2.015784e-01,2.015049e-01,2.018908e-01,2.018232e-01,2.017895e-01,2.016821e-01,2.020287e-01,2.019211e-01,2.023086e-01,2.026573e-01,2.030939e-01,2.030597e-01,2.033765e-01,2.041167e-01,2.045185e-01,2.049156e-01,2.056728e-01,2.064292e-01,2.072392e-01,2.084106e-01,2.092357e-01,2.101038e-01,2.112698e-01,2.120666e-01,2.132982e-01,2.145372e-01,2.153648e-01,2.170644e-01,2.179574e-01,2.192498e-01,2.205642e-01,2.215263e-01,2.233298e-01,2.241761e-01,2.254431e-01,2.267814e-01,2.281789e-01,2.291127e-01,2.304871e-01,2.318852e-01,2.329019e-01,2.348856e-01,2.358744e-01,2.373853e-01,2.389787e-01,2.404250e-01,2.415662e-01,2.431013e-01,2.448809e-01,2.465175e-01,2.476659e-01,2.493319e-01,2.510902e-01,2.522199e-01,2.540739e-01,2.554210e-01,2.573958e-01,2.586400e-01,2.599708e-01,2.619423e-01,2.632404e-01,2.645515e-01,2.666640e-01,2.680102e-01,2.694410e-01,2.708785e-01,2.722685e-01,2.743629e-01,2.752314e-01,2.774575e-01,2.790606e-01,2.798069e-01,2.812835e-01,2.836909e-01,2.846211e-01,2.862311e-01,2.878697e-01,2.895183e-01,2.911965e-01,2.920948e-01,2.937945e-01,2.954394e-01,2.962692e-01,2.980305e-01,2.989735e-01,3.005812e-01,3.023969e-01,3.032687e-01,3.052107e-01,3.061096e-01,3.077062e-01,3.086206e-01,3.105407e-01,3.114624e-01,3.124003e-01,3.142728e-01,3.153163e-01,3.162786e-01,3.181006e-01,3.191711e-01,3.201586e-01,3.211522e-01,3.232311e-01,3.242452e-01,3.252660e-01,3.263888e-01,3.274241e-01,3.284664e-01,3.297213e-01,3.307843e-01,3.314262e-01,3.323799e-01,3.332395e-01,3.340880e-01,3.349625e-01,3.359440e-01,3.367099e-01,3.378114e-01,3.385975e-01,3.396018e-01,3.402811e-01,3.411907e-01,3.420947e-01,3.430150e-01,3.438275e-01,3.448661e-01,3.458028e-01,3.463939e-01,3.475652e-01,3.480410e-01,3.489905e-01,3.498338e-01,3.505630e-01,3.515329e-01,3.523834e-01,3.534954e-01,3.541031e-01,3.551055e-01,3.559748e-01,3.567311e-01,3.572450e-01,3.581254e-01,3.587678e-01,3.599127e-01,3.608189e-01,3.618578e-01,3.630360e-01,3.639660e-01,3.644911e-01,3.654355e-01,3.661013e-01,3.669179e-01,3.677327e-01,3.685399e-01,3.692360e-01,3.702079e-01,3.708933e-01,3.717275e-01,3.724307e-01,3.731322e-01,3.735759e-01,3.744116e-01,3.747085e-01,3.754306e-01,3.759996e-01,3.768657e-01,3.774511e-01,3.781731e-01,3.786229e-01,3.792143e-01,3.796551e-01,3.803913e-01,3.806933e-01,3.812849e-01,3.820348e-01,3.826260e-01,3.833748e-01,3.838263e-01,3.841321e-01,3.847422e-01,3.850518e-01,3.855122e-01,3.858231e-01,3.862856e-01,3.862978e-01,3.869158e-01,3.873951e-01,3.880047e-01,3.881765e-01,3.886404e-01,3.889684e-01,3.894343e-01,3.892944e-01,3.899171e-01,3.902468e-01,3.907082e-01,3.908746e-01,3.913376e-01,3.915117e-01,3.918107e-01,3.916759e-01,3.922995e-01,3.921570e-01,3.920080e-01,3.920124e-01,3.921803e-01,3.915596e-01,3.915691e-01,3.912729e-01,3.912830e-01,3.905087e-01,3.902118e-01,3.899110e-01,3.896081e-01,3.891599e-01,3.887103e-01,3.882569e-01,3.879571e-01,3.871985e-01,3.869008e-01,3.861471e-01,3.857065e-01,3.857185e-01,3.874205e-01,3.866647e-01,3.863757e-01,3.857781e-01,3.851936e-01,3.844486e-01,3.840196e-01,3.834301e-01,3.828472e-01,3.821128e-01,3.815415e-01,3.805237e-01,3.799399e-01,3.793758e-01,3.785104e-01,3.778060e-01,3.770868e-01,3.761025e-01,3.755386e-01,3.746994e-01,3.741530e-01,3.735973e-01,3.730371e-01,3.720818e-01,3.715332e-01,3.707209e-01,3.700496e-01,3.693701e-01,3.684316e-01,3.676397e-01,3.669765e-01,3.660581e-01,3.654063e-01,3.648925e-01,3.642406e-01,3.636085e-01,3.629619e-01,3.620603e-01,3.616935e-01,3.610667e-01,3.603060e-01,3.595490e-01,3.590585e-01,3.583074e-01,3.579387e-01,3.573207e-01,3.569651e-01,3.562357e-01,3.557452e-01,3.550217e-01,3.545519e-01,3.540728e-01,3.536009e-01,3.531304e-01,3.527799e-01,3.522044e-01,3.520978e-01,3.518843e-01,3.516651e-01,3.513235e-01,3.514685e-01,3.513892e-01,3.514111e-01,3.510866e-01,3.511141e-01,3.513818e-01,3.511803e-01,3.510905e-01,3.508725e-01,3.506661e-01,3.504603e-01,3.502593e-01,3.500429e-01,3.496001e-01,3.490321e-01,3.485811e-01,3.482630e-01,3.475849e-01,3.471381e-01,3.466981e-01,3.460268e-01,3.452452e-01,3.446977e-01,3.443710e-01,3.438320e-01,3.431781e-01,3.425270e-01,3.419890e-01,3.416784e-01,3.410389e-01,3.407358e-01,3.404277e-01,3.402350e-01,3.397051e-01,3.394047e-01,3.392134e-01,3.391359e-01,3.389449e-01,3.387597e-01,3.386825e-01,3.389354e-01,3.392970e-01,3.389977e-01,3.390239e-01,3.390552e-01,3.389729e-01,3.393351e-01,3.394751e-01,3.393874e-01,3.394136e-01,3.393106e-01,3.393367e-01,3.390219e-01,3.388159e-01,3.383890e-01,3.380710e-01,3.378714e-01,3.380049e-01,3.380257e-01,3.379236e-01,3.381596e-01,3.380573e-01,3.381857e-01,3.382065e-01,3.383302e-01,3.383305e-01,3.385671e-01,3.390253e-01,3.391492e-01,3.392681e-01,3.397185e-01,3.398374e-01,3.401796e-01,3.403044e-01,3.406529e-01,3.407675e-01,3.408921e-01,3.407875e-01,3.408029e-01,3.408179e-01,3.408382e-01,3.407284e-01,3.408529e-01,3.409828e-01,3.413322e-01,3.411225e-01,3.412424e-01,3.412627e-01,3.412777e-01,3.416330e-01,3.415328e-01,3.415479e-01,3.416733e-01,3.415633e-01,3.418090e-01,3.418244e-01,3.417300e-01,3.412952e-01,3.413161e-01,3.412226e-01,3.410137e-01,3.403790e-01,3.401822e-01,3.398768e-01,3.394535e-01,3.392683e-01,3.390832e-01,3.384568e-01,3.380477e-01,3.376548e-01,3.367037e-01,3.358746e-01,3.347188e-01,3.333831e-01,3.326801e-01,3.318623e-01,3.309510e-01,3.290282e-01,3.270246e-01,3.261320e-01,3.243717e-01,3.215624e-01,3.196455e-01,3.179591e-01,3.153635e-01,3.127082e-01,3.101090e-01,3.074630e-01,3.049456e-01,3.007079e-01,2.982272e-01,2.925085e-01,2.884514e-01,2.840069e-01,2.804231e-01,2.754455e-01,2.716117e-01,2.665035e-01,2.620478e-01,2.549995e-01,2.493452e-01,2.439341e-01,2.376982e-01,2.322168e-01,2.255087e-01,2.194699e-01,2.100211e-01,2.031483e-01,1.964008e-01,1.900559e-01,1.825614e-01,1.763852e-01,1.668120e-01,1.601024e-01,1.538150e-01,1.477373e-01,1.413840e-01,1.337401e-01,1.278807e-01,1.227610e-01,1.178523e-01,1.129678e-01,1.071631e-01,1.030047e-01,9.931573e-02,9.594557e-02,9.304305e-02,8.880004e-02,8.632091e-02,8.402592e-02,8.163913e-02,7.922423e-02,7.691589e-02,7.540695e-02,7.394327e-02,7.252495e-02,7.114593e-02,6.981283e-02,6.910620e-02,6.784255e-02,6.717966e-02,6.596631e-02,6.534984e-02,6.473680e-02,6.414699e-02,6.356843e-02,6.300358e-02,6.244967e-02,6.241447e-02,6.184993e-02,6.181293e-02,6.127784e-02,6.122792e-02,6.120192e-02,6.117807e-02,6.065152e-02,6.062793e-02,6.060232e-02,6.058387e-02,6.106716e-02,6.106197e-02,6.104852e-02,6.102471e-02,6.150872e-02,6.150871e-02,6.201505e-02,6.201201e-02,6.251212e-02,6.302672e-02,6.302921e-02,6.355389e-02,6.408275e-02,6.461889e-02,6.517688e-02,6.517402e-02,6.573118e-02,6.631682e-02,6.688410e-02,6.747437e-02,6.805182e-02,6.865627e-02,6.927227e-02,6.988816e-02,7.051311e-02,7.114988e-02,7.179348e-02,7.244670e-02,7.311224e-02,7.378531e-02,7.445431e-02,7.514299e-02,7.653448e-02,7.653970e-02,7.799183e-02,7.874047e-02,7.876187e-02,8.004244e-02,8.080143e-02,8.174582e-02,8.241028e-02,8.354215e-02,8.420658e-02,8.480208e-02,8.592957e-02,8.670226e-02,8.768529e-02,8.841271e-02,8.961125e-02,9.026182e-02,9.138807e-02,9.218766e-02,9.289029e-02,9.407015e-02,9.487863e-02,9.601882e-02,9.673788e-02,9.788204e-02,9.862576e-02,9.970853e-02,1.005866e-01,1.015558e-01,1.023338e-01,1.034744e-01,1.042773e-01,1.053199e-01,1.061214e-01,1.072215e-01,1.079610e-01,1.090673e-01,1.099040e-01,1.105162e-01,1.116666e-01,1.128375e-01,1.136008e-01,1.146375e-01,1.154217e-01,1.164716e-01,1.171171e-01,1.182243e-01,1.188554e-01,1.198086e-01,1.204701e-01,1.216161e-01,1.222786e-01,1.232297e-01,1.238573e-01,1.248975e-01,1.253768e-01,1.261796e-01,1.268333e-01,1.276607e-01,1.286675e-01,1.289928e-01,1.298448e-01,1.303576e-01,1.312169e-01,1.313769e-01,1.322565e-01,1.329573e-01,1.334917e-01,1.340211e-01,1.343705e-01,1.352854e-01,1.354543e-01,1.361850e-01,1.367333e-01,1.370952e-01,1.376500e-01,1.378241e-01,1.385867e-01,1.393474e-01,1.395254e-01,1.400975e-01,1.402772e-01,1.406559e-01,1.412362e-01,1.414185e-01,1.420045e-01,1.424011e-01,1.427899e-01,1.431807e-01,1.433688e-01,1.437623e-01,1.445839e-01,1.445652e-01,1.453949e-01,1.453761e-01,1.462140e-01,1.468458e-01,1.470516e-01,1.476898e-01,1.483330e-01,1.487615e-01,1.494251e-01,1.500817e-01,1.505192e-01,1.509590e-01,1.518657e-01,1.520842e-01,1.527728e-01,1.534558e-01,1.539241e-01,1.543818e-01,1.553255e-01,1.555531e-01,1.562700e-01,1.567403e-01,1.572248e-01,1.579575e-01,1.584369e-01,1.586727e-01,1.594155e-01,1.599029e-01,1.604071e-01,1.606482e-01,1.614077e-01,1.619061e-01,1.624195e-01,1.626661e-01,1.634451e-01,1.636945e-01,1.642182e-01,1.647324e-01,1.652621e-01,1.655188e-01,1.660532e-01,1.665778e-01,1.671183e-01,1.673779e-01,1.679231e-01,1.684608e-01,1.687374e-01,1.695673e-01,1.698339e-01,1.703936e-01,1.706760e-01,1.712433e-01,1.715147e-01,1.720845e-01,1.726578e-01,1.726467e-01,1.732260e-01,1.738063e-01,1.740990e-01,1.743787e-01,1.746733e-01,1.752623e-01,1.755623e-01,1.761569e-01,1.767551e-01,1.773571e-01,1.773454e-01,1.779511e-01,1.782596e-01,1.788709e-01,1.791794e-01,1.794890e-01,1.797875e-01,1.800990e-01,1.804114e-01,1.810363e-01,1.813517e-01,1.816710e-01,1.816589e-01,1.822917e-01,1.826111e-01,1.829345e-01,1.829222e-01,1.832436e-01,1.835661e-01,1.835567e-01,1.838801e-01,1.842046e-01,1.845302e-01,1.848568e-01,1.851845e-01,1.851749e-01,1.851778e-01,1.855066e-01,1.858363e-01,1.861672e-01,1.865023e-01,1.868353e-01,1.871695e-01,1.871725e-01,1.875077e-01,1.878440e-01,1.881846e-01,1.881875e-01,1.885261e-01,1.888657e-01,1.888718e-01,1.892125e-01,1.895544e-01,1.895573e-01,1.902579e-01,1.902640e-01,1.906094e-01,1.906123e-01,1.913201e-01,1.913263e-01,1.916753e-01,1.920420e-01,1.923934e-01,1.923964e-01,1.931199e-01,1.931229e-01,1.934948e-01,1.938511e-01,1.945846e-01,1.949617e-01,1.953229e-01,1.957026e-01,1.957057e-01,1.964488e-01,1.964553e-01,1.972037e-01,1.975902e-01,1.975933e-01,1.983499e-01,1.983530e-01,1.987474e-01,1.991396e-01,1.991429e-01,1.995367e-01,1.999319e-01,1.999387e-01,2.003355e-01,2.003389e-01,2.011153e-01,2.011224e-01,2.015236e-01,2.019264e-01,2.019300e-01,2.023343e-01,2.023415e-01,2.027474e-01,2.027510e-01,2.031585e-01,2.031658e-01,2.035748e-01,2.035785e-01,2.039891e-01,2.039965e-01,2.040002e-01,2.044124e-01,2.040264e-01,2.040337e-01,2.040375e-01,2.044498e-01,2.044536e-01,2.044609e-01,2.044647e-01,2.044684e-01,2.040634e-01,2.036820e-01,2.036856e-01,2.032834e-01,2.028826e-01,2.021002e-01,2.021072e-01,2.017106e-01,2.009182e-01,2.001496e-01,1.997600e-01,1.989848e-01,1.982296e-01,1.974620e-01,1.970819e-01,1.959604e-01,1.952087e-01,1.941095e-01,1.933707e-01,1.919221e-01,1.911983e-01,1.897790e-01,1.890698e-01,1.880296e-01,1.869839e-01,1.859669e-01,1.846170e-01,1.839422e-01,1.826185e-01,1.816413e-01,1.806585e-01,1.797000e-01,1.784304e-01,1.777977e-01,1.765519e-01,1.759288e-01,1.750145e-01,1.738031e-01,1.729082e-01,1.720215e-01,1.711428e-01,1.705547e-01,1.696891e-01,1.688312e-01,1.676943e-01,1.668541e-01,1.665723e-01,1.657419e-01,1.651971e-01,1.641153e-01,1.635812e-01,1.627766e-01,1.625067e-01,1.619802e-01,1.614566e-01,1.609360e-01,1.601538e-01,1.596405e-01,1.591299e-01,1.583629e-01,1.576022e-01,1.568596e-01,1.563653e-01,1.553817e-01,1.546456e-01,1.541622e-01,1.536814e-01,1.527268e-01,1.522536e-01,1.517830e-01,1.513148e-01,1.506223e-01,1.499244e-01,1.492428e-01,1.487879e-01,1.483353e-01,1.478851e-01,1.472192e-01,1.467751e-01,1.461176e-01,1.459032e-01,1.452523e-01,1.450400e-01,1.446167e-01,1.446271e-01,1.442057e-01,1.439960e-01,1.437967e-01,1.438070e-01,1.431816e-01,1.434098e-01,1.429943e-01,1.427973e-01,1.425909e-01,1.426108e-01,1.424047e-01,1.419939e-01,1.415951e-01,1.413914e-01,1.411980e-01,1.407932e-01,1.403902e-01,1.403998e-01,1.395901e-01,1.391929e-01,1.389949e-01,1.386006e-01,1.380033e-01,1.376136e-01,1.372164e-01,1.364467e-01,1.360552e-01,1.356746e-01,1.352958e-01,1.347224e-01,1.339758e-01,1.337899e-01,1.332272e-01,1.328598e-01,1.324940e-01,1.321298e-01,1.315874e-01,1.314156e-01,1.310564e-01,1.308857e-01,1.305288e-01,1.300052e-01,1.300137e-01,1.296692e-01,1.293177e-01,1.289678e-01,1.288015e-01,1.282893e-01,1.281243e-01,1.281402e-01,1.277955e-01,1.276315e-01,1.269569e-01,1.267947e-01,1.266328e-01,1.264712e-01,1.259740e-01,1.256387e-01,1.253048e-01,1.248071e-01,1.246493e-01,1.241646e-01,1.238371e-01,1.233489e-01,1.231940e-01,1.225573e-01,1.225639e-01,1.220838e-01,1.216079e-01,1.214564e-01,1.208343e-01,1.205209e-01,1.200538e-01,1.199065e-01,1.191369e-01,1.188306e-01,1.185328e-01,1.182290e-01,1.174781e-01,1.171786e-01,1.167323e-01,1.164373e-01,1.157036e-01,1.151147e-01,1.146826e-01,1.145445e-01,1.138315e-01,1.135469e-01,1.131243e-01,1.128424e-01,1.121466e-01,4.527955e-03,4.527955e-03,4.527955e-03,4.527955e-03,4.527955e-03,4.527955e-03,4.527955e-03,4.527955e-03,4.527955e-03,4.527955e-03,4.527955e-03,4.527955e-03,4.527955e-03,4.527955e-03,4.527955e-03,4.527955e-03,4.527955e-03,4.527955e-03,4.527955e-03,4.527955e-03,4.527955e-03,4.527955e-03,4.527955e-03,4.527955e-03,4.527955e-03,4.527955e-03,4.527955e-03,4.527955e-03,4.527955e-03,4.527955e-03,4.527955e-03,4.527955e-03,4.527955e-03,4.527955e-03,4.527955e-03,4.527955e-03,4.527955e-03,4.527955e-03,4.527955e-03,4.527955e-03,4.527955e-03,4.527955e-03,4.527955e-03,4.527955e-03,4.527955e-03,4.527955e-03,4.527955e-03,4.527955e-03,4.527955e-03,4.527955e-03,4.527955e-03,4.527955e-03,4.527955e-03,4.527955e-03,4.527955e-03,4.527955e-03,4.527955e-03,4.527955e-03,4.527955e-03,4.527955e-03,4.527955e-03,4.527955e-03,4.527955e-03,4.527955e-03,4.527955e-03,4.527955e-03,4.527955e-03,4.527955e-03,4.527955e-03,4.527955e-03,4.527955e-03,4.527955e-03,4.527955e-03,4.527955e-03,4.527955e-03,4.527955e-03,4.527955e-03,4.527955e-03,4.527955e-03,4.527955e-03,4.527955e-03,4.527955e-03,4.527955e-03,4.527955e-03,4.527955e-03,4.527955e-03,4.527955e-03,4.527955e-03,4.527955e-03,4.527955e-03,4.527955e-03,4.527955e-03,4.527955e-03,4.527955e-03,4.527955e-03,4.527955e-03,4.527955e-03,4.527955e-03,4.527955e-03,4.527955e-03,4.527955e-03,4.527955e-03,4.527955e-03,4.527955e-03,4.527955e-03,4.527955e-03,4.527955e-03,4.527955e-03,4.527955e-03,4.527955e-03,4.527955e-03,4.527955e-03,4.527955e-03,4.527955e-03,4.527955e-03,4.527955e-03,4.527955e-03,4.527955e-03,4.527955e-03,4.527955e-03,4.527955e-03,4.527955e-03,4.527955e-03,4.527955e-03,4.527955e-03,4.527955e-03,4.527955e-03,4.527955e-03,4.527955e-03,4.527955e-03,4.527955e-03,4.527955e-03,4.527955e-03,4.527955e-03,4.527955e-03,4.527955e-03,4.527955e-03,4.527955e-03,4.527955e-03,4.527955e-03,4.527955e-03,4.527955e-03,4.527955e-03,4.527955e-03,4.527955e-03,4.527955e-03,4.527955e-03,4.527955e-03,4.527955e-03,4.527955e-03,4.527955e-03,4.527955e-03,4.527955e-03,4.527955e-03,4.527955e-03,4.527955e-03,4.527955e-03,4.527955e-03,4.527955e-03,4.527955e-03,4.527955e-03
1.386953e-02,1.385425e-02,1.383520e-02,1.381617e-02,1.379715e-02,1.377816e-02,1.375539e-02,1.373643e-02,1.371747e-02,1.369472e-02,1.367576e-02,1.365301e-02,1.363407e-02,1.361513e-02,1.359242e-02,1.357350e-02,1.355458e-02,1.353567e-02,1.352055e-02,1.350165e-02,1.348652e-02,1.347139e-02,1.345625e-02,1.344491e-02,1.343357e-02,1.341846e-02,1.340712e-02,1.339955e-02,1.338822e-02,1.337689e-02,1.336932e-02,1.335798e-02,1.335041e-02,1.333908e-02,1.333153e-02,1.332398e-02,1.331266e-02,1.330512e-02,1.329758e-02,1.328627e-02,1.327874e-02,1.327123e-02,1.325995e-02,1.325245e-02,1.324120e-02,1.323372e-02,1.322626e-02,1.321504e-02,1.320763e-02,1.320026e-02,1.318917e-02,1.318190e-02,1.317470e-02,1.316756e-02,1.316047e-02,1.315342e-02,1.315020e-02,1.314328e-02,1.313638e-02,1.313325e-02,1.312637e-02,1.311951e-02,1.311635e-02,1.310942e-02,1.310632e-02,1.309952e-02,1.309645e-02,1.309336e-02,1.308647e-02,1.308335e-02,1.308021e-02,1.307320e-02,1.306993e-02,1.306665e-02,1.305958e-02,1.305625e-02,1.305292e-02,1.304977e-02,1.304286e-02,1.303972e-02,1.303667e-02,1.303015e-02,1.302762e-02,1.302529e-02,1.301957e-02,1.301800e-02,1.301694e-02,1.301270e-02,1.301298e-02,1.301045e-02,1.301256e-02,1.301199e-02,1.301652e-02,1.301906e-02,1.302700e-02,1.303346e-02,1.304632e-02,1.305876e-02,1.307483e-02,1.309875e-02,1.312437e-02,1.315538e-02,1.319302e-02,1.323854e-02,1.329644e-02,1.336071e-02,1.343655e-02,1.352718e-02,1.363138e-02,1.375276e-02,1.389392e-02,1.405432e-02,1.423736e-02,1.444946e-02,1.469395e-02,1.495656e-02,1.525126e-02,1.557416e-02,1.592939e-02,1.631169e-02,1.672204e-02,1.714948e-02,1.759686e-02,1.805059e-02,1.851645e-02,1.897239e-02,1.941997e-02,1.985278e-02,2.027567e-02,2.066456e-02,2.104066e-02,2.138287e-02,2.172145e-02,2.200780e-02,2.228238e-02,2.251760e-02,2.273995e-02,2.291538e-02,2.308913e-02,2.322897e-02,2.337405e-02,2.347604e-02,2.355671e-02,2.366872e-02,2.375770e-02,2.386940e-02,2.396030e-02,2.407659e-02,2.416804e-02,2.425779e-02,2.435179e-02,2.441166e-02,2.445247e-02,2.449233e-02,2.449214e-02,2.443873e-02,2.431969e-02,2.419681e-02,2.403216e-02,2.384645e-02,2.366083e-02,2.347932e-02,2.326150e-02,2.303669e-02,2.279121e-02,2.252282e-02,2.223961e-02,2.192252e-02,2.160719e-02,2.127998e-02,2.095006e-02,2.062061e-02,2.029713e-02,1.998571e-02,1.969138e-02,1.941021e-02,1.914690e-02,1.890049e-02,1.867533e-02,1.846155e-02,1.826162e-02,1.807259e-02,1.789729e-02,1.773210e-02,1.757861e-02,1.743165e-02,1.729737e-02,1.717385e-02,1.706049e-02,1.695203e-02,1.685827e-02,1.677153e-02,1.669280e-02,1.661272e-02,1.654903e-02,1.649148e-02,1.643688e-02,1.638495e-02,1.633207e-02,1.627767e-02,1.621337e-02,1.614817e-02,1.608024e-02,1.600315e-02,1.591083e-02,1.581850e-02,1.571464e-02,1.559942e-02,1.548024e-02,1.535777e-02,1.523149e-02,1.510453e-02,1.497728e-02,1.485164e-02,1.472446e-02,1.460453e-02,1.448953e-02,1.438348e-02,1.428512e-02,1.419493e-02,1.411847e-02,1.404313e-02,1.398427e-02,1.393068e-02,1.389032e-02,1.385181e-02,1.381908e-02,1.379627e-02,1.377717e-02,1.375945e-02,1.373692e-02,1.371741e-02,1.368868e-02,1.364642e-02,1.359967e-02,1.353758e-02,1.346590e-02,1.337365e-02,1.327667e-02,1.317168e-02,1.306432e-02,1.294986e-02,1.283716e-02,1.272421e-02,1.261632e-02,1.251345e-02,1.242362e-02,1.233862e-02,1.226238e-02,1.220242e-02,1.214586e-02,1.210165e-02,1.205843e-02,1.202228e-02,1.198211e-02,1.194363e-02,1.189985e-02,1.185597e-02,1.180674e-02,1.175857e-02,1.170792e-02,1.166068e-02,1.161437e-02,1.157537e-02,1.154155e-02,1.150893e-02,1.148455e-02,1.146222e-02,1.144700e-02,1.143193e-02,1.142258e-02,1.141220e-02,1.140695e-02,1.139949e-02,1.139645e-02,1.139104e-02,1.138972e-02,1.138625e-02,1.138345e-02,1.138683e-02,1.138824e-02,1.139922e-02,1.141113e-02,1.143500e-02,1.147531e-02,1.153841e-02,1.163278e-02,1.177950e-02,1.198688e-02,1.228863e-02,1.270535e-02,1.327066e-02,1.401027e-02,1.496900e-02,1.616372e-02,1.759505e-02,1.930082e-02,2.128585e-02,2.354164e-02,2.603716e-02,2.878491e-02,3.177156e-02,3.492649e-02,3.823356e-02,4.168902e-02,4.525853e-02,4.894400e-02,5.272880e-02,5.662108e-02,6.073358e-02,6.487222e-02,6.911372e-02,7.348733e-02,7.798624e-02,8.263754e-02,8.740258e-02,9.232374e-02,9.737026e-02,1.025429e-01,1.078588e-01,1.135879e-01,1.191554e-01,1.248549e-01,1.305486e-01,1.364320e-01,1.423950e-01,1.484339e-01,1.545393e-01,1.606726e-01,1.668274e-01,1.729856e-01,1.791151e-01,1.852768e-01,1.914276e-01,1.973947e-01,2.033412e-01,2.092439e-01,2.150220e-01,2.205972e-01,2.261838e-01,2.315978e-01,2.365836e-01,2.415787e-01,2.462317e-01,2.508742e-01,2.551655e-01,2.594378e-01,2.633336e-01,2.671822e-01,2.707188e-01,2.741695e-01,2.774134e-01,2.807063e-01,2.842426e-01,2.876645e-01,2.913153e-01,2.948727e-01,2.984625e-01,3.022840e-01,3.059670e-01,3.098999e-01,3.134565e-01,3.172312e-01,3.210225e-01,3.246081e-01,3.283833e-01,3.321676e-01,3.359318e-01,3.394295e-01,3.430941e-01,3.467227e-01,3.502809e-01,3.537354e-01,3.571112e-01,3.603520e-01,3.634612e-01,3.664414e-01,3.692358e-01,3.718463e-01,3.742546e-01,3.764445e-01,3.779522e-01,3.797559e-01,3.815778e-01,3.834193e-01,3.852620e-01,3.871458e-01,3.890520e-01,3.906546e-01,3.925971e-01,3.945437e-01,3.961995e-01,3.982089e-01,3.999001e-01,4.015882e-01,4.033115e-01,4.050531e-01,4.071449e-01,4.089250e-01,4.107226e-01,4.125200e-01,4.143534e-01,4.162046e-01,4.180572e-01,4.195703e-01,4.214764e-01,4.234028e-01,4.253296e-01,4.273001e-01,4.288890e-01,4.308959e-01,4.325176e-01,4.341532e-01,4.362181e-01,4.378870e-01,4.395710e-01,4.412691e-01,4.429814e-01,4.447110e-01,4.464588e-01,4.482209e-01,4.499941e-01,4.517849e-01,4.531414e-01,4.549653e-01,4.567973e-01,4.581526e-01,4.600218e-01,4.619064e-01,4.637906e-01,4.652240e-01,4.666697e-01,4.686064e-01,4.700673e-01,4.715550e-01,4.735602e-01,4.750685e-01,4.765954e-01,4.781387e-01,4.802095e-01,4.817782e-01,4.833628e-01,4.849598e-01,4.865667e-01,4.881915e-01,4.898297e-01,4.914974e-01,4.931646e-01,4.948454e-01,4.965337e-01,4.982467e-01,4.999708e-01,5.011269e-01,5.028759e-01,5.040525e-01,5.058252e-01,5.076097e-01,5.088332e-01,5.106518e-01,5.118666e-01,5.137106e-01,5.149496e-01,5.168161e-01,5.180740e-01,5.193379e-01,5.206203e-01,5.225367e-01,5.238260e-01,5.251237e-01,5.264354e-01,5.284065e-01,5.297388e-01,5.310694e-01,5.324127e-01,5.337520e-01,5.351061e-01,5.364892e-01,5.378565e-01,5.392415e-01,5.406311e-01,5.420388e-01,5.427392e-01,5.441561e-01,5.455935e-01,5.470271e-01,5.477486e-01,5.492037e-01,5.506841e-01,5.521429e-01,5.528842e-01,5.543723e-01,5.558762e-01,5.566258e-01,5.573827e-01,5.589218e-01,5.596820e-01,5.612030e-01,5.619908e-01,5.635427e-01,5.643094e-01,5.650862e-01,5.658826e-01,5.666525e-01,5.674302e-01,5.682399e-01,5.690357e-01,5.698243e-01,5.706005e-01,5.714064e-01,5.722086e-01,5.730138e-01,5.738091e-01,5.746085e-01,5.754046e-01,5.762192e-01,5.770531e-01,5.778502e-01,5.786136e-01,5.794221e-01,5.802413e-01,5.810606e-01,5.818592e-01,5.825941e-01,5.833873e-01,5.841860e-01,5.849767e-01,5.857809e-01,5.865719e-01,5.873544e-01,5.881852e-01,5.889024e-01,5.896294e-01,5.903789e-01,5.910828e-01,5.918616e-01,5.926030e-01,5.931582e-01,5.938320e-01,5.945149e-01,5.952157e-01,5.958828e-01,5.963043e-01,5.969591e-01,5.976224e-01,5.982186e-01,5.988654e-01,5.994074e-01,6.000082e-01,6.006546e-01,6.010307e-01,6.011638e-01,6.015117e-01,6.020169e-01,6.023662e-01,6.027018e-01,6.030521e-01,6.034907e-01,6.039450e-01,6.044734e-01,6.049866e-01,6.055027e-01,6.059164e-01,6.065862e-01,6.073880e-01,6.080862e-01,6.088335e-01,6.095323e-01,6.103143e-01,6.111739e-01,6.118916e-01,6.127531e-01,6.135204e-01,6.142414e-01,6.151073e-01,6.158293e-01,6.166024e-01,6.174090e-01,6.183304e-01,6.191426e-01,6.200243e-01,6.208912e-01,6.217792e-01,6.226388e-01,6.235554e-01,6.244574e-01,6.253947e-01,6.262198e-01,6.271963e-01,6.281810e-01,6.291195e-01,6.300080e-01,6.310326e-01,6.319610e-01,6.329147e-01,6.338126e-01,6.348245e-01,6.357628e-01,6.366874e-01,6.377403e-01,6.386898e-01,6.396382e-01,6.405902e-01,6.415678e-01,6.424928e-01,6.434557e-01,6.444223e-01,6.454275e-01,6.463203e-01,6.473212e-01,6.483431e-01,6.492514e-01,6.502811e-01,6.511964e-01,6.521983e-01,6.530897e-01,6.541405e-01,6.550388e-01,6.559292e-01,6.568339e-01,6.578151e-01,6.587634e-01,6.597152e-01,6.606650e-01,6.616239e-01,6.625807e-01,6.635037e-01,6.644300e-01,6.652292e-01,6.661938e-01,6.670849e-01,6.680183e-01,6.687567e-01,6.694971e-01,6.703621e-01,6.711842e-01,6.720088e-01,6.728360e-01,6.736268e-01,6.744590e-01,6.752546e-01,6.760526e-01,6.767273e-01,6.775358e-01,6.783009e-01,6.789477e-01,6.796831e-01,6.803332e-01,6.810250e-01,6.818064e-01,6.824768e-01,6.831401e-01,6.837645e-01,6.844245e-01,6.850390e-01,6.856892e-01,6.862463e-01,6.868455e-01,6.873985e-01,6.879460e-01,6.884752e-01,6.890480e-01,6.896008e-01,6.901068e-01,6.906070e-01,6.910467e-01,6.915221e-01,6.919565e-01,6.924068e-01,6.928579e-01,6.932417e-01,6.936317e-01,6.939954e-01,6.943391e-01,6.946903e-01,6.950214e-01,6.953397e-01,6.955598e-01,6.958224e-01,6.961006e-01,6.963720e-01,6.966372e-01,6.968113e-01,6.969646e-01,6.971180e-01,6.972443e-01,6.974133e-01,6.975261e-01,6.976753e-01,6.977624e-01,6.978387e-01,6.978601e-01,6.978693e-01,6.979175e-01,6.979876e-01,6.980041e-01,6.979658e-01,6.978726e-01,6.977672e-01,6.976141e-01,6.975694e-01,6.975123e-01,6.974490e-01,6.973007e-01,6.971525e-01,6.970968e-01,6.970337e-01,6.969283e-01,6.967805e-01,6.965905e-01,6.964928e-01,6.964300e-01,6.963250e-01,6.961356e-01,6.959813e-01,6.959610e-01,6.960327e-01,6.960125e-01,6.958235e-01,6.956346e-01,6.954953e-01,6.953489e-01,6.951754e-01,6.949105e-01,6.946458e-01,6.944654e-01,6.943270e-01,6.940214e-01,6.935151e-01,6.929605e-01,6.925320e-01,6.921043e-01,6.915117e-01,6.905421e-01,6.894602e-01,6.884988e-01,6.876228e-01,6.867992e-01,6.859296e-01,6.848547e-01,6.833906e-01,6.814910e-01,6.796456e-01,6.783237e-01,6.771653e-01,6.757018e-01,6.737175e-01,6.716634e-01,6.702332e-01,6.692270e-01,6.683381e-01,6.673026e-01,6.660851e-01,6.649852e-01,6.639073e-01,6.628177e-01,6.621057e-01,6.617619e-01,6.614187e-01,6.610819e-01,6.607457e-01,6.604099e-01,6.600806e-01,6.597517e-01,6.597862e-01,6.594579e-01,6.595037e-01,6.595441e-01,6.595787e-01,6.592509e-01,6.592855e-01,6.593143e-01,6.593432e-01,6.590101e-01,6.586717e-01,6.586947e-01,6.587178e-01,6.587350e-01,6.587581e-01,6.587812e-01,6.584376e-01,6.584607e-01,6.584838e-01,6.585184e-01,6.581813e-01,6.582044e-01,6.578678e-01,6.578909e-01,6.579199e-01,6.579373e-01,6.576013e-01,6.576244e-01,6.576418e-01,6.576650e-01,6.573238e-01,6.573412e-01,6.573586e-01,6.573760e-01,6.573877e-01,6.574051e-01,6.574225e-01,6.577984e-01,6.578158e-01,6.578332e-01,6.578506e-01,6.578680e-01,6.578855e-01,6.577446e-01,6.581207e-01,6.581381e-01,6.581555e-01,6.581730e-01,6.583909e-01,6.584025e-01,6.587792e-01,6.587966e-01,6.586554e-01,6.586669e-01,6.590498e-01,6.592682e-01,6.592971e-01,6.595216e-01,6.595449e-01,6.595683e-01,6.594385e-01,6.594677e-01,6.596983e-01,6.597276e-01,6.595978e-01,6.596331e-01,6.598637e-01,6.597399e-01,6.601359e-01,6.600061e-01,6.600415e-01,6.602840e-01,6.603134e-01,6.605446e-01,6.604147e-01,6.604442e-01,6.603084e-01,6.603319e-01,6.605571e-01,6.604152e-01,6.607939e-01,6.606519e-01,6.608712e-01,6.608827e-01,6.607407e-01,6.609601e-01,6.609776e-01,6.608356e-01,6.610664e-01,6.610900e-01,6.613155e-01,6.611795e-01,6.612031e-01,6.610672e-01,6.610908e-01,6.609550e-01,6.608254e-01,6.612101e-01,6.610743e-01,6.609447e-01,6.613295e-01,6.611937e-01,6.612174e-01,6.610817e-01,6.609462e-01,6.609699e-01,6.608399e-01,6.608637e-01,6.607223e-01,6.603862e-01,6.602452e-01,6.599038e-01,6.597632e-01,6.594226e-01,6.592764e-01,6.592941e-01,6.587968e-01,6.588145e-01,6.584757e-01,6.579803e-01,6.576546e-01,6.573177e-01,6.571791e-01,6.568429e-01,6.565073e-01,6.563694e-01,6.560346e-01,6.557003e-01,6.553666e-01,6.548786e-01,6.545462e-01,6.542143e-01,6.538830e-01,6.532039e-01,6.528741e-01,6.521981e-01,6.518699e-01,6.516949e-01,6.507184e-01,6.505443e-01,6.500269e-01,6.495108e-01,6.486544e-01,6.479912e-01,6.471406e-01,6.464819e-01,6.458252e-01,6.453188e-01,6.443304e-01,6.436800e-01,6.426988e-01,6.418680e-01,6.408945e-01,6.399253e-01,6.389601e-01,6.379991e-01,6.370558e-01,6.356376e-01,6.345114e-01,6.331089e-01,6.321726e-01,6.312402e-01,6.301356e-01,6.290365e-01,6.273559e-01,6.258241e-01,6.243026e-01,6.232315e-01,6.220312e-01,6.210064e-01,6.195123e-01,6.176024e-01,6.157084e-01,6.140893e-01,6.123873e-01,6.111157e-01,6.098513e-01,6.090121e-01,6.077639e-01,6.065227e-01,6.051307e-01,6.033431e-01,6.012919e-01,5.991380e-01,5.971249e-01,5.954319e-01,5.944082e-01,5.927359e-01,5.915762e-01,5.900380e-01,5.887730e-01,5.872545e-01,5.861201e-01,5.846199e-01,5.834993e-01,5.819873e-01,5.811828e-01,5.804963e-01,5.795898e-01,5.781311e-01,5.762954e-01,5.748332e-01,5.733778e-01,5.715821e-01,5.700139e-01,5.679762e-01,5.658841e-01,5.634720e-01,5.605414e-01,5.571781e-01,5.543119e-01,5.504784e-01,5.460653e-01,5.422587e-01,5.376651e-01,5.330331e-01,5.276846e-01,5.238009e-01,5.176565e-01,5.113470e-01,5.044625e-01,4.987563e-01,4.908111e-01,4.830326e-01,4.754674e-01,4.669939e-01,4.609900e-01,4.526364e-01,4.447518e-01,4.371300e-01,4.286678e-01,4.204790e-01,4.149874e-01,4.084949e-01,4.001860e-01,3.932277e-01,3.864551e-01,3.809273e-01,3.746175e-01,3.685189e-01,3.626896e-01,3.578503e-01,3.538534e-01,3.491677e-01,3.446152e-01,3.409323e-01,3.365664e-01,3.329766e-01,3.294681e-01,3.260666e-01,3.233747e-01,3.207299e-01,3.180685e-01,3.154616e-01,3.128997e-01,3.109406e-01,3.090583e-01,3.071683e-01,3.052591e-01,3.033994e-01,3.021142e-01,3.003131e-01,2.985160e-01,2.972738e-01,2.960425e-01,2.953890e-01,2.941973e-01,2.930155e-01,2.923992e-01,2.912552e-01,2.906286e-01,2.900496e-01,2.894468e-01,2.888506e-01,2.882792e-01,2.877064e-01,2.871179e-01,2.865536e-01,2.864848e-01,2.859414e-01,2.859164e-01,2.858914e-01,2.858846e-01,2.853690e-01,2.853225e-01,2.853375e-01,2.853127e-01,2.858214e-01,2.858146e-01,2.858115e-01,2.857832e-01,2.862717e-01,2.862433e-01,2.867550e-01,2.872467e-01,2.878021e-01,2.877989e-01,2.882901e-01,2.892884e-01,2.898291e-01,2.903532e-01,2.913840e-01,2.924035e-01,2.934714e-01,2.950272e-01,2.961140e-01,2.972134e-01,2.988043e-01,2.998760e-01,3.015196e-01,3.031623e-01,3.042846e-01,3.065217e-01,3.076941e-01,3.094058e-01,3.111559e-01,3.123709e-01,3.147506e-01,3.159339e-01,3.176870e-01,3.195066e-01,3.213557e-01,3.226175e-01,3.244759e-01,3.263761e-01,3.277070e-01,3.303134e-01,3.316480e-01,3.336458e-01,3.357188e-01,3.377275e-01,3.391661e-01,3.412488e-01,3.434647e-01,3.456351e-01,3.471332e-01,3.493321e-01,3.516144e-01,3.531333e-01,3.554821e-01,3.571393e-01,3.596003e-01,3.612074e-01,3.628860e-01,3.653752e-01,3.670587e-01,3.687587e-01,3.713734e-01,3.731164e-01,3.749149e-01,3.767114e-01,3.785084e-01,3.811968e-01,3.822167e-01,3.850243e-01,3.869689e-01,3.879396e-01,3.898334e-01,3.928071e-01,3.938938e-01,3.958950e-01,3.979392e-01,3.999862e-01,4.020777e-01,4.031761e-01,4.052832e-01,4.073910e-01,4.084546e-01,4.106456e-01,4.117968e-01,4.139122e-01,4.161695e-01,4.172861e-01,4.196337e-01,4.207915e-01,4.229625e-01,4.241406e-01,4.265245e-01,4.277025e-01,4.289091e-01,4.313005e-01,4.325599e-01,4.337960e-01,4.361947e-01,4.374856e-01,4.387532e-01,4.400277e-01,4.425933e-01,4.438930e-01,4.452011e-01,4.465530e-01,4.478786e-01,4.492130e-01,4.506503e-01,4.519297e-01,4.528361e-01,4.540495e-01,4.552324e-01,4.564761e-01,4.575988e-01,4.589385e-01,4.599166e-01,4.614107e-01,4.624219e-01,4.636177e-01,4.645792e-01,4.657466e-01,4.669010e-01,4.680829e-01,4.691283e-01,4.703655e-01,4.715687e-01,4.724214e-01,4.738253e-01,4.746222e-01,4.757449e-01,4.768290e-01,4.777675e-01,4.788218e-01,4.800045e-01,4.812416e-01,4.821097e-01,4.832055e-01,4.842178e-01,4.851858e-01,4.858485e-01,4.868718e-01,4.876963e-01,4.889576e-01,4.900168e-01,4.910433e-01,4.923456e-01,4.933330e-01,4.939995e-01,4.949036e-01,4.956467e-01,4.964853e-01,4.974206e-01,4.983391e-01,4.990222e-01,4.999486e-01,5.007109e-01,5.016640e-01,5.024528e-01,5.031314e-01,5.034925e-01,5.044367e-01,5.048196e-01,5.055239e-01,5.061344e-01,5.070145e-01,5.076495e-01,5.083420e-01,5.088073e-01,5.094471e-01,5.098941e-01,5.107115e-01,5.109859e-01,5.117296e-01,5.124550e-01,5.130843e-01,5.139129e-01,5.143686e-01,5.148663e-01,5.155226e-01,5.158026e-01,5.163823e-01,5.166632e-01,5.172449e-01,5.172674e-01,5.179323e-01,5.183150e-01,5.189603e-01,5.191843e-01,5.196502e-01,5.199550e-01,5.204223e-01,5.204841e-01,5.210308e-01,5.213348e-01,5.219050e-01,5.222315e-01,5.228038e-01,5.230284e-01,5.236242e-01,5.235828e-01,5.242400e-01,5.243019e-01,5.244698e-01,5.245935e-01,5.249255e-01,5.246201e-01,5.248701e-01,5.246250e-01,5.248773e-01,5.244903e-01,5.244728e-01,5.243318e-01,5.244178e-01,5.240920e-01,5.239931e-01,5.237688e-01,5.238547e-01,5.234703e-01,5.235561e-01,5.231725e-01,5.230768e-01,5.230993e-01,5.241413e-01,5.237569e-01,5.237422e-01,5.234445e-01,5.231652e-01,5.227852e-01,5.225878e-01,5.222898e-01,5.221144e-01,5.217368e-01,5.214604e-01,5.208202e-01,5.206263e-01,5.203496e-01,5.198936e-01,5.195386e-01,5.192644e-01,5.185294e-01,5.184561e-01,5.179029e-01,5.176284e-01,5.173341e-01,5.171397e-01,5.165325e-01,5.162400e-01,5.155948e-01,5.152465e-01,5.148785e-01,5.141607e-01,5.136405e-01,5.131784e-01,5.123700e-01,5.120282e-01,5.115498e-01,5.110929e-01,5.105615e-01,5.101070e-01,5.094071e-01,5.091266e-01,5.084855e-01,5.078665e-01,5.072494e-01,5.068960e-01,5.062822e-01,5.059863e-01,5.054494e-01,5.051756e-01,5.043813e-01,5.040152e-01,5.032277e-01,5.027943e-01,5.023413e-01,5.017975e-01,5.012553e-01,5.008782e-01,5.001964e-01,5.000581e-01,4.995737e-01,4.991792e-01,4.987160e-01,4.986275e-01,4.982370e-01,4.980777e-01,4.973462e-01,4.970981e-01,4.970814e-01,4.964244e-01,4.960181e-01,4.956314e-01,4.950681e-01,4.945084e-01,4.940576e-01,4.936769e-01,4.928951e-01,4.921367e-01,4.915352e-01,4.908307e-01,4.899240e-01,4.893296e-01,4.886512e-01,4.877548e-01,4.867088e-01,4.858865e-01,4.854539e-01,4.845531e-01,4.835905e-01,4.826327e-01,4.818280e-01,4.812379e-01,4.802098e-01,4.795446e-01,4.789618e-01,4.784467e-01,4.776597e-01,4.770036e-01,4.764940e-01,4.760493e-01,4.755423e-01,4.749584e-01,4.745175e-01,4.744271e-01,4.744778e-01,4.738347e-01,4.736193e-01,4.733250e-01,4.729687e-01,4.730222e-01,4.728704e-01,4.725939e-01,4.723802e-01,4.721620e-01,4.719488e-01,4.715499e-01,4.712921e-01,4.708329e-01,4.705145e-01,4.701803e-01,4.701089e-01,4.699760e-01,4.697607e-01,4.699062e-01,4.698675e-01,4.698740e-01,4.697414e-01,4.698269e-01,4.698284e-01,4.699739e-01,4.703187e-01,4.704030e-01,4.705651e-01,4.708910e-01,4.710520e-01,4.714149e-01,4.714994e-01,4.717846e-01,4.718465e-01,4.719282e-01,4.718875e-01,4.718304e-01,4.717718e-01,4.716350e-01,4.714934e-01,4.715749e-01,4.715783e-01,4.718618e-01,4.716013e-01,4.715834e-01,4.714468e-01,4.713885e-01,4.715934e-01,4.714733e-01,4.714149e-01,4.714978e-01,4.713581e-01,4.714231e-01,4.713663e-01,4.711715e-01,4.707132e-01,4.705805e-01,4.702102e-01,4.699555e-01,4.689956e-01,4.685903e-01,4.680487e-01,4.673505e-01,4.667965e-01,4.662441e-01,4.653044e-01,4.644656e-01,4.635767e-01,4.623977e-01,4.612105e-01,4.596869e-01,4.577918e-01,4.566889e-01,4.555143e-01,4.543117e-01,4.518500e-01,4.493651e-01,4.481788e-01,4.458481e-01,4.422898e-01,4.399051e-01,4.376737e-01,4.343160e-01,4.309470e-01,4.276592e-01,4.243803e-01,4.211852e-01,4.159272e-01,4.128517e-01,4.058052e-01,4.008665e-01,3.952767e-01,3.907599e-01,3.845450e-01,3.795588e-01,3.730396e-01,3.670048e-01,3.579821e-01,3.508034e-01,3.439277e-01,3.360056e-01,3.290728e-01,3.206270e-01,3.131070e-01,3.012001e-01,2.925823e-01,2.840274e-01,2.759414e-01,2.663077e-01,2.584062e-01,2.460132e-01,2.372694e-01,2.290863e-01,2.211348e-01,2.128243e-01,2.026819e-01,1.949189e-01,1.880879e-01,1.814984e-01,1.749214e-01,1.670145e-01,1.613308e-01,1.562741e-01,1.516199e-01,1.476178e-01,1.416983e-01,1.382380e-01,1.350416e-01,1.317103e-01,1.283151e-01,1.250595e-01,1.229396e-01,1.208874e-01,1.188915e-01,1.169371e-01,1.150474e-01,1.140916e-01,1.122727e-01,1.113621e-01,1.096099e-01,1.087454e-01,1.078884e-01,1.070421e-01,1.062174e-01,1.054066e-01,1.045986e-01,1.045852e-01,1.037843e-01,1.037605e-01,1.029833e-01,1.029603e-01,1.029435e-01,1.029372e-01,1.021700e-01,1.021638e-01,1.021472e-01,1.021443e-01,1.029019e-01,1.028986e-01,1.028990e-01,1.028927e-01,1.036558e-01,1.036558e-01,1.044384e-01,1.044456e-01,1.052202e-01,1.060186e-01,1.060294e-01,1.068303e-01,1.076485e-01,1.084770e-01,1.093156e-01,1.093232e-01,1.101765e-01,1.110442e-01,1.119157e-01,1.127982e-01,1.136884e-01,1.146020e-01,1.155196e-01,1.164534e-01,1.173996e-01,1.183502e-01,1.193219e-01,1.203068e-01,1.212966e-01,1.223086e-01,1.233256e-01,1.243523e-01,1.264485e-01,1.264623e-01,1.286186e-01,1.297342e-01,1.297582e-01,1.316722e-01,1.328075e-01,1.342137e-01,1.351841e-01,1.368699e-01,1.378466e-01,1.387263e-01,1.403774e-01,1.415297e-01,1.429599e-01,1.440277e-01,1.457813e-01,1.467424e-01,1.483904e-01,1.495404e-01,1.505566e-01,1.522899e-01,1.534614e-01,1.551156e-01,1.561773e-01,1.578617e-01,1.589445e-01,1.605285e-01,1.618162e-01,1.632641e-01,1.644166e-01,1.660768e-01,1.672640e-01,1.688053e-01,1.700111e-01,1.716127e-01,1.726967e-01,1.743141e-01,1.755814e-01,1.765049e-01,1.781987e-01,1.799212e-01,1.810729e-01,1.826144e-01,1.837968e-01,1.853840e-01,1.863819e-01,1.880276e-01,1.890321e-01,1.904717e-01,1.915092e-01,1.932268e-01,1.942813e-01,1.957774e-01,1.968268e-01,1.983991e-01,1.992402e-01,2.006766e-01,2.017736e-01,2.031227e-01,2.047329e-01,2.055139e-01,2.069085e-01,2.078156e-01,2.093812e-01,2.099376e-01,2.113872e-01,2.127389e-01,2.136929e-01,2.148038e-01,2.156557e-01,2.171780e-01,2.177724e-01,2.191997e-01,2.203634e-01,2.212559e-01,2.224397e-01,2.230606e-01,2.243901e-01,2.258980e-01,2.265365e-01,2.277729e-01,2.284212e-01,2.293743e-01,2.306394e-01,2.313027e-01,2.325876e-01,2.333988e-01,2.343907e-01,2.353904e-01,2.360953e-01,2.371085e-01,2.385972e-01,2.389771e-01,2.404878e-01,2.408732e-01,2.424063e-01,2.436196e-01,2.441638e-01,2.453935e-01,2.466348e-01,2.475392e-01,2.486213e-01,2.498934e-01,2.508203e-01,2.517536e-01,2.532164e-01,2.538011e-01,2.549180e-01,2.562517e-01,2.570319e-01,2.580094e-01,2.595422e-01,2.601548e-01,2.613253e-01,2.623343e-01,2.631319e-01,2.643455e-01,2.653766e-01,2.660154e-01,2.672365e-01,2.682891e-01,2.691389e-01,2.697948e-01,2.710493e-01,2.721308e-01,2.729857e-01,2.736595e-01,2.749667e-01,2.756499e-01,2.765262e-01,2.776500e-01,2.785385e-01,2.792568e-01,2.801553e-01,2.813077e-01,2.822189e-01,2.829368e-01,2.838582e-01,2.850584e-01,2.855342e-01,2.869337e-01,2.876749e-01,2.886262e-01,2.891133e-01,2.900923e-01,2.908491e-01,2.918208e-01,2.927989e-01,2.930866e-01,2.940914e-01,2.950843e-01,2.955925e-01,2.963775e-01,2.968900e-01,2.979013e-01,2.984377e-01,2.994593e-01,3.004878e-01,3.015232e-01,3.018273e-01,3.028718e-01,3.034254e-01,3.044807e-01,3.050206e-01,3.055623e-01,3.064188e-01,3.069650e-01,3.075134e-01,3.085969e-01,3.091507e-01,3.097256e-01,3.100453e-01,3.111463e-01,3.117088e-01,3.122927e-01,3.126174e-01,3.131852e-01,3.137548e-01,3.141014e-01,3.146745e-01,3.152493e-01,3.158261e-01,3.164051e-01,3.169860e-01,3.173391e-01,3.173577e-01,3.179420e-01,3.185283e-01,3.191168e-01,3.197269e-01,3.203194e-01,3.209143e-01,3.209329e-01,3.215297e-01,3.221287e-01,3.227491e-01,3.227675e-01,3.233706e-01,3.239756e-01,3.240132e-01,3.246202e-01,3.252294e-01,3.252472e-01,3.261214e-01,3.261585e-01,3.267732e-01,3.267907e-01,3.276729e-01,3.277103e-01,3.283306e-01,3.286151e-01,3.292387e-01,3.292569e-01,3.301717e-01,3.301895e-01,3.304770e-01,3.311074e-01,3.320318e-01,3.323219e-01,3.329589e-01,3.332505e-01,3.332680e-01,3.341838e-01,3.342211e-01,3.351423e-01,3.354376e-01,3.354551e-01,3.363833e-01,3.364011e-01,3.367189e-01,3.370171e-01,3.370356e-01,3.373349e-01,3.376347e-01,3.376731e-01,3.379741e-01,3.379929e-01,3.389359e-01,3.389750e-01,3.392785e-01,3.395825e-01,3.396025e-01,3.399074e-01,3.399472e-01,3.402530e-01,3.402733e-01,3.405797e-01,3.406199e-01,3.409268e-01,3.409475e-01,3.412553e-01,3.412959e-01,3.413166e-01,3.416249e-01,3.409947e-01,3.410354e-01,3.410564e-01,3.413642e-01,3.413849e-01,3.414255e-01,3.414466e-01,3.414673e-01,3.412009e-01,3.405930e-01,3.406136e-01,3.403488e-01,3.400841e-01,3.391776e-01,3.392181e-01,3.389555e-01,3.384113e-01,3.375147e-01,3.372550e-01,3.367367e-01,3.358494e-01,3.353159e-01,3.350601e-01,3.339081e-01,3.333813e-01,3.322614e-01,3.317403e-01,3.303449e-01,3.298304e-01,3.284517e-01,3.279435e-01,3.268432e-01,3.260801e-01,3.250126e-01,3.236769e-01,3.231848e-01,3.218649e-01,3.208077e-01,3.200744e-01,3.190296e-01,3.177451e-01,3.172914e-01,3.160216e-01,3.155542e-01,3.145402e-01,3.132931e-01,3.122940e-01,3.113016e-01,3.103157e-01,3.098848e-01,3.089082e-01,3.079381e-01,3.067450e-01,3.057891e-01,3.055803e-01,3.046319e-01,3.039144e-01,3.024712e-01,3.017831e-01,3.008591e-01,3.006576e-01,2.999595e-01,2.992646e-01,2.985732e-01,2.976693e-01,2.969855e-01,2.963048e-01,2.954150e-01,2.945306e-01,2.933865e-01,2.927411e-01,2.914045e-01,2.905445e-01,2.898940e-01,2.892464e-01,2.879422e-01,2.873035e-01,2.866677e-01,2.860348e-01,2.849570e-01,2.841355e-01,2.830720e-01,2.824552e-01,2.818412e-01,2.812299e-01,2.801884e-01,2.796022e-01,2.785730e-01,2.781640e-01,2.771453e-01,2.767406e-01,2.759172e-01,2.757007e-01,2.748836e-01,2.744856e-01,2.738578e-01,2.736447e-01,2.724304e-01,2.723998e-01,2.716022e-01,2.709877e-01,2.706010e-01,2.701684e-01,2.697841e-01,2.689843e-01,2.679854e-01,2.676073e-01,2.670107e-01,2.662443e-01,2.654822e-01,2.652823e-01,2.639538e-01,2.632045e-01,2.628399e-01,2.620970e-01,2.611750e-01,2.604413e-01,2.599197e-01,2.584367e-01,2.579230e-01,2.572073e-01,2.564955e-01,2.556113e-01,2.541922e-01,2.538522e-01,2.529855e-01,2.522965e-01,2.516111e-01,2.509294e-01,2.498888e-01,2.493678e-01,2.486980e-01,2.481819e-01,2.475183e-01,2.463332e-01,2.461456e-01,2.453060e-01,2.446572e-01,2.440117e-01,2.435146e-01,2.423662e-01,2.418755e-01,2.415296e-01,2.409001e-01,2.404152e-01,2.389771e-01,2.384997e-01,2.380242e-01,2.375505e-01,2.364553e-01,2.358510e-01,2.352496e-01,2.343451e-01,2.338854e-01,2.328064e-01,2.322198e-01,2.313372e-01,2.308887e-01,2.295566e-01,2.294079e-01,2.285455e-01,2.276738e-01,2.272387e-01,2.259460e-01,2.253917e-01,2.245575e-01,2.241185e-01,2.227360e-01,2.221965e-01,2.215057e-01,2.209718e-01,2.196102e-01,2.190848e-01,2.182937e-01,2.177593e-01,2.164487e-01,2.155596e-01,2.147772e-01,2.143873e-01,2.130992e-01,2.126024e-01,2.118394e-01,2.113480e-01,2.100928e-01,4.046258e-03,4.046258e-03,4.046258e-03,4.046258e-03,4.046258e-03,4.046258e-03,4.046258e-03,4.046258e-03,4.046258e-03,4.046258e-03,4.046258e-03,4.046258e-03,4.046258e-03,4.046258e-03,4.046258e-03,4.046258e-03,4.046258e-03,4.046258e-03,4.046258e-03,4.046258e-03,4.046258e-03,4.046258e-03,4.046258e-03,4.046258e-03,4.046258e-03,4.046258e-03,4.046258e-03,4.046258e-03,4.046258e-03,4.046258e-03,4.046258e-03,4.046258e-03,4.046258e-03,4.046258e-03,4.046258e-03,4.046258e-03,4.046258e-03,4.046258e-03,4.046258e-03,4.046258e-03,4.046258e-03,4.046258e-03,4.046258e-03,4.046258e-03,4.046258e-03,4.046258e-03,4.046258e-03,4.046258e-03,4.046258e-03,4.046258e-03,4.046258e-03,4.046258e-03,4.046258e-03,4.046258e-03,4.046258e-03,4.046258e-03,4.046258e-03,4.046258e-03,4.046258e-03,4.046258e-03,4.046258e-03,4.046258e-03,4.046258e-03,4.046258e-03,4.046258e-03,4.046258e-03,4.046258e-03,4.046258e-03,4.046258e-03,4.046258e-03,4.046258e-03,4.046258e-03,4.046258e-03,4.046258e-03,4.046258e-03,4.046258e-03,4.046258e-03,4.046258e-03,4.046258e-03,4.046258e-03,4.046258e-03,4.046258e-03,4.046258e-03,4.046258e-03,4.046258e-03,4.046258e-03,4.046258e-03,4.046258e-03,4.046258e-03,4.046258e-03,4.046258e-03,4.046258e-03,4.046258e-03,4.046258e-03,4.046258e-03,4.046258e-03,4.046258e-03,4.046258e-03,4.046258e-03,4.046258e-03,4.046258e-03,4.046258e-03,4.046258e-03,4.046258e-03,4.046258e-03,4.046258e-03,4.046258e-03,4.046258e-03,4.046258e-03,4.046258e-03,4.046258e-03,4.046258e-03,4.046258e-03,4.046258e-03,4.046258e-03,4.046258e-03,4.046258e-03,4.046258e-03,4.046258e-03,4.046258e-03,4.046258e-03,4.046258e-03,4.046258e-03,4.046258e-03,4.046258e-03,4.046258e-03,4.046258e-03,4.046258e-03,4.046258e-03,4.046258e-03,4.046258e-03,4.046258e-03,4.046258e-03,4.046258e-03,4.046258e-03,4.046258e-03,4.046258e-03,4.046258e-03,4.046258e-03,4.046258e-03,4.046258e-03,4.046258e-03,4.046258e-03,4.046258e-03,4.046258e-03,4.046258e-03,4.046258e-03,4.046258e-03,4.046258e-03,4.046258e-03,4.046258e-03,4.046258e-03,4.046258e-03,4.046258e-03,4.046258e-03,4.046258e-03,4.046258e-03,4.046258e-03,4.046258e-03,4.046258e-03,4.046258e-03
2.643427e-02,2.641049e-02,2.638077e-02,2.635106e-02,2.632136e-02,2.629824e-02,2.627577e-02,2.625267e-02,2.623615e-02,2.621371e-02,2.619720e-02,2.617477e-02,2.616485e-02,2.615494e-02,2.613911e-02,2.612921e-02,2.611932e-02,2.610944e-02,2.610548e-02,2.610218e-02,2.609823e-02,2.609428e-02,2.609690e-02,2.609887e-02,2.610743e-02,2.611006e-02,2.611862e-02,2.613309e-02,2.614165e-02,2.615678e-02,2.617783e-02,2.619296e-02,2.622058e-02,2.624230e-02,2.626993e-02,2.629756e-02,2.631928e-02,2.634691e-02,2.638112e-02,2.640284e-02,2.643048e-02,2.645813e-02,2.647987e-02,2.650094e-02,2.652269e-02,2.654377e-02,2.656486e-02,2.657347e-02,2.659457e-02,2.660911e-02,2.661776e-02,2.663233e-02,2.664034e-02,2.664838e-02,2.665643e-02,2.666449e-02,2.667848e-02,2.668659e-02,2.668813e-02,2.670215e-02,2.671028e-02,2.671842e-02,2.673245e-02,2.674058e-02,2.675463e-02,2.676280e-02,2.677687e-02,2.679093e-02,2.679909e-02,2.681315e-02,2.682720e-02,2.683532e-02,2.684275e-02,2.685675e-02,2.685827e-02,2.687226e-02,2.688624e-02,2.690029e-02,2.690844e-02,2.692907e-02,2.694973e-02,2.697118e-02,2.699862e-02,2.702612e-02,2.705446e-02,2.709543e-02,2.713003e-02,2.715897e-02,2.720071e-02,2.723696e-02,2.727294e-02,2.730351e-02,2.734721e-02,2.737926e-02,2.741806e-02,2.745214e-02,2.749353e-02,2.753081e-02,2.756360e-02,2.761131e-02,2.765635e-02,2.770495e-02,2.775787e-02,2.780949e-02,2.787973e-02,2.795132e-02,2.803172e-02,2.812214e-02,2.821855e-02,2.834075e-02,2.847248e-02,2.862949e-02,2.880061e-02,2.899775e-02,2.922793e-02,2.947937e-02,2.977411e-02,3.008959e-02,3.044452e-02,3.082965e-02,3.125049e-02,3.170666e-02,3.219113e-02,3.269938e-02,3.322880e-02,3.376452e-02,3.430990e-02,3.485502e-02,3.540197e-02,3.591730e-02,3.643595e-02,3.692177e-02,3.740326e-02,3.783410e-02,3.825774e-02,3.864552e-02,3.901921e-02,3.933664e-02,3.966014e-02,3.994007e-02,4.022026e-02,4.046884e-02,4.068939e-02,4.093507e-02,4.116517e-02,4.140459e-02,4.163041e-02,4.188182e-02,4.209828e-02,4.232328e-02,4.252771e-02,4.269953e-02,4.284271e-02,4.297378e-02,4.304794e-02,4.304831e-02,4.296211e-02,4.285001e-02,4.268800e-02,4.248042e-02,4.226550e-02,4.202957e-02,4.176515e-02,4.147510e-02,4.116030e-02,4.081639e-02,4.045850e-02,4.006647e-02,3.967162e-02,3.926486e-02,3.885196e-02,3.844414e-02,3.804841e-02,3.767878e-02,3.732934e-02,3.699080e-02,3.668483e-02,3.640194e-02,3.614961e-02,3.591121e-02,3.569169e-02,3.548618e-02,3.530100e-02,3.512739e-02,3.497821e-02,3.482848e-02,3.469478e-02,3.457703e-02,3.447194e-02,3.436411e-02,3.428288e-02,3.420341e-02,3.414053e-02,3.407090e-02,3.401866e-02,3.397358e-02,3.392523e-02,3.388901e-02,3.384995e-02,3.380955e-02,3.376194e-02,3.371048e-02,3.365877e-02,3.359569e-02,3.351971e-02,3.345062e-02,3.336073e-02,3.326457e-02,3.316006e-02,3.304841e-02,3.293831e-02,3.282623e-02,3.271702e-02,3.260582e-02,3.249606e-02,3.239022e-02,3.229444e-02,3.219975e-02,3.212031e-02,3.205127e-02,3.199465e-02,3.193867e-02,3.190005e-02,3.186827e-02,3.185057e-02,3.183373e-02,3.182259e-02,3.181971e-02,3.182428e-02,3.182642e-02,3.182533e-02,3.182838e-02,3.182400e-02,3.179762e-02,3.177517e-02,3.173971e-02,3.169441e-02,3.162896e-02,3.156225e-02,3.148790e-02,3.142252e-02,3.134900e-02,3.127730e-02,3.120720e-02,3.114261e-02,3.108340e-02,3.103857e-02,3.099648e-02,3.096249e-02,3.094508e-02,3.092850e-02,3.092523e-02,3.091352e-02,3.091037e-02,3.090160e-02,3.089735e-02,3.088625e-02,3.087818e-02,3.086359e-02,3.084670e-02,3.083204e-02,3.082357e-02,3.080654e-02,3.080518e-02,3.080795e-02,3.080863e-02,3.081861e-02,3.082683e-02,3.084328e-02,3.086307e-02,3.088348e-02,3.090639e-02,3.092944e-02,3.095420e-02,3.098525e-02,3.101128e-02,3.104338e-02,3.107061e-02,3.110482e-02,3.113980e-02,3.117002e-02,3.120978e-02,3.124676e-02,3.129827e-02,3.135806e-02,3.143122e-02,3.152847e-02,3.167089e-02,3.186233e-02,3.213053e-02,3.251365e-02,3.303814e-02,3.374502e-02,3.467392e-02,3.586564e-02,3.732419e-02,3.909915e-02,4.119606e-02,4.362453e-02,4.634386e-02,4.937801e-02,5.268942e-02,5.622278e-02,5.995757e-02,6.387832e-02,6.793874e-02,7.214494e-02,7.647087e-02,8.092265e-02,8.556300e-02,9.029606e-02,9.514061e-02,1.001221e-01,1.052396e-01,1.105106e-01,1.158983e-01,1.214480e-01,1.271098e-01,1.328801e-01,1.387678e-01,1.449282e-01,1.510145e-01,1.571969e-01,1.633889e-01,1.696806e-01,1.760050e-01,1.823538e-01,1.886937e-01,1.950166e-01,2.012952e-01,2.075076e-01,2.136355e-01,2.197061e-01,2.257077e-01,2.315164e-01,2.371619e-01,2.426878e-01,2.480143e-01,2.531274e-01,2.581211e-01,2.628763e-01,2.672758e-01,2.715380e-01,2.754906e-01,2.793103e-01,2.828271e-01,2.862061e-01,2.892746e-01,2.921599e-01,2.948306e-01,2.973246e-01,2.997274e-01,3.021550e-01,3.046758e-01,3.071483e-01,3.097063e-01,3.122107e-01,3.147194e-01,3.173045e-01,3.198151e-01,3.223962e-01,3.248118e-01,3.272838e-01,3.297308e-01,3.320667e-01,3.344414e-01,3.367725e-01,3.390511e-01,3.411864e-01,3.433351e-01,3.454101e-01,3.474004e-01,3.492977e-01,3.511256e-01,3.528145e-01,3.543860e-01,3.558320e-01,3.571430e-01,3.583113e-01,3.592984e-01,3.601578e-01,3.607180e-01,3.614051e-01,3.620629e-01,3.627230e-01,3.633860e-01,3.640213e-01,3.646905e-01,3.652634e-01,3.659342e-01,3.666090e-01,3.671882e-01,3.678681e-01,3.684509e-01,3.690669e-01,3.696523e-01,3.702402e-01,3.709289e-01,3.715205e-01,3.720822e-01,3.726784e-01,3.732425e-01,3.738073e-01,3.743759e-01,3.748448e-01,3.754142e-01,3.759852e-01,3.765584e-01,3.771345e-01,3.776071e-01,3.781844e-01,3.786604e-01,3.791689e-01,3.797822e-01,3.802934e-01,3.808058e-01,3.813186e-01,3.818316e-01,3.823468e-01,3.828969e-01,3.834147e-01,3.839299e-01,3.844793e-01,3.848936e-01,3.854473e-01,3.859635e-01,3.863703e-01,3.868926e-01,3.874142e-01,3.878923e-01,3.882731e-01,3.886555e-01,3.891069e-01,3.894516e-01,3.898065e-01,3.902720e-01,3.906245e-01,3.909489e-01,3.913093e-01,3.917764e-01,3.921364e-01,3.924990e-01,3.928951e-01,3.932570e-01,3.936555e-01,3.940546e-01,3.944510e-01,3.948526e-01,3.952881e-01,3.956873e-01,3.961263e-01,3.965642e-01,3.968892e-01,3.973285e-01,3.976565e-01,3.980963e-01,3.985349e-01,3.988628e-01,3.993069e-01,3.996336e-01,4.000781e-01,4.004089e-01,4.008182e-01,4.011500e-01,4.014476e-01,4.017395e-01,4.021502e-01,4.024480e-01,4.027123e-01,4.030140e-01,4.033931e-01,4.036504e-01,4.039142e-01,4.041803e-01,4.044065e-01,4.046702e-01,4.049331e-01,4.051953e-01,4.054620e-01,4.057269e-01,4.060200e-01,4.062030e-01,4.065052e-01,4.068366e-01,4.071728e-01,4.073931e-01,4.077332e-01,4.081048e-01,4.084384e-01,4.086953e-01,4.090360e-01,4.093697e-01,4.096253e-01,4.098486e-01,4.101896e-01,4.104113e-01,4.107479e-01,4.109688e-01,4.113125e-01,4.115309e-01,4.117178e-01,4.119025e-01,4.120843e-01,4.122684e-01,4.124556e-01,4.126453e-01,4.128309e-01,4.130102e-01,4.131914e-01,4.133795e-01,4.135677e-01,4.137507e-01,4.139599e-01,4.141761e-01,4.143988e-01,4.146193e-01,4.148327e-01,4.150311e-01,4.152380e-01,4.154924e-01,4.157108e-01,4.159106e-01,4.161276e-01,4.163233e-01,4.165293e-01,4.167310e-01,4.169282e-01,4.171280e-01,4.173146e-01,4.174484e-01,4.176158e-01,4.177647e-01,4.179433e-01,4.180814e-01,4.182345e-01,4.183633e-01,4.184495e-01,4.185590e-01,4.186499e-01,4.187909e-01,4.188870e-01,4.189185e-01,4.190172e-01,4.190973e-01,4.191946e-01,4.192799e-01,4.193553e-01,4.194527e-01,4.195586e-01,4.196049e-01,4.194927e-01,4.195280e-01,4.195791e-01,4.196145e-01,4.196364e-01,4.196718e-01,4.197401e-01,4.198060e-01,4.199073e-01,4.200524e-01,4.201404e-01,4.201978e-01,4.203775e-01,4.205779e-01,4.207894e-01,4.209680e-01,4.211429e-01,4.213328e-01,4.215424e-01,4.216942e-01,4.218671e-01,4.220277e-01,4.221427e-01,4.222790e-01,4.223571e-01,4.224809e-01,4.226159e-01,4.227399e-01,4.228750e-01,4.230694e-01,4.232293e-01,4.234240e-01,4.236076e-01,4.238534e-01,4.240857e-01,4.243293e-01,4.245630e-01,4.248182e-01,4.251109e-01,4.253579e-01,4.256385e-01,4.259059e-01,4.261982e-01,4.264462e-01,4.266903e-01,4.269849e-01,4.272407e-01,4.274618e-01,4.277308e-01,4.279873e-01,4.282063e-01,4.284255e-01,4.286589e-01,4.288671e-01,4.290868e-01,4.293067e-01,4.295381e-01,4.297190e-01,4.299535e-01,4.302234e-01,4.304426e-01,4.307130e-01,4.309326e-01,4.311919e-01,4.314385e-01,4.317478e-01,4.319948e-01,4.322449e-01,4.324923e-01,4.327630e-01,4.330224e-01,4.332821e-01,4.335036e-01,4.337637e-01,4.339856e-01,4.341961e-01,4.344067e-01,4.346073e-01,4.347914e-01,4.350126e-01,4.351853e-01,4.353217e-01,4.354581e-01,4.356077e-01,4.357676e-01,4.359275e-01,4.360876e-01,4.362360e-01,4.363962e-01,4.365448e-01,4.366934e-01,4.368289e-01,4.370164e-01,4.371536e-01,4.373163e-01,4.374806e-01,4.376435e-01,4.378182e-01,4.379946e-01,4.381934e-01,4.383956e-01,4.385860e-01,4.388261e-01,4.390155e-01,4.392545e-01,4.394687e-01,4.396949e-01,4.399472e-01,4.401605e-01,4.404104e-01,4.406300e-01,4.408516e-01,4.410994e-01,4.413081e-01,4.415416e-01,4.417479e-01,4.419424e-01,4.421462e-01,4.423501e-01,4.424970e-01,4.426485e-01,4.427973e-01,4.429054e-01,4.430530e-01,4.431599e-01,4.432227e-01,4.433030e-01,4.433952e-01,4.434968e-01,4.435588e-01,4.436590e-01,4.437308e-01,4.438044e-01,4.438781e-01,4.439491e-01,4.440321e-01,4.441017e-01,4.441788e-01,4.442459e-01,4.443120e-01,4.443649e-01,4.444166e-01,4.444760e-01,4.445492e-01,4.446094e-01,4.446564e-01,4.446902e-01,4.447228e-01,4.447391e-01,4.447932e-01,4.448461e-01,4.448984e-01,4.449268e-01,4.449552e-01,4.450044e-01,4.450568e-01,4.450972e-01,4.451257e-01,4.451422e-01,4.451796e-01,4.452320e-01,4.452726e-01,4.452892e-01,4.452779e-01,4.453424e-01,4.454278e-01,4.454923e-01,4.455090e-01,4.455257e-01,4.455942e-01,4.456229e-01,4.456764e-01,4.457092e-01,4.457419e-01,4.457986e-01,4.458673e-01,4.458882e-01,4.458464e-01,4.457957e-01,4.457809e-01,4.457662e-01,4.457038e-01,4.454944e-01,4.452894e-01,4.450807e-01,4.448960e-01,4.447207e-01,4.445366e-01,4.442539e-01,4.438932e-01,4.433642e-01,4.428483e-01,4.424863e-01,4.421718e-01,4.417644e-01,4.411924e-01,4.406013e-01,4.401974e-01,4.399216e-01,4.396810e-01,4.393946e-01,4.390510e-01,4.387426e-01,4.384716e-01,4.381643e-01,4.380110e-01,4.379723e-01,4.379337e-01,4.379341e-01,4.379345e-01,4.379350e-01,4.379745e-01,4.380140e-01,4.381678e-01,4.382074e-01,4.383594e-01,4.385525e-01,4.387067e-01,4.387464e-01,4.389007e-01,4.390160e-01,4.391313e-01,4.391321e-01,4.390938e-01,4.391701e-01,4.392464e-01,4.392836e-01,4.393599e-01,4.394363e-01,4.393590e-01,4.394354e-01,4.395118e-01,4.395863e-01,4.395482e-01,4.396246e-01,4.395866e-01,4.396631e-01,4.397787e-01,4.398160e-01,4.397781e-01,4.398546e-01,4.398920e-01,4.399685e-01,4.398914e-01,4.399288e-01,4.399662e-01,4.400035e-01,4.400017e-01,4.400391e-01,4.400765e-01,4.402283e-01,4.402657e-01,4.403031e-01,4.403406e-01,4.403780e-01,4.404154e-01,4.402026e-01,4.403545e-01,4.403919e-01,4.404293e-01,4.404668e-01,4.403685e-01,4.403666e-01,4.405185e-01,4.405560e-01,4.403434e-01,4.403415e-01,4.405326e-01,4.404345e-01,4.404701e-01,4.404113e-01,4.404882e-01,4.405650e-01,4.404314e-01,4.405476e-01,4.405284e-01,4.406446e-01,4.405113e-01,4.406669e-01,4.406478e-01,4.405541e-01,4.408239e-01,4.406909e-01,4.408466e-01,4.408261e-01,4.409426e-01,4.409238e-01,4.407912e-01,4.409077e-01,4.407359e-01,4.408130e-01,4.407552e-01,4.405444e-01,4.406959e-01,4.404852e-01,4.403884e-01,4.403868e-01,4.401767e-01,4.400800e-01,4.401178e-01,4.399081e-01,4.398102e-01,4.398873e-01,4.398302e-01,4.396603e-01,4.397374e-01,4.395676e-01,4.396447e-01,4.394752e-01,4.393451e-01,4.395349e-01,4.393657e-01,4.392360e-01,4.394256e-01,4.392568e-01,4.393339e-01,4.391652e-01,4.389968e-01,4.390739e-01,4.388653e-01,4.389424e-01,4.387353e-01,4.387004e-01,4.384937e-01,4.384198e-01,4.382135e-01,4.381398e-01,4.378948e-01,4.379328e-01,4.376158e-01,4.376537e-01,4.375804e-01,4.372642e-01,4.371901e-01,4.371170e-01,4.369126e-01,4.368397e-01,4.367669e-01,4.365630e-01,4.364903e-01,4.364178e-01,4.363453e-01,4.360317e-01,4.359594e-01,4.358872e-01,4.358150e-01,4.356329e-01,4.355609e-01,4.353792e-01,4.353073e-01,4.354755e-01,4.348148e-01,4.349826e-01,4.350409e-01,4.350993e-01,4.350481e-01,4.348672e-01,4.348161e-01,4.346354e-01,4.344550e-01,4.345133e-01,4.342240e-01,4.340441e-01,4.337556e-01,4.337051e-01,4.334173e-01,4.331300e-01,4.328431e-01,4.325567e-01,4.322703e-01,4.316421e-01,4.314851e-01,4.308596e-01,4.305765e-01,4.302939e-01,4.301382e-01,4.299827e-01,4.292562e-01,4.287638e-01,4.282728e-01,4.281191e-01,4.277352e-01,4.272274e-01,4.267027e-01,4.258844e-01,4.250696e-01,4.247113e-01,4.237790e-01,4.231789e-01,4.225807e-01,4.223481e-01,4.217900e-01,4.212336e-01,4.207996e-01,4.200438e-01,4.191904e-01,4.181216e-01,4.172769e-01,4.162005e-01,4.155439e-01,4.144775e-01,4.139435e-01,4.130635e-01,4.122848e-01,4.114125e-01,4.108516e-01,4.099860e-01,4.094295e-01,4.088925e-01,4.092520e-01,4.098579e-01,4.100449e-01,4.091477e-01,4.082724e-01,4.077391e-01,4.071717e-01,4.063054e-01,4.058538e-01,4.051803e-01,4.040259e-01,4.025484e-01,4.007000e-01,3.986858e-01,3.968372e-01,3.947556e-01,3.924323e-01,3.905000e-01,3.885327e-01,3.869738e-01,3.853410e-01,3.845941e-01,3.823812e-01,3.797513e-01,3.763841e-01,3.733787e-01,3.691282e-01,3.646723e-01,3.606638e-01,3.561597e-01,3.528563e-01,3.484177e-01,3.444126e-01,3.403254e-01,3.358585e-01,3.312332e-01,3.283834e-01,3.246894e-01,3.199061e-01,3.158279e-01,3.116088e-01,3.082765e-01,3.042528e-01,3.001993e-01,2.964886e-01,2.933575e-01,2.905376e-01,2.872179e-01,2.839714e-01,2.813466e-01,2.780626e-01,2.752806e-01,2.725527e-01,2.699906e-01,2.678860e-01,2.658353e-01,2.635599e-01,2.614030e-01,2.593022e-01,2.575317e-01,2.559496e-01,2.542304e-01,2.524489e-01,2.507917e-01,2.495131e-01,2.479003e-01,2.463033e-01,2.450711e-01,2.438516e-01,2.430622e-01,2.419564e-01,2.408415e-01,2.401449e-01,2.391385e-01,2.384470e-01,2.379016e-01,2.372231e-01,2.366136e-01,2.360772e-01,2.354795e-01,2.348797e-01,2.343327e-01,2.341018e-01,2.335640e-01,2.334711e-01,2.333784e-01,2.332911e-01,2.328879e-01,2.327281e-01,2.327092e-01,2.326173e-01,2.329707e-01,2.328840e-01,2.328789e-01,2.327437e-01,2.330485e-01,2.329132e-01,2.332861e-01,2.335919e-01,2.340402e-01,2.340541e-01,2.342984e-01,2.349202e-01,2.353231e-01,2.357022e-01,2.363359e-01,2.369671e-01,2.376769e-01,2.386376e-01,2.393564e-01,2.401253e-01,2.410375e-01,2.416715e-01,2.426673e-01,2.436450e-01,2.442971e-01,2.456283e-01,2.463653e-01,2.473709e-01,2.483694e-01,2.491926e-01,2.505800e-01,2.511885e-01,2.520741e-01,2.530502e-01,2.541073e-01,2.548115e-01,2.558015e-01,2.568045e-01,2.576041e-01,2.590743e-01,2.598039e-01,2.609140e-01,2.621234e-01,2.631093e-01,2.640251e-01,2.650886e-01,2.665026e-01,2.676727e-01,2.685357e-01,2.696943e-01,2.709807e-01,2.717506e-01,2.731408e-01,2.741982e-01,2.756885e-01,2.765713e-01,2.775596e-01,2.789606e-01,2.798694e-01,2.807837e-01,2.823370e-01,2.832665e-01,2.843005e-01,2.853358e-01,2.862840e-01,2.876937e-01,2.883951e-01,2.899331e-01,2.911110e-01,2.916205e-01,2.926025e-01,2.942890e-01,2.949962e-01,2.961067e-01,2.972062e-01,2.983327e-01,2.994731e-01,3.001194e-01,3.012669e-01,3.023425e-01,3.029082e-01,3.041069e-01,3.048226e-01,3.058277e-01,3.070734e-01,3.077066e-01,3.090819e-01,3.097020e-01,3.106194e-01,3.112449e-01,3.125306e-01,3.131309e-01,3.137389e-01,3.148970e-01,3.155995e-01,3.161894e-01,3.172159e-01,3.179013e-01,3.184992e-01,3.190723e-01,3.203317e-01,3.209110e-01,3.214923e-01,3.221954e-01,3.227810e-01,3.233686e-01,3.242065e-01,3.248680e-01,3.251596e-01,3.256913e-01,3.261016e-01,3.264376e-01,3.269472e-01,3.274195e-01,3.278672e-01,3.284291e-01,3.288845e-01,3.295266e-01,3.298814e-01,3.304005e-01,3.309439e-01,3.314941e-01,3.319851e-01,3.326662e-01,3.332496e-01,3.335498e-01,3.342981e-01,3.344652e-01,3.350935e-01,3.355936e-01,3.360042e-01,3.366828e-01,3.370842e-01,3.378057e-01,3.380499e-01,3.387122e-01,3.392338e-01,3.395943e-01,3.398576e-01,3.403534e-01,3.406814e-01,3.414125e-01,3.419175e-01,3.426656e-01,3.434096e-01,3.440267e-01,3.442914e-01,3.449888e-01,3.453978e-01,3.459559e-01,3.464672e-01,3.469752e-01,3.474717e-01,3.482109e-01,3.486570e-01,3.491754e-01,3.496282e-01,3.501873e-01,3.505875e-01,3.511065e-01,3.512806e-01,3.518183e-01,3.522047e-01,3.528130e-01,3.532057e-01,3.537443e-01,3.540701e-01,3.544652e-01,3.547878e-01,3.552531e-01,3.555080e-01,3.558236e-01,3.563734e-01,3.567686e-01,3.572383e-01,3.575653e-01,3.576614e-01,3.580631e-01,3.583213e-01,3.585709e-01,3.588297e-01,3.590798e-01,3.591150e-01,3.595506e-01,3.599689e-01,3.603708e-01,3.604809e-01,3.608128e-01,3.610783e-01,3.614111e-01,3.611794e-01,3.616365e-01,3.618713e-01,3.620892e-01,3.620838e-01,3.623018e-01,3.623811e-01,3.623584e-01,3.622101e-01,3.625844e-01,3.623512e-01,3.620654e-01,3.619847e-01,3.620108e-01,3.614244e-01,3.612953e-01,3.611049e-01,3.610077e-01,3.602708e-01,3.599187e-01,3.596467e-01,3.592129e-01,3.588723e-01,3.583709e-01,3.579184e-01,3.574894e-01,3.567682e-01,3.563422e-01,3.556260e-01,3.551656e-01,3.552006e-01,3.568418e-01,3.561240e-01,3.558126e-01,3.553106e-01,3.547837e-01,3.541059e-01,3.537312e-01,3.532055e-01,3.526060e-01,3.519376e-01,3.514222e-01,3.505165e-01,3.499229e-01,3.493839e-01,3.485549e-01,3.478775e-01,3.471211e-01,3.462854e-01,3.456053e-01,3.448414e-01,3.442894e-01,3.437347e-01,3.431064e-01,3.422199e-01,3.416720e-01,3.410001e-01,3.403240e-01,3.396460e-01,3.388465e-01,3.381174e-01,3.375213e-01,3.368046e-01,3.361455e-01,3.357617e-01,3.351740e-01,3.346650e-01,3.340812e-01,3.333081e-01,3.329957e-01,3.325595e-01,3.319236e-01,3.312902e-01,3.308239e-01,3.301947e-01,3.298835e-01,3.293860e-01,3.290813e-01,3.285972e-01,3.281618e-01,3.277086e-01,3.273775e-01,3.270422e-01,3.267761e-01,3.265104e-01,3.263027e-01,3.259856e-01,3.259894e-01,3.260438e-01,3.260022e-01,3.258633e-01,3.261297e-01,3.262866e-01,3.264279e-01,3.264650e-01,3.266747e-01,3.270683e-01,3.272317e-01,3.273844e-01,3.273424e-01,3.274374e-01,3.275607e-01,3.275921e-01,3.275783e-01,3.275174e-01,3.272900e-01,3.270925e-01,3.271579e-01,3.268455e-01,3.266487e-01,3.265202e-01,3.262092e-01,3.258136e-01,3.256007e-01,3.254346e-01,3.252898e-01,3.250208e-01,3.247522e-01,3.245408e-01,3.244822e-01,3.242817e-01,3.243183e-01,3.242598e-01,3.243530e-01,3.241421e-01,3.241787e-01,3.242719e-01,3.244889e-01,3.245822e-01,3.247709e-01,3.249885e-01,3.254729e-01,3.259875e-01,3.260525e-01,3.262892e-01,3.265942e-01,3.267741e-01,3.273491e-01,3.277135e-01,3.278259e-01,3.280648e-01,3.281039e-01,3.283431e-01,3.282028e-01,3.281205e-01,3.278542e-01,3.276461e-01,3.276325e-01,3.279286e-01,3.280989e-01,3.281380e-01,3.284242e-01,3.283310e-01,3.285595e-01,3.287302e-01,3.289188e-01,3.289474e-01,3.292346e-01,3.296791e-01,3.298399e-01,3.299317e-01,3.304018e-01,3.304651e-01,3.307150e-01,3.308766e-01,3.311967e-01,3.313251e-01,3.314297e-01,3.313059e-01,3.313805e-01,3.314262e-01,3.315417e-01,3.314541e-01,3.315587e-01,3.317332e-01,3.320259e-01,3.318838e-01,3.320539e-01,3.321698e-01,3.322157e-01,3.325795e-01,3.324960e-01,3.325419e-01,3.326761e-01,3.326168e-01,3.329221e-01,3.329971e-01,3.330418e-01,3.327388e-01,3.329131e-01,3.330939e-01,3.330089e-01,3.328564e-01,3.329411e-01,3.329665e-01,3.329281e-01,3.331535e-01,3.333792e-01,3.332556e-01,3.333579e-01,3.335354e-01,3.330641e-01,3.327937e-01,3.322432e-01,3.317501e-01,3.315816e-01,3.312804e-01,3.308568e-01,3.298238e-01,3.286710e-01,3.282209e-01,3.273007e-01,3.256936e-01,3.245359e-01,3.236074e-01,3.221283e-01,3.205368e-01,3.189652e-01,3.172628e-01,3.156891e-01,3.129662e-01,3.113235e-01,3.075147e-01,3.046740e-01,3.017447e-01,2.993241e-01,2.958847e-01,2.933662e-01,2.899027e-01,2.871956e-01,2.822936e-01,2.782058e-01,2.742511e-01,2.695805e-01,2.653385e-01,2.600488e-01,2.550543e-01,2.472310e-01,2.413241e-01,2.354627e-01,2.298550e-01,2.232050e-01,2.175185e-01,2.087147e-01,2.023724e-01,1.962839e-01,1.903009e-01,1.839065e-01,1.762450e-01,1.701828e-01,1.648045e-01,1.596167e-01,1.543959e-01,1.481970e-01,1.436652e-01,1.396009e-01,1.358660e-01,1.325910e-01,1.278752e-01,1.250316e-01,1.223743e-01,1.195742e-01,1.167764e-01,1.140835e-01,1.122588e-01,1.104993e-01,1.087915e-01,1.071189e-01,1.055198e-01,1.046035e-01,1.031013e-01,1.022632e-01,1.008234e-01,1.000820e-01,9.932797e-02,9.862256e-02,9.794932e-02,9.729805e-02,9.665711e-02,9.659271e-02,9.592402e-02,9.585002e-02,9.525009e-02,9.515217e-02,9.510327e-02,9.507522e-02,9.447563e-02,9.443780e-02,9.437947e-02,9.435338e-02,9.487617e-02,9.486439e-02,9.483939e-02,9.478049e-02,9.529664e-02,9.528625e-02,9.584449e-02,9.584311e-02,9.637313e-02,9.694312e-02,9.696464e-02,9.755363e-02,9.814844e-02,9.875051e-02,9.939772e-02,9.942851e-02,1.000805e-01,1.007709e-01,1.014262e-01,1.021071e-01,1.027651e-01,1.034624e-01,1.041806e-01,1.048819e-01,1.055923e-01,1.063127e-01,1.070418e-01,1.077694e-01,1.085185e-01,1.092769e-01,1.100138e-01,1.107767e-01,1.122650e-01,1.123154e-01,1.138781e-01,1.147095e-01,1.147956e-01,1.161653e-01,1.169752e-01,1.179974e-01,1.187552e-01,1.199595e-01,1.206842e-01,1.213488e-01,1.225726e-01,1.234099e-01,1.244687e-01,1.252654e-01,1.265316e-01,1.272364e-01,1.284124e-01,1.293000e-01,1.300646e-01,1.312781e-01,1.321347e-01,1.333260e-01,1.340664e-01,1.352202e-01,1.359666e-01,1.370652e-01,1.379437e-01,1.388718e-01,1.396329e-01,1.407484e-01,1.415291e-01,1.425296e-01,1.432632e-01,1.443406e-01,1.450634e-01,1.461241e-01,1.468796e-01,1.474576e-01,1.485527e-01,1.496630e-01,1.503641e-01,1.513063e-01,1.520215e-01,1.529551e-01,1.535178e-01,1.545288e-01,1.550412e-01,1.558663e-01,1.564033e-01,1.574039e-01,1.579193e-01,1.586649e-01,1.590920e-01,1.599771e-01,1.602478e-01,1.606529e-01,1.610899e-01,1.616798e-01,1.624256e-01,1.623860e-01,1.629846e-01,1.632798e-01,1.637013e-01,1.635071e-01,1.641133e-01,1.643831e-01,1.646829e-01,1.647981e-01,1.647573e-01,1.653720e-01,1.651739e-01,1.654469e-01,1.655631e-01,1.655219e-01,1.656381e-01,1.654395e-01,1.659005e-01,1.661755e-01,1.659607e-01,1.660775e-01,1.658779e-01,1.658365e-01,1.659531e-01,1.657539e-01,1.658704e-01,1.660164e-01,1.659901e-01,1.659638e-01,1.657821e-01,1.657710e-01,1.662480e-01,1.659055e-01,1.663982e-01,1.660553e-01,1.665184e-01,1.668395e-01,1.668274e-01,1.671344e-01,1.674272e-01,1.675603e-01,1.680332e-01,1.683290e-01,1.684635e-01,1.685829e-01,1.692378e-01,1.692099e-01,1.697200e-01,1.700369e-01,1.704037e-01,1.705567e-01,1.712723e-01,1.712747e-01,1.718116e-01,1.719978e-01,1.723693e-01,1.729148e-01,1.730873e-01,1.730894e-01,1.736205e-01,1.737785e-01,1.741437e-01,1.741300e-01,1.746669e-01,1.748265e-01,1.751771e-01,1.751632e-01,1.757087e-01,1.756947e-01,1.760644e-01,1.762262e-01,1.765979e-01,1.765865e-01,1.769754e-01,1.771387e-01,1.775138e-01,1.774834e-01,1.778598e-01,1.780114e-01,1.782099e-01,1.787537e-01,1.787229e-01,1.790880e-01,1.792726e-01,1.796427e-01,1.795956e-01,1.799641e-01,1.803341e-01,1.801191e-01,1.804926e-01,1.808647e-01,1.810527e-01,1.810212e-01,1.812095e-01,1.815843e-01,1.817767e-01,1.821537e-01,1.825322e-01,1.829122e-01,1.826914e-01,1.830720e-01,1.832839e-01,1.836667e-01,1.838603e-01,1.840542e-01,1.840247e-01,1.842024e-01,1.843970e-01,1.847843e-01,1.849635e-01,1.851461e-01,1.849037e-01,1.852931e-01,1.854567e-01,1.856403e-01,1.853965e-01,1.855769e-01,1.857411e-01,1.854834e-01,1.856641e-01,1.858284e-01,1.859931e-01,1.861582e-01,1.863235e-01,1.860641e-01,1.860170e-01,1.861822e-01,1.863477e-01,1.865136e-01,1.866828e-01,1.868325e-01,1.869993e-01,1.869520e-01,1.871023e-01,1.872529e-01,1.873900e-01,1.873256e-01,1.874599e-01,1.875776e-01,1.874991e-01,1.876001e-01,1.877013e-01,1.876028e-01,1.881423e-01,1.880295e-01,1.881316e-01,1.880158e-01,1.885590e-01,1.884628e-01,1.885658e-01,1.889098e-01,1.890137e-01,1.889312e-01,1.894846e-01,1.893847e-01,1.897329e-01,1.898384e-01,1.903812e-01,1.907167e-01,1.908067e-01,1.911443e-01,1.910261e-01,1.915575e-01,1.914417e-01,1.919938e-01,1.923373e-01,1.922180e-01,1.927933e-01,1.926912e-01,1.930761e-01,1.934424e-01,1.933750e-01,1.937780e-01,1.941829e-01,1.941178e-01,1.945597e-01,1.945095e-01,1.951719e-01,1.951419e-01,1.956064e-01,1.960730e-01,1.960758e-01,1.965624e-01,1.965678e-01,1.970746e-01,1.970952e-01,1.976043e-01,1.976277e-01,1.981393e-01,1.981780e-01,1.987100e-01,1.987516e-01,1.987904e-01,1.993251e-01,1.991369e-01,1.991786e-01,1.992356e-01,1.997720e-01,1.998111e-01,1.998529e-01,1.999101e-01,1.999491e-01,1.994902e-01,1.993049e-01,1.993438e-01,1.988878e-01,1.984159e-01,1.977404e-01,1.977818e-01,1.973150e-01,1.963672e-01,1.957053e-01,1.952479e-01,1.943215e-01,1.936552e-01,1.927228e-01,1.922785e-01,1.911485e-01,1.902383e-01,1.891327e-01,1.882401e-01,1.867135e-01,1.858418e-01,1.843339e-01,1.834824e-01,1.824456e-01,1.812107e-01,1.801997e-01,1.788074e-01,1.780189e-01,1.766579e-01,1.757076e-01,1.745563e-01,1.736271e-01,1.723281e-01,1.715943e-01,1.703235e-01,1.696039e-01,1.687235e-01,1.674765e-01,1.666009e-01,1.657338e-01,1.648749e-01,1.641839e-01,1.633243e-01,1.624882e-01,1.613245e-01,1.605071e-01,1.601775e-01,1.593708e-01,1.588965e-01,1.579541e-01,1.575038e-01,1.567218e-01,1.564063e-01,1.559481e-01,1.554775e-01,1.550242e-01,1.542498e-01,1.538030e-01,1.533439e-01,1.525845e-01,1.518318e-01,1.512470e-01,1.508024e-01,1.499170e-01,1.491877e-01,1.487527e-01,1.483199e-01,1.474745e-01,1.470483e-01,1.466243e-01,1.462025e-01,1.456556e-01,1.449630e-01,1.444244e-01,1.440137e-01,1.436050e-01,1.431984e-01,1.426714e-01,1.422701e-01,1.417630e-01,1.416289e-01,1.411121e-01,1.409790e-01,1.407268e-01,1.408413e-01,1.405893e-01,1.404570e-01,1.404520e-01,1.405662e-01,1.401823e-01,1.405562e-01,1.402910e-01,1.402860e-01,1.401401e-01,1.403949e-01,1.402349e-01,1.399560e-01,1.398325e-01,1.396733e-01,1.396543e-01,1.393775e-01,1.391015e-01,1.391999e-01,1.385514e-01,1.382641e-01,1.381072e-01,1.378349e-01,1.372978e-01,1.370279e-01,1.366235e-01,1.361151e-01,1.357151e-01,1.354499e-01,1.351990e-01,1.346919e-01,1.342221e-01,1.340850e-01,1.335982e-01,1.333662e-01,1.331349e-01,1.329043e-01,1.325662e-01,1.325730e-01,1.323574e-01,1.323641e-01,1.321490e-01,1.319545e-01,1.320817e-01,1.319811e-01,1.317671e-01,1.315537e-01,1.315735e-01,1.313938e-01,1.314136e-01,1.316663e-01,1.314532e-01,1.314730e-01,1.311741e-01,1.312071e-01,1.312268e-01,1.312466e-01,1.310544e-01,1.308430e-01,1.306323e-01,1.303041e-01,1.303235e-01,1.301206e-01,1.299119e-01,1.295869e-01,1.295929e-01,1.292884e-01,1.293844e-01,1.290615e-01,1.287401e-01,1.287459e-01,1.284447e-01,1.282275e-01,1.279095e-01,1.279152e-01,1.274101e-01,1.271958e-01,1.271009e-01,1.268875e-01,1.263768e-01,1.261525e-01,1.258433e-01,1.256208e-01,1.251187e-01,1.245764e-01,1.242613e-01,1.242402e-01,1.237222e-01,1.234925e-01,1.231562e-01,1.229153e-01,1.223807e-01,8.281777e-03,8.281777e-03,8.281777e-03,8.281777e-03,8.281777e-03,8.281777e-03,8.281777e-03,8.281777e-03,8.281777e-03,8.281777e-03,8.281777e-03,8.281777e-03,8.281777e-03,8.281777e-03,8.281777e-03,8.281777e-03,8.281777e-03,8.281777e-03,8.281777e-03,8.281777e-03,8.281777e-03,8.281777e-03,8.281777e-03,8.281777e-03,8.281777e-03,8.281777e-03,8.281777e-03,8.281777e-03,8.281777e-03,8.281777e-03,8.281777e-03,8.281777e-03,8.281777e-03,8.281777e-03,8.281777e-03,8.281777e-03,8.281777e-03,8.281777e-03,8.281777e-03,8.281777e-03,8.281777e-03,8.281777e-03,8.281777e-03,8.281777e-03,8.281777e-03,8.281777e-03,8.281777e-03,8.281777e-03,8.281777e-03,8.281777e-03,8.281777e-03,8.281777e-03,8.281777e-03,8.281777e-03,8.281777e-03,8.281777e-03,8.281777e-03,8.281777e-03,8.281777e-03,8.281777e-03,8.281777e-03,8.281777e-03,8.281777e-03,8.281777e-03,8.281777e-03,8.281777e-03,8.281777e-03,8.281777e-03,8.281777e-03,8.281777e-03,8.281777e-03,8.281777e-03,8.281777e-03,8.281777e-03,8.281777e-03,8.281777e-03,8.281777e-03,8.281777e-03,8.281777e-03,8.281777e-03,8.281777e-03,8.281777e-03,8.281777e-03,8.281777e-03,8.281777e-03,8.281777e-03,8.281777e-03,8.281777e-03,8.281777e-03,8.281777e-03,8.281777e-03,8.281777e-03,8.281777e-03,8.281777e-03,8.281777e-03,8.281777e-03,8.281777e-03,8.281777e-03,8.281777e-03,8.281777e-03,8.281777e-03,8.281777e-03,8.281777e-03,8.281777e-03,8.281777e-03,8.281777e-03,8.281777e-03,8.281777e-03,8.281777e-03,8.281777e-03,8.281777e-03,8.281777e-03,8.281777e-03,8.281777e-03,8.281777e-03,8.281777e-03,8.281777e-03,8.281777e-03,8.281777e-03,8.281777e-03,8.281777e-03,8.281777e-03,8.281777e-03,8.281777e-03,8.281777e-03,8.281777e-03,8.281777e-03,8.281777e-03,8.281777e-03,8.281777e-03,8.281777e-03,8.281777e-03,8.281777e-03,8.281777e-03,8.281777e-03,8.281777e-03,8.281777e-03,8.281777e-03,8.281777e-03,8.281777e-03,8.281777e-03,8.281777e-03,8.281777e-03,8.281777e-03,8.281777e-03,8.281777e-03,8.281777e-03,8.281777e-03,8.281777e-03,8.281777e-03,8.281777e-03,8.281777e-03,8.281777e-03,8.281777e-03,8.281777e-03,8.281777e-03,8.281777e-03,8.281777e-03,8.281777e-03,8.281777e-03,8.281777e-03
2.370697e-02,2.369838e-02,2.368784e-02,2.367741e-02,2.366710e-02,2.368055e-02,2.371569e-02,2.372921e-02,2.376640e-02,2.380154e-02,2.383867e-02,2.387373e-02,2.393453e-02,2.399539e-02,2.405423e-02,2.411511e-02,2.417600e-02,2.423687e-02,2.429979e-02,2.438430e-02,2.444713e-02,2.450991e-02,2.459633e-02,2.466113e-02,2.474964e-02,2.483609e-02,2.492453e-02,2.501495e-02,2.510338e-02,2.521546e-02,2.532952e-02,2.544153e-02,2.557924e-02,2.571494e-02,2.585270e-02,2.599047e-02,2.612620e-02,2.626400e-02,2.642546e-02,2.656124e-02,2.669911e-02,2.683708e-02,2.697306e-02,2.708746e-02,2.722355e-02,2.733817e-02,2.745288e-02,2.754199e-02,2.765711e-02,2.774887e-02,2.783896e-02,2.793155e-02,2.800112e-02,2.807112e-02,2.814153e-02,2.821229e-02,2.828551e-02,2.835713e-02,2.840516e-02,2.847865e-02,2.854992e-02,2.862107e-02,2.869341e-02,2.876350e-02,2.883577e-02,2.890647e-02,2.897874e-02,2.905080e-02,2.912032e-02,2.919213e-02,2.926394e-02,2.933300e-02,2.938065e-02,2.945221e-02,2.949816e-02,2.956975e-02,2.964154e-02,2.971472e-02,2.978594e-02,2.988297e-02,2.998043e-02,3.010123e-02,3.022548e-02,3.035062e-02,3.049942e-02,3.067591e-02,3.083117e-02,3.098783e-02,3.117385e-02,3.136292e-02,3.153385e-02,3.170834e-02,3.191555e-02,3.210593e-02,3.230621e-02,3.251557e-02,3.273965e-02,3.297719e-02,3.320802e-02,3.348279e-02,3.377968e-02,3.410060e-02,3.444826e-02,3.480450e-02,3.522056e-02,3.567282e-02,3.616902e-02,3.671299e-02,3.730731e-02,3.797451e-02,3.867618e-02,3.946413e-02,4.028982e-02,4.120909e-02,4.219122e-02,4.321450e-02,4.430291e-02,4.539389e-02,4.649070e-02,4.757953e-02,4.863562e-02,4.963246e-02,5.056027e-02,5.138421e-02,5.205323e-02,5.258417e-02,5.296506e-02,5.320772e-02,5.331566e-02,5.324796e-02,5.311084e-02,5.286394e-02,5.256191e-02,5.216188e-02,5.173280e-02,5.127746e-02,5.081608e-02,5.032392e-02,4.987803e-02,4.941738e-02,4.901492e-02,4.862736e-02,4.826617e-02,4.795179e-02,4.768889e-02,4.744373e-02,4.724890e-02,4.711557e-02,4.697399e-02,4.690534e-02,4.683274e-02,4.679289e-02,4.676553e-02,4.676994e-02,4.677971e-02,4.678895e-02,4.679775e-02,4.681519e-02,4.685503e-02,4.687501e-02,4.692784e-02,4.695481e-02,4.698948e-02,4.698809e-02,4.697377e-02,4.694447e-02,4.690649e-02,4.685374e-02,4.679802e-02,4.673625e-02,4.665061e-02,4.656769e-02,4.649112e-02,4.644882e-02,4.639505e-02,4.632753e-02,4.629745e-02,4.627930e-02,4.627566e-02,4.628034e-02,4.629467e-02,4.631625e-02,4.634706e-02,4.638487e-02,4.645455e-02,4.650450e-02,4.656259e-02,4.662767e-02,4.669919e-02,4.674984e-02,4.683349e-02,4.689750e-02,4.699045e-02,4.706104e-02,4.713891e-02,4.722042e-02,4.727976e-02,4.736475e-02,4.744928e-02,4.753310e-02,4.761368e-02,4.769176e-02,4.776866e-02,4.784067e-02,4.790650e-02,4.799476e-02,4.805290e-02,4.810722e-02,4.815779e-02,4.818331e-02,4.823098e-02,4.825664e-02,4.830472e-02,4.833047e-02,4.835728e-02,4.838671e-02,4.842065e-02,4.843451e-02,4.847653e-02,4.852413e-02,4.857782e-02,4.863296e-02,4.869584e-02,4.876245e-02,4.883513e-02,4.890936e-02,4.898649e-02,4.906764e-02,4.915192e-02,4.923562e-02,4.931787e-02,4.940114e-02,4.948081e-02,4.952976e-02,4.959995e-02,4.966365e-02,4.972213e-02,4.977131e-02,4.981899e-02,4.986260e-02,4.993041e-02,4.999491e-02,5.006022e-02,5.012650e-02,5.019559e-02,5.026746e-02,5.034581e-02,5.042646e-02,5.051125e-02,5.060366e-02,5.069734e-02,5.079703e-02,5.087293e-02,5.095238e-02,5.102980e-02,5.110878e-02,5.118507e-02,5.126215e-02,5.133676e-02,5.138927e-02,5.146397e-02,5.154118e-02,5.159454e-02,5.167547e-02,5.175853e-02,5.184126e-02,5.192799e-02,5.201448e-02,5.210439e-02,5.221690e-02,5.230869e-02,5.242266e-02,5.251566e-02,5.263046e-02,5.274770e-02,5.286304e-02,5.298073e-02,5.309657e-02,5.323618e-02,5.335507e-02,5.347218e-02,5.359316e-02,5.371331e-02,5.386080e-02,5.399138e-02,5.412924e-02,5.427938e-02,5.445201e-02,5.465082e-02,5.486927e-02,5.516798e-02,5.551969e-02,5.598842e-02,5.655407e-02,5.725913e-02,5.810918e-02,5.913156e-02,6.033062e-02,6.171645e-02,6.324673e-02,6.498154e-02,6.687793e-02,6.889223e-02,7.105458e-02,7.333693e-02,7.571701e-02,7.819467e-02,8.075833e-02,8.341241e-02,8.618671e-02,8.906379e-02,9.202636e-02,9.509384e-02,9.826027e-02,1.015442e-01,1.049177e-01,1.084410e-01,1.120290e-01,1.157123e-01,1.194682e-01,1.234128e-01,1.273369e-01,1.313511e-01,1.354088e-01,1.395439e-01,1.437248e-01,1.479459e-01,1.521745e-01,1.564250e-01,1.606682e-01,1.648883e-01,1.691002e-01,1.732640e-01,1.774279e-01,1.815106e-01,1.854639e-01,1.893489e-01,1.931086e-01,1.967373e-01,2.002871e-01,2.036788e-01,2.068465e-01,2.098861e-01,2.127199e-01,2.154559e-01,2.179884e-01,2.204164e-01,2.226339e-01,2.246796e-01,2.266141e-01,2.284075e-01,2.301695e-01,2.319462e-01,2.337792e-01,2.355897e-01,2.374465e-01,2.392854e-01,2.411237e-01,2.430013e-01,2.448420e-01,2.467212e-01,2.485117e-01,2.503260e-01,2.521223e-01,2.538564e-01,2.555966e-01,2.573088e-01,2.589824e-01,2.605709e-01,2.621451e-01,2.636688e-01,2.651293e-01,2.665172e-01,2.678916e-01,2.691250e-01,2.702709e-01,2.713270e-01,2.722791e-01,2.731251e-01,2.738020e-01,2.744189e-01,2.748280e-01,2.753392e-01,2.757932e-01,2.762483e-01,2.767018e-01,2.771036e-01,2.775650e-01,2.779766e-01,2.784367e-01,2.788966e-01,2.793119e-01,2.797784e-01,2.801954e-01,2.806679e-01,2.810856e-01,2.815052e-01,2.819712e-01,2.823926e-01,2.827565e-01,2.831774e-01,2.835418e-01,2.839059e-01,2.842697e-01,2.845876e-01,2.849538e-01,2.853206e-01,2.856852e-01,2.860557e-01,2.863734e-01,2.867431e-01,2.870629e-01,2.874410e-01,2.878705e-01,2.882499e-01,2.886300e-01,2.890094e-01,2.893884e-01,2.897691e-01,2.902108e-01,2.905927e-01,2.909707e-01,2.914087e-01,2.917394e-01,2.921809e-01,2.925566e-01,2.928722e-01,2.932536e-01,2.936334e-01,2.939401e-01,2.942061e-01,2.944736e-01,2.947264e-01,2.949277e-01,2.951409e-01,2.954087e-01,2.956178e-01,2.957731e-01,2.959909e-01,2.962577e-01,2.964738e-01,2.966924e-01,2.969703e-01,2.971872e-01,2.974669e-01,2.977469e-01,2.980273e-01,2.983092e-01,2.986506e-01,2.989285e-01,2.992731e-01,2.996157e-01,2.999029e-01,3.002463e-01,3.005364e-01,3.008794e-01,3.012203e-01,3.015136e-01,3.018601e-01,3.021469e-01,3.024929e-01,3.027839e-01,3.030674e-01,3.033590e-01,3.035898e-01,3.038181e-01,3.041015e-01,3.043317e-01,3.045024e-01,3.047367e-01,3.049613e-01,3.051271e-01,3.052958e-01,3.054672e-01,3.055713e-01,3.057393e-01,3.059105e-01,3.060762e-01,3.062470e-01,3.064155e-01,3.066411e-01,3.068144e-01,3.070459e-01,3.073359e-01,3.076267e-01,3.078632e-01,3.081582e-01,3.085144e-01,3.088011e-01,3.090998e-01,3.093945e-01,3.096850e-01,3.099818e-01,3.102207e-01,3.105194e-01,3.107562e-01,3.110446e-01,3.112847e-01,3.115811e-01,3.118133e-01,3.119888e-01,3.121662e-01,3.123354e-01,3.125073e-01,3.126875e-01,3.128659e-01,3.130393e-01,3.132050e-01,3.133778e-01,3.135539e-01,3.137302e-01,3.139000e-01,3.141248e-01,3.143531e-01,3.145892e-01,3.148272e-01,3.150519e-01,3.152586e-01,3.154800e-01,3.157724e-01,3.160027e-01,3.162153e-01,3.164626e-01,3.166702e-01,3.168851e-01,3.170950e-01,3.173041e-01,3.175114e-01,3.177076e-01,3.177993e-01,3.179676e-01,3.181086e-01,3.182900e-01,3.184179e-01,3.185501e-01,3.186578e-01,3.187187e-01,3.187986e-01,3.188510e-01,3.189772e-01,3.190458e-01,3.190414e-01,3.191082e-01,3.191476e-01,3.192216e-01,3.192772e-01,3.193250e-01,3.193990e-01,3.194879e-01,3.195199e-01,3.193412e-01,3.193605e-01,3.193845e-01,3.194039e-01,3.194125e-01,3.194321e-01,3.194907e-01,3.195513e-01,3.196488e-01,3.198306e-01,3.199173e-01,3.199630e-01,3.201767e-01,3.203906e-01,3.206503e-01,3.208385e-01,3.210360e-01,3.212372e-01,3.214667e-01,3.216128e-01,3.217800e-01,3.219413e-01,3.220251e-01,3.221299e-01,3.221513e-01,3.222503e-01,3.223623e-01,3.224287e-01,3.225408e-01,3.227415e-01,3.228777e-01,3.230786e-01,3.232666e-01,3.235413e-01,3.238052e-01,3.240823e-01,3.243516e-01,3.246423e-01,3.249959e-01,3.252718e-01,3.256199e-01,3.259247e-01,3.262866e-01,3.265633e-01,3.268495e-01,3.272049e-01,3.275048e-01,3.277400e-01,3.280464e-01,3.283470e-01,3.285847e-01,3.288225e-01,3.290720e-01,3.292968e-01,3.295351e-01,3.297736e-01,3.300258e-01,3.302086e-01,3.304593e-01,3.307754e-01,3.310222e-01,3.313389e-01,3.315860e-01,3.318896e-01,3.321871e-01,3.325684e-01,3.328664e-01,3.331630e-01,3.334615e-01,3.337877e-01,3.341003e-01,3.344133e-01,3.346626e-01,3.349761e-01,3.352258e-01,3.354619e-01,3.356982e-01,3.359268e-01,3.361132e-01,3.363714e-01,3.365442e-01,3.366831e-01,3.368220e-01,3.369673e-01,3.371341e-01,3.373010e-01,3.374681e-01,3.376212e-01,3.377885e-01,3.379418e-01,3.380952e-01,3.382423e-01,3.384603e-01,3.385999e-01,3.387976e-01,3.389878e-01,3.391857e-01,3.393977e-01,3.396022e-01,3.398663e-01,3.401291e-01,3.403780e-01,3.407051e-01,3.409536e-01,3.412803e-01,3.415783e-01,3.418906e-01,3.422530e-01,3.425508e-01,3.429122e-01,3.432246e-01,3.435351e-01,3.438958e-01,3.441917e-01,3.445371e-01,3.448320e-01,3.451128e-01,3.454066e-01,3.457006e-01,3.459153e-01,3.461294e-01,3.463423e-01,3.464895e-01,3.467018e-01,3.468484e-01,3.469306e-01,3.470472e-01,3.471782e-01,3.473222e-01,3.474012e-01,3.475446e-01,3.476600e-01,3.477735e-01,3.478869e-01,3.479991e-01,3.481256e-01,3.482372e-01,3.483638e-01,3.484741e-01,3.485839e-01,3.486788e-01,3.487730e-01,3.488826e-01,3.490045e-01,3.491115e-01,3.492035e-01,3.492806e-01,3.493571e-01,3.494200e-01,3.495241e-01,3.496277e-01,3.497309e-01,3.498054e-01,3.498799e-01,3.499846e-01,3.500879e-01,3.501769e-01,3.502515e-01,3.503117e-01,3.504022e-01,3.505055e-01,3.505945e-01,3.506549e-01,3.506642e-01,3.507820e-01,3.509300e-01,3.510478e-01,3.511082e-01,3.511686e-01,3.513087e-01,3.513835e-01,3.515109e-01,3.516081e-01,3.517053e-01,3.518311e-01,3.519714e-01,3.520543e-01,3.520674e-01,3.520646e-01,3.521049e-01,3.521453e-01,3.521287e-01,3.519191e-01,3.517326e-01,3.515244e-01,3.513451e-01,3.511825e-01,3.510044e-01,3.506917e-01,3.503050e-01,3.497020e-01,3.491160e-01,3.487125e-01,3.483656e-01,3.479102e-01,3.472680e-01,3.465998e-01,3.461517e-01,3.458537e-01,3.455970e-01,3.452874e-01,3.449118e-01,3.445777e-01,3.443112e-01,3.439793e-01,3.438443e-01,3.438420e-01,3.438397e-01,3.439010e-01,3.439624e-01,3.440238e-01,3.441488e-01,3.442737e-01,3.445307e-01,3.446557e-01,3.449159e-01,3.452364e-01,3.454936e-01,3.456187e-01,3.458759e-01,3.460697e-01,3.462635e-01,3.463251e-01,3.463232e-01,3.464535e-01,3.465839e-01,3.466507e-01,3.467810e-01,3.469114e-01,3.468460e-01,3.469764e-01,3.471068e-01,3.472406e-01,3.472388e-01,3.473692e-01,3.473675e-01,3.474980e-01,3.476920e-01,3.477590e-01,3.477573e-01,3.478878e-01,3.479548e-01,3.480853e-01,3.480201e-01,3.480871e-01,3.481541e-01,3.482210e-01,3.482244e-01,3.482914e-01,3.483583e-01,3.485575e-01,3.486245e-01,3.486915e-01,3.487585e-01,3.488255e-01,3.488925e-01,3.489121e-01,3.491114e-01,3.491785e-01,3.492456e-01,3.493126e-01,3.494646e-01,3.494679e-01,3.496676e-01,3.497347e-01,3.497542e-01,3.497575e-01,3.500210e-01,3.501733e-01,3.502437e-01,3.504599e-01,3.505909e-01,3.507219e-01,3.508691e-01,3.510641e-01,3.513444e-01,3.515395e-01,3.516868e-01,3.519459e-01,3.522267e-01,3.524380e-01,3.528310e-01,3.529784e-01,3.532379e-01,3.535226e-01,3.537183e-01,3.539999e-01,3.541475e-01,3.543432e-01,3.544267e-01,3.545584e-01,3.547761e-01,3.547955e-01,3.549974e-01,3.550167e-01,3.551704e-01,3.551738e-01,3.551931e-01,3.553469e-01,3.554144e-01,3.554338e-01,3.555909e-01,3.557228e-01,3.559411e-01,3.560246e-01,3.561566e-01,3.562402e-01,3.563722e-01,3.564558e-01,3.566038e-01,3.568707e-01,3.569544e-01,3.571024e-01,3.573695e-01,3.574532e-01,3.575854e-01,3.576691e-01,3.577529e-01,3.578851e-01,3.579078e-01,3.580401e-01,3.580594e-01,3.580567e-01,3.580761e-01,3.580091e-01,3.580286e-01,3.579618e-01,3.579169e-01,3.579847e-01,3.578698e-01,3.579377e-01,3.578712e-01,3.577566e-01,3.576940e-01,3.576279e-01,3.576476e-01,3.575817e-01,3.575159e-01,3.575358e-01,3.574701e-01,3.574045e-01,3.573391e-01,3.572260e-01,3.571609e-01,3.570958e-01,3.570309e-01,3.568336e-01,3.567690e-01,3.565723e-01,3.565081e-01,3.564913e-01,3.562010e-01,3.561844e-01,3.560365e-01,3.558889e-01,3.556108e-01,3.554171e-01,3.551404e-01,3.549478e-01,3.547557e-01,3.546105e-01,3.542899e-01,3.540993e-01,3.537804e-01,3.535085e-01,3.531915e-01,3.528755e-01,3.525605e-01,3.522466e-01,3.519380e-01,3.514545e-01,3.510634e-01,3.505837e-01,3.502758e-01,3.499689e-01,3.495832e-01,3.491990e-01,3.486044e-01,3.480568e-01,3.475119e-01,3.471350e-01,3.467160e-01,3.463761e-01,3.457776e-01,3.450808e-01,3.443881e-01,3.437846e-01,3.431753e-01,3.427288e-01,3.422842e-01,3.420612e-01,3.416807e-01,3.413019e-01,3.408506e-01,3.402452e-01,3.395291e-01,3.387771e-01,3.380708e-01,3.375133e-01,3.372230e-01,3.366705e-01,3.363118e-01,3.357443e-01,3.352899e-01,3.347277e-01,3.343168e-01,3.337596e-01,3.333524e-01,3.327698e-01,3.323925e-01,3.321142e-01,3.317599e-01,3.311567e-01,3.303826e-01,3.298152e-01,3.291919e-01,3.284302e-01,3.277474e-01,3.268041e-01,3.259177e-01,3.248418e-01,3.235450e-01,3.220553e-01,3.207211e-01,3.189494e-01,3.169144e-01,3.151318e-01,3.129762e-01,3.107718e-01,3.081672e-01,3.062007e-01,3.032253e-01,3.001745e-01,2.968646e-01,2.940878e-01,2.902116e-01,2.864539e-01,2.827555e-01,2.786067e-01,2.756621e-01,2.715256e-01,2.676331e-01,2.638079e-01,2.596032e-01,2.555245e-01,2.527849e-01,2.495115e-01,2.453376e-01,2.418196e-01,2.383952e-01,2.355744e-01,2.323715e-01,2.292312e-01,2.262595e-01,2.237783e-01,2.216798e-01,2.192853e-01,2.169575e-01,2.150586e-01,2.128715e-01,2.110695e-01,2.093082e-01,2.076379e-01,2.063190e-01,2.050632e-01,2.038065e-01,2.025742e-01,2.014031e-01,2.005319e-01,1.996934e-01,1.988552e-01,1.980097e-01,1.972243e-01,1.967221e-01,1.959642e-01,1.952080e-01,1.947255e-01,1.942478e-01,1.940528e-01,1.936295e-01,1.931728e-01,1.929930e-01,1.925898e-01,1.924045e-01,1.922385e-01,1.920642e-01,1.918912e-01,1.917282e-01,1.915660e-01,1.913961e-01,1.911988e-01,1.912470e-01,1.910593e-01,1.911251e-01,1.911909e-01,1.912654e-01,1.910875e-01,1.911446e-01,1.912278e-01,1.912936e-01,1.916207e-01,1.916952e-01,1.918072e-01,1.919103e-01,1.922673e-01,1.923705e-01,1.927375e-01,1.930968e-01,1.934838e-01,1.936337e-01,1.939953e-01,1.946095e-01,1.950302e-01,1.954057e-01,1.960377e-01,1.966651e-01,1.973152e-01,1.982143e-01,1.988758e-01,1.995042e-01,2.004263e-01,2.010467e-01,2.019955e-01,2.029069e-01,2.035551e-01,2.047702e-01,2.054432e-01,2.063938e-01,2.073257e-01,2.080202e-01,2.093142e-01,2.100016e-01,2.109834e-01,2.119977e-01,2.130257e-01,2.137539e-01,2.147913e-01,2.158510e-01,2.166142e-01,2.180359e-01,2.188054e-01,2.199166e-01,2.210645e-01,2.222301e-01,2.230504e-01,2.242120e-01,2.254312e-01,2.266368e-01,2.274932e-01,2.286731e-01,2.299355e-01,2.307652e-01,2.320599e-01,2.329517e-01,2.342589e-01,2.351319e-01,2.360385e-01,2.373206e-01,2.382332e-01,2.391544e-01,2.405409e-01,2.414843e-01,2.424527e-01,2.434200e-01,2.443912e-01,2.458221e-01,2.463847e-01,2.478725e-01,2.489113e-01,2.494561e-01,2.504762e-01,2.520436e-01,2.525942e-01,2.536643e-01,2.547102e-01,2.558026e-01,2.569174e-01,2.575224e-01,2.586442e-01,2.598165e-01,2.604541e-01,2.616642e-01,2.623889e-01,2.636160e-01,2.649065e-01,2.656658e-01,2.669977e-01,2.677312e-01,2.689916e-01,2.697358e-01,2.710903e-01,2.717868e-01,2.724976e-01,2.738117e-01,2.744959e-01,2.751727e-01,2.764450e-01,2.770951e-01,2.777866e-01,2.784324e-01,2.797260e-01,2.803829e-01,2.810435e-01,2.817205e-01,2.823888e-01,2.830609e-01,2.837734e-01,2.844111e-01,2.848718e-01,2.854809e-01,2.860796e-01,2.867141e-01,2.873265e-01,2.880024e-01,2.885419e-01,2.893445e-01,2.898998e-01,2.905414e-01,2.911279e-01,2.917604e-01,2.924372e-01,2.931273e-01,2.937493e-01,2.944608e-01,2.952123e-01,2.957442e-01,2.965379e-01,2.970480e-01,2.977017e-01,2.983420e-01,2.988582e-01,2.994194e-01,3.000620e-01,3.006604e-01,3.010949e-01,3.016223e-01,3.021146e-01,3.025383e-01,3.028637e-01,3.033075e-01,3.037118e-01,3.043175e-01,3.047768e-01,3.052596e-01,3.058826e-01,3.063512e-01,3.066760e-01,3.070966e-01,3.074517e-01,3.078461e-01,3.083468e-01,3.088394e-01,3.091572e-01,3.096394e-01,3.100553e-01,3.105631e-01,3.109911e-01,3.114128e-01,3.116269e-01,3.121299e-01,3.123679e-01,3.127475e-01,3.130888e-01,3.135527e-01,3.139051e-01,3.142785e-01,3.145490e-01,3.149033e-01,3.151651e-01,3.156045e-01,3.157833e-01,3.161940e-01,3.165818e-01,3.169306e-01,3.173744e-01,3.176397e-01,3.179389e-01,3.182998e-01,3.184809e-01,3.188120e-01,3.189935e-01,3.193255e-01,3.193906e-01,3.198099e-01,3.200324e-01,3.203877e-01,3.205488e-01,3.208183e-01,3.210107e-01,3.212809e-01,3.213240e-01,3.215697e-01,3.217066e-01,3.219776e-01,3.221395e-01,3.224113e-01,3.225173e-01,3.228145e-01,3.228014e-01,3.231059e-01,3.231491e-01,3.233051e-01,3.233707e-01,3.235901e-01,3.235291e-01,3.237169e-01,3.236626e-01,3.239068e-01,3.238142e-01,3.238822e-01,3.238846e-01,3.240091e-01,3.239234e-01,3.239599e-01,3.238744e-01,3.239989e-01,3.239067e-01,3.240311e-01,3.239391e-01,3.240321e-01,3.240977e-01,3.246326e-01,3.245403e-01,3.246649e-01,3.247171e-01,3.247223e-01,3.246867e-01,3.247235e-01,3.247196e-01,3.247814e-01,3.247461e-01,3.247518e-01,3.245418e-01,3.245944e-01,3.245441e-01,3.244220e-01,3.243408e-01,3.243061e-01,3.239860e-01,3.240477e-01,3.238150e-01,3.237097e-01,3.235951e-01,3.235360e-01,3.232830e-01,3.231689e-01,3.228831e-01,3.227482e-01,3.226040e-01,3.222890e-01,3.220697e-01,3.218718e-01,3.215045e-01,3.213716e-01,3.211512e-01,3.209550e-01,3.207148e-01,3.205195e-01,3.202104e-01,3.200858e-01,3.197844e-01,3.195073e-01,3.192309e-01,3.190224e-01,3.187471e-01,3.186147e-01,3.183701e-01,3.182479e-01,3.178691e-01,3.177083e-01,3.173865e-01,3.172390e-01,3.170820e-01,3.168732e-01,3.166649e-01,3.165382e-01,3.162599e-01,3.162987e-01,3.160983e-01,3.158953e-01,3.157186e-01,3.156543e-01,3.154396e-01,3.153468e-01,3.149628e-01,3.148193e-01,3.147843e-01,3.144308e-01,3.142087e-01,3.140093e-01,3.137089e-01,3.134638e-01,3.132256e-01,3.130825e-01,3.127328e-01,3.124607e-01,3.122132e-01,3.118948e-01,3.114942e-01,3.112495e-01,3.109561e-01,3.105595e-01,3.100343e-01,3.096148e-01,3.093972e-01,3.089316e-01,3.084409e-01,3.079523e-01,3.075405e-01,3.071780e-01,3.066471e-01,3.062930e-01,3.059341e-01,3.056556e-01,3.052520e-01,3.049022e-01,3.046264e-01,3.043774e-01,3.041030e-01,3.038357e-01,3.035886e-01,3.035650e-01,3.035608e-01,3.032694e-01,3.031945e-01,3.030737e-01,3.029274e-01,3.030287e-01,3.029800e-01,3.028800e-01,3.028059e-01,3.027413e-01,3.026674e-01,3.025170e-01,3.024380e-01,3.022626e-01,3.021586e-01,3.020347e-01,3.020326e-01,3.020052e-01,3.019416e-01,3.020556e-01,3.020935e-01,3.021368e-01,3.021094e-01,3.022505e-01,3.023029e-01,3.024169e-01,3.025747e-01,3.026634e-01,3.027976e-01,3.029974e-01,3.030792e-01,3.032577e-01,3.033466e-01,3.034797e-01,3.035052e-01,3.034890e-01,3.034742e-01,3.034394e-01,3.033519e-01,3.032190e-01,3.030953e-01,3.030790e-01,3.030172e-01,3.030974e-01,3.029136e-01,3.028410e-01,3.027084e-01,3.026212e-01,3.026557e-01,3.025431e-01,3.024560e-01,3.024922e-01,3.024214e-01,3.023851e-01,3.023506e-01,3.022979e-01,3.020718e-01,3.020447e-01,3.018915e-01,3.018142e-01,3.014193e-01,3.013054e-01,3.011221e-01,3.008590e-01,3.006574e-01,3.004566e-01,3.001212e-01,2.997738e-01,2.993950e-01,2.988958e-01,2.983804e-01,2.976466e-01,2.967613e-01,2.962302e-01,2.956671e-01,2.950947e-01,2.938233e-01,2.925431e-01,2.919257e-01,2.906619e-01,2.887662e-01,2.874808e-01,2.862144e-01,2.843618e-01,2.825056e-01,2.806899e-01,2.788332e-01,2.770139e-01,2.741173e-01,2.723620e-01,2.684753e-01,2.656965e-01,2.626057e-01,2.600334e-01,2.565656e-01,2.536874e-01,2.500465e-01,2.466385e-01,2.416229e-01,2.375955e-01,2.337757e-01,2.293656e-01,2.254494e-01,2.207888e-01,2.165965e-01,2.100795e-01,2.053562e-01,2.006103e-01,1.961354e-01,1.908583e-01,1.865108e-01,1.799011e-01,1.751893e-01,1.708063e-01,1.665505e-01,1.622082e-01,1.570159e-01,1.530541e-01,1.495767e-01,1.462533e-01,1.430114e-01,1.392578e-01,1.365051e-01,1.340889e-01,1.319041e-01,1.299904e-01,1.273350e-01,1.257244e-01,1.242366e-01,1.227126e-01,1.212057e-01,1.197707e-01,1.187903e-01,1.178692e-01,1.169763e-01,1.161073e-01,1.152941e-01,1.148606e-01,1.141104e-01,1.137241e-01,1.130334e-01,1.127203e-01,1.123847e-01,1.120815e-01,1.118121e-01,1.115483e-01,1.112879e-01,1.113094e-01,1.110518e-01,1.110713e-01,1.108483e-01,1.108670e-01,1.108884e-01,1.109382e-01,1.106932e-01,1.107167e-01,1.107120e-01,1.107364e-01,1.110030e-01,1.110020e-01,1.110012e-01,1.109722e-01,1.112421e-01,1.112158e-01,1.114929e-01,1.114941e-01,1.117715e-01,1.120831e-01,1.121118e-01,1.124533e-01,1.128010e-01,1.131538e-01,1.135389e-01,1.136200e-01,1.140377e-01,1.144361e-01,1.148637e-01,1.152711e-01,1.157092e-01,1.161301e-01,1.165822e-01,1.170142e-01,1.174526e-01,1.178956e-01,1.183471e-01,1.187783e-01,1.192414e-01,1.197137e-01,1.201905e-01,1.206737e-01,1.215798e-01,1.216661e-01,1.226038e-01,1.231302e-01,1.232205e-01,1.240712e-01,1.246135e-01,1.252662e-01,1.257428e-01,1.265158e-01,1.270014e-01,1.274470e-01,1.282134e-01,1.288052e-01,1.294873e-01,1.300190e-01,1.308134e-01,1.313048e-01,1.320913e-01,1.326656e-01,1.331561e-01,1.339582e-01,1.345504e-01,1.353236e-01,1.358431e-01,1.366368e-01,1.371409e-01,1.378955e-01,1.384927e-01,1.391647e-01,1.397064e-01,1.404770e-01,1.410380e-01,1.417603e-01,1.423047e-01,1.430574e-01,1.435782e-01,1.443749e-01,1.449852e-01,1.454691e-01,1.463071e-01,1.471616e-01,1.477563e-01,1.485344e-01,1.491469e-01,1.499511e-01,1.504820e-01,1.513166e-01,1.518553e-01,1.525996e-01,1.531246e-01,1.539717e-01,1.545086e-01,1.552584e-01,1.557983e-01,1.565848e-01,1.569960e-01,1.577353e-01,1.583035e-01,1.589947e-01,1.598140e-01,1.602436e-01,1.609621e-01,1.614453e-01,1.622606e-01,1.625852e-01,1.633371e-01,1.640536e-01,1.645657e-01,1.651669e-01,1.656417e-01,1.664382e-01,1.667878e-01,1.675517e-01,1.681866e-01,1.686876e-01,1.693354e-01,1.697028e-01,1.704143e-01,1.712294e-01,1.715750e-01,1.722565e-01,1.726424e-01,1.731833e-01,1.738836e-01,1.742799e-01,1.749931e-01,1.754535e-01,1.760543e-01,1.766606e-01,1.771170e-01,1.777672e-01,1.786152e-01,1.789077e-01,1.798050e-01,1.801018e-01,1.809443e-01,1.816577e-01,1.819899e-01,1.826790e-01,1.833403e-01,1.838269e-01,1.843566e-01,1.850368e-01,1.855374e-01,1.860064e-01,1.867739e-01,1.870969e-01,1.877199e-01,1.884741e-01,1.889574e-01,1.895258e-01,1.904444e-01,1.908578e-01,1.915508e-01,1.922124e-01,1.927092e-01,1.934281e-01,1.940680e-01,1.944997e-01,1.951886e-01,1.958062e-01,1.962981e-01,1.967047e-01,1.974145e-01,1.980507e-01,1.985102e-01,1.989287e-01,1.996700e-01,2.000947e-01,2.006049e-01,2.012685e-01,2.017865e-01,2.022325e-01,2.027946e-01,2.034769e-01,2.040092e-01,2.044193e-01,2.049581e-01,2.056315e-01,2.059288e-01,2.066911e-01,2.071161e-01,2.076350e-01,2.079010e-01,2.084359e-01,2.088322e-01,2.093634e-01,2.098984e-01,2.100778e-01,2.106282e-01,2.111722e-01,2.114508e-01,2.119036e-01,2.121849e-01,2.127400e-01,2.130349e-01,2.135960e-01,2.141612e-01,2.147306e-01,2.149212e-01,2.154961e-01,2.158409e-01,2.164223e-01,2.167199e-01,2.170187e-01,2.175152e-01,2.177769e-01,2.180797e-01,2.186777e-01,2.189436e-01,2.192215e-01,2.193827e-01,2.199909e-01,2.202215e-01,2.205044e-01,2.206687e-01,2.209425e-01,2.211768e-01,2.213133e-01,2.215898e-01,2.218268e-01,2.220648e-01,2.223039e-01,2.225439e-01,2.226841e-01,2.225726e-01,2.228143e-01,2.230569e-01,2.233006e-01,2.235564e-01,2.237612e-01,2.240081e-01,2.238959e-01,2.241025e-01,2.243102e-01,2.244887e-01,2.243349e-01,2.245030e-01,2.246308e-01,2.244464e-01,2.245334e-01,2.246212e-01,2.243839e-01,2.245893e-01,2.243213e-01,2.244104e-01,2.241311e-01,2.243384e-01,2.241113e-01,2.242017e-01,2.240814e-01,2.241727e-01,2.239756e-01,2.241974e-01,2.239583e-01,2.238381e-01,2.239309e-01,2.241136e-01,2.239519e-01,2.240048e-01,2.238431e-01,2.235611e-01,2.236932e-01,2.234218e-01,2.235969e-01,2.234353e-01,2.231524e-01,2.233709e-01,2.231296e-01,2.230629e-01,2.229431e-01,2.227858e-01,2.227502e-01,2.227146e-01,2.225680e-01,2.226166e-01,2.225012e-01,2.228905e-01,2.228280e-01,2.229192e-01,2.230107e-01,2.230216e-01,2.231554e-01,2.231772e-01,2.233534e-01,2.234066e-01,2.235831e-01,2.236472e-01,2.238240e-01,2.239195e-01,2.241389e-01,2.242455e-01,2.243411e-01,2.245609e-01,2.243111e-01,2.244176e-01,2.245556e-01,2.247753e-01,2.248710e-01,2.249777e-01,2.251158e-01,2.252116e-01,2.251832e-01,2.249447e-01,2.250404e-01,2.250124e-01,2.249423e-01,2.245718e-01,2.246783e-01,2.246089e-01,2.244172e-01,2.240506e-01,2.239821e-01,2.238035e-01,2.233988e-01,2.231690e-01,2.231018e-01,2.225400e-01,2.223128e-01,2.217674e-01,2.215424e-01,2.208745e-01,2.206521e-01,2.199500e-01,2.197301e-01,2.191912e-01,2.189008e-01,2.183786e-01,2.177778e-01,2.176053e-01,2.170111e-01,2.165323e-01,2.162532e-01,2.157796e-01,2.152007e-01,2.150462e-01,2.144735e-01,2.143103e-01,2.138502e-01,2.132469e-01,2.127534e-01,2.122630e-01,2.117757e-01,2.115899e-01,2.110669e-01,2.105872e-01,2.100091e-01,2.095360e-01,2.094460e-01,2.089765e-01,2.086094e-01,2.078702e-01,2.075587e-01,2.071013e-01,2.070144e-01,2.066572e-01,2.062623e-01,2.059086e-01,2.054220e-01,2.050723e-01,2.046850e-01,2.042057e-01,2.037291e-01,2.030899e-01,2.027222e-01,2.019610e-01,2.014975e-01,2.011267e-01,2.007576e-01,2.000528e-01,1.996886e-01,1.993260e-01,1.989650e-01,1.983630e-01,1.979200e-01,1.973260e-01,1.969741e-01,1.966236e-01,1.962747e-01,1.956933e-01,1.953584e-01,1.948218e-01,1.945635e-01,1.939952e-01,1.937395e-01,1.932583e-01,1.930481e-01,1.925710e-01,1.923197e-01,1.918893e-01,1.916819e-01,1.909559e-01,1.908290e-01,1.903276e-01,1.899068e-01,1.896260e-01,1.892855e-01,1.889693e-01,1.884318e-01,1.878088e-01,1.874971e-01,1.870524e-01,1.865354e-01,1.860213e-01,1.857884e-01,1.849923e-01,1.844502e-01,1.841483e-01,1.836472e-01,1.830320e-01,1.825370e-01,1.821702e-01,1.812463e-01,1.808845e-01,1.804012e-01,1.799567e-01,1.794018e-01,1.785891e-01,1.783402e-01,1.778320e-01,1.774376e-01,1.770455e-01,1.766555e-01,1.760794e-01,1.757590e-01,1.754119e-01,1.750947e-01,1.747514e-01,1.741244e-01,1.740131e-01,1.735305e-01,1.731961e-01,1.728637e-01,1.725939e-01,1.720246e-01,1.717589e-01,1.715540e-01,1.712312e-01,1.709693e-01,1.702197e-01,1.699972e-01,1.697411e-01,1.694862e-01,1.689146e-01,1.686069e-01,1.683010e-01,1.678066e-01,1.675604e-01,1.669657e-01,1.666685e-01,1.661875e-01,1.659141e-01,1.651949e-01,1.650397e-01,1.645711e-01,1.640983e-01,1.638338e-01,1.631390e-01,1.628274e-01,1.623759e-01,1.621109e-01,1.614202e-01,1.611175e-01,1.607284e-01,1.604291e-01,1.597186e-01,1.593911e-01,1.589655e-01,1.586342e-01,1.579528e-01,1.574251e-01,1.569731e-01,1.566716e-01,1.559394e-01,1.555969e-01,1.550916e-01,1.547199e-01,1.539430e-01,1.609583e-02,1.609583e-02,1.609583e-02,1.609583e-02,1.609583e-02,1.609583e-02,1.609583e-02,1.609583e-02,1.609583e-02,1.609583e-02,1.609583e-02,1.609583e-02,1.609583e-02,1.609583e-02,1.609583e-02,1.609583e-02,1.609583e-02,1.609583e-02,1.609583e-02,1.609583e-02,1.609583e-02,1.609583e-02,1.609583e-02,1.609583e-02,1.609583e-02,1.609583e-02,1.609583e-02,1.609583e-02,1.609583e-02,1.609583e-02,1.609583e-02,1.609583e-02,1.609583e-02,1.609583e-02,1.609583e-02,1.609583e-02,1.609583e-02,1.609583e-02,1.609583e-02,1.609583e-02,1.609583e-02,1.609583e-02,1.609583e-02,1.609583e-02,1.609583e-02,1.609583e-02,1.609583e-02,1.609583e-02,1.609583e-02,1.609583e-02,1.609583e-02,1.609583e-02,1.609583e-02,1.609583e-02,1.609583e-02,1.609583e-02,1.609583e-02,1.609583e-02,1.609583e-02,1.609583e-02,1.609583e-02,1.609583e-02,1.609583e-02,1.609583e-02,1.609583e-02,1.609583e-02,1.609583e-02,1.609583e-02,1.609583e-02,1.609583e-02,1.609583e-02,1.609583e-02,1.609583e-02,1.609583e-02,1.609583e-02,1.609583e-02,1.609583e-02,1.609583e-02,1.609583e-02,1.609583e-02,1.609583e-02,1.609583e-02,1.609583e-02,1.609583e-02,1.609583e-02,1.609583e-02,1.609583e-02,1.609583e-02,1.609583e-02,1.609583e-02,1.609583e-02,1.609583e-02,1.609583e-02,1.609583e-02,1.609583e-02,1.609583e-02,1.609583e-02,1.609583e-02,1.609583e-02,1.609583e-02,1.609583e-02,1.609583e-02,1.609583e-02,1.609583e-02,1.609583e-02,1.609583e-02,1.609583e-02,1.609583e-02,1.609583e-02,1.609583e-02,1.609583e-02,1.609583e-02,1.609583e-02,1.609583e-02,1.609583e-02,1.609583e-02,1.609583e-02,1.609583e-02,1.609583e-02,1.609583e-02,1.609583e-02,1.609583e-02,1.609583e-02,1.609583e-02,1.609583e-02,1.609583e-02,1.609583e-02,1.609583e-02,1.609583e-02,1.609583e-02,1.609583e-02,1.609583e-02,1.609583e-02,1.609583e-02,1.609583e-02,1.609583e-02,1.609583e-02,1.609583e-02,1.609583e-02,1.609583e-02,1.609583e-02,1.609583e-02,1.609583e-02,1.609583e-02,1.609583e-02,1.609583e-02,1.609583e-02,1.609583e-02,1.609583e-02,1.609583e-02,1.609583e-02,1.609583e-02,1.609583e-02,1.609583e-02,1.609583e-02,1.609583e-02,1.609583e-02,1.609583e-02,1.609583e-02,1.609583e-02,1.609583e-02
2.903608e-02,2.900502e-02,2.896621e-02,2.892742e-02,2.888864e-02,2.885045e-02,2.880509e-02,2.876692e-02,2.872933e-02,2.868401e-02,2.864644e-02,2.860113e-02,2.856416e-02,2.852719e-02,2.848249e-02,2.844555e-02,2.840861e-02,2.837168e-02,2.834249e-02,2.830614e-02,2.827696e-02,2.824778e-02,2.821918e-02,2.819773e-02,2.817686e-02,2.814828e-02,2.812742e-02,2.811427e-02,2.809342e-02,2.807314e-02,2.806058e-02,2.804030e-02,2.802832e-02,2.800862e-02,2.799665e-02,2.798467e-02,2.796499e-02,2.795302e-02,2.794162e-02,2.792195e-02,2.790999e-02,2.789803e-02,2.787837e-02,2.786585e-02,2.784620e-02,2.783369e-02,2.782118e-02,2.780039e-02,2.778790e-02,2.777484e-02,2.775410e-02,2.774107e-02,2.772749e-02,2.771392e-02,2.770037e-02,2.768683e-02,2.768100e-02,2.766749e-02,2.765341e-02,2.764761e-02,2.763411e-02,2.762062e-02,2.761482e-02,2.760131e-02,2.759552e-02,2.758206e-02,2.757628e-02,2.757050e-02,2.755701e-02,2.755122e-02,2.754542e-02,2.753191e-02,2.752550e-02,2.751966e-02,2.750555e-02,2.749970e-02,2.749385e-02,2.748804e-02,2.747454e-02,2.746931e-02,2.746410e-02,2.745186e-02,2.744736e-02,2.744292e-02,2.743146e-02,2.742837e-02,2.742484e-02,2.741377e-02,2.741117e-02,2.740114e-02,2.739846e-02,2.738840e-02,2.738696e-02,2.737776e-02,2.737673e-02,2.736868e-02,2.736910e-02,2.736287e-02,2.735721e-02,2.736117e-02,2.735927e-02,2.735931e-02,2.736177e-02,2.736664e-02,2.738321e-02,2.739621e-02,2.741427e-02,2.743741e-02,2.745891e-02,2.749689e-02,2.754392e-02,2.760324e-02,2.767467e-02,2.775246e-02,2.785469e-02,2.796809e-02,2.810960e-02,2.826449e-02,2.844977e-02,2.865206e-02,2.887957e-02,2.913843e-02,2.941504e-02,2.971224e-02,3.003533e-02,3.036406e-02,3.070106e-02,3.104587e-02,3.139629e-02,3.173920e-02,3.208412e-02,3.241937e-02,3.275972e-02,3.306586e-02,3.337422e-02,3.366083e-02,3.394045e-02,3.418372e-02,3.443274e-02,3.465700e-02,3.488083e-02,3.507528e-02,3.524603e-02,3.544628e-02,3.562079e-02,3.581856e-02,3.599161e-02,3.619062e-02,3.635781e-02,3.652631e-02,3.668800e-02,3.681276e-02,3.691793e-02,3.700730e-02,3.705075e-02,3.703428e-02,3.694660e-02,3.684899e-02,3.669416e-02,3.650689e-02,3.630715e-02,3.610384e-02,3.586484e-02,3.561737e-02,3.534907e-02,3.505853e-02,3.475856e-02,3.442148e-02,3.408669e-02,3.374176e-02,3.339518e-02,3.305102e-02,3.271477e-02,3.239331e-02,3.209459e-02,3.180502e-02,3.153510e-02,3.128320e-02,3.105774e-02,3.083960e-02,3.063562e-02,3.044323e-02,3.026927e-02,3.010072e-02,2.994910e-02,2.979883e-02,2.966074e-02,2.953763e-02,2.942415e-02,2.931008e-02,2.921505e-02,2.912587e-02,2.904474e-02,2.895759e-02,2.888964e-02,2.882728e-02,2.876698e-02,2.871464e-02,2.865673e-02,2.859752e-02,2.852999e-02,2.846143e-02,2.839536e-02,2.831652e-02,2.822490e-02,2.813864e-02,2.803727e-02,2.793160e-02,2.781794e-02,2.770625e-02,2.758777e-02,2.747386e-02,2.735594e-02,2.724434e-02,2.713246e-02,2.702216e-02,2.692163e-02,2.682814e-02,2.674200e-02,2.666301e-02,2.659508e-02,2.652360e-02,2.647003e-02,2.642090e-02,2.638695e-02,2.634973e-02,2.631703e-02,2.629186e-02,2.627465e-02,2.625342e-02,2.622866e-02,2.621104e-02,2.618653e-02,2.614620e-02,2.610802e-02,2.605854e-02,2.600202e-02,2.592570e-02,2.585152e-02,2.577212e-02,2.569767e-02,2.561409e-02,2.553279e-02,2.545256e-02,2.537697e-02,2.530590e-02,2.524964e-02,2.519226e-02,2.514127e-02,2.510643e-02,2.506891e-02,2.504468e-02,2.501539e-02,2.499595e-02,2.496896e-02,2.494861e-02,2.492001e-02,2.489710e-02,2.486608e-02,2.484103e-02,2.481016e-02,2.478721e-02,2.475907e-02,2.474139e-02,2.472672e-02,2.470724e-02,2.469775e-02,2.468364e-02,2.467878e-02,2.466882e-02,2.466679e-02,2.465906e-02,2.465896e-02,2.465258e-02,2.465408e-02,2.464865e-02,2.465093e-02,2.464639e-02,2.464272e-02,2.464716e-02,2.464485e-02,2.465279e-02,2.465539e-02,2.466431e-02,2.468666e-02,2.471536e-02,2.476190e-02,2.484560e-02,2.496441e-02,2.514986e-02,2.542614e-02,2.583267e-02,2.639517e-02,2.717095e-02,2.820101e-02,2.949556e-02,3.111231e-02,3.307245e-02,3.538304e-02,3.802441e-02,4.100641e-02,4.431943e-02,4.788775e-02,5.168843e-02,5.571180e-02,5.990637e-02,6.428160e-02,6.880664e-02,7.348657e-02,7.843773e-02,8.345364e-02,8.860706e-02,9.392202e-02,9.940262e-02,1.050624e-01,1.108674e-01,1.168507e-01,1.229858e-01,1.292536e-01,1.356787e-01,1.425626e-01,1.492604e-01,1.560834e-01,1.628827e-01,1.698712e-01,1.769232e-01,1.840311e-01,1.911885e-01,1.983334e-01,2.054639e-01,2.125572e-01,2.195786e-01,2.265903e-01,2.335489e-01,2.402781e-01,2.469176e-01,2.534644e-01,2.598291e-01,2.659486e-01,2.720191e-01,2.778605e-01,2.832295e-01,2.885474e-01,2.934874e-01,2.983629e-01,3.028590e-01,3.072849e-01,3.113131e-01,3.152380e-01,3.188477e-01,3.223389e-01,3.256060e-01,3.289227e-01,3.324438e-01,3.358569e-01,3.394708e-01,3.429675e-01,3.464912e-01,3.502127e-01,3.537868e-01,3.575569e-01,3.609777e-01,3.645765e-01,3.681686e-01,3.715548e-01,3.751022e-01,3.786197e-01,3.820949e-01,3.853137e-01,3.886670e-01,3.919500e-01,3.951451e-01,3.982400e-01,4.012383e-01,4.041011e-01,4.068274e-01,4.094055e-01,4.118186e-01,4.140549e-01,4.160898e-01,4.179341e-01,4.191814e-01,4.206926e-01,4.222014e-01,4.237211e-01,4.252527e-01,4.267869e-01,4.283461e-01,4.296557e-01,4.312302e-01,4.328198e-01,4.341593e-01,4.357738e-01,4.371319e-01,4.385106e-01,4.398842e-01,4.412686e-01,4.429328e-01,4.443369e-01,4.457372e-01,4.471615e-01,4.485780e-01,4.500014e-01,4.514386e-01,4.526013e-01,4.540511e-01,4.555104e-01,4.569798e-01,4.584631e-01,4.596564e-01,4.611530e-01,4.623631e-01,4.635914e-01,4.651262e-01,4.663696e-01,4.676199e-01,4.688747e-01,4.701341e-01,4.714029e-01,4.726957e-01,4.739789e-01,4.752594e-01,4.765620e-01,4.775474e-01,4.788680e-01,4.801661e-01,4.811387e-01,4.824598e-01,4.837834e-01,4.850686e-01,4.860577e-01,4.870535e-01,4.883516e-01,4.893260e-01,4.903305e-01,4.916782e-01,4.926823e-01,4.936879e-01,4.947190e-01,4.960867e-01,4.971230e-01,4.981692e-01,4.992336e-01,5.002836e-01,5.013602e-01,5.024416e-01,5.035193e-01,5.046132e-01,5.057261e-01,5.068189e-01,5.079476e-01,5.090760e-01,5.098435e-01,5.109808e-01,5.117600e-01,5.129034e-01,5.140464e-01,5.148316e-01,5.159952e-01,5.167790e-01,5.179490e-01,5.187478e-01,5.199036e-01,5.207088e-01,5.214987e-01,5.222749e-01,5.234442e-01,5.242399e-01,5.250229e-01,5.258327e-01,5.270036e-01,5.277723e-01,5.285604e-01,5.293572e-01,5.301225e-01,5.309150e-01,5.317079e-01,5.324992e-01,5.333054e-01,5.341079e-01,5.349109e-01,5.353350e-01,5.361662e-01,5.370009e-01,5.378504e-01,5.383018e-01,5.391652e-01,5.400386e-01,5.408855e-01,5.413618e-01,5.422324e-01,5.430838e-01,5.435578e-01,5.440228e-01,5.448994e-01,5.453603e-01,5.462251e-01,5.466852e-01,5.475741e-01,5.480267e-01,5.484732e-01,5.489139e-01,5.493455e-01,5.497844e-01,5.502339e-01,5.506909e-01,5.511354e-01,5.515607e-01,5.519932e-01,5.524466e-01,5.529008e-01,5.533390e-01,5.537681e-01,5.542182e-01,5.546894e-01,5.551543e-01,5.555967e-01,5.559925e-01,5.564157e-01,5.568946e-01,5.573536e-01,5.577551e-01,5.581171e-01,5.585061e-01,5.589269e-01,5.593347e-01,5.597289e-01,5.601310e-01,5.604920e-01,5.607907e-01,5.610910e-01,5.614221e-01,5.617578e-01,5.620551e-01,5.624050e-01,5.626783e-01,5.628106e-01,5.630225e-01,5.632651e-01,5.635718e-01,5.637417e-01,5.637005e-01,5.638783e-01,5.640867e-01,5.642547e-01,5.643902e-01,5.644886e-01,5.646568e-01,5.648524e-01,5.647626e-01,5.642697e-01,5.641453e-01,5.641662e-01,5.640418e-01,5.638751e-01,5.637510e-01,5.637313e-01,5.637040e-01,5.637888e-01,5.639123e-01,5.639548e-01,5.639003e-01,5.641385e-01,5.645374e-01,5.648710e-01,5.652010e-01,5.655138e-01,5.658797e-01,5.663088e-01,5.666440e-01,5.670525e-01,5.674161e-01,5.677309e-01,5.681191e-01,5.684128e-01,5.687563e-01,5.691357e-01,5.695830e-01,5.699634e-01,5.704378e-01,5.708990e-01,5.713749e-01,5.718158e-01,5.723598e-01,5.728605e-01,5.733982e-01,5.738988e-01,5.744747e-01,5.750743e-01,5.756248e-01,5.761800e-01,5.767972e-01,5.773914e-01,5.779467e-01,5.784838e-01,5.790922e-01,5.796684e-01,5.802318e-01,5.808580e-01,5.814379e-01,5.819958e-01,5.825548e-01,5.831615e-01,5.836854e-01,5.842477e-01,5.848112e-01,5.854134e-01,5.859448e-01,5.865590e-01,5.871886e-01,5.877470e-01,5.883792e-01,5.889399e-01,5.895365e-01,5.900851e-01,5.907465e-01,5.912974e-01,5.918595e-01,5.924126e-01,5.930442e-01,5.936384e-01,5.942338e-01,5.948061e-01,5.954039e-01,5.959785e-01,5.965151e-01,5.970526e-01,5.975512e-01,5.981054e-01,5.986741e-01,5.991908e-01,5.995783e-01,5.999662e-01,6.004057e-01,6.008742e-01,6.013435e-01,6.018135e-01,6.022442e-01,6.027156e-01,6.031477e-01,6.035803e-01,6.039618e-01,6.044209e-01,6.048150e-01,6.051831e-01,6.055632e-01,6.059322e-01,6.063422e-01,6.067643e-01,6.071486e-01,6.075452e-01,6.079015e-01,6.083196e-01,6.086716e-01,6.090855e-01,6.094129e-01,6.097816e-01,6.101304e-01,6.104537e-01,6.107928e-01,6.111353e-01,6.114850e-01,6.118147e-01,6.121187e-01,6.123972e-01,6.126911e-01,6.129440e-01,6.132278e-01,6.135120e-01,6.137055e-01,6.139168e-01,6.141176e-01,6.142867e-01,6.144823e-01,6.146463e-01,6.147660e-01,6.148360e-01,6.149476e-01,6.150903e-01,6.152065e-01,6.153440e-01,6.153801e-01,6.154234e-01,6.154667e-01,6.154992e-01,6.155735e-01,6.156008e-01,6.156519e-01,6.156689e-01,6.156817e-01,6.156478e-01,6.156092e-01,6.155956e-01,6.156308e-01,6.156200e-01,6.155626e-01,6.154588e-01,6.153502e-01,6.151827e-01,6.151477e-01,6.151079e-01,6.150657e-01,6.149403e-01,6.148150e-01,6.147606e-01,6.147186e-01,6.146350e-01,6.145100e-01,6.143436e-01,6.142480e-01,6.142062e-01,6.141230e-01,6.139570e-01,6.138058e-01,6.138056e-01,6.138759e-01,6.138757e-01,6.137100e-01,6.135445e-01,6.134471e-01,6.133231e-01,6.131725e-01,6.129516e-01,6.127311e-01,6.125930e-01,6.124963e-01,6.122351e-01,6.117572e-01,6.112511e-01,6.108687e-01,6.104870e-01,6.099428e-01,6.090076e-01,6.079806e-01,6.070523e-01,6.062077e-01,6.053947e-01,6.045554e-01,6.034939e-01,6.020662e-01,6.001875e-01,5.983609e-01,5.970514e-01,5.959030e-01,5.944514e-01,5.924625e-01,5.904219e-01,5.889998e-01,5.879984e-01,5.871131e-01,5.860815e-01,5.848682e-01,5.837714e-01,5.826946e-01,5.816070e-01,5.809134e-01,5.805871e-01,5.802611e-01,5.799595e-01,5.796583e-01,5.793575e-01,5.790809e-01,5.788046e-01,5.788916e-01,5.786157e-01,5.786946e-01,5.788054e-01,5.788926e-01,5.786170e-01,5.787041e-01,5.787675e-01,5.788310e-01,5.785319e-01,5.782095e-01,5.782491e-01,5.782888e-01,5.783046e-01,5.783443e-01,5.783840e-01,5.780382e-01,5.780779e-01,5.781176e-01,5.781495e-01,5.778279e-01,5.778676e-01,5.775465e-01,5.775863e-01,5.776498e-01,5.776658e-01,5.773451e-01,5.773849e-01,5.774009e-01,5.774407e-01,5.770966e-01,5.771127e-01,5.771287e-01,5.771447e-01,5.771369e-01,5.771530e-01,5.771690e-01,5.775450e-01,5.775611e-01,5.775771e-01,5.775931e-01,5.776092e-01,5.776252e-01,5.775342e-01,5.779106e-01,5.779266e-01,5.779427e-01,5.779587e-01,5.782283e-01,5.782204e-01,5.785975e-01,5.786135e-01,5.785222e-01,5.785143e-01,5.789157e-01,5.791861e-01,5.791941e-01,5.794887e-01,5.795289e-01,5.795691e-01,5.795258e-01,5.795902e-01,5.799094e-01,5.799739e-01,5.799306e-01,5.800194e-01,5.803391e-01,5.803201e-01,5.807725e-01,5.807293e-01,5.808184e-01,5.811310e-01,5.811960e-01,5.815171e-01,5.814739e-01,5.815390e-01,5.814714e-01,5.815122e-01,5.818092e-01,5.817172e-01,5.820984e-01,5.820062e-01,5.822792e-01,5.822711e-01,5.821789e-01,5.824520e-01,5.824683e-01,5.823761e-01,5.826411e-01,5.826820e-01,5.829801e-01,5.829123e-01,5.829533e-01,5.828855e-01,5.829265e-01,5.828589e-01,5.828159e-01,5.832229e-01,5.831552e-01,5.831122e-01,5.835196e-01,5.834519e-01,5.834930e-01,5.834254e-01,5.833578e-01,5.833990e-01,5.832984e-01,5.833397e-01,5.832474e-01,5.829230e-01,5.828310e-01,5.824825e-01,5.823907e-01,5.820428e-01,5.819265e-01,5.819431e-01,5.814879e-01,5.815045e-01,5.811580e-01,5.807043e-01,5.803510e-01,5.800061e-01,5.799154e-01,5.795712e-01,5.792274e-01,5.791371e-01,5.787940e-01,5.784514e-01,5.781092e-01,5.776612e-01,5.773202e-01,5.769797e-01,5.766396e-01,5.759443e-01,5.756057e-01,5.749131e-01,5.745759e-01,5.743442e-01,5.734458e-01,5.732151e-01,5.726334e-01,5.720530e-01,5.711247e-01,5.704444e-01,5.695218e-01,5.688457e-01,5.681714e-01,5.676011e-01,5.665868e-01,5.659184e-01,5.649108e-01,5.640079e-01,5.630077e-01,5.620114e-01,5.610189e-01,5.600302e-01,5.590394e-01,5.576281e-01,5.564205e-01,5.550235e-01,5.540577e-01,5.530956e-01,5.519092e-01,5.507283e-01,5.490411e-01,5.474596e-01,5.458878e-01,5.447344e-01,5.434930e-01,5.424773e-01,5.409147e-01,5.389826e-01,5.370651e-01,5.353427e-01,5.336647e-01,5.323873e-01,5.311164e-01,5.302586e-01,5.290190e-01,5.277855e-01,5.263519e-01,5.245486e-01,5.224692e-01,5.203221e-01,5.182778e-01,5.166467e-01,5.156710e-01,5.140571e-01,5.128964e-01,5.113637e-01,5.101152e-01,5.086000e-01,5.074464e-01,5.059478e-01,5.048069e-01,5.032162e-01,5.021990e-01,5.012831e-01,5.002139e-01,4.987416e-01,4.968351e-01,4.952965e-01,4.937501e-01,4.918830e-01,4.901807e-01,4.879716e-01,4.858271e-01,4.833659e-01,4.803720e-01,4.769376e-01,4.740085e-01,4.700219e-01,4.654194e-01,4.614207e-01,4.565252e-01,4.514963e-01,4.456433e-01,4.412845e-01,4.346404e-01,4.278870e-01,4.206158e-01,4.146129e-01,4.062713e-01,3.981671e-01,3.901999e-01,3.813073e-01,3.750225e-01,3.662584e-01,3.579717e-01,3.499906e-01,3.411491e-01,3.326538e-01,3.269241e-01,3.202052e-01,3.116451e-01,3.044984e-01,2.975948e-01,2.919507e-01,2.855605e-01,2.793954e-01,2.735218e-01,2.686599e-01,2.646707e-01,2.600230e-01,2.555212e-01,2.518817e-01,2.475964e-01,2.441021e-01,2.406953e-01,2.373961e-01,2.347965e-01,2.322517e-01,2.297044e-01,2.272217e-01,2.247905e-01,2.229535e-01,2.211761e-01,2.193926e-01,2.176164e-01,2.158854e-01,2.147074e-01,2.130184e-01,2.113510e-01,2.102161e-01,2.090918e-01,2.084967e-01,2.074071e-01,2.063236e-01,2.057567e-01,2.047065e-01,2.041460e-01,2.036170e-01,2.030629e-01,2.025245e-01,2.020027e-01,2.014702e-01,2.009391e-01,2.004207e-01,2.003734e-01,1.998585e-01,1.998392e-01,1.998198e-01,1.998016e-01,1.993158e-01,1.992827e-01,1.992784e-01,1.992591e-01,1.997338e-01,1.997156e-01,1.997139e-01,1.996854e-01,2.001517e-01,2.001232e-01,2.006053e-01,2.010755e-01,2.015768e-01,2.015789e-01,2.020399e-01,2.029957e-01,2.034951e-01,2.039915e-01,2.049648e-01,2.059450e-01,2.069494e-01,2.084488e-01,2.094748e-01,2.105196e-01,2.120508e-01,2.130872e-01,2.146672e-01,2.162622e-01,2.173367e-01,2.195172e-01,2.206370e-01,2.223112e-01,2.240054e-01,2.251815e-01,2.275052e-01,2.286632e-01,2.304113e-01,2.322033e-01,2.340366e-01,2.352729e-01,2.371308e-01,2.390172e-01,2.403201e-01,2.429278e-01,2.442493e-01,2.462560e-01,2.483152e-01,2.503487e-01,2.517829e-01,2.538835e-01,2.560995e-01,2.582874e-01,2.597851e-01,2.620219e-01,2.643250e-01,2.658577e-01,2.682430e-01,2.698882e-01,2.723605e-01,2.740003e-01,2.756857e-01,2.782213e-01,2.799290e-01,2.816558e-01,2.843255e-01,2.861022e-01,2.879260e-01,2.897681e-01,2.916076e-01,2.943976e-01,2.954043e-01,2.982933e-01,3.002880e-01,3.012741e-01,3.032471e-01,3.063093e-01,3.073847e-01,3.094628e-01,3.115626e-01,3.136935e-01,3.158549e-01,3.169690e-01,3.191692e-01,3.213766e-01,3.224992e-01,3.247831e-01,3.259731e-01,3.282403e-01,3.306092e-01,3.318100e-01,3.342625e-01,3.354826e-01,3.378394e-01,3.390840e-01,3.416016e-01,3.428598e-01,3.441299e-01,3.466714e-01,3.479933e-01,3.492898e-01,3.518551e-01,3.532048e-01,3.545379e-01,3.558705e-01,3.585950e-01,3.599565e-01,3.613277e-01,3.627467e-01,3.641380e-01,3.655393e-01,3.670317e-01,3.683541e-01,3.693147e-01,3.706071e-01,3.718679e-01,3.732364e-01,3.744219e-01,3.758549e-01,3.769049e-01,3.785166e-01,3.795835e-01,3.808497e-01,3.818951e-01,3.831330e-01,3.843875e-01,3.856523e-01,3.867690e-01,3.880928e-01,3.893926e-01,3.903240e-01,3.918309e-01,3.927256e-01,3.939270e-01,3.950895e-01,3.960830e-01,3.971764e-01,3.984608e-01,3.997225e-01,4.006739e-01,4.017811e-01,4.028420e-01,4.038472e-01,4.045298e-01,4.055916e-01,4.064511e-01,4.077592e-01,4.088391e-01,4.098651e-01,4.111961e-01,4.121827e-01,4.128901e-01,4.137596e-01,4.145251e-01,4.153479e-01,4.163135e-01,4.172818e-01,4.179340e-01,4.188372e-01,4.196343e-01,4.206187e-01,4.214236e-01,4.221145e-01,4.224251e-01,4.234206e-01,4.238084e-01,4.244937e-01,4.251243e-01,4.260012e-01,4.266372e-01,4.273300e-01,4.277804e-01,4.284213e-01,4.288729e-01,4.297075e-01,4.299705e-01,4.307522e-01,4.314585e-01,4.321088e-01,4.329552e-01,4.334158e-01,4.339569e-01,4.346150e-01,4.348836e-01,4.354862e-01,4.357557e-01,4.363605e-01,4.363761e-01,4.370560e-01,4.373865e-01,4.380537e-01,4.382678e-01,4.387390e-01,4.390127e-01,4.394853e-01,4.395669e-01,4.400846e-01,4.403445e-01,4.409451e-01,4.412872e-01,4.418903e-01,4.420921e-01,4.427791e-01,4.427195e-01,4.433864e-01,4.434688e-01,4.437093e-01,4.438520e-01,4.442135e-01,4.439878e-01,4.442891e-01,4.440414e-01,4.443583e-01,4.440723e-01,4.441101e-01,4.440052e-01,4.441857e-01,4.438779e-01,4.438554e-01,4.436748e-01,4.438550e-01,4.435697e-01,4.437498e-01,4.434647e-01,4.434579e-01,4.434736e-01,4.443098e-01,4.440241e-01,4.440775e-01,4.438837e-01,4.436745e-01,4.434054e-01,4.432566e-01,4.430481e-01,4.429815e-01,4.427133e-01,4.425054e-01,4.419617e-01,4.418955e-01,4.416728e-01,4.413313e-01,4.410498e-01,4.409090e-01,4.402139e-01,4.402728e-01,4.397784e-01,4.395425e-01,4.393068e-01,4.392106e-01,4.386599e-01,4.384252e-01,4.377965e-01,4.375044e-01,4.372126e-01,4.365293e-01,4.360435e-01,4.356166e-01,4.348017e-01,4.345138e-01,4.340113e-01,4.335884e-01,4.330311e-01,4.326102e-01,4.319412e-01,4.316364e-01,4.309498e-01,4.303425e-01,4.297370e-01,4.293641e-01,4.287613e-01,4.284607e-01,4.279163e-01,4.276173e-01,4.267562e-01,4.264029e-01,4.255613e-01,4.250945e-01,4.246283e-01,4.240333e-01,4.234399e-01,4.230320e-01,4.222585e-01,4.221048e-01,4.214970e-01,4.210045e-01,4.204736e-01,4.202727e-01,4.197102e-01,4.194564e-01,4.185350e-01,4.181562e-01,4.180110e-01,4.171490e-01,4.165942e-01,4.161131e-01,4.153835e-01,4.146704e-01,4.140704e-01,4.136090e-01,4.126746e-01,4.118290e-01,4.111468e-01,4.102747e-01,4.092526e-01,4.085788e-01,4.077868e-01,4.067767e-01,4.055886e-01,4.046257e-01,4.041215e-01,4.030478e-01,4.019301e-01,4.008184e-01,3.998774e-01,3.991406e-01,3.979290e-01,3.970977e-01,3.963707e-01,3.957071e-01,3.947892e-01,3.939706e-01,3.933148e-01,3.927084e-01,3.920566e-01,3.913085e-01,3.907081e-01,3.904834e-01,3.904036e-01,3.896150e-01,3.892985e-01,3.888727e-01,3.884015e-01,3.883476e-01,3.880793e-01,3.877191e-01,3.874056e-01,3.871542e-01,3.868416e-01,3.863920e-01,3.860973e-01,3.856037e-01,3.852647e-01,3.848641e-01,3.847080e-01,3.845067e-01,3.842589e-01,3.843632e-01,3.843314e-01,3.842830e-01,3.840821e-01,3.841533e-01,3.841656e-01,3.842698e-01,3.845599e-01,3.846188e-01,3.847853e-01,3.850872e-01,3.852417e-01,3.855954e-01,3.856546e-01,3.859008e-01,3.859465e-01,3.859810e-01,3.859364e-01,3.858295e-01,3.857102e-01,3.854831e-01,3.853173e-01,3.853516e-01,3.852781e-01,3.855114e-01,3.851934e-01,3.851188e-01,3.848923e-01,3.847735e-01,3.848986e-01,3.847343e-01,3.846156e-01,3.846621e-01,3.845093e-01,3.844814e-01,3.843752e-01,3.841290e-01,3.836282e-01,3.834281e-01,3.829689e-01,3.826794e-01,3.815877e-01,3.811014e-01,3.804666e-01,3.796837e-01,3.789932e-01,3.783051e-01,3.772491e-01,3.762726e-01,3.751997e-01,3.739174e-01,3.725850e-01,3.709208e-01,3.688024e-01,3.675344e-01,3.662319e-01,3.648984e-01,3.621944e-01,3.594878e-01,3.581876e-01,3.556041e-01,3.517214e-01,3.491468e-01,3.466729e-01,3.429953e-01,3.393520e-01,3.357811e-01,3.322348e-01,3.287892e-01,3.231552e-01,3.198490e-01,3.123626e-01,3.071587e-01,3.012323e-01,2.964425e-01,2.899355e-01,2.846531e-01,2.778323e-01,2.714646e-01,2.621640e-01,2.548044e-01,2.478050e-01,2.398241e-01,2.328710e-01,2.244975e-01,2.171199e-01,2.055884e-01,1.973361e-01,1.892101e-01,1.816298e-01,1.726824e-01,1.654452e-01,1.542804e-01,1.465444e-01,1.394023e-01,1.325626e-01,1.255608e-01,1.171484e-01,1.108423e-01,1.054001e-01,1.002203e-01,9.514552e-02,8.918556e-02,8.496985e-02,8.128377e-02,7.795872e-02,7.512911e-02,7.102825e-02,6.868163e-02,6.653168e-02,6.433784e-02,6.212107e-02,6.002761e-02,5.869052e-02,5.739873e-02,5.615454e-02,5.496013e-02,5.380592e-02,5.322655e-02,5.214295e-02,5.159830e-02,5.057178e-02,5.006196e-02,4.955858e-02,4.907415e-02,4.859442e-02,4.812430e-02,4.766852e-02,4.765537e-02,4.719740e-02,4.718940e-02,4.674556e-02,4.672883e-02,4.672352e-02,4.671421e-02,4.627714e-02,4.626683e-02,4.626059e-02,4.625153e-02,4.666786e-02,4.666659e-02,4.665770e-02,4.664522e-02,4.706735e-02,4.706629e-02,4.749970e-02,4.749337e-02,4.793672e-02,4.838520e-02,4.838135e-02,4.884517e-02,4.931081e-02,4.978473e-02,5.027740e-02,5.027448e-02,5.076934e-02,5.128274e-02,5.179418e-02,5.232307e-02,5.285172e-02,5.339373e-02,5.395307e-02,5.451369e-02,5.508474e-02,5.567256e-02,5.626521e-02,5.686784e-02,5.748914e-02,5.811614e-02,5.875130e-02,5.940654e-02,6.074098e-02,6.074089e-02,6.213766e-02,6.285472e-02,6.285922e-02,6.410669e-02,6.486203e-02,6.578717e-02,6.642290e-02,6.754670e-02,6.820968e-02,6.879600e-02,6.990918e-02,7.069230e-02,7.167947e-02,7.240809e-02,7.361610e-02,7.427924e-02,7.544251e-02,7.624158e-02,7.694878e-02,7.817456e-02,7.901786e-02,8.019625e-02,8.095510e-02,8.217133e-02,8.296466e-02,8.411695e-02,8.505496e-02,8.612085e-02,8.696836e-02,8.821251e-02,8.909382e-02,9.024744e-02,9.115250e-02,9.235800e-02,9.317374e-02,9.442125e-02,9.539302e-02,9.610064e-02,9.740731e-02,9.874291e-02,9.964043e-02,1.008641e-01,1.017930e-01,1.030501e-01,1.038424e-01,1.051507e-01,1.059592e-01,1.071320e-01,1.079684e-01,1.093544e-01,1.102137e-01,1.114405e-01,1.123099e-01,1.135973e-01,1.142999e-01,1.155414e-01,1.164633e-01,1.175977e-01,1.189542e-01,1.196525e-01,1.208377e-01,1.216170e-01,1.229854e-01,1.235050e-01,1.247528e-01,1.259545e-01,1.267882e-01,1.277920e-01,1.285766e-01,1.299088e-01,1.304770e-01,1.317697e-01,1.328385e-01,1.336743e-01,1.347684e-01,1.353718e-01,1.365646e-01,1.379570e-01,1.385811e-01,1.397415e-01,1.403817e-01,1.412964e-01,1.424943e-01,1.431553e-01,1.443791e-01,1.451383e-01,1.461072e-01,1.470867e-01,1.477832e-01,1.487843e-01,1.501795e-01,1.506030e-01,1.520295e-01,1.524616e-01,1.539107e-01,1.550709e-01,1.556081e-01,1.567862e-01,1.579758e-01,1.588528e-01,1.598301e-01,1.610581e-01,1.619637e-01,1.628743e-01,1.642437e-01,1.648311e-01,1.658798e-01,1.671891e-01,1.679052e-01,1.688790e-01,1.703439e-01,1.709753e-01,1.720932e-01,1.731149e-01,1.738761e-01,1.750235e-01,1.760706e-01,1.767376e-01,1.779150e-01,1.789872e-01,1.797860e-01,1.804729e-01,1.816921e-01,1.828025e-01,1.836281e-01,1.843396e-01,1.856010e-01,1.863255e-01,1.871820e-01,1.883492e-01,1.892214e-01,1.899680e-01,1.908571e-01,1.920630e-01,1.929643e-01,1.937333e-01,1.946479e-01,1.958884e-01,1.963548e-01,1.977549e-01,1.985565e-01,1.995052e-01,1.999817e-01,2.009406e-01,2.017596e-01,2.027344e-01,2.037172e-01,2.040636e-01,2.050560e-01,2.060579e-01,2.065614e-01,2.074244e-01,2.079336e-01,2.089595e-01,2.094738e-01,2.105128e-01,2.115605e-01,2.126170e-01,2.129897e-01,2.140585e-01,2.145995e-01,2.156821e-01,2.162263e-01,2.167729e-01,2.177087e-01,2.182566e-01,2.188120e-01,2.199311e-01,2.204886e-01,2.210474e-01,2.214405e-01,2.225828e-01,2.231465e-01,2.237169e-01,2.241183e-01,2.246941e-01,2.252670e-01,2.256666e-01,2.262494e-01,2.268292e-01,2.274116e-01,2.279965e-01,2.285841e-01,2.289939e-01,2.289762e-01,2.295681e-01,2.301627e-01,2.307599e-01,2.313588e-01,2.319557e-01,2.325610e-01,2.325428e-01,2.331451e-01,2.337500e-01,2.343508e-01,2.343265e-01,2.349310e-01,2.355323e-01,2.355009e-01,2.360989e-01,2.366995e-01,2.366631e-01,2.374569e-01,2.374131e-01,2.380196e-01,2.379768e-01,2.387783e-01,2.387401e-01,2.393525e-01,2.395088e-01,2.401246e-01,2.400932e-01,2.409059e-01,2.408682e-01,2.410262e-01,2.416489e-01,2.424646e-01,2.426183e-01,2.432419e-01,2.433964e-01,2.433519e-01,2.441728e-01,2.441265e-01,2.449583e-01,2.451147e-01,2.450695e-01,2.459131e-01,2.458739e-01,2.460424e-01,2.462063e-01,2.461796e-01,2.463562e-01,2.465330e-01,2.465046e-01,2.466943e-01,2.466737e-01,2.475526e-01,2.475367e-01,2.477340e-01,2.479317e-01,2.479301e-01,2.481344e-01,2.481312e-01,2.483422e-01,2.483470e-01,2.485584e-01,2.485615e-01,2.487732e-01,2.487845e-01,2.490029e-01,2.490125e-01,2.490238e-01,2.492426e-01,2.485565e-01,2.485660e-01,2.485837e-01,2.488019e-01,2.488132e-01,2.488227e-01,2.488405e-01,2.488517e-01,2.486559e-01,2.479707e-01,2.479819e-01,2.477872e-01,2.475864e-01,2.467035e-01,2.467128e-01,2.465134e-01,2.461108e-01,2.452368e-01,2.450393e-01,2.446389e-01,2.437674e-01,2.433660e-01,2.431711e-01,2.421042e-01,2.417074e-01,2.406494e-01,2.402565e-01,2.390174e-01,2.386289e-01,2.373978e-01,2.370137e-01,2.359919e-01,2.354288e-01,2.344163e-01,2.332333e-01,2.328662e-01,2.316963e-01,2.307183e-01,2.301762e-01,2.292089e-01,2.280695e-01,2.277137e-01,2.265867e-01,2.262368e-01,2.252970e-01,2.241842e-01,2.232530e-01,2.223282e-01,2.214097e-01,2.210650e-01,2.201497e-01,2.192460e-01,2.181822e-01,2.172919e-01,2.171245e-01,2.162412e-01,2.155265e-01,2.141111e-01,2.134105e-01,2.125519e-01,2.123904e-01,2.116964e-01,2.110009e-01,2.103143e-01,2.094709e-01,2.087924e-01,2.081124e-01,2.072833e-01,2.064597e-01,2.052857e-01,2.046213e-01,2.033115e-01,2.025133e-01,2.018663e-01,2.012225e-01,1.999527e-01,1.993188e-01,1.986881e-01,1.980606e-01,1.969632e-01,1.962050e-01,1.951243e-01,1.945149e-01,1.939085e-01,1.933052e-01,1.922500e-01,1.916517e-01,1.906155e-01,1.901610e-01,1.891333e-01,1.886843e-01,1.877992e-01,1.874802e-01,1.866041e-01,1.861646e-01,1.854211e-01,1.851084e-01,1.838226e-01,1.836394e-01,1.827874e-01,1.820652e-01,1.816382e-01,1.810455e-01,1.806180e-01,1.797876e-01,1.786800e-01,1.782613e-01,1.775630e-01,1.767513e-01,1.759453e-01,1.756531e-01,1.743546e-01,1.735619e-01,1.731617e-01,1.723815e-01,1.714944e-01,1.707260e-01,1.702250e-01,1.687269e-01,1.682351e-01,1.674895e-01,1.667529e-01,1.659151e-01,1.644802e-01,1.641159e-01,1.633027e-01,1.625986e-01,1.618991e-01,1.612044e-01,1.601792e-01,1.595961e-01,1.589204e-01,1.583443e-01,1.576769e-01,1.564564e-01,1.562272e-01,1.553431e-01,1.546953e-01,1.540517e-01,1.535063e-01,1.523394e-01,1.518034e-01,1.513624e-01,1.507402e-01,1.502129e-01,1.487794e-01,1.482660e-01,1.477521e-01,1.472409e-01,1.461441e-01,1.455548e-01,1.449692e-01,1.440967e-01,1.436048e-01,1.425514e-01,1.419843e-01,1.411395e-01,1.406600e-01,1.393625e-01,1.391603e-01,1.383412e-01,1.375345e-01,1.370736e-01,1.358268e-01,1.352974e-01,1.345130e-01,1.340725e-01,1.327955e-01,1.322839e-01,1.316002e-01,1.310957e-01,1.298643e-01,1.293670e-01,1.286348e-01,1.281499e-01,1.269558e-01,1.261695e-01,1.254673e-01,1.250609e-01,1.239106e-01,1.234448e-01,1.227605e-01,1.222985e-01,1.211816e-01,5.989284e-03,5.989284e-03,5.989284e-03,5.989284e-03,5.989284e-03,5.989284e-03,5.989284e-03,5.989284e-03,5.989284e-03,5.989284e-03,5.989284e-03,5.989284e-03,5.989284e-03,5.989284e-03,5.989284e-03,5.989284e-03,5.989284e-03,5.989284e-03,5.989284e-03,5.989284e-03,5.989284e-03,5.989284e-03,5.989284e-03,5.989284e-03,5.989284e-03,5.989284e-03,5.989284e-03,5.989284e-03,5.989284e-03,5.989284e-03,5.989284e-03,5.989284e-03,5.989284e-03,5.989284e-03,5.989284e-03,5.989284e-03,5.989284e-03,5.989284e-03,5.989284e-03,5.989284e-03,5.989284e-03,5.989284e-03,5.989284e-03,5.989284e-03,5.989284e-03,5.989284e-03,5.989284e-03,5.989284e-03,5.989284e-03,5.989284e-03,5.989284e-03,5.989284e-03,5.989284e-03,5.989284e-03,5.989284e-03,5.989284e-03,5.989284e-03,5.989284e-03,5.989284e-03,5.989284e-03,5.989284e-03,5.989284e-03,5.989284e-03,5.989284e-03,5.989284e-03,5.989284e-03,5.989284e-03,5.989284e-03,5.989284e-03,5.989284e-03,5.989284e-03,5.989284e-03,5.989284e-03,5.989284e-03,5.989284e-03,5.989284e-03,5.989284e-03,5.989284e-03,5.989284e-03,5.989284e-03,5.989284e-03,5.989284e-03,5.989284e-03,5.989284e-03,5.989284e-03,5.989284e-03,5.989284e-03,5.989284e-03,5.989284e-03,5.989284e-03,5.989284e-03,5.989284e-03,5.989284e-03,5.989284e-03,5.989284e-03,5.989284e-03,5.989284e-03,5.989284e-03,5.989284e-03,5.989284e-03,5.989284e-03,5.989284e-03,5.989284e-03,5.989284e-03,5.989284e-03,5.989284e-03,5.989284e-03,5.989284e-03,5.989284e-03,5.989284e-03,5.989284e-03,5.989284e-03,5.989284e-03,5.989284e-03,5.989284e-03,5.989284e-03,5.989284e-03,5.989284e-03,5.989284e-03,5.989284e-03,5.989284e-03,5.989284e-03,5.989284e-03,5.989284e-03,5.989284e-03,5.989284e-03,5.989284e-03,5.989284e-03,5.989284e-03,5.989284e-03,5.989284e-03,5.989284e-03,5.989284e-03,5.989284e-03,5.989284e-03,5.989284e-03,5.989284e-03,5.989284e-03,5.989284e-03,5.989284e-03,5.989284e-03,5.989284e-03,5.989284e-03,5.989284e-03,5.989284e-03,5.989284e-03,5.989284e-03,5.989284e-03,5.989284e-03,5.989284e-03,5.989284e-03,5.989284e-03,5.989284e-03,5.989284e-03,5.989284e-03,5.989284e-03,5.989284e-03,5.989284e-03,5.989284e-03,5.989284e-03,5.989284e-03
2.372386e-02,2.370757e-02,2.368785e-02,2.366828e-02,2.364912e-02,2.364404e-02,2.364885e-02,2.364446e-02,2.365335e-02,2.365848e-02,2.366729e-02,2.367161e-02,2.369331e-02,2.371540e-02,2.373371e-02,2.375625e-02,2.377879e-02,2.380112e-02,2.382736e-02,2.386266e-02,2.388796e-02,2.391248e-02,2.395005e-02,2.397823e-02,2.402053e-02,2.405898e-02,2.410088e-02,2.414583e-02,2.418745e-02,2.424249e-02,2.430015e-02,2.435351e-02,2.442420e-02,2.449157e-02,2.456325e-02,2.463501e-02,2.470275e-02,2.477492e-02,2.486018e-02,2.492877e-02,2.500179e-02,2.507666e-02,2.514858e-02,2.521086e-02,2.528369e-02,2.534839e-02,2.541335e-02,2.546162e-02,2.552941e-02,2.558602e-02,2.564110e-02,2.570220e-02,2.575250e-02,2.580374e-02,2.585580e-02,2.590826e-02,2.596521e-02,2.601963e-02,2.606056e-02,2.611784e-02,2.617062e-02,2.622362e-02,2.627836e-02,2.632851e-02,2.638399e-02,2.643634e-02,2.649134e-02,2.654589e-02,2.659532e-02,2.664813e-02,2.670031e-02,2.674561e-02,2.678038e-02,2.682763e-02,2.685683e-02,2.690201e-02,2.694702e-02,2.699507e-02,2.703897e-02,2.709994e-02,2.716273e-02,2.723983e-02,2.732467e-02,2.741310e-02,2.751635e-02,2.764238e-02,2.776250e-02,2.788498e-02,2.803355e-02,2.818778e-02,2.834151e-02,2.849876e-02,2.868293e-02,2.886288e-02,2.905531e-02,2.925646e-02,2.947513e-02,2.970685e-02,2.993963e-02,3.020502e-02,3.048838e-02,3.078520e-02,3.110389e-02,3.143112e-02,3.179761e-02,3.218395e-02,3.259587e-02,3.304634e-02,3.353504e-02,3.405237e-02,3.459416e-02,3.517450e-02,3.577482e-02,3.645355e-02,3.717655e-02,3.790693e-02,3.869091e-02,3.949995e-02,4.034693e-02,4.122825e-02,4.214352e-02,4.305925e-02,4.400018e-02,4.493440e-02,4.587268e-02,4.678907e-02,4.769062e-02,4.857593e-02,4.946248e-02,5.026749e-02,5.108698e-02,5.185238e-02,5.264928e-02,5.335170e-02,5.405874e-02,5.471037e-02,5.536528e-02,5.592881e-02,5.652063e-02,5.704147e-02,5.761291e-02,5.807630e-02,5.850013e-02,5.899952e-02,5.945268e-02,5.993689e-02,6.037173e-02,6.087565e-02,6.129654e-02,6.172892e-02,6.216685e-02,6.252711e-02,6.283928e-02,6.318107e-02,6.342828e-02,6.355395e-02,6.351884e-02,6.349004e-02,6.338106e-02,6.321275e-02,6.307210e-02,6.295207e-02,6.276825e-02,6.258559e-02,6.237235e-02,6.211736e-02,6.183654e-02,6.147458e-02,6.113559e-02,6.076870e-02,6.037624e-02,5.997583e-02,5.957623e-02,5.919866e-02,5.882452e-02,5.845205e-02,5.811626e-02,5.779927e-02,5.751081e-02,5.723804e-02,5.698534e-02,5.674238e-02,5.651862e-02,5.631303e-02,5.613801e-02,5.595889e-02,5.580244e-02,5.566381e-02,5.554372e-02,5.542055e-02,5.533672e-02,5.525318e-02,5.519948e-02,5.511351e-02,5.507539e-02,5.504957e-02,5.501618e-02,5.499645e-02,5.497863e-02,5.495722e-02,5.489760e-02,5.485176e-02,5.479551e-02,5.472399e-02,5.460090e-02,5.450241e-02,5.436555e-02,5.417977e-02,5.400103e-02,5.379160e-02,5.358664e-02,5.334168e-02,5.312407e-02,5.288460e-02,5.262104e-02,5.239031e-02,5.214796e-02,5.192411e-02,5.173063e-02,5.154409e-02,5.140658e-02,5.126388e-02,5.117369e-02,5.108579e-02,5.104210e-02,5.099870e-02,5.097288e-02,5.098962e-02,5.099884e-02,5.103159e-02,5.103740e-02,5.105678e-02,5.103472e-02,5.096239e-02,5.089143e-02,5.075634e-02,5.059667e-02,5.035876e-02,5.008799e-02,4.978874e-02,4.946220e-02,4.910354e-02,4.874407e-02,4.835561e-02,4.796883e-02,4.758395e-02,4.723434e-02,4.689548e-02,4.658406e-02,4.633630e-02,4.610490e-02,4.591787e-02,4.573295e-02,4.557171e-02,4.539072e-02,4.519218e-02,4.496806e-02,4.471299e-02,4.441868e-02,4.407233e-02,4.371793e-02,4.333226e-02,4.294007e-02,4.256027e-02,4.219953e-02,4.185946e-02,4.154624e-02,4.128537e-02,4.106042e-02,4.089722e-02,4.074767e-02,4.065385e-02,4.057890e-02,4.054254e-02,4.052694e-02,4.054229e-02,4.057172e-02,4.064124e-02,4.074494e-02,4.090863e-02,4.111052e-02,4.144915e-02,4.185342e-02,4.245087e-02,4.315645e-02,4.409095e-02,4.520150e-02,4.654235e-02,4.810295e-02,4.994022e-02,5.203389e-02,5.437520e-02,5.698835e-02,5.988479e-02,6.299028e-02,6.626243e-02,6.972585e-02,7.337423e-02,7.710330e-02,8.086124e-02,8.469179e-02,8.860813e-02,9.241137e-02,9.617317e-02,9.988503e-02,1.035217e-01,1.070964e-01,1.106025e-01,1.140545e-01,1.176544e-01,1.210585e-01,1.244176e-01,1.277543e-01,1.310667e-01,1.343709e-01,1.376436e-01,1.409275e-01,1.441690e-01,1.473847e-01,1.505658e-01,1.540966e-01,1.572322e-01,1.603444e-01,1.632981e-01,1.663274e-01,1.693129e-01,1.722547e-01,1.751792e-01,1.780171e-01,1.807971e-01,1.835153e-01,1.861856e-01,1.887902e-01,1.913606e-01,1.938083e-01,1.962184e-01,1.985748e-01,2.008564e-01,2.030054e-01,2.051680e-01,2.072554e-01,2.091147e-01,2.109760e-01,2.126825e-01,2.144163e-01,2.159991e-01,2.176134e-01,2.190756e-01,2.205426e-01,2.219028e-01,2.232879e-01,2.245208e-01,2.257613e-01,2.271067e-01,2.283695e-01,2.297333e-01,2.310198e-01,2.323073e-01,2.336970e-01,2.349962e-01,2.364030e-01,2.376102e-01,2.389162e-01,2.402214e-01,2.414210e-01,2.427130e-01,2.440047e-01,2.452888e-01,2.464565e-01,2.477134e-01,2.489635e-01,2.501974e-01,2.514087e-01,2.526351e-01,2.538063e-01,2.549537e-01,2.560801e-01,2.571725e-01,2.582339e-01,2.592328e-01,2.602256e-01,2.609324e-01,2.617917e-01,2.626266e-01,2.634673e-01,2.643094e-01,2.651344e-01,2.659958e-01,2.667306e-01,2.675998e-01,2.684721e-01,2.692227e-01,2.701131e-01,2.708734e-01,2.716632e-01,2.724316e-01,2.732058e-01,2.741169e-01,2.749014e-01,2.756600e-01,2.764499e-01,2.772168e-01,2.779871e-01,2.787594e-01,2.793979e-01,2.801818e-01,2.809706e-01,2.817591e-01,2.825604e-01,2.832144e-01,2.840223e-01,2.846851e-01,2.853817e-01,2.862339e-01,2.869386e-01,2.876468e-01,2.883574e-01,2.890703e-01,2.897882e-01,2.905436e-01,2.912692e-01,2.919930e-01,2.927532e-01,2.933281e-01,2.940981e-01,2.948309e-01,2.953920e-01,2.961372e-01,2.968835e-01,2.975832e-01,2.981343e-01,2.986890e-01,2.993705e-01,2.998879e-01,3.004222e-01,3.011306e-01,3.016640e-01,3.021732e-01,3.027214e-01,3.034395e-01,3.039899e-01,3.045456e-01,3.051363e-01,3.056937e-01,3.062908e-01,3.068904e-01,3.074941e-01,3.081004e-01,3.087422e-01,3.093473e-01,3.099977e-01,3.106476e-01,3.111147e-01,3.117694e-01,3.122430e-01,3.129009e-01,3.135584e-01,3.140419e-01,3.147108e-01,3.151866e-01,3.158588e-01,3.163429e-01,3.169813e-01,3.174688e-01,3.179222e-01,3.183746e-01,3.190199e-01,3.194762e-01,3.198995e-01,3.203636e-01,3.209832e-01,3.214051e-01,3.218307e-01,3.222610e-01,3.226477e-01,3.230753e-01,3.235102e-01,3.239368e-01,3.243718e-01,3.248045e-01,3.252704e-01,3.255385e-01,3.260130e-01,3.265228e-01,3.270334e-01,3.273429e-01,3.278614e-01,3.284190e-01,3.289280e-01,3.292777e-01,3.298002e-01,3.303192e-01,3.306677e-01,3.309849e-01,3.315183e-01,3.318333e-01,3.323523e-01,3.326745e-01,3.332071e-01,3.335174e-01,3.337980e-01,3.340831e-01,3.343551e-01,3.346314e-01,3.349214e-01,3.352080e-01,3.354874e-01,3.357559e-01,3.360363e-01,3.363208e-01,3.366057e-01,3.368815e-01,3.371864e-01,3.374955e-01,3.378165e-01,3.381420e-01,3.384467e-01,3.387250e-01,3.390268e-01,3.393789e-01,3.396932e-01,3.399828e-01,3.402686e-01,3.405511e-01,3.408438e-01,3.411290e-01,3.414146e-01,3.416967e-01,3.419634e-01,3.421546e-01,3.423788e-01,3.426046e-01,3.428488e-01,3.430554e-01,3.432810e-01,3.434713e-01,3.435758e-01,3.437228e-01,3.438715e-01,3.440752e-01,3.442066e-01,3.442122e-01,3.443398e-01,3.444691e-01,3.445938e-01,3.447056e-01,3.447907e-01,3.449155e-01,3.450642e-01,3.450691e-01,3.448234e-01,3.448086e-01,3.448579e-01,3.448431e-01,3.448126e-01,3.447980e-01,3.448428e-01,3.448916e-01,3.449958e-01,3.451599e-01,3.452484e-01,3.452735e-01,3.455002e-01,3.457832e-01,3.460670e-01,3.463109e-01,3.465560e-01,3.468204e-01,3.471290e-01,3.473518e-01,3.476219e-01,3.478692e-01,3.480534e-01,3.482850e-01,3.484301e-01,3.486390e-01,3.488683e-01,3.490980e-01,3.493279e-01,3.496383e-01,3.499057e-01,3.502170e-01,3.505084e-01,3.508771e-01,3.512297e-01,3.516035e-01,3.519505e-01,3.523462e-01,3.527826e-01,3.531554e-01,3.535696e-01,3.539892e-01,3.544258e-01,3.548016e-01,3.551786e-01,3.556208e-01,3.560204e-01,3.563765e-01,3.568018e-01,3.572037e-01,3.575657e-01,3.579283e-01,3.583094e-01,3.586521e-01,3.590168e-01,3.593822e-01,3.597698e-01,3.600924e-01,3.604779e-01,3.609089e-01,3.612746e-01,3.617072e-01,3.620744e-01,3.624869e-01,3.628749e-01,3.633523e-01,3.637419e-01,3.641288e-01,3.645198e-01,3.649559e-01,3.653707e-01,3.657862e-01,3.661608e-01,3.665780e-01,3.669540e-01,3.673083e-01,3.676632e-01,3.679896e-01,3.683262e-01,3.687022e-01,3.690174e-01,3.692616e-01,3.695060e-01,3.697770e-01,3.700677e-01,3.703589e-01,3.706506e-01,3.709197e-01,3.712122e-01,3.714821e-01,3.717524e-01,3.719965e-01,3.723101e-01,3.725584e-01,3.728230e-01,3.730915e-01,3.733567e-01,3.736455e-01,3.739383e-01,3.742504e-01,3.745600e-01,3.748465e-01,3.751972e-01,3.754817e-01,3.758305e-01,3.761300e-01,3.764533e-01,3.767940e-01,3.770917e-01,3.774276e-01,3.777472e-01,3.780615e-01,3.783931e-01,3.786815e-01,3.789844e-01,3.792679e-01,3.795277e-01,3.798062e-01,3.800850e-01,3.802936e-01,3.805023e-01,3.807056e-01,3.808625e-01,3.810632e-01,3.812175e-01,3.813281e-01,3.814288e-01,3.815536e-01,3.816970e-01,3.817965e-01,3.819373e-01,3.820299e-01,3.821169e-01,3.822039e-01,3.822854e-01,3.823910e-01,3.824698e-01,3.825728e-01,3.826463e-01,3.827176e-01,3.827622e-01,3.828044e-01,3.828714e-01,3.829569e-01,3.830161e-01,3.830486e-01,3.830544e-01,3.830577e-01,3.830374e-01,3.830841e-01,3.831282e-01,3.831711e-01,3.831657e-01,3.831604e-01,3.832063e-01,3.832493e-01,3.832682e-01,3.832630e-01,3.832338e-01,3.832558e-01,3.832989e-01,3.833179e-01,3.832888e-01,3.832398e-01,3.833070e-01,3.834254e-01,3.834927e-01,3.834638e-01,3.834349e-01,3.834742e-01,3.834695e-01,3.834880e-01,3.834555e-01,3.834231e-01,3.834388e-01,3.834784e-01,3.834223e-01,3.832501e-01,3.830512e-01,3.829243e-01,3.827977e-01,3.825764e-01,3.820987e-01,3.815959e-01,3.811220e-01,3.806968e-01,3.803000e-01,3.798777e-01,3.792975e-01,3.785323e-01,3.774762e-01,3.764504e-01,3.757259e-01,3.750952e-01,3.742881e-01,3.731780e-01,3.720283e-01,3.712386e-01,3.706936e-01,3.702162e-01,3.696538e-01,3.689856e-01,3.683852e-01,3.678337e-01,3.672386e-01,3.669003e-01,3.667755e-01,3.666508e-01,3.665680e-01,3.664854e-01,3.664029e-01,3.663622e-01,3.663217e-01,3.664924e-01,3.664520e-01,3.666275e-01,3.668400e-01,3.670110e-01,3.669707e-01,3.671418e-01,3.672714e-01,3.674009e-01,3.673191e-01,3.671959e-01,3.672838e-01,3.673718e-01,3.674182e-01,3.675062e-01,3.675942e-01,3.674295e-01,3.675175e-01,3.676056e-01,3.676984e-01,3.675755e-01,3.676636e-01,3.675408e-01,3.676289e-01,3.677587e-01,3.678051e-01,3.676826e-01,3.677707e-01,3.678172e-01,3.679054e-01,3.677413e-01,3.677878e-01,3.678343e-01,3.678808e-01,3.678856e-01,3.679321e-01,3.679787e-01,3.682359e-01,3.682824e-01,3.683290e-01,3.683755e-01,3.684221e-01,3.684687e-01,3.682758e-01,3.685331e-01,3.685797e-01,3.686263e-01,3.686729e-01,3.686908e-01,3.686956e-01,3.689533e-01,3.689999e-01,3.688067e-01,3.688115e-01,3.691111e-01,3.691290e-01,3.691805e-01,3.692402e-01,3.693288e-01,3.694174e-01,3.693078e-01,3.694383e-01,3.695401e-01,3.696706e-01,3.695613e-01,3.697338e-01,3.698356e-01,3.697683e-01,3.701522e-01,3.700429e-01,3.702156e-01,3.703226e-01,3.704535e-01,3.705556e-01,3.704465e-01,3.705774e-01,3.704266e-01,3.705155e-01,3.705757e-01,3.703832e-01,3.706410e-01,3.704484e-01,3.704667e-01,3.704717e-01,3.702796e-01,3.702979e-01,3.703449e-01,3.701531e-01,3.701765e-01,3.702654e-01,3.703257e-01,3.701762e-01,3.702652e-01,3.701159e-01,3.702049e-01,3.700559e-01,3.699490e-01,3.702471e-01,3.700984e-01,3.699918e-01,3.702897e-01,3.701412e-01,3.702302e-01,3.700819e-01,3.699340e-01,3.700229e-01,3.698386e-01,3.699275e-01,3.697383e-01,3.696195e-01,3.694309e-01,3.692708e-01,3.690828e-01,3.689232e-01,3.686942e-01,3.687412e-01,3.683484e-01,3.683954e-01,3.682370e-01,3.678460e-01,3.676938e-01,3.675364e-01,3.673515e-01,3.671946e-01,3.670380e-01,3.668540e-01,3.666979e-01,3.665421e-01,3.663866e-01,3.660018e-01,3.658470e-01,3.656925e-01,3.655382e-01,3.651836e-01,3.650300e-01,3.646769e-01,3.645241e-01,3.645980e-01,3.637948e-01,3.638685e-01,3.637439e-01,3.636194e-01,3.632976e-01,3.629497e-01,3.626296e-01,3.622836e-01,3.619385e-01,3.618163e-01,3.612779e-01,3.609357e-01,3.604011e-01,3.600876e-01,3.595565e-01,3.590275e-01,3.585007e-01,3.579761e-01,3.574595e-01,3.565371e-01,3.560459e-01,3.551331e-01,3.546218e-01,3.541127e-01,3.536306e-01,3.531504e-01,3.520754e-01,3.512142e-01,3.503585e-01,3.498904e-01,3.492213e-01,3.485316e-01,3.476545e-01,3.464481e-01,3.452525e-01,3.444581e-01,3.432570e-01,3.424283e-01,3.416050e-01,3.411829e-01,3.404054e-01,3.396329e-01,3.388877e-01,3.377972e-01,3.365540e-01,3.351406e-01,3.339232e-01,3.326746e-01,3.319279e-01,3.306992e-01,3.299857e-01,3.289135e-01,3.280019e-01,3.269464e-01,3.262189e-01,3.251783e-01,3.244612e-01,3.236217e-01,3.235623e-01,3.237051e-01,3.235148e-01,3.224618e-01,3.212930e-01,3.204750e-01,3.196274e-01,3.184844e-01,3.176690e-01,3.165467e-01,3.151377e-01,3.134206e-01,3.113156e-01,3.089763e-01,3.069029e-01,3.043754e-01,3.015280e-01,2.991221e-01,2.964399e-01,2.939782e-01,2.912251e-01,2.894505e-01,2.861308e-01,2.825575e-01,2.784394e-01,2.749404e-01,2.700851e-01,2.652567e-01,2.607623e-01,2.557835e-01,2.522418e-01,2.474303e-01,2.430286e-01,2.387106e-01,2.340159e-01,2.294010e-01,2.264393e-01,2.228283e-01,2.182432e-01,2.144136e-01,2.106318e-01,2.076088e-01,2.041153e-01,2.006965e-01,1.975312e-01,1.949030e-01,1.926504e-01,1.900457e-01,1.875272e-01,1.854987e-01,1.830708e-01,1.810627e-01,1.791096e-01,1.772666e-01,1.757912e-01,1.743674e-01,1.728726e-01,1.714417e-01,1.700617e-01,1.689666e-01,1.679552e-01,1.669000e-01,1.658284e-01,1.648258e-01,1.641063e-01,1.631360e-01,1.621790e-01,1.614926e-01,1.608147e-01,1.604263e-01,1.598090e-01,1.591802e-01,1.588317e-01,1.582608e-01,1.579164e-01,1.576285e-01,1.572912e-01,1.569804e-01,1.566984e-01,1.563941e-01,1.560895e-01,1.557942e-01,1.557297e-01,1.554391e-01,1.554271e-01,1.554151e-01,1.554055e-01,1.551664e-01,1.551289e-01,1.551452e-01,1.551335e-01,1.554000e-01,1.553906e-01,1.554233e-01,1.554067e-01,1.556667e-01,1.556500e-01,1.559365e-01,1.561980e-01,1.565151e-01,1.565664e-01,1.568059e-01,1.573024e-01,1.576162e-01,1.579097e-01,1.584162e-01,1.589239e-01,1.594651e-01,1.602233e-01,1.607748e-01,1.613370e-01,1.620907e-01,1.626064e-01,1.634033e-01,1.641873e-01,1.647221e-01,1.657864e-01,1.663643e-01,1.671837e-01,1.679965e-01,1.686216e-01,1.697531e-01,1.703006e-01,1.711032e-01,1.719515e-01,1.728403e-01,1.734458e-01,1.743193e-01,1.752072e-01,1.758678e-01,1.771197e-01,1.777620e-01,1.787261e-01,1.797439e-01,1.806841e-01,1.814295e-01,1.824084e-01,1.835520e-01,1.845987e-01,1.853480e-01,1.863946e-01,1.875226e-01,1.882383e-01,1.894318e-01,1.902934e-01,1.915456e-01,1.923392e-01,1.931898e-01,1.944189e-01,1.952472e-01,1.960843e-01,1.974296e-01,1.982901e-01,1.992077e-01,2.001309e-01,2.010207e-01,2.023525e-01,2.029251e-01,2.043447e-01,2.053797e-01,2.058692e-01,2.068179e-01,2.083597e-01,2.089514e-01,2.099903e-01,2.110242e-01,2.120889e-01,2.131724e-01,2.137652e-01,2.148642e-01,2.159479e-01,2.165184e-01,2.176816e-01,2.183526e-01,2.194354e-01,2.206599e-01,2.213077e-01,2.226192e-01,2.232609e-01,2.243360e-01,2.249886e-01,2.262852e-01,2.269194e-01,2.275638e-01,2.288026e-01,2.294959e-01,2.301321e-01,2.313101e-01,2.319964e-01,2.326493e-01,2.332811e-01,2.346099e-01,2.352550e-01,2.359045e-01,2.366251e-01,2.372840e-01,2.379474e-01,2.387583e-01,2.394410e-01,2.398436e-01,2.404512e-01,2.409926e-01,2.415211e-01,2.421040e-01,2.427230e-01,2.432372e-01,2.439591e-01,2.444860e-01,2.451588e-01,2.456382e-01,2.462444e-01,2.468741e-01,2.475141e-01,2.480856e-01,2.488083e-01,2.494866e-01,2.499110e-01,2.507194e-01,2.510639e-01,2.517311e-01,2.523239e-01,2.528168e-01,2.534773e-01,2.540412e-01,2.547654e-01,2.551468e-01,2.558010e-01,2.563635e-01,2.568190e-01,2.571472e-01,2.576890e-01,2.580992e-01,2.588449e-01,2.594029e-01,2.600880e-01,2.608551e-01,2.614636e-01,2.617990e-01,2.624241e-01,2.628568e-01,2.633932e-01,2.639495e-01,2.645011e-01,2.649608e-01,2.656329e-01,2.661072e-01,2.666765e-01,2.671623e-01,2.676837e-01,2.680114e-01,2.685825e-01,2.688011e-01,2.693074e-01,2.697082e-01,2.703068e-01,2.707183e-01,2.712252e-01,2.715501e-01,2.719656e-01,2.722850e-01,2.727934e-01,2.730241e-01,2.734321e-01,2.739578e-01,2.743739e-01,2.748910e-01,2.752178e-01,2.754350e-01,2.758634e-01,2.760996e-01,2.764241e-01,2.766612e-01,2.769871e-01,2.770247e-01,2.774886e-01,2.778422e-01,2.782711e-01,2.784111e-01,2.787467e-01,2.789953e-01,2.793324e-01,2.792258e-01,2.796418e-01,2.798615e-01,2.801572e-01,2.802552e-01,2.805518e-01,2.806633e-01,2.808377e-01,2.807427e-01,2.811507e-01,2.810422e-01,2.809512e-01,2.809454e-01,2.810746e-01,2.806732e-01,2.806923e-01,2.805244e-01,2.805742e-01,2.800661e-01,2.798807e-01,2.797013e-01,2.795037e-01,2.792300e-01,2.789385e-01,2.786231e-01,2.784278e-01,2.779305e-01,2.777367e-01,2.772429e-01,2.769876e-01,2.770253e-01,2.782577e-01,2.777622e-01,2.776122e-01,2.772862e-01,2.769387e-01,2.764801e-01,2.762405e-01,2.758898e-01,2.755353e-01,2.750838e-01,2.747449e-01,2.740743e-01,2.737195e-01,2.733559e-01,2.727836e-01,2.723226e-01,2.718443e-01,2.711750e-01,2.707968e-01,2.702211e-01,2.698407e-01,2.694545e-01,2.690580e-01,2.684015e-01,2.680205e-01,2.674710e-01,2.670045e-01,2.665329e-01,2.658961e-01,2.653534e-01,2.649004e-01,2.642846e-01,2.638321e-01,2.634895e-01,2.630445e-01,2.626195e-01,2.621782e-01,2.615672e-01,2.613191e-01,2.609051e-01,2.603916e-01,2.598807e-01,2.595189e-01,2.590123e-01,2.587633e-01,2.583487e-01,2.581084e-01,2.576297e-01,2.572966e-01,2.568498e-01,2.565647e-01,2.562736e-01,2.559938e-01,2.557149e-01,2.555124e-01,2.551665e-01,2.551539e-01,2.550587e-01,2.549256e-01,2.547353e-01,2.548478e-01,2.548173e-01,2.548446e-01,2.546574e-01,2.546949e-01,2.548926e-01,2.547904e-01,2.547530e-01,2.546204e-01,2.545083e-01,2.544241e-01,2.543090e-01,2.542047e-01,2.539621e-01,2.536536e-01,2.533924e-01,2.532358e-01,2.528289e-01,2.525701e-01,2.523221e-01,2.519193e-01,2.514183e-01,2.510738e-01,2.508645e-01,2.505316e-01,2.501187e-01,2.497075e-01,2.493689e-01,2.491552e-01,2.487575e-01,2.485818e-01,2.483696e-01,2.482646e-01,2.479308e-01,2.477566e-01,2.476523e-01,2.476273e-01,2.475231e-01,2.474557e-01,2.474308e-01,2.476512e-01,2.479146e-01,2.477676e-01,2.478300e-01,2.479019e-01,2.478944e-01,2.482127e-01,2.483548e-01,2.483377e-01,2.484002e-01,2.483670e-01,2.484295e-01,2.482534e-01,2.481475e-01,2.478929e-01,2.477086e-01,2.476129e-01,2.477446e-01,2.477973e-01,2.477644e-01,2.479563e-01,2.479110e-01,2.480334e-01,2.480862e-01,2.482264e-01,2.482536e-01,2.484461e-01,2.487612e-01,2.488747e-01,2.489788e-01,2.493161e-01,2.493932e-01,2.496211e-01,2.497354e-01,2.499737e-01,2.500542e-01,2.501141e-01,2.500402e-01,2.500566e-01,2.500455e-01,2.500442e-01,2.499459e-01,2.500057e-01,2.500753e-01,2.502870e-01,2.501241e-01,2.501872e-01,2.501858e-01,2.501747e-01,2.503966e-01,2.503046e-01,2.502935e-01,2.503811e-01,2.503099e-01,2.504607e-01,2.504771e-01,2.504497e-01,2.501619e-01,2.502154e-01,2.502009e-01,2.500929e-01,2.497485e-01,2.496879e-01,2.495568e-01,2.493489e-01,2.493079e-01,2.492671e-01,2.489540e-01,2.487670e-01,2.485967e-01,2.480321e-01,2.475590e-01,2.468398e-01,2.460422e-01,2.456293e-01,2.451354e-01,2.445746e-01,2.433281e-01,2.420233e-01,2.414477e-01,2.402866e-01,2.384373e-01,2.371637e-01,2.360257e-01,2.342970e-01,2.325251e-01,2.307908e-01,2.289973e-01,2.272940e-01,2.244728e-01,2.227928e-01,2.189930e-01,2.162693e-01,2.133379e-01,2.109418e-01,2.076516e-01,2.050940e-01,2.017456e-01,1.988464e-01,1.942636e-01,1.905742e-01,1.870722e-01,1.830411e-01,1.794754e-01,1.751747e-01,1.712833e-01,1.652850e-01,1.609272e-01,1.566376e-01,1.526199e-01,1.479164e-01,1.440325e-01,1.381365e-01,1.339874e-01,1.301132e-01,1.263726e-01,1.225143e-01,1.179344e-01,1.144247e-01,1.113619e-01,1.084396e-01,1.055668e-01,1.022254e-01,9.979900e-02,9.765993e-02,9.572381e-02,9.403444e-02,9.165402e-02,9.022894e-02,8.890697e-02,8.754373e-02,8.618753e-02,8.489427e-02,8.402245e-02,8.319052e-02,8.238523e-02,8.160437e-02,8.086320e-02,8.045610e-02,7.977059e-02,7.940284e-02,7.876072e-02,7.844760e-02,7.812244e-02,7.782561e-02,7.754795e-02,7.727788e-02,7.701520e-02,7.700906e-02,7.673958e-02,7.673380e-02,7.649444e-02,7.648046e-02,7.648060e-02,7.649468e-02,7.624603e-02,7.624617e-02,7.623248e-02,7.623537e-02,7.647229e-02,7.646952e-02,7.646102e-02,7.643289e-02,7.667026e-02,7.665617e-02,7.690563e-02,7.690271e-02,7.715025e-02,7.741855e-02,7.743272e-02,7.772207e-02,7.801256e-02,7.830718e-02,7.862931e-02,7.866901e-02,7.900388e-02,7.934161e-02,7.968251e-02,8.002328e-02,8.037024e-02,8.071799e-02,8.108792e-02,8.144249e-02,8.180229e-02,8.217015e-02,8.254076e-02,8.290258e-02,8.328714e-02,8.367487e-02,8.406058e-02,8.445879e-02,8.521912e-02,8.526425e-02,8.606078e-02,8.649261e-02,8.654707e-02,8.725665e-02,8.769635e-02,8.823332e-02,8.862557e-02,8.926281e-02,8.965685e-02,9.001414e-02,9.065364e-02,9.112015e-02,9.168650e-02,9.211667e-02,9.278373e-02,9.317414e-02,9.382038e-02,9.429342e-02,9.469976e-02,9.536184e-02,9.584209e-02,9.648618e-02,9.690291e-02,9.754981e-02,9.796744e-02,9.858359e-02,9.907426e-02,9.961365e-02,1.000506e-01,1.006875e-01,1.011394e-01,1.017226e-01,1.021584e-01,1.027759e-01,1.031960e-01,1.038342e-01,1.043066e-01,1.046723e-01,1.053359e-01,1.060120e-01,1.064624e-01,1.070657e-01,1.075288e-01,1.081389e-01,1.085252e-01,1.091701e-01,1.095477e-01,1.101076e-01,1.104878e-01,1.111404e-01,1.115211e-01,1.120625e-01,1.124218e-01,1.130172e-01,1.132776e-01,1.137291e-01,1.141039e-01,1.145767e-01,1.151511e-01,1.153326e-01,1.158200e-01,1.161161e-01,1.165993e-01,1.166872e-01,1.171908e-01,1.175845e-01,1.178931e-01,1.181899e-01,1.183846e-01,1.189088e-01,1.190012e-01,1.194118e-01,1.197190e-01,1.199205e-01,1.202312e-01,1.203261e-01,1.207643e-01,1.211917e-01,1.212719e-01,1.215922e-01,1.216898e-01,1.219002e-01,1.222249e-01,1.223238e-01,1.226515e-01,1.228819e-01,1.231144e-01,1.233479e-01,1.234652e-01,1.237169e-01,1.242052e-01,1.242061e-01,1.247160e-01,1.247167e-01,1.251977e-01,1.255786e-01,1.257006e-01,1.260684e-01,1.264222e-01,1.266539e-01,1.270125e-01,1.273740e-01,1.276109e-01,1.278320e-01,1.283476e-01,1.284595e-01,1.288682e-01,1.292622e-01,1.295616e-01,1.298273e-01,1.304170e-01,1.305684e-01,1.310118e-01,1.313195e-01,1.316303e-01,1.320825e-01,1.323785e-01,1.325349e-01,1.329771e-01,1.332605e-01,1.335652e-01,1.337072e-01,1.341598e-01,1.344496e-01,1.347436e-01,1.348888e-01,1.353522e-01,1.354990e-01,1.358169e-01,1.361160e-01,1.364376e-01,1.365877e-01,1.369297e-01,1.372350e-01,1.375633e-01,1.376982e-01,1.380294e-01,1.383237e-01,1.385001e-01,1.389781e-01,1.391169e-01,1.394392e-01,1.396014e-01,1.399273e-01,1.400509e-01,1.403793e-01,1.407098e-01,1.406878e-01,1.410210e-01,1.413557e-01,1.415242e-01,1.416703e-01,1.418399e-01,1.421800e-01,1.423519e-01,1.426954e-01,1.430412e-01,1.433893e-01,1.433663e-01,1.437165e-01,1.439119e-01,1.442658e-01,1.444440e-01,1.446228e-01,1.447787e-01,1.449404e-01,1.451209e-01,1.454830e-01,1.456471e-01,1.458127e-01,1.457704e-01,1.461372e-01,1.462852e-01,1.464532e-01,1.464105e-01,1.465781e-01,1.467278e-01,1.466675e-01,1.468361e-01,1.469870e-01,1.471384e-01,1.472904e-01,1.474430e-01,1.473822e-01,1.473277e-01,1.474808e-01,1.476345e-01,1.477888e-01,1.479447e-01,1.480817e-01,1.482378e-01,1.481831e-01,1.483212e-01,1.484599e-01,1.485816e-01,1.485081e-01,1.486293e-01,1.487324e-01,1.486411e-01,1.487261e-01,1.488115e-01,1.487004e-01,1.490110e-01,1.488821e-01,1.489691e-01,1.488390e-01,1.491533e-01,1.490428e-01,1.491315e-01,1.492482e-01,1.493380e-01,1.492450e-01,1.495670e-01,1.494550e-01,1.495744e-01,1.496665e-01,1.499752e-01,1.500785e-01,1.501542e-01,1.502589e-01,1.501274e-01,1.504229e-01,1.502924e-01,1.506096e-01,1.507178e-01,1.505858e-01,1.509265e-01,1.508133e-01,1.509629e-01,1.510931e-01,1.510180e-01,1.511871e-01,1.513572e-01,1.512830e-01,1.514922e-01,1.514359e-01,1.518644e-01,1.518284e-01,1.520595e-01,1.522917e-01,1.522929e-01,1.525453e-01,1.525478e-01,1.528206e-01,1.528411e-01,1.531150e-01,1.531368e-01,1.534120e-01,1.534519e-01,1.537476e-01,1.537888e-01,1.538288e-01,1.541258e-01,1.539396e-01,1.539808e-01,1.540402e-01,1.543376e-01,1.543777e-01,1.544191e-01,1.544785e-01,1.545186e-01,1.543009e-01,1.541162e-01,1.541562e-01,1.539403e-01,1.537060e-01,1.532694e-01,1.533105e-01,1.530790e-01,1.525985e-01,1.521710e-01,1.519443e-01,1.514745e-01,1.510367e-01,1.505543e-01,1.503341e-01,1.496485e-01,1.491773e-01,1.485058e-01,1.480436e-01,1.471566e-01,1.467049e-01,1.458194e-01,1.453780e-01,1.447481e-01,1.441178e-01,1.435025e-01,1.427015e-01,1.423024e-01,1.415191e-01,1.409500e-01,1.403628e-01,1.398062e-01,1.390591e-01,1.386874e-01,1.379564e-01,1.375924e-01,1.370650e-01,1.363389e-01,1.358063e-01,1.352792e-01,1.347573e-01,1.343980e-01,1.338670e-01,1.333590e-01,1.326826e-01,1.321863e-01,1.320149e-01,1.315251e-01,1.312078e-01,1.305795e-01,1.302854e-01,1.298123e-01,1.296489e-01,1.293433e-01,1.290222e-01,1.287204e-01,1.282445e-01,1.279474e-01,1.276347e-01,1.271687e-01,1.267070e-01,1.262676e-01,1.259643e-01,1.253644e-01,1.249186e-01,1.246236e-01,1.243302e-01,1.237662e-01,1.234777e-01,1.231908e-01,1.229055e-01,1.224979e-01,1.220770e-01,1.216762e-01,1.213994e-01,1.211241e-01,1.208503e-01,1.204594e-01,1.201883e-01,1.198195e-01,1.196850e-01,1.193034e-01,1.191703e-01,1.189227e-01,1.189037e-01,1.186572e-01,1.185255e-01,1.183929e-01,1.183737e-01,1.180001e-01,1.181090e-01,1.178491e-01,1.177177e-01,1.175712e-01,1.175671e-01,1.174041e-01,1.171315e-01,1.168908e-01,1.167293e-01,1.165831e-01,1.163129e-01,1.160439e-01,1.160075e-01,1.155106e-01,1.152286e-01,1.150708e-01,1.148071e-01,1.144095e-01,1.141488e-01,1.138750e-01,1.133950e-01,1.131248e-01,1.128698e-01,1.126323e-01,1.122664e-01,1.118322e-01,1.116985e-01,1.113557e-01,1.111415e-01,1.109282e-01,1.107158e-01,1.104096e-01,1.103087e-01,1.101155e-01,1.100152e-01,1.098233e-01,1.095508e-01,1.095637e-01,1.093705e-01,1.091816e-01,1.089936e-01,1.089117e-01,1.086615e-01,1.085804e-01,1.086039e-01,1.084186e-01,1.083379e-01,1.079846e-01,1.079210e-01,1.078413e-01,1.077618e-01,1.075031e-01,1.073230e-01,1.071436e-01,1.068609e-01,1.067833e-01,1.065166e-01,1.063409e-01,1.060635e-01,1.059713e-01,1.056227e-01,1.056004e-01,1.053277e-01,1.050586e-01,1.049682e-01,1.046277e-01,1.044439e-01,1.041786e-01,1.040918e-01,1.036821e-01,1.035024e-01,1.033344e-01,1.031562e-01,1.027425e-01,1.025509e-01,1.022976e-01,1.021099e-01,1.017049e-01,1.013385e-01,1.010790e-01,1.009642e-01,1.005411e-01,1.003427e-01,1.000573e-01,9.984489e-02,9.940069e-02,1.075335e-02,1.075335e-02,1.075335e-02,1.075335e-02,1.075335e-02,1.075335e-02,1.075335e-02,1.075335e-02,1.075335e-02,1.075335e-02,1.075335e-02,1.075335e-02,1.075335e-02,1.075335e-02,1.075335e-02,1.075335e-02,1.075335e-02,1.075335e-02,1.075335e-02,1.075335e-02,1.075335e-02,1.075335e-02,1.075335e-02,1.075335e-02,1.075335e-02,1.075335e-02,1.075335e-02,1.075335e-02,1.075335e-02,1.075335e-02,1.075335e-02,1.075335e-02,1.075335e-02,1.075335e-02,1.075335e-02,1.075335e-02,1.075335e-02,1.075335e-02,1.075335e-02,1.075335e-02,1.075335e-02,1.075335e-02,1.075335e-02,1.075335e-02,1.075335e-02,1.075335e-02,1.075335e-02,1.075335e-02,1.075335e-02,1.075335e-02,1.075335e-02,1.075335e-02,1.075335e-02,1.075335e-02,1.075335e-02,1.075335e-02,1.075335e-02,1.075335e-02,1.075335e-02,1.075335e-02,1.075335e-02,1.075335e-02,1.075335e-02,1.075335e-02,1.075335e-02,1.075335e-02,1.075335e-02,1.075335e-02,1.075335e-02,1.075335e-02,1.075335e-02,1.075335e-02,1.075335e-02,1.075335e-02,1.075335e-02,1.075335e-02,1.075335e-02,1.075335e-02,1.075335e-02,1.075335e-02,1.075335e-02,1.075335e-02,1.075335e-02,1.075335e-02,1.075335e-02,1.075335e-02,1.075335e-02,1.075335e-02,1.075335e-02,1.075335e-02,1.075335e-02,1.075335e-02,1.075335e-02,1.075335e-02,1.075335e-02,1.075335e-02,1.075335e-02,1.075335e-02,1.075335e-02,1.075335e-02,1.075335e-02,1.075335e-02,1.075335e-02,1.075335e-02,1.075335e-02,1.075335e-02,1.075335e-02,1.075335e-02,1.075335e-02,1.075335e-02,1.075335e-02,1.075335e-02,1.075335e-02,1.075335e-02,1.075335e-02,1.075335e-02,1.075335e-02,1.075335e-02,1.075335e-02,1.075335e-02,1.075335e-02,1.075335e-02,1.075335e-02,1.075335e-02,1.075335e-02,1.075335e-02,1.075335e-02,1.075335e-02,1.075335e-02,1.075335e-02,1.075335e-02,1.075335e-02,1.075335e-02,1.075335e-02,1.075335e-02,1.075335e-02,1.075335e-02,1.075335e-02,1.075335e-02,1.075335e-02,1.075335e-02,1.075335e-02,1.075335e-02,1.075335e-02,1.075335e-02,1.075335e-02,1.075335e-02,1.075335e-02,1.075335e-02,1.075335e-02,1.075335e-02,1.075335e-02,1.075335e-02,1.075335e-02,1.075335e-02,1.075335e-02,1.075335e-02,1.075335e-02,1.075335e-02,1.075335e-02,1.075335e-02
2.196065e-02,2.194658e-02,2.193935e-02,2.192960e-02,2.192015e-02,2.193553e-02,2.196644e-02,2.198765e-02,2.202266e-02,2.205918e-02,2.209833e-02,2.212512e-02,2.216692e-02,2.220879e-02,2.224659e-02,2.229196e-02,2.233676e-02,2.237856e-02,2.242287e-02,2.247439e-02,2.251003e-02,2.253903e-02,2.257938e-02,2.260859e-02,2.266037e-02,2.271213e-02,2.276600e-02,2.281484e-02,2.286589e-02,2.293182e-02,2.298709e-02,2.303582e-02,2.310248e-02,2.317114e-02,2.324719e-02,2.332247e-02,2.339221e-02,2.346903e-02,2.355571e-02,2.362861e-02,2.370818e-02,2.380309e-02,2.390214e-02,2.398450e-02,2.408649e-02,2.418564e-02,2.428364e-02,2.436628e-02,2.447984e-02,2.459258e-02,2.471575e-02,2.485136e-02,2.498251e-02,2.511430e-02,2.524648e-02,2.537747e-02,2.551081e-02,2.564554e-02,2.576387e-02,2.589578e-02,2.602147e-02,2.614869e-02,2.627192e-02,2.638831e-02,2.651447e-02,2.663700e-02,2.675731e-02,2.687546e-02,2.698562e-02,2.709254e-02,2.719522e-02,2.728268e-02,2.735163e-02,2.742642e-02,2.747936e-02,2.754390e-02,2.760575e-02,2.767434e-02,2.773806e-02,2.781808e-02,2.790442e-02,2.801675e-02,2.814302e-02,2.828176e-02,2.844642e-02,2.864445e-02,2.884994e-02,2.906537e-02,2.932010e-02,2.959204e-02,2.987469e-02,3.016454e-02,3.048551e-02,3.081138e-02,3.114988e-02,3.150275e-02,3.187565e-02,3.226893e-02,3.266304e-02,3.309067e-02,3.354196e-02,3.400248e-02,3.448833e-02,3.498227e-02,3.551378e-02,3.606698e-02,3.664319e-02,3.726583e-02,3.793618e-02,3.861721e-02,3.932233e-02,4.005360e-02,4.080040e-02,4.164268e-02,4.252456e-02,4.339841e-02,4.432308e-02,4.527684e-02,4.626922e-02,4.730233e-02,4.837569e-02,4.944423e-02,5.055071e-02,5.165575e-02,5.278206e-02,5.389786e-02,5.502168e-02,5.614722e-02,5.730456e-02,5.839789e-02,5.953784e-02,6.063939e-02,6.180800e-02,6.290702e-02,6.404358e-02,6.514388e-02,6.628239e-02,6.734249e-02,6.845958e-02,6.951592e-02,7.065304e-02,7.168192e-02,7.267374e-02,7.376828e-02,7.481161e-02,7.590145e-02,7.693001e-02,7.804757e-02,7.906279e-02,8.009269e-02,8.113217e-02,8.206929e-02,8.292690e-02,8.385589e-02,8.463481e-02,8.521898e-02,8.553030e-02,8.584124e-02,8.601852e-02,8.609305e-02,8.618989e-02,8.634788e-02,8.641989e-02,8.652462e-02,8.659900e-02,8.665665e-02,8.668290e-02,8.660909e-02,8.658024e-02,8.653029e-02,8.644234e-02,8.633701e-02,8.621925e-02,8.612113e-02,8.600733e-02,8.588250e-02,8.578233e-02,8.570227e-02,8.563618e-02,8.558421e-02,8.554217e-02,8.552573e-02,8.551492e-02,8.551772e-02,8.554064e-02,8.556687e-02,8.560861e-02,8.565138e-02,8.570766e-02,8.576170e-02,8.585072e-02,8.593183e-02,8.604174e-02,8.608589e-02,8.621189e-02,8.635136e-02,8.647886e-02,8.662571e-02,8.677423e-02,8.691643e-02,8.697298e-02,8.708072e-02,8.716742e-02,8.722541e-02,8.717937e-02,8.718584e-02,8.714494e-02,8.699470e-02,8.688642e-02,8.673074e-02,8.657624e-02,8.632529e-02,8.613891e-02,8.592089e-02,8.562942e-02,8.541286e-02,8.513686e-02,8.491845e-02,8.473341e-02,8.451837e-02,8.440242e-02,8.424915e-02,8.419759e-02,8.411616e-02,8.412548e-02,8.410757e-02,8.411494e-02,8.421709e-02,8.427131e-02,8.439602e-02,8.444696e-02,8.454337e-02,8.454246e-02,8.447092e-02,8.441782e-02,8.422849e-02,8.402484e-02,8.366310e-02,8.323479e-02,8.277848e-02,8.222378e-02,8.160664e-02,8.100084e-02,8.030131e-02,7.958825e-02,7.886145e-02,7.820222e-02,7.752908e-02,7.689432e-02,7.638941e-02,7.589050e-02,7.546720e-02,7.506029e-02,7.471073e-02,7.429764e-02,7.383153e-02,7.330596e-02,7.271050e-02,7.199638e-02,7.114800e-02,7.024255e-02,6.921747e-02,6.817883e-02,6.708234e-02,6.598949e-02,6.492850e-02,6.387318e-02,6.294560e-02,6.208432e-02,6.139101e-02,6.072811e-02,6.022547e-02,5.981291e-02,5.950437e-02,5.925772e-02,5.915513e-02,5.908471e-02,5.919281e-02,5.941059e-02,5.988768e-02,6.053088e-02,6.165311e-02,6.297208e-02,6.485150e-02,6.695087e-02,6.956939e-02,7.247176e-02,7.569552e-02,7.918436e-02,8.304152e-02,8.710083e-02,9.135497e-02,9.581582e-02,1.005302e-01,1.052738e-01,1.100329e-01,1.148408e-01,1.197549e-01,1.245185e-01,1.291383e-01,1.336887e-01,1.382843e-01,1.425295e-01,1.466149e-01,1.505432e-01,1.543050e-01,1.579179e-01,1.613889e-01,1.647408e-01,1.683221e-01,1.715192e-01,1.746233e-01,1.776619e-01,1.806298e-01,1.835505e-01,1.864009e-01,1.892334e-01,1.919837e-01,1.946833e-01,1.973146e-01,2.004225e-01,2.029612e-01,2.054597e-01,2.077429e-01,2.101345e-01,2.124750e-01,2.147667e-01,2.170551e-01,2.192449e-01,2.213828e-01,2.234682e-01,2.255252e-01,2.275173e-01,2.294930e-01,2.313634e-01,2.332281e-01,2.350561e-01,2.368366e-01,2.384973e-01,2.402045e-01,2.418683e-01,2.433202e-01,2.448000e-01,2.461496e-01,2.475593e-01,2.488408e-01,2.501868e-01,2.514047e-01,2.526564e-01,2.538218e-01,2.550480e-01,2.561067e-01,2.571690e-01,2.583379e-01,2.594160e-01,2.605970e-01,2.616947e-01,2.627910e-01,2.639928e-01,2.650995e-01,2.663183e-01,2.673315e-01,2.684487e-01,2.695675e-01,2.705818e-01,2.716949e-01,2.728131e-01,2.739298e-01,2.749360e-01,2.760404e-01,2.771477e-01,2.782485e-01,2.793376e-01,2.804606e-01,2.815361e-01,2.826024e-01,2.836639e-01,2.847086e-01,2.857408e-01,2.867243e-01,2.877292e-01,2.884531e-01,2.893358e-01,2.901874e-01,2.910447e-01,2.919040e-01,2.927402e-01,2.936195e-01,2.943710e-01,2.952565e-01,2.961460e-01,2.969136e-01,2.978214e-01,2.985987e-01,2.994120e-01,3.001968e-01,3.009878e-01,3.019152e-01,3.027164e-01,3.034852e-01,3.042925e-01,3.050688e-01,3.058479e-01,3.066303e-01,3.072794e-01,3.080718e-01,3.088689e-01,3.096660e-01,3.104764e-01,3.111389e-01,3.119547e-01,3.126262e-01,3.133379e-01,3.142038e-01,3.149233e-01,3.156463e-01,3.163711e-01,3.170976e-01,3.178296e-01,3.186066e-01,3.193461e-01,3.200816e-01,3.208604e-01,3.214501e-01,3.222398e-01,3.229816e-01,3.235512e-01,3.243076e-01,3.250638e-01,3.257590e-01,3.263131e-01,3.268713e-01,3.275429e-01,3.280527e-01,3.285852e-01,3.292903e-01,3.298192e-01,3.303195e-01,3.308672e-01,3.315800e-01,3.321285e-01,3.326834e-01,3.332799e-01,3.338350e-01,3.344384e-01,3.350443e-01,3.356519e-01,3.362648e-01,3.369201e-01,3.375292e-01,3.381943e-01,3.388577e-01,3.393402e-01,3.400083e-01,3.404986e-01,3.411692e-01,3.418379e-01,3.423370e-01,3.430197e-01,3.435096e-01,3.441949e-01,3.446951e-01,3.453372e-01,3.458409e-01,3.463024e-01,3.467589e-01,3.474071e-01,3.478706e-01,3.482940e-01,3.487674e-01,3.493822e-01,3.497984e-01,3.502223e-01,3.506523e-01,3.510270e-01,3.514521e-01,3.518836e-01,3.523061e-01,3.527396e-01,3.531694e-01,3.536356e-01,3.539126e-01,3.543929e-01,3.549123e-01,3.554354e-01,3.557627e-01,3.562958e-01,3.568734e-01,3.573920e-01,3.577679e-01,3.583042e-01,3.588320e-01,3.592054e-01,3.595413e-01,3.600878e-01,3.604201e-01,3.609486e-01,3.612873e-01,3.618338e-01,3.621585e-01,3.624481e-01,3.627404e-01,3.630178e-01,3.633007e-01,3.635995e-01,3.638965e-01,3.641833e-01,3.644547e-01,3.647394e-01,3.650328e-01,3.653266e-01,3.656076e-01,3.659192e-01,3.662398e-01,3.665768e-01,3.669165e-01,3.672304e-01,3.675072e-01,3.678134e-01,3.681864e-01,3.685129e-01,3.688015e-01,3.690814e-01,3.693598e-01,3.696554e-01,3.699404e-01,3.702226e-01,3.705029e-01,3.707583e-01,3.708994e-01,3.710985e-01,3.713123e-01,3.715391e-01,3.717258e-01,3.719328e-01,3.720871e-01,3.721349e-01,3.722323e-01,3.723443e-01,3.725296e-01,3.726017e-01,3.725120e-01,3.725820e-01,3.726667e-01,3.727421e-01,3.727868e-01,3.728071e-01,3.728825e-01,3.729875e-01,3.728908e-01,3.724419e-01,3.723186e-01,3.722868e-01,3.721639e-01,3.720163e-01,3.718940e-01,3.718535e-01,3.718155e-01,3.718567e-01,3.719802e-01,3.719967e-01,3.719295e-01,3.721293e-01,3.724151e-01,3.727021e-01,3.729341e-01,3.731739e-01,3.734336e-01,3.737507e-01,3.739684e-01,3.742383e-01,3.744864e-01,3.746569e-01,3.748797e-01,3.750026e-01,3.752035e-01,3.754323e-01,3.756608e-01,3.758901e-01,3.762233e-01,3.765066e-01,3.768408e-01,3.771477e-01,3.775571e-01,3.779415e-01,3.783547e-01,3.787437e-01,3.791866e-01,3.796792e-01,3.800935e-01,3.805651e-01,3.810402e-01,3.815424e-01,3.819603e-01,3.823867e-01,3.828864e-01,3.833433e-01,3.837499e-01,3.842322e-01,3.846921e-01,3.851033e-01,3.855153e-01,3.859557e-01,3.863402e-01,3.867548e-01,3.871703e-01,3.876161e-01,3.879889e-01,3.884350e-01,3.889341e-01,3.893598e-01,3.898611e-01,3.902888e-01,3.907622e-01,3.912123e-01,3.917687e-01,3.922208e-01,3.926724e-01,3.931264e-01,3.936424e-01,3.941290e-01,3.946167e-01,3.950542e-01,3.955440e-01,3.959834e-01,3.963927e-01,3.968028e-01,3.971874e-01,3.975785e-01,3.980283e-01,3.983897e-01,3.986636e-01,3.989379e-01,3.992379e-01,3.995761e-01,3.999148e-01,4.002541e-01,4.005623e-01,4.009027e-01,4.012118e-01,4.015214e-01,4.018056e-01,4.021687e-01,4.024477e-01,4.027538e-01,4.030541e-01,4.033609e-01,4.037005e-01,4.040343e-01,4.043961e-01,4.047577e-01,4.050874e-01,4.055006e-01,4.058286e-01,4.062403e-01,4.065846e-01,4.069620e-01,4.073580e-01,4.077009e-01,4.080926e-01,4.084645e-01,4.088337e-01,4.092215e-01,4.095559e-01,4.099061e-01,4.102359e-01,4.105328e-01,4.108580e-01,4.111834e-01,4.114167e-01,4.116524e-01,4.118830e-01,4.120567e-01,4.122848e-01,4.124560e-01,4.125706e-01,4.126696e-01,4.128021e-01,4.129627e-01,4.130690e-01,4.132271e-01,4.133157e-01,4.134013e-01,4.134869e-01,4.135671e-01,4.136810e-01,4.137585e-01,4.138674e-01,4.139399e-01,4.140102e-01,4.140445e-01,4.140763e-01,4.141401e-01,4.142343e-01,4.142928e-01,4.143153e-01,4.143018e-01,4.142860e-01,4.142346e-01,4.142810e-01,4.143250e-01,4.143677e-01,4.143434e-01,4.143193e-01,4.143627e-01,4.144055e-01,4.144150e-01,4.143910e-01,4.143338e-01,4.143440e-01,4.143870e-01,4.143967e-01,4.143398e-01,4.142617e-01,4.143382e-01,4.144821e-01,4.145586e-01,4.145019e-01,4.144453e-01,4.144767e-01,4.144536e-01,4.144526e-01,4.143846e-01,4.143167e-01,4.143154e-01,4.143473e-01,4.142468e-01,4.139822e-01,4.136846e-01,4.134867e-01,4.132893e-01,4.129614e-01,4.122868e-01,4.115723e-01,4.109047e-01,4.103049e-01,4.097413e-01,4.091469e-01,4.083431e-01,4.072816e-01,4.058314e-01,4.044261e-01,4.034327e-01,4.025682e-01,4.014662e-01,3.999539e-01,3.983952e-01,3.973241e-01,3.965835e-01,3.959345e-01,3.951722e-01,3.942695e-01,3.934588e-01,3.927064e-01,3.919049e-01,3.914413e-01,3.912621e-01,3.910833e-01,3.909551e-01,3.908273e-01,3.906998e-01,3.906229e-01,3.905462e-01,3.907502e-01,3.906737e-01,3.908813e-01,3.911357e-01,3.913401e-01,3.912638e-01,3.914682e-01,3.916226e-01,3.917769e-01,3.916505e-01,3.914742e-01,3.915782e-01,3.916823e-01,3.917362e-01,3.918403e-01,3.919445e-01,3.917182e-01,3.918223e-01,3.919265e-01,3.920344e-01,3.918586e-01,3.919628e-01,3.917874e-01,3.918916e-01,3.920461e-01,3.921001e-01,3.919249e-01,3.920292e-01,3.920832e-01,3.921875e-01,3.919624e-01,3.920164e-01,3.920704e-01,3.921244e-01,3.921282e-01,3.921822e-01,3.922363e-01,3.925697e-01,3.926238e-01,3.926779e-01,3.927320e-01,3.927861e-01,3.928403e-01,3.927680e-01,3.931020e-01,3.931562e-01,3.932104e-01,3.932645e-01,3.934724e-01,3.934761e-01,3.938110e-01,3.938653e-01,3.937926e-01,3.937963e-01,3.941823e-01,3.943910e-01,3.944490e-01,3.947086e-01,3.948137e-01,3.949189e-01,3.949474e-01,3.951035e-01,3.954144e-01,3.955707e-01,3.955993e-01,3.958065e-01,3.961182e-01,3.961977e-01,3.966890e-01,3.967176e-01,3.969255e-01,3.972420e-01,3.973991e-01,3.977124e-01,3.977410e-01,3.978984e-01,3.978758e-01,3.979820e-01,3.982445e-01,3.981706e-01,3.985110e-01,3.984370e-01,3.986485e-01,3.986522e-01,3.985782e-01,3.987898e-01,3.988449e-01,3.987709e-01,3.989863e-01,3.990929e-01,3.993563e-01,3.993336e-01,3.994403e-01,3.994176e-01,3.995243e-01,3.995017e-01,3.995307e-01,3.999237e-01,3.999011e-01,3.999301e-01,4.003236e-01,4.003010e-01,4.004080e-01,4.003854e-01,4.003630e-01,4.004700e-01,4.003997e-01,4.005068e-01,4.004328e-01,4.002539e-01,4.001802e-01,3.999503e-01,3.998770e-01,3.996477e-01,3.995232e-01,3.995786e-01,3.992219e-01,3.992773e-01,3.990494e-01,3.986945e-01,3.984718e-01,3.982456e-01,3.981738e-01,3.979482e-01,3.977231e-01,3.976518e-01,3.974274e-01,3.972034e-01,3.969799e-01,3.966312e-01,3.964088e-01,3.961869e-01,3.959654e-01,3.954687e-01,3.952485e-01,3.947546e-01,3.945358e-01,3.944409e-01,3.937042e-01,3.936101e-01,3.932450e-01,3.928808e-01,3.922485e-01,3.917660e-01,3.911389e-01,3.906604e-01,3.901838e-01,3.898283e-01,3.890913e-01,3.886203e-01,3.878899e-01,3.872808e-01,3.865576e-01,3.858382e-01,3.851226e-01,3.844108e-01,3.837080e-01,3.826381e-01,3.818023e-01,3.807471e-01,3.800580e-01,3.793724e-01,3.785565e-01,3.777455e-01,3.764803e-01,3.753344e-01,3.741982e-01,3.734129e-01,3.725264e-01,3.717733e-01,3.706202e-01,3.691905e-01,3.677757e-01,3.665781e-01,3.653120e-01,3.643779e-01,3.634504e-01,3.628910e-01,3.620192e-01,3.611536e-01,3.601768e-01,3.588999e-01,3.574261e-01,3.558756e-01,3.544361e-01,3.532350e-01,3.525391e-01,3.513564e-01,3.505626e-01,3.494448e-01,3.485323e-01,3.474323e-01,3.466214e-01,3.455380e-01,3.447393e-01,3.436540e-01,3.430616e-01,3.425981e-01,3.419684e-01,3.408834e-01,3.395248e-01,3.384839e-01,3.374108e-01,3.360887e-01,3.349391e-01,3.334113e-01,3.318803e-01,3.300817e-01,3.279069e-01,3.254344e-01,3.232913e-01,3.204680e-01,3.172476e-01,3.144747e-01,3.111660e-01,3.078543e-01,3.040337e-01,3.012510e-01,2.969299e-01,2.925285e-01,2.877731e-01,2.838455e-01,2.784348e-01,2.732202e-01,2.681964e-01,2.626483e-01,2.587577e-01,2.533953e-01,2.484157e-01,2.436231e-01,2.383998e-01,2.334008e-01,2.300898e-01,2.261866e-01,2.212602e-01,2.171707e-01,2.132276e-01,2.100291e-01,2.064165e-01,2.029257e-01,1.996449e-01,1.969340e-01,1.946774e-01,1.920846e-01,1.895817e-01,1.875602e-01,1.852034e-01,1.832763e-01,1.814023e-01,1.796159e-01,1.782070e-01,1.768494e-01,1.754822e-01,1.741538e-01,1.728743e-01,1.719066e-01,1.709813e-01,1.700487e-01,1.691138e-01,1.682270e-01,1.676320e-01,1.667731e-01,1.659236e-01,1.653539e-01,1.647905e-01,1.645117e-01,1.639897e-01,1.634533e-01,1.631941e-01,1.626979e-01,1.624394e-01,1.622052e-01,1.619535e-01,1.617108e-01,1.614807e-01,1.612445e-01,1.610060e-01,1.607601e-01,1.607592e-01,1.605185e-01,1.605398e-01,1.605611e-01,1.605861e-01,1.603650e-01,1.603754e-01,1.604114e-01,1.604327e-01,1.607184e-01,1.607434e-01,1.607956e-01,1.608294e-01,1.611250e-01,1.611588e-01,1.614666e-01,1.617644e-01,1.620894e-01,1.621616e-01,1.624544e-01,1.630058e-01,1.633446e-01,1.636608e-01,1.642254e-01,1.647907e-01,1.653763e-01,1.662138e-01,1.668117e-01,1.674025e-01,1.682577e-01,1.688366e-01,1.697228e-01,1.705959e-01,1.711997e-01,1.723818e-01,1.730151e-01,1.739327e-01,1.748466e-01,1.755125e-01,1.767792e-01,1.774263e-01,1.783774e-01,1.793611e-01,1.803689e-01,1.810649e-01,1.820824e-01,1.831199e-01,1.838588e-01,1.852841e-01,1.860294e-01,1.871372e-01,1.882842e-01,1.894213e-01,1.902383e-01,1.914003e-01,1.926456e-01,1.938641e-01,1.947186e-01,1.959425e-01,1.972347e-01,1.980857e-01,1.994284e-01,2.003630e-01,2.017488e-01,2.026658e-01,2.036203e-01,2.050158e-01,2.059788e-01,2.069536e-01,2.084575e-01,2.094634e-01,2.105044e-01,2.115526e-01,2.125980e-01,2.141660e-01,2.147702e-01,2.164116e-01,2.175630e-01,2.181429e-01,2.192687e-01,2.210274e-01,2.216567e-01,2.228567e-01,2.240547e-01,2.252892e-01,2.265485e-01,2.272190e-01,2.284993e-01,2.298042e-01,2.304904e-01,2.318528e-01,2.326174e-01,2.339721e-01,2.354137e-01,2.361961e-01,2.377020e-01,2.384819e-01,2.398904e-01,2.406873e-01,2.422322e-01,2.430117e-01,2.438050e-01,2.453380e-01,2.461472e-01,2.469371e-01,2.484573e-01,2.492640e-01,2.500795e-01,2.508727e-01,2.524907e-01,2.533040e-01,2.541242e-01,2.549800e-01,2.558144e-01,2.566558e-01,2.575720e-01,2.583824e-01,2.589526e-01,2.597274e-01,2.604775e-01,2.612726e-01,2.620168e-01,2.628722e-01,2.635307e-01,2.645191e-01,2.651961e-01,2.660011e-01,2.666771e-01,2.674597e-01,2.682709e-01,2.690963e-01,2.698334e-01,2.707047e-01,2.715795e-01,2.721925e-01,2.731790e-01,2.737562e-01,2.745593e-01,2.753316e-01,2.759769e-01,2.767081e-01,2.775176e-01,2.783365e-01,2.789116e-01,2.796380e-01,2.803137e-01,2.809221e-01,2.813573e-01,2.820108e-01,2.825561e-01,2.834052e-01,2.840799e-01,2.847735e-01,2.856485e-01,2.863109e-01,2.867589e-01,2.873671e-01,2.878695e-01,2.884331e-01,2.890951e-01,2.897522e-01,2.902113e-01,2.908721e-01,2.914243e-01,2.921027e-01,2.926690e-01,2.932001e-01,2.934736e-01,2.941546e-01,2.944414e-01,2.949533e-01,2.954051e-01,2.960399e-01,2.965042e-01,2.970158e-01,2.973630e-01,2.978320e-01,2.981727e-01,2.987662e-01,2.989873e-01,2.995291e-01,3.000613e-01,3.005313e-01,3.011356e-01,3.014849e-01,3.018557e-01,3.023407e-01,3.025674e-01,3.029980e-01,3.032257e-01,3.036583e-01,3.037030e-01,3.042307e-01,3.045265e-01,3.050123e-01,3.051938e-01,3.055534e-01,3.057937e-01,3.061548e-01,3.061844e-01,3.065685e-01,3.067738e-01,3.071722e-01,3.073910e-01,3.077913e-01,3.079393e-01,3.083539e-01,3.083117e-01,3.087744e-01,3.088042e-01,3.089432e-01,3.090241e-01,3.092828e-01,3.090894e-01,3.092883e-01,3.091420e-01,3.093779e-01,3.091250e-01,3.091322e-01,3.090585e-01,3.091380e-01,3.089328e-01,3.088807e-01,3.087112e-01,3.087905e-01,3.085397e-01,3.086189e-01,3.083686e-01,3.083539e-01,3.083994e-01,3.092137e-01,3.089625e-01,3.090068e-01,3.088893e-01,3.087438e-01,3.085311e-01,3.084453e-01,3.082922e-01,3.082194e-01,3.080084e-01,3.078650e-01,3.074310e-01,3.073507e-01,3.071721e-01,3.068694e-01,3.066340e-01,3.064605e-01,3.059267e-01,3.058901e-01,3.054855e-01,3.052743e-01,3.050549e-01,3.049049e-01,3.044559e-01,3.042381e-01,3.037713e-01,3.035073e-01,3.032353e-01,3.027169e-01,3.023324e-01,3.019961e-01,3.014165e-01,3.011583e-01,3.008139e-01,3.004822e-01,3.000940e-01,2.997645e-01,2.992620e-01,2.990516e-01,2.985947e-01,2.981511e-01,2.977093e-01,2.974134e-01,2.969745e-01,2.967600e-01,2.963764e-01,2.961717e-01,2.956107e-01,2.953467e-01,2.948249e-01,2.945434e-01,2.942544e-01,2.939037e-01,2.935542e-01,2.933193e-01,2.928677e-01,2.928329e-01,2.925275e-01,2.922499e-01,2.919571e-01,2.918936e-01,2.916156e-01,2.915021e-01,2.909947e-01,2.908212e-01,2.908085e-01,2.903541e-01,2.900717e-01,2.898006e-01,2.894104e-01,2.890558e-01,2.887364e-01,2.885029e-01,2.879951e-01,2.875342e-01,2.871486e-01,2.866959e-01,2.861017e-01,2.857217e-01,2.852856e-01,2.846999e-01,2.839804e-01,2.834153e-01,2.831149e-01,2.824983e-01,2.818395e-01,2.811847e-01,2.806344e-01,2.801991e-01,2.794999e-01,2.790477e-01,2.786187e-01,2.782684e-01,2.777331e-01,2.772885e-01,2.769427e-01,2.766419e-01,2.762983e-01,2.759357e-01,2.756379e-01,2.756078e-01,2.756410e-01,2.752379e-01,2.751220e-01,2.749541e-01,2.747437e-01,2.748413e-01,2.747688e-01,2.746109e-01,2.744960e-01,2.743821e-01,2.742676e-01,2.740257e-01,2.738783e-01,2.735953e-01,2.734065e-01,2.732092e-01,2.731896e-01,2.731279e-01,2.730160e-01,2.731405e-01,2.731389e-01,2.731703e-01,2.731088e-01,2.732234e-01,2.732555e-01,2.733801e-01,2.736081e-01,2.736908e-01,2.738247e-01,2.740774e-01,2.741795e-01,2.744180e-01,2.745012e-01,2.746887e-01,2.747313e-01,2.747500e-01,2.747158e-01,2.746725e-01,2.745970e-01,2.744699e-01,2.743437e-01,2.743622e-01,2.743293e-01,2.744843e-01,2.742724e-01,2.742311e-01,2.741044e-01,2.740291e-01,2.741323e-01,2.740146e-01,2.739393e-01,2.739900e-01,2.738963e-01,2.739057e-01,2.738627e-01,2.737584e-01,2.734445e-01,2.733828e-01,2.731690e-01,2.730237e-01,2.724399e-01,2.722271e-01,2.719232e-01,2.715208e-01,2.712108e-01,2.709020e-01,2.703641e-01,2.698708e-01,2.693395e-01,2.686113e-01,2.678804e-01,2.669022e-01,2.657066e-01,2.650057e-01,2.642635e-01,2.634972e-01,2.618762e-01,2.602447e-01,2.594714e-01,2.579206e-01,2.555798e-01,2.540115e-01,2.525140e-01,2.503014e-01,2.480977e-01,2.459506e-01,2.437912e-01,2.417019e-01,2.383321e-01,2.363373e-01,2.318870e-01,2.287684e-01,2.253036e-01,2.224842e-01,2.186832e-01,2.156120e-01,2.116968e-01,2.081041e-01,2.028237e-01,1.986460e-01,1.947078e-01,1.902216e-01,1.863005e-01,1.816350e-01,1.775002e-01,1.711201e-01,1.665542e-01,1.620458e-01,1.578410e-01,1.529113e-01,1.488957e-01,1.427866e-01,1.385040e-01,1.345372e-01,1.307140e-01,1.268066e-01,1.221306e-01,1.185797e-01,1.154809e-01,1.125170e-01,1.096102e-01,1.062138e-01,1.037467e-01,1.015738e-01,9.960321e-02,9.788743e-02,9.545152e-02,9.399975e-02,9.265505e-02,9.127278e-02,8.988655e-02,8.856318e-02,8.767860e-02,8.683360e-02,8.601355e-02,8.521737e-02,8.445869e-02,8.405946e-02,8.335115e-02,8.298572e-02,8.232091e-02,8.200371e-02,8.167540e-02,8.137070e-02,8.108449e-02,8.080389e-02,8.052935e-02,8.053441e-02,8.025852e-02,8.026428e-02,8.001195e-02,8.001351e-02,8.002183e-02,8.004390e-02,7.978129e-02,7.978899e-02,7.978298e-02,7.979189e-02,8.005647e-02,8.005526e-02,8.005094e-02,8.002977e-02,8.029678e-02,8.028235e-02,8.055690e-02,8.055504e-02,8.083162e-02,8.112734e-02,8.114128e-02,8.145749e-02,8.177612e-02,8.209909e-02,8.244552e-02,8.248738e-02,8.284991e-02,8.320853e-02,8.357920e-02,8.394473e-02,8.432379e-02,8.469774e-02,8.509325e-02,8.547628e-02,8.586474e-02,8.626033e-02,8.666001e-02,8.705072e-02,8.746363e-02,8.788108e-02,8.830129e-02,8.873094e-02,8.955982e-02,8.960497e-02,9.046556e-02,9.092925e-02,9.097861e-02,9.174813e-02,9.222728e-02,9.280683e-02,9.322044e-02,9.391087e-02,9.433407e-02,9.471561e-02,9.539797e-02,9.590300e-02,9.650794e-02,9.696731e-02,9.768227e-02,9.810211e-02,9.879969e-02,9.929694e-02,9.972656e-02,1.004429e-01,1.009576e-01,1.016464e-01,1.020990e-01,1.028035e-01,1.032565e-01,1.039241e-01,1.044575e-01,1.050572e-01,1.055379e-01,1.062331e-01,1.067306e-01,1.073751e-01,1.078666e-01,1.085394e-01,1.089992e-01,1.097033e-01,1.102416e-01,1.106537e-01,1.113893e-01,1.121393e-01,1.126508e-01,1.133336e-01,1.138607e-01,1.145606e-01,1.150118e-01,1.157403e-01,1.161963e-01,1.168452e-01,1.173009e-01,1.180504e-01,1.185155e-01,1.191723e-01,1.196370e-01,1.203303e-01,1.206895e-01,1.213304e-01,1.218198e-01,1.224206e-01,1.231376e-01,1.234902e-01,1.241149e-01,1.245257e-01,1.252274e-01,1.254832e-01,1.261371e-01,1.267478e-01,1.271835e-01,1.276889e-01,1.280792e-01,1.287721e-01,1.290482e-01,1.296995e-01,1.302334e-01,1.306456e-01,1.311903e-01,1.314808e-01,1.320947e-01,1.327899e-01,1.330723e-01,1.336458e-01,1.339513e-01,1.343968e-01,1.349861e-01,1.353000e-01,1.359003e-01,1.362848e-01,1.367699e-01,1.372594e-01,1.376072e-01,1.381225e-01,1.388434e-01,1.390477e-01,1.397995e-01,1.400070e-01,1.407352e-01,1.413335e-01,1.415999e-01,1.421893e-01,1.427668e-01,1.431862e-01,1.436675e-01,1.442626e-01,1.446948e-01,1.451120e-01,1.458026e-01,1.460737e-01,1.466201e-01,1.472695e-01,1.476694e-01,1.481499e-01,1.489386e-01,1.492641e-01,1.498616e-01,1.503992e-01,1.508180e-01,1.514337e-01,1.519658e-01,1.523075e-01,1.529167e-01,1.534426e-01,1.538661e-01,1.541990e-01,1.548285e-01,1.553720e-01,1.557872e-01,1.561311e-01,1.567847e-01,1.571343e-01,1.575824e-01,1.581518e-01,1.586075e-01,1.589706e-01,1.594524e-01,1.600397e-01,1.605096e-01,1.608609e-01,1.613372e-01,1.619258e-01,1.621793e-01,1.628787e-01,1.632444e-01,1.637193e-01,1.639597e-01,1.644436e-01,1.647986e-01,1.652862e-01,1.657778e-01,1.659156e-01,1.664157e-01,1.669166e-01,1.671703e-01,1.675633e-01,1.678197e-01,1.683323e-01,1.685954e-01,1.691145e-01,1.696380e-01,1.701660e-01,1.703140e-01,1.708478e-01,1.711428e-01,1.716836e-01,1.719575e-01,1.722327e-01,1.726627e-01,1.729197e-01,1.731991e-01,1.737579e-01,1.740197e-01,1.742865e-01,1.744233e-01,1.749933e-01,1.752392e-01,1.755117e-01,1.756515e-01,1.759220e-01,1.761722e-01,1.762961e-01,1.765698e-01,1.768232e-01,1.770778e-01,1.773336e-01,1.775907e-01,1.777183e-01,1.776571e-01,1.779161e-01,1.781764e-01,1.784379e-01,1.787048e-01,1.789471e-01,1.792125e-01,1.791509e-01,1.793956e-01,1.796417e-01,1.798711e-01,1.797873e-01,1.800137e-01,1.802194e-01,1.801175e-01,1.803022e-01,1.804881e-01,1.803597e-01,1.806895e-01,1.805429e-01,1.807314e-01,1.805806e-01,1.809143e-01,1.807895e-01,1.809807e-01,1.809967e-01,1.811895e-01,1.810824e-01,1.814269e-01,1.812975e-01,1.813147e-01,1.815107e-01,1.818380e-01,1.818342e-01,1.820114e-01,1.820083e-01,1.818557e-01,1.821621e-01,1.820135e-01,1.823448e-01,1.823431e-01,1.821900e-01,1.825470e-01,1.824162e-01,1.824643e-01,1.824860e-01,1.824000e-01,1.824669e-01,1.825341e-01,1.824521e-01,1.825646e-01,1.825010e-01,1.829550e-01,1.829180e-01,1.830542e-01,1.831908e-01,1.831949e-01,1.833545e-01,1.833628e-01,1.835454e-01,1.835722e-01,1.837552e-01,1.837862e-01,1.839697e-01,1.840192e-01,1.842259e-01,1.842797e-01,1.843293e-01,1.845365e-01,1.842380e-01,1.842917e-01,1.843641e-01,1.845711e-01,1.846208e-01,1.846746e-01,1.847471e-01,1.847969e-01,1.846891e-01,1.843955e-01,1.844451e-01,1.843382e-01,1.842089e-01,1.837588e-01,1.838123e-01,1.836843e-01,1.834023e-01,1.829584e-01,1.828322e-01,1.825581e-01,1.820979e-01,1.818005e-01,1.816768e-01,1.810515e-01,1.807587e-01,1.801456e-01,1.798567e-01,1.791031e-01,1.788185e-01,1.780542e-01,1.777740e-01,1.771833e-01,1.767889e-01,1.762106e-01,1.755184e-01,1.752706e-01,1.745886e-01,1.740477e-01,1.736726e-01,1.731396e-01,1.724805e-01,1.722483e-01,1.715986e-01,1.713664e-01,1.708531e-01,1.701966e-01,1.696716e-01,1.691508e-01,1.686343e-01,1.683954e-01,1.678637e-01,1.673574e-01,1.667357e-01,1.662383e-01,1.661232e-01,1.656306e-01,1.652583e-01,1.645173e-01,1.641753e-01,1.636981e-01,1.635875e-01,1.632273e-01,1.628485e-01,1.624925e-01,1.620074e-01,1.616562e-01,1.612864e-01,1.608102e-01,1.603376e-01,1.597390e-01,1.593826e-01,1.586678e-01,1.582106e-01,1.578599e-01,1.575111e-01,1.568368e-01,1.564936e-01,1.561522e-01,1.558125e-01,1.552553e-01,1.548221e-01,1.542737e-01,1.539441e-01,1.536161e-01,1.532899e-01,1.527549e-01,1.524353e-01,1.519276e-01,1.517033e-01,1.511821e-01,1.509605e-01,1.505370e-01,1.503890e-01,1.499693e-01,1.497517e-01,1.494064e-01,1.492606e-01,1.486325e-01,1.485765e-01,1.481492e-01,1.478120e-01,1.475820e-01,1.473343e-01,1.470864e-01,1.466474e-01,1.461291e-01,1.458852e-01,1.455398e-01,1.451124e-01,1.446876e-01,1.445311e-01,1.438446e-01,1.434087e-01,1.431734e-01,1.427606e-01,1.422500e-01,1.418428e-01,1.415336e-01,1.407652e-01,1.404609e-01,1.400646e-01,1.396895e-01,1.392208e-01,1.385193e-01,1.383181e-01,1.378785e-01,1.375354e-01,1.371944e-01,1.368554e-01,1.363585e-01,1.360959e-01,1.357822e-01,1.355224e-01,1.352121e-01,1.346655e-01,1.345815e-01,1.341752e-01,1.338730e-01,1.335727e-01,1.333418e-01,1.328335e-01,1.326060e-01,1.324458e-01,1.321542e-01,1.319298e-01,1.312750e-01,1.310728e-01,1.308534e-01,1.306350e-01,1.301372e-01,1.298592e-01,1.295829e-01,1.291529e-01,1.289421e-01,1.284430e-01,1.281746e-01,1.277566e-01,1.275339e-01,1.269185e-01,1.268118e-01,1.264048e-01,1.260008e-01,1.257854e-01,1.251913e-01,1.249226e-01,1.245310e-01,1.243214e-01,1.237073e-01,1.234467e-01,1.231212e-01,1.228636e-01,1.222510e-01,1.219804e-01,1.216119e-01,1.213444e-01,1.207512e-01,1.203060e-01,1.199327e-01,1.197071e-01,1.190991e-01,1.188270e-01,1.184297e-01,1.181435e-01,1.175192e-01,1.022121e-02,1.022121e-02,1.022121e-02,1.022121e-02,1.022121e-02,1.022121e-02,1.022121e-02,1.022121e-02,1.022121e-02,1.022121e-02,1.022121e-02,1.022121e-02,1.022121e-02,1.022121e-02,1.022121e-02,1.022121e-02,1.022121e-02,1.022121e-02,1.022121e-02,1.022121e-02,1.022121e-02,1.022121e-02,1.022121e-02,1.022121e-02,1.022121e-02,1.022121e-02,1.022121e-02,1.022121e-02,1.022121e-02,1.022121e-02,1.022121e-02,1.022121e-02,1.022121e-02,1.022121e-02,1.022121e-02,1.022121e-02,1.022121e-02,1.022121e-02,1.022121e-02,1.022121e-02,1.022121e-02,1.022121e-02,1.022121e-02,1.022121e-02,1.022121e-02,1.022121e-02,1.022121e-02,1.022121e-02,1.022121e-02,1.022121e-02,1.022121e-02,1.022121e-02,1.022121e-02,1.022121e-02,1.022121e-02,1.022121e-02,1.022121e-02,1.022121e-02,1.022121e-02,1.022121e-02,1.022121e-02,1.022121e-02,1.022121e-02,1.022121e-02,1.022121e-02,1.022121e-02,1.022121e-02,1.022121e-02,1.022121e-02,1.022121e-02,1.022121e-02,1.022121e-02,1.022121e-02,1.022121e-02,1.022121e-02,1.022121e-02,1.022121e-02,1.022121e-02,1.022121e-02,1.022121e-02,1.022121e-02,1.022121e-02,1.022121e-02,1.022121e-02,1.022121e-02,1.022121e-02,1.022121e-02,1.022121e-02,1.022121e-02,1.022121e-02,1.022121e-02,1.022121e-02,1.022121e-02,1.022121e-02,1.022121e-02,1.022121e-02,1.022121e-02,1.022121e-02,1.022121e-02,1.022121e-02,1.022121e-02,1.022121e-02,1.022121e-02,1.022121e-02,1.022121e-02,1.022121e-02,1.022121e-02,1.022121e-02,1.022121e-02,1.022121e-02,1.022121e-02,1.022121e-02,1.022121e-02,1.022121e-02,1.022121e-02,1.022121e-02,1.022121e-02,1.022121e-02,1.022121e-02,1.022121e-02,1.022121e-02,1.022121e-02,1.022121e-02,1.022121e-02,1.022121e-02,1.022121e-02,1.022121e-02,1.022121e-02,1.022121e-02,1.022121e-02,1.022121e-02,1.022121e-02,1.022121e-02,1.022121e-02,1.022121e-02,1.022121e-02,1.022121e-02,1.022121e-02,1.022121e-02,1.022121e-02,1.022121e-02,1.022121e-02,1.022121e-02,1.022121e-02,1.022121e-02,1.022121e-02,1.022121e-02,1.022121e-02,1.022121e-02,1.022121e-02,1.022121e-02,1.022121e-02,1.022121e-02,1.022121e-02,1.022121e-02,1.022121e-02,1.022121e-02,1.022121e-02,1.022121e-02,1.022121e-02,1.022121e-02
2.478020e-02,2.475269e-02,2.471902e-02,2.468576e-02,2.465292e-02,2.462188e-02,2.458608e-02,2.455542e-02,2.452611e-02,2.449036e-02,2.446087e-02,2.442478e-02,2.439669e-02,2.436885e-02,2.433469e-02,2.430704e-02,2.427942e-02,2.425176e-02,2.423057e-02,2.420423e-02,2.418269e-02,2.416086e-02,2.414039e-02,2.412500e-02,2.411127e-02,2.409105e-02,2.407705e-02,2.406922e-02,2.405518e-02,2.404254e-02,2.403603e-02,2.402300e-02,2.401786e-02,2.400647e-02,2.400162e-02,2.399683e-02,2.398565e-02,2.398104e-02,2.397782e-02,2.396697e-02,2.396273e-02,2.395901e-02,2.394920e-02,2.394450e-02,2.393518e-02,2.393143e-02,2.392799e-02,2.391712e-02,2.391521e-02,2.391303e-02,2.390580e-02,2.390648e-02,2.390778e-02,2.391031e-02,2.391392e-02,2.391842e-02,2.393038e-02,2.393725e-02,2.394279e-02,2.395544e-02,2.396121e-02,2.396681e-02,2.397648e-02,2.397921e-02,2.398902e-02,2.399373e-02,2.400352e-02,2.401279e-02,2.401432e-02,2.402265e-02,2.403079e-02,2.403031e-02,2.403499e-02,2.404138e-02,2.403997e-02,2.404587e-02,2.405211e-02,2.406214e-02,2.406586e-02,2.407747e-02,2.409043e-02,2.410335e-02,2.412662e-02,2.415266e-02,2.417946e-02,2.421964e-02,2.426553e-02,2.431379e-02,2.437979e-02,2.445227e-02,2.453947e-02,2.463339e-02,2.475139e-02,2.488223e-02,2.503677e-02,2.520902e-02,2.541461e-02,2.564628e-02,2.591043e-02,2.621772e-02,2.656544e-02,2.695562e-02,2.739494e-02,2.789013e-02,2.845145e-02,2.907010e-02,2.976041e-02,3.053441e-02,3.139260e-02,3.232308e-02,3.334624e-02,3.445967e-02,3.566569e-02,3.699399e-02,3.842660e-02,3.990864e-02,4.146897e-02,4.308893e-02,4.475242e-02,4.643994e-02,4.813004e-02,4.977231e-02,5.137170e-02,5.286834e-02,5.425386e-02,5.547957e-02,5.653487e-02,5.741645e-02,5.813342e-02,5.864408e-02,5.901523e-02,5.921865e-02,5.933063e-02,5.925028e-02,5.908815e-02,5.880664e-02,5.846730e-02,5.802349e-02,5.757526e-02,5.706828e-02,5.658544e-02,5.604492e-02,5.549574e-02,5.503043e-02,5.456118e-02,5.416220e-02,5.376598e-02,5.344166e-02,5.310748e-02,5.280066e-02,5.252420e-02,5.222278e-02,5.192394e-02,5.162925e-02,5.130800e-02,5.094107e-02,5.051983e-02,5.011185e-02,4.966707e-02,4.921418e-02,4.878019e-02,4.834461e-02,4.785197e-02,4.733325e-02,4.677639e-02,4.616952e-02,4.553740e-02,4.484799e-02,4.415579e-02,4.344004e-02,4.272183e-02,4.200801e-02,4.131002e-02,4.063887e-02,4.000436e-02,3.939798e-02,3.883196e-02,3.829985e-02,3.781320e-02,3.735075e-02,3.691864e-02,3.650601e-02,3.612358e-02,3.576372e-02,3.543093e-02,3.510968e-02,3.481608e-02,3.454696e-02,3.429985e-02,3.406217e-02,3.385664e-02,3.366551e-02,3.349299e-02,3.332143e-02,3.317878e-02,3.304894e-02,3.292454e-02,3.280594e-02,3.268662e-02,3.256489e-02,3.242866e-02,3.228666e-02,3.213988e-02,3.197711e-02,3.178886e-02,3.159864e-02,3.138492e-02,3.115288e-02,3.090978e-02,3.065872e-02,3.040199e-02,3.014574e-02,2.988741e-02,2.962995e-02,2.937231e-02,2.912686e-02,2.889351e-02,2.867398e-02,2.847152e-02,2.828851e-02,2.813109e-02,2.797911e-02,2.785795e-02,2.775001e-02,2.766638e-02,2.758969e-02,2.752503e-02,2.747876e-02,2.744158e-02,2.740607e-02,2.736292e-02,2.732324e-02,2.726682e-02,2.718217e-02,2.708694e-02,2.696213e-02,2.681552e-02,2.662880e-02,2.643069e-02,2.621336e-02,2.599193e-02,2.575520e-02,2.551932e-02,2.528263e-02,2.505510e-02,2.483677e-02,2.464291e-02,2.446094e-02,2.429725e-02,2.416668e-02,2.404570e-02,2.395038e-02,2.385747e-02,2.377786e-02,2.369124e-02,2.360597e-02,2.350991e-02,2.341023e-02,2.329976e-02,2.318701e-02,2.307088e-02,2.295911e-02,2.284940e-02,2.275550e-02,2.267355e-02,2.259665e-02,2.253731e-02,2.248620e-02,2.245018e-02,2.241920e-02,2.239864e-02,2.238032e-02,2.237090e-02,2.236062e-02,2.235878e-02,2.235423e-02,2.235725e-02,2.235830e-02,2.236258e-02,2.237895e-02,2.239369e-02,2.243109e-02,2.247433e-02,2.255020e-02,2.266292e-02,2.283388e-02,2.307632e-02,2.343301e-02,2.391807e-02,2.459028e-02,2.548098e-02,2.663594e-02,2.808766e-02,2.988963e-02,3.205260e-02,3.455043e-02,3.742668e-02,4.065939e-02,4.423219e-02,4.807827e-02,5.220690e-02,5.657359e-02,6.110330e-02,6.576243e-02,7.054622e-02,7.540553e-02,8.035444e-02,8.536975e-02,9.046529e-02,9.573511e-02,1.010334e-01,1.064118e-01,1.119033e-01,1.175119e-01,1.232608e-01,1.291147e-01,1.351168e-01,1.412386e-01,1.474707e-01,1.538390e-01,1.605420e-01,1.671421e-01,1.738611e-01,1.805921e-01,1.874727e-01,1.944183e-01,2.014245e-01,2.084659e-01,2.155235e-01,2.225770e-01,2.296042e-01,2.365706e-01,2.435401e-01,2.504685e-01,2.571976e-01,2.638220e-01,2.703611e-01,2.767197e-01,2.828603e-01,2.889268e-01,2.947563e-01,3.001626e-01,3.054845e-01,3.104434e-01,3.152966e-01,3.197825e-01,3.241500e-01,3.281287e-01,3.319482e-01,3.354664e-01,3.387996e-01,3.419924e-01,3.452317e-01,3.486400e-01,3.519771e-01,3.554727e-01,3.588980e-01,3.623448e-01,3.659437e-01,3.694373e-01,3.730830e-01,3.764637e-01,3.799717e-01,3.834675e-01,3.868002e-01,3.902326e-01,3.936310e-01,3.969764e-01,4.001056e-01,4.032990e-01,4.064117e-01,4.094193e-01,4.123027e-01,4.150738e-01,4.176821e-01,4.201298e-01,4.224091e-01,4.244910e-01,4.263678e-01,4.280141e-01,4.294392e-01,4.303801e-01,4.315130e-01,4.326398e-01,4.337732e-01,4.349089e-01,4.360489e-01,4.372090e-01,4.381819e-01,4.393487e-01,4.405203e-01,4.415123e-01,4.427058e-01,4.437089e-01,4.447226e-01,4.457341e-01,4.467530e-01,4.479686e-01,4.489992e-01,4.500234e-01,4.510610e-01,4.520938e-01,4.531298e-01,4.541697e-01,4.550162e-01,4.560676e-01,4.571246e-01,4.581815e-01,4.592544e-01,4.601158e-01,4.611945e-01,4.620666e-01,4.629528e-01,4.640571e-01,4.649521e-01,4.658510e-01,4.667515e-01,4.676535e-01,4.685620e-01,4.694900e-01,4.704067e-01,4.713177e-01,4.722459e-01,4.729485e-01,4.738891e-01,4.748056e-01,4.754818e-01,4.764156e-01,4.773484e-01,4.782415e-01,4.789333e-01,4.796300e-01,4.805294e-01,4.812023e-01,4.819032e-01,4.828437e-01,4.835396e-01,4.842371e-01,4.849561e-01,4.859051e-01,4.866246e-01,4.873518e-01,4.880930e-01,4.888200e-01,4.895691e-01,4.903208e-01,4.910739e-01,4.918337e-01,4.926078e-01,4.933621e-01,4.941474e-01,4.949300e-01,4.954634e-01,4.962508e-01,4.967930e-01,4.975825e-01,4.983694e-01,4.989207e-01,4.997236e-01,5.002633e-01,5.010684e-01,5.016199e-01,5.024093e-01,5.029642e-01,5.035054e-01,5.040399e-01,5.048351e-01,5.053781e-01,5.059099e-01,5.064642e-01,5.072558e-01,5.077779e-01,5.083097e-01,5.088486e-01,5.093586e-01,5.098913e-01,5.104313e-01,5.109606e-01,5.115031e-01,5.120410e-01,5.125839e-01,5.128703e-01,5.134303e-01,5.139985e-01,5.145713e-01,5.148792e-01,5.154633e-01,5.160617e-01,5.166276e-01,5.169545e-01,5.175410e-01,5.181163e-01,5.184393e-01,5.187556e-01,5.193524e-01,5.196638e-01,5.202389e-01,5.205571e-01,5.211530e-01,5.214545e-01,5.217524e-01,5.220530e-01,5.223360e-01,5.226257e-01,5.229336e-01,5.232397e-01,5.235336e-01,5.238092e-01,5.240997e-01,5.244011e-01,5.247028e-01,5.249892e-01,5.252728e-01,5.255672e-01,5.258809e-01,5.261972e-01,5.264833e-01,5.267253e-01,5.270014e-01,5.273181e-01,5.276184e-01,5.278731e-01,5.280793e-01,5.283218e-01,5.285849e-01,5.288356e-01,5.290820e-01,5.293268e-01,5.295416e-01,5.296670e-01,5.298159e-01,5.300171e-01,5.301984e-01,5.303677e-01,5.305644e-01,5.306985e-01,5.307048e-01,5.307725e-01,5.308926e-01,5.310605e-01,5.310979e-01,5.309427e-01,5.309782e-01,5.310661e-01,5.311048e-01,5.311098e-01,5.310839e-01,5.311226e-01,5.311955e-01,5.309930e-01,5.304175e-01,5.301835e-01,5.300953e-01,5.298617e-01,5.295983e-01,5.293653e-01,5.292286e-01,5.290941e-01,5.290536e-01,5.290676e-01,5.289973e-01,5.288290e-01,5.289359e-01,5.291835e-01,5.293898e-01,5.295738e-01,5.297632e-01,5.299796e-01,5.302627e-01,5.304654e-01,5.307317e-01,5.309691e-01,5.311550e-01,5.314047e-01,5.315736e-01,5.317944e-01,5.320477e-01,5.323437e-01,5.325976e-01,5.329342e-01,5.332519e-01,5.335895e-01,5.338948e-01,5.342818e-01,5.346383e-01,5.350282e-01,5.353873e-01,5.358113e-01,5.362538e-01,5.366446e-01,5.370588e-01,5.375188e-01,5.379676e-01,5.383613e-01,5.387604e-01,5.392082e-01,5.396421e-01,5.400572e-01,5.405229e-01,5.409591e-01,5.413778e-01,5.417972e-01,5.422499e-01,5.426370e-01,5.430585e-01,5.434807e-01,5.439377e-01,5.443463e-01,5.448037e-01,5.452817e-01,5.457109e-01,5.461906e-01,5.466214e-01,5.470683e-01,5.474848e-01,5.479865e-01,5.484045e-01,5.488224e-01,5.492418e-01,5.497316e-01,5.501874e-01,5.506441e-01,5.510825e-01,5.515407e-01,5.519807e-01,5.523862e-01,5.527923e-01,5.531667e-01,5.535902e-01,5.540372e-01,5.544266e-01,5.547133e-01,5.550004e-01,5.553199e-01,5.556789e-01,5.560385e-01,5.563985e-01,5.567231e-01,5.570840e-01,5.574095e-01,5.577354e-01,5.580291e-01,5.583753e-01,5.586662e-01,5.589444e-01,5.592194e-01,5.594982e-01,5.598136e-01,5.601258e-01,5.604251e-01,5.607250e-01,5.609887e-01,5.613059e-01,5.615669e-01,5.618815e-01,5.621199e-01,5.623952e-01,5.626509e-01,5.628867e-01,5.631363e-01,5.634023e-01,5.636657e-01,5.639094e-01,5.641331e-01,5.643338e-01,5.645512e-01,5.647319e-01,5.649430e-01,5.651544e-01,5.653013e-01,5.654522e-01,5.655965e-01,5.657171e-01,5.658581e-01,5.659755e-01,5.660686e-01,5.661052e-01,5.661788e-01,5.662829e-01,5.663665e-01,5.664673e-01,5.664900e-01,5.665098e-01,5.665296e-01,5.665428e-01,5.665931e-01,5.666029e-01,5.666459e-01,5.666494e-01,5.666502e-01,5.666109e-01,5.665686e-01,5.665602e-01,5.665861e-01,5.665722e-01,5.665183e-01,5.664243e-01,5.663273e-01,5.661899e-01,5.661610e-01,5.661291e-01,5.660958e-01,5.659884e-01,5.658812e-01,5.658475e-01,5.658143e-01,5.657441e-01,5.656372e-01,5.654934e-01,5.654231e-01,5.653901e-01,5.653202e-01,5.651768e-01,5.650498e-01,5.650537e-01,5.651309e-01,5.651348e-01,5.649917e-01,5.648487e-01,5.647630e-01,5.646570e-01,5.645345e-01,5.643392e-01,5.641441e-01,5.640224e-01,5.639374e-01,5.637062e-01,5.632930e-01,5.628443e-01,5.625055e-01,5.621673e-01,5.616848e-01,5.608583e-01,5.599472e-01,5.591270e-01,5.583812e-01,5.576739e-01,5.569331e-01,5.559981e-01,5.547352e-01,5.530756e-01,5.514625e-01,5.503083e-01,5.492971e-01,5.480174e-01,5.462716e-01,5.444706e-01,5.432178e-01,5.423378e-01,5.415609e-01,5.406544e-01,5.395872e-01,5.386233e-01,5.376842e-01,5.367287e-01,5.361192e-01,5.358347e-01,5.355506e-01,5.352853e-01,5.350203e-01,5.347558e-01,5.345099e-01,5.342644e-01,5.343401e-01,5.340949e-01,5.341732e-01,5.342673e-01,5.343432e-01,5.340983e-01,5.341741e-01,5.342317e-01,5.342893e-01,5.340264e-01,5.337456e-01,5.337848e-01,5.338241e-01,5.338451e-01,5.338844e-01,5.339237e-01,5.336249e-01,5.336642e-01,5.337036e-01,5.337456e-01,5.334655e-01,5.335049e-01,5.332252e-01,5.332646e-01,5.333222e-01,5.333433e-01,5.330640e-01,5.331034e-01,5.331245e-01,5.331638e-01,5.328667e-01,5.328877e-01,5.329088e-01,5.329299e-01,5.329326e-01,5.329537e-01,5.329748e-01,5.333141e-01,5.333352e-01,5.333563e-01,5.333774e-01,5.333984e-01,5.334195e-01,5.332093e-01,5.335487e-01,5.335698e-01,5.335909e-01,5.336120e-01,5.337202e-01,5.337228e-01,5.340628e-01,5.340840e-01,5.338732e-01,5.338759e-01,5.342345e-01,5.343428e-01,5.343665e-01,5.344934e-01,5.345331e-01,5.345727e-01,5.343987e-01,5.344569e-01,5.346024e-01,5.346607e-01,5.344868e-01,5.345636e-01,5.347092e-01,5.345540e-01,5.349505e-01,5.347766e-01,5.348536e-01,5.350021e-01,5.350607e-01,5.352066e-01,5.350327e-01,5.350913e-01,5.348990e-01,5.349390e-01,5.350663e-01,5.348555e-01,5.351963e-01,5.349854e-01,5.350940e-01,5.350967e-01,5.348860e-01,5.349945e-01,5.350159e-01,5.348053e-01,5.349165e-01,5.349566e-01,5.350838e-01,5.348919e-01,5.349320e-01,5.347404e-01,5.347805e-01,5.345890e-01,5.344165e-01,5.347749e-01,5.345836e-01,5.344111e-01,5.347695e-01,5.345783e-01,5.346185e-01,5.344275e-01,5.342367e-01,5.342768e-01,5.340704e-01,5.341106e-01,5.339016e-01,5.336249e-01,5.334165e-01,5.331219e-01,5.329140e-01,5.326202e-01,5.323942e-01,5.324158e-01,5.318944e-01,5.319159e-01,5.316237e-01,5.311043e-01,5.308163e-01,5.305256e-01,5.303205e-01,5.300306e-01,5.297411e-01,5.295368e-01,5.292480e-01,5.289597e-01,5.286718e-01,5.281599e-01,5.278731e-01,5.275867e-01,5.273008e-01,5.267085e-01,5.264238e-01,5.258341e-01,5.255506e-01,5.254889e-01,5.244604e-01,5.243991e-01,5.240350e-01,5.236715e-01,5.230072e-01,5.224269e-01,5.217665e-01,5.211897e-01,5.206144e-01,5.202569e-01,5.193877e-01,5.188173e-01,5.179540e-01,5.173073e-01,5.164499e-01,5.155960e-01,5.147455e-01,5.138984e-01,5.130589e-01,5.117239e-01,5.108108e-01,5.094896e-01,5.086631e-01,5.078399e-01,5.069433e-01,5.060506e-01,5.044815e-01,5.031237e-01,5.017744e-01,5.009031e-01,4.998385e-01,4.988529e-01,4.975144e-01,4.957410e-01,4.939823e-01,4.926184e-01,4.909564e-01,4.897531e-01,4.885567e-01,4.878243e-01,4.866544e-01,4.854911e-01,4.842657e-01,4.826159e-01,4.807315e-01,4.786860e-01,4.768370e-01,4.751361e-01,4.741017e-01,4.724234e-01,4.713382e-01,4.698387e-01,4.685835e-01,4.671043e-01,4.660333e-01,4.645727e-01,4.635153e-01,4.621755e-01,4.617100e-01,4.614231e-01,4.608101e-01,4.593737e-01,4.576661e-01,4.563652e-01,4.550595e-01,4.533885e-01,4.520436e-01,4.502685e-01,4.482732e-01,4.459253e-01,4.430523e-01,4.398096e-01,4.370054e-01,4.334052e-01,4.292971e-01,4.257867e-01,4.216882e-01,4.177098e-01,4.131805e-01,4.100407e-01,4.047326e-01,3.991765e-01,3.929729e-01,3.877808e-01,3.805637e-01,3.734421e-01,3.666405e-01,3.590658e-01,3.536890e-01,3.462917e-01,3.393963e-01,3.327058e-01,3.253364e-01,3.181667e-01,3.134438e-01,3.078036e-01,3.006138e-01,2.946092e-01,2.887369e-01,2.839933e-01,2.785551e-01,2.732810e-01,2.683110e-01,2.641916e-01,2.607504e-01,2.567303e-01,2.528369e-01,2.496983e-01,2.459473e-01,2.428639e-01,2.398592e-01,2.369728e-01,2.346776e-01,2.324317e-01,2.301249e-01,2.278954e-01,2.257136e-01,2.240132e-01,2.224067e-01,2.207610e-01,2.191024e-01,2.175054e-01,2.163732e-01,2.148203e-01,2.132858e-01,2.121977e-01,2.111207e-01,2.105066e-01,2.094807e-01,2.084613e-01,2.078923e-01,2.069214e-01,2.063571e-01,2.058541e-01,2.052994e-01,2.047728e-01,2.042776e-01,2.037599e-01,2.032413e-01,2.027500e-01,2.026478e-01,2.021629e-01,2.021173e-01,2.020718e-01,2.020298e-01,2.016001e-01,2.015270e-01,2.015130e-01,2.014678e-01,2.018621e-01,2.018201e-01,2.018062e-01,2.017399e-01,2.021107e-01,2.020442e-01,2.024442e-01,2.028176e-01,2.032525e-01,2.032420e-01,2.035934e-01,2.043642e-01,2.047806e-01,2.051914e-01,2.059780e-01,2.067670e-01,2.075953e-01,2.088072e-01,2.096519e-01,2.105263e-01,2.117460e-01,2.125760e-01,2.138510e-01,2.151336e-01,2.159946e-01,2.177498e-01,2.186650e-01,2.200065e-01,2.213651e-01,2.223407e-01,2.242064e-01,2.251077e-01,2.264600e-01,2.278693e-01,2.293278e-01,2.303077e-01,2.317612e-01,2.332383e-01,2.342902e-01,2.363609e-01,2.374029e-01,2.389885e-01,2.406409e-01,2.422001e-01,2.433715e-01,2.450038e-01,2.468209e-01,2.485436e-01,2.497414e-01,2.514958e-01,2.533305e-01,2.545266e-01,2.564467e-01,2.578108e-01,2.598301e-01,2.611314e-01,2.624998e-01,2.645362e-01,2.658929e-01,2.672640e-01,2.694335e-01,2.708428e-01,2.723188e-01,2.738051e-01,2.752622e-01,2.774622e-01,2.783261e-01,2.806391e-01,2.822769e-01,2.830606e-01,2.846153e-01,2.870963e-01,2.880177e-01,2.896883e-01,2.913804e-01,2.930922e-01,2.948323e-01,2.957513e-01,2.975175e-01,2.992568e-01,3.001409e-01,3.019763e-01,3.029552e-01,3.046959e-01,3.065969e-01,3.075401e-01,3.095457e-01,3.105087e-01,3.122734e-01,3.132543e-01,3.152690e-01,3.162550e-01,3.172551e-01,3.192455e-01,3.203229e-01,3.213429e-01,3.233069e-01,3.244061e-01,3.254536e-01,3.265008e-01,3.286692e-01,3.297383e-01,3.308147e-01,3.319686e-01,3.330604e-01,3.341597e-01,3.354181e-01,3.365037e-01,3.372135e-01,3.382223e-01,3.391639e-01,3.401339e-01,3.410637e-01,3.421362e-01,3.429545e-01,3.441635e-01,3.450001e-01,3.460350e-01,3.468039e-01,3.477723e-01,3.487467e-01,3.497349e-01,3.506085e-01,3.516877e-01,3.527020e-01,3.533796e-01,3.546002e-01,3.551954e-01,3.561802e-01,3.570878e-01,3.578656e-01,3.588226e-01,3.597702e-01,3.608652e-01,3.615497e-01,3.625268e-01,3.634069e-01,3.641956e-01,3.647348e-01,3.656170e-01,3.662927e-01,3.674218e-01,3.683260e-01,3.692971e-01,3.704541e-01,3.713463e-01,3.718997e-01,3.727617e-01,3.734195e-01,3.741884e-01,3.750081e-01,3.758235e-01,3.764625e-01,3.773566e-01,3.780413e-01,3.788788e-01,3.795774e-01,3.802415e-01,3.806189e-01,3.814602e-01,3.817747e-01,3.824447e-01,3.830036e-01,3.838241e-01,3.843951e-01,3.850668e-01,3.854942e-01,3.860703e-01,3.864920e-01,3.872198e-01,3.874951e-01,3.881182e-01,3.888113e-01,3.893897e-01,3.901289e-01,3.905598e-01,3.909307e-01,3.915235e-01,3.918051e-01,3.922894e-01,3.925721e-01,3.930583e-01,3.930768e-01,3.936868e-01,3.940915e-01,3.946862e-01,3.948674e-01,3.953091e-01,3.956039e-01,3.960473e-01,3.959921e-01,3.965391e-01,3.968248e-01,3.973030e-01,3.975184e-01,3.979983e-01,3.981713e-01,3.985810e-01,3.984816e-01,3.990789e-01,3.990223e-01,3.990201e-01,3.990710e-01,3.992991e-01,3.988572e-01,3.989699e-01,3.987155e-01,3.988391e-01,3.982839e-01,3.981241e-01,3.979139e-01,3.977974e-01,3.974307e-01,3.971579e-01,3.968244e-01,3.967087e-01,3.961604e-01,3.960453e-01,3.954991e-01,3.952404e-01,3.952589e-01,3.965813e-01,3.960337e-01,3.958872e-01,3.954761e-01,3.950629e-01,3.945309e-01,3.942319e-01,3.938141e-01,3.934468e-01,3.929199e-01,3.925130e-01,3.917160e-01,3.913457e-01,3.909319e-01,3.902926e-01,3.897723e-01,3.892868e-01,3.884533e-01,3.881277e-01,3.874478e-01,3.870330e-01,3.866116e-01,3.862314e-01,3.854600e-01,3.850425e-01,3.843348e-01,3.838221e-01,3.833034e-01,3.824981e-01,3.818475e-01,3.812957e-01,3.804608e-01,3.799597e-01,3.794781e-01,3.789338e-01,3.783605e-01,3.778198e-01,3.770398e-01,3.767131e-01,3.761018e-01,3.754300e-01,3.747608e-01,3.743289e-01,3.736640e-01,3.733364e-01,3.727743e-01,3.724559e-01,3.717245e-01,3.713026e-01,3.705859e-01,3.701474e-01,3.697026e-01,3.692226e-01,3.687439e-01,3.683992e-01,3.677983e-01,3.676929e-01,3.673742e-01,3.670825e-01,3.667054e-01,3.667366e-01,3.665130e-01,3.664489e-01,3.659567e-01,3.658572e-01,3.659832e-01,3.655872e-01,3.653577e-01,3.650696e-01,3.647111e-01,3.643629e-01,3.640487e-01,3.637723e-01,3.632040e-01,3.625890e-01,3.620946e-01,3.616246e-01,3.608794e-01,3.603901e-01,3.598678e-01,3.591305e-01,3.582626e-01,3.576136e-01,3.572487e-01,3.565700e-01,3.558047e-01,3.550430e-01,3.544066e-01,3.539734e-01,3.531871e-01,3.527331e-01,3.523043e-01,3.519728e-01,3.513483e-01,3.508994e-01,3.505707e-01,3.503291e-01,3.500017e-01,3.496513e-01,3.494111e-01,3.495021e-01,3.497027e-01,3.492672e-01,3.491865e-01,3.490737e-01,3.488753e-01,3.490926e-01,3.490977e-01,3.489315e-01,3.488510e-01,3.487099e-01,3.486296e-01,3.482932e-01,3.480747e-01,3.476546e-01,3.473522e-01,3.471031e-01,3.471401e-01,3.470923e-01,3.469529e-01,3.471380e-01,3.470692e-01,3.471379e-01,3.470902e-01,3.471994e-01,3.472082e-01,3.473935e-01,3.477720e-01,3.478729e-01,3.480058e-01,3.483872e-01,3.485117e-01,3.488393e-01,3.489408e-01,3.492370e-01,3.493228e-01,3.494069e-01,3.493283e-01,3.493032e-01,3.492694e-01,3.492033e-01,3.490767e-01,3.491606e-01,3.492124e-01,3.495001e-01,3.492625e-01,3.493072e-01,3.492411e-01,3.492071e-01,3.494626e-01,3.493429e-01,3.493089e-01,3.494017e-01,3.492838e-01,3.494213e-01,3.493962e-01,3.492620e-01,3.488304e-01,3.487821e-01,3.485773e-01,3.483586e-01,3.476178e-01,3.473456e-01,3.469576e-01,3.464477e-01,3.461144e-01,3.457818e-01,3.450615e-01,3.444951e-01,3.439065e-01,3.429078e-01,3.419664e-01,3.407100e-01,3.391965e-01,3.383484e-01,3.374182e-01,3.364213e-01,3.343446e-01,3.322178e-01,3.312381e-01,3.292957e-01,3.262787e-01,3.242435e-01,3.223782e-01,3.195552e-01,3.167070e-01,3.139176e-01,3.111045e-01,3.084027e-01,3.039195e-01,3.012879e-01,2.952781e-01,2.910473e-01,2.863408e-01,2.825370e-01,2.773094e-01,2.731843e-01,2.677720e-01,2.629050e-01,2.554785e-01,2.495544e-01,2.439036e-01,2.374215e-01,2.317423e-01,2.248476e-01,2.186950e-01,2.090810e-01,2.021347e-01,1.953018e-01,1.888977e-01,1.813345e-01,1.751457e-01,1.655748e-01,1.588880e-01,1.526536e-01,1.466417e-01,1.404073e-01,1.328968e-01,1.271775e-01,1.221938e-01,1.174174e-01,1.126843e-01,1.070736e-01,1.030556e-01,9.950160e-02,9.626304e-02,9.347602e-02,8.940798e-02,8.703925e-02,8.484826e-02,8.258190e-02,8.028331e-02,7.808932e-02,7.666252e-02,7.527811e-02,7.393662e-02,7.263634e-02,7.137713e-02,7.072198e-02,6.953011e-02,6.891378e-02,6.777257e-02,6.719800e-02,6.662640e-02,6.607716e-02,6.553649e-02,6.500717e-02,6.449018e-02,6.446563e-02,6.394088e-02,6.391800e-02,6.341658e-02,6.338224e-02,6.336665e-02,6.335128e-02,6.285592e-02,6.283905e-02,6.282204e-02,6.280858e-02,6.327112e-02,6.326768e-02,6.325587e-02,6.323550e-02,6.370056e-02,6.369889e-02,6.418089e-02,6.417600e-02,6.465888e-02,6.515241e-02,6.515287e-02,6.565992e-02,6.616916e-02,6.668559e-02,6.722354e-02,6.722388e-02,6.776257e-02,6.832393e-02,6.887443e-02,6.944402e-02,7.000656e-02,7.058809e-02,7.118474e-02,7.177952e-02,7.238323e-02,7.300066e-02,7.362279e-02,7.425265e-02,7.489854e-02,7.554981e-02,7.620163e-02,7.687286e-02,7.822681e-02,7.823290e-02,7.964471e-02,8.037123e-02,8.038827e-02,8.163568e-02,8.238261e-02,8.330297e-02,8.394431e-02,8.505039e-02,8.570228e-02,8.628247e-02,8.737810e-02,8.813883e-02,8.909992e-02,8.980990e-02,9.097798e-02,9.161663e-02,9.272570e-02,9.350175e-02,9.418424e-02,9.534329e-02,9.614086e-02,9.725623e-02,9.796603e-02,9.909673e-02,9.983224e-02,1.009010e-01,1.017673e-01,1.027346e-01,1.035074e-01,1.046407e-01,1.054395e-01,1.064793e-01,1.072839e-01,1.083748e-01,1.091099e-01,1.102214e-01,1.110706e-01,1.116919e-01,1.128482e-01,1.140261e-01,1.148045e-01,1.158629e-01,1.166640e-01,1.177403e-01,1.184098e-01,1.195369e-01,1.202035e-01,1.211913e-01,1.218834e-01,1.230576e-01,1.237579e-01,1.247598e-01,1.254429e-01,1.265173e-01,1.270511e-01,1.279713e-01,1.286869e-01,1.295801e-01,1.306575e-01,1.310998e-01,1.320241e-01,1.326040e-01,1.335971e-01,1.338769e-01,1.348375e-01,1.356761e-01,1.362860e-01,1.369525e-01,1.374350e-01,1.384434e-01,1.387424e-01,1.396264e-01,1.403235e-01,1.408283e-01,1.415366e-01,1.418482e-01,1.427137e-01,1.436452e-01,1.439628e-01,1.447007e-01,1.450254e-01,1.455622e-01,1.463154e-01,1.466469e-01,1.474107e-01,1.479047e-01,1.484644e-01,1.490280e-01,1.493729e-01,1.499458e-01,1.509086e-01,1.510366e-01,1.520153e-01,1.521451e-01,1.531313e-01,1.538983e-01,1.541987e-01,1.549727e-01,1.557511e-01,1.562957e-01,1.570166e-01,1.578144e-01,1.583728e-01,1.589319e-01,1.599308e-01,1.602507e-01,1.610134e-01,1.618531e-01,1.623738e-01,1.629662e-01,1.640228e-01,1.643648e-01,1.651679e-01,1.657859e-01,1.663313e-01,1.671523e-01,1.677811e-01,1.681380e-01,1.689730e-01,1.696116e-01,1.701776e-01,1.705409e-01,1.713987e-01,1.720548e-01,1.726332e-01,1.730065e-01,1.738880e-01,1.742666e-01,1.748626e-01,1.755442e-01,1.761485e-01,1.765367e-01,1.771509e-01,1.778496e-01,1.784691e-01,1.788635e-01,1.794898e-01,1.802030e-01,1.805220e-01,1.814744e-01,1.818816e-01,1.825247e-01,1.828481e-01,1.834983e-01,1.839108e-01,1.845678e-01,1.852293e-01,1.853204e-01,1.859877e-01,1.866591e-01,1.869968e-01,1.874283e-01,1.877687e-01,1.884525e-01,1.887972e-01,1.894883e-01,1.901842e-01,1.908850e-01,1.909818e-01,1.916883e-01,1.920484e-01,1.927626e-01,1.931220e-01,1.934828e-01,1.939445e-01,1.943045e-01,1.946695e-01,1.954027e-01,1.957679e-01,1.961354e-01,1.962336e-01,1.969783e-01,1.973454e-01,1.977187e-01,1.978185e-01,1.981927e-01,1.985642e-01,1.986620e-01,1.990393e-01,1.994140e-01,1.997902e-01,2.001677e-01,2.005466e-01,2.006465e-01,2.006356e-01,2.010163e-01,2.013985e-01,2.017820e-01,2.021682e-01,2.025507e-01,2.029386e-01,2.029276e-01,2.033129e-01,2.036997e-01,2.040851e-01,2.040700e-01,2.044556e-01,2.048385e-01,2.048204e-01,2.052007e-01,2.055824e-01,2.055589e-01,2.062386e-01,2.062121e-01,2.065977e-01,2.065699e-01,2.072564e-01,2.072338e-01,2.076234e-01,2.079010e-01,2.082931e-01,2.082734e-01,2.089726e-01,2.089486e-01,2.092299e-01,2.096271e-01,2.103313e-01,2.106121e-01,2.110105e-01,2.112931e-01,2.112646e-01,2.119744e-01,2.119470e-01,2.126658e-01,2.129532e-01,2.129243e-01,2.136542e-01,2.136295e-01,2.139296e-01,2.142248e-01,2.142087e-01,2.145134e-01,2.148191e-01,2.148042e-01,2.151195e-01,2.151077e-01,2.158705e-01,2.158644e-01,2.161871e-01,2.165108e-01,2.165122e-01,2.168413e-01,2.168440e-01,2.171785e-01,2.171843e-01,2.175198e-01,2.175270e-01,2.178636e-01,2.178739e-01,2.182160e-01,2.182277e-01,2.182380e-01,2.185812e-01,2.181338e-01,2.181454e-01,2.181602e-01,2.185032e-01,2.185135e-01,2.185252e-01,2.185400e-01,2.185503e-01,2.182278e-01,2.177829e-01,2.177932e-01,2.174727e-01,2.171487e-01,2.163792e-01,2.163905e-01,2.160696e-01,2.154247e-01,2.146668e-01,2.143506e-01,2.137165e-01,2.129656e-01,2.123338e-01,2.120241e-01,2.109679e-01,2.103472e-01,2.093076e-01,2.086961e-01,2.073688e-01,2.067679e-01,2.054595e-01,2.048688e-01,2.038787e-01,2.030105e-01,2.020376e-01,2.007928e-01,2.002311e-01,1.990070e-01,1.980733e-01,1.972508e-01,1.963324e-01,1.951526e-01,1.946200e-01,1.934593e-01,1.929352e-01,1.920538e-01,1.909176e-01,1.900495e-01,1.891887e-01,1.883351e-01,1.878323e-01,1.869861e-01,1.861507e-01,1.850780e-01,1.842582e-01,1.840163e-01,1.832051e-01,1.826379e-01,1.815138e-01,1.809592e-01,1.801724e-01,1.799401e-01,1.793912e-01,1.788418e-01,1.782990e-01,1.775296e-01,1.769940e-01,1.764578e-01,1.757028e-01,1.749536e-01,1.741283e-01,1.736066e-01,1.725747e-01,1.718495e-01,1.713410e-01,1.708352e-01,1.698362e-01,1.693383e-01,1.688431e-01,1.683504e-01,1.675803e-01,1.668923e-01,1.661342e-01,1.656556e-01,1.651793e-01,1.647055e-01,1.639651e-01,1.634958e-01,1.627682e-01,1.624985e-01,1.617756e-01,1.615088e-01,1.609824e-01,1.609032e-01,1.603803e-01,1.601174e-01,1.597820e-01,1.597037e-01,1.589299e-01,1.590370e-01,1.585214e-01,1.581917e-01,1.579318e-01,1.577863e-01,1.575244e-01,1.570161e-01,1.564444e-01,1.561862e-01,1.558616e-01,1.553607e-01,1.548625e-01,1.547847e-01,1.538766e-01,1.533836e-01,1.531339e-01,1.526480e-01,1.519933e-01,1.515136e-01,1.511000e-01,1.501639e-01,1.497567e-01,1.492892e-01,1.488272e-01,1.482040e-01,1.473026e-01,1.470724e-01,1.464650e-01,1.460210e-01,1.455793e-01,1.451400e-01,1.444908e-01,1.442125e-01,1.437831e-01,1.435071e-01,1.430814e-01,1.423912e-01,1.423341e-01,1.418549e-01,1.414376e-01,1.410225e-01,1.407582e-01,1.400903e-01,1.398290e-01,1.397155e-01,1.393090e-01,1.390502e-01,1.381948e-01,1.379423e-01,1.376878e-01,1.374341e-01,1.367905e-01,1.363986e-01,1.360086e-01,1.354260e-01,1.351794e-01,1.345545e-01,1.341736e-01,1.336045e-01,1.333608e-01,1.325624e-01,1.325032e-01,1.319462e-01,1.313967e-01,1.311597e-01,1.303839e-01,1.300202e-01,1.294810e-01,1.292533e-01,1.283726e-01,1.280184e-01,1.276187e-01,1.272680e-01,1.264115e-01,1.260639e-01,1.255524e-01,1.252125e-01,1.243761e-01,1.237521e-01,1.232579e-01,1.230398e-01,1.222269e-01,1.218958e-01,1.214092e-01,1.210793e-01,1.202835e-01,5.575257e-03,5.575257e-03,5.575257e-03,5.575257e-03,5.575257e-03,5.575257e-03,5.575257e-03,5.575257e-03,5.575257e-03,5.575257e-03,5.575257e-03,5.575257e-03,5.575257e-03,5.575257e-03,5.575257e-03,5.575257e-03,5.575257e-03,5.575257e-03,5.575257e-03,5.575257e-03,5.575257e-03,5.575257e-03,5.575257e-03,5.575257e-03,5.575257e-03,5.575257e-03,5.575257e-03,5.575257e-03,5.575257e-03,5.575257e-03,5.575257e-03,5.575257e-03,5.575257e-03,5.575257e-03,5.575257e-03,5.575257e-03,5.575257e-03,5.575257e-03,5.575257e-03,5.575257e-03,5.575257e-03,5.575257e-03,5.575257e-03,5.575257e-03,5.575257e-03,5.575257e-03,5.575257e-03,5.575257e-03,5.575257e-03,5.575257e-03,5.575257e-03,5.575257e-03,5.575257e-03,5.575257e-03,5.575257e-03,5.575257e-03,5.575257e-03,5.575257e-03,5.575257e-03,5.575257e-03,5.575257e-03,5.575257e-03,5.575257e-03,5.575257e-03,5.575257e-03,5.575257e-03,5.575257e-03,5.575257e-03,5.575257e-03,5.575257e-03,5.575257e-03,5.575257e-03,5.575257e-03,5.575257e-03,5.575257e-03,5.575257e-03,5.575257e-03,5.575257e-03,5.575257e-03,5.575257e-03,5.575257e-03,5.575257e-03,5.575257e-03,5.575257e-03,5.575257e-03,5.575257e-03,5.575257e-03,5.575257e-03,5.575257e-03,5.575257e-03,5.575257e-03,5.575257e-03,5.575257e-03,5.575257e-03,5.575257e-03,5.575257e-03,5.575257e-03,5.575257e-03,5.575257e-03,5.575257e-03,5.575257e-03,5.575257e-03,5.575257e-03,5.575257e-03,5.575257e-03,5.575257e-03,5.575257e-03,5.575257e-03,5.575257e-03,5.575257e-03,5.575257e-03,5.575257e-03,5.575257e-03,5.575257e-03,5.575257e-03,5.575257e-03,5.575257e-03,5.575257e-03,5.575257e-03,5.575257e-03,5.575257e-03,5.575257e-03,5.575257e-03,5.575257e-03,5.575257e-03,5.575257e-03,5.575257e-03,5.575257e-03,5.575257e-03,5.575257e-03,5.575257e-03,5.575257e-03,5.575257e-03,5.575257e-03,5.575257e-03,5.575257e-03,5.575257e-03,5.575257e-03,5.575257e-03,5.575257e-03,5.575257e-03,5.575257e-03,5.575257e-03,5.575257e-03,5.575257e-03,5.575257e-03,5.575257e-03,5.575257e-03,5.575257e-03,5.575257e-03,5.575257e-03,5.575257e-03,5.575257e-03,5.575257e-03,5.575257e-03,5.575257e-03,5.575257e-03,5.575257e-03,5.575257e-03,5.575257e-03,5.575257e-03
3.035627e-02,3.033990e-02,3.032045e-02,3.030141e-02,3.028294e-02,3.029000e-02,3.031878e-02,3.032653e-02,3.035895e-02,3.038791e-02,3.042011e-02,3.044831e-02,3.050499e-02,3.056206e-02,3.061575e-02,3.067319e-02,3.073065e-02,3.078797e-02,3.084887e-02,3.093067e-02,3.099083e-02,3.105038e-02,3.113453e-02,3.119755e-02,3.128591e-02,3.137069e-02,3.145866e-02,3.154957e-02,3.163739e-02,3.174996e-02,3.186525e-02,3.197676e-02,3.211666e-02,3.225341e-02,3.239401e-02,3.253467e-02,3.267179e-02,3.281282e-02,3.297847e-02,3.311628e-02,3.325803e-02,3.340100e-02,3.354110e-02,3.365997e-02,3.380078e-02,3.392139e-02,3.404224e-02,3.413526e-02,3.425825e-02,3.435807e-02,3.445614e-02,3.455937e-02,3.463992e-02,3.472132e-02,3.480347e-02,3.488596e-02,3.497256e-02,3.505666e-02,3.511591e-02,3.520257e-02,3.528514e-02,3.536771e-02,3.545190e-02,3.553201e-02,3.561662e-02,3.569853e-02,3.578285e-02,3.586676e-02,3.594600e-02,3.602860e-02,3.611103e-02,3.618745e-02,3.624215e-02,3.632116e-02,3.637146e-02,3.644933e-02,3.652716e-02,3.660770e-02,3.668456e-02,3.678968e-02,3.689607e-02,3.702770e-02,3.716595e-02,3.730709e-02,3.747355e-02,3.767275e-02,3.785322e-02,3.803535e-02,3.825293e-02,3.847512e-02,3.868341e-02,3.889462e-02,3.914281e-02,3.937449e-02,3.961711e-02,3.986770e-02,4.013408e-02,4.041286e-02,4.067956e-02,4.098883e-02,4.131528e-02,4.165339e-02,4.201192e-02,4.236596e-02,4.276863e-02,4.318998e-02,4.363493e-02,4.411194e-02,4.462046e-02,4.516834e-02,4.572609e-02,4.633264e-02,4.694312e-02,4.762840e-02,4.834988e-02,4.907895e-02,4.986323e-02,5.064894e-02,5.145945e-02,5.229020e-02,5.313873e-02,5.398094e-02,5.483137e-02,5.566598e-02,5.647205e-02,5.724723e-02,5.798498e-02,5.870426e-02,5.940534e-02,6.000209e-02,6.060790e-02,6.115742e-02,6.172332e-02,6.218427e-02,6.263479e-02,6.303929e-02,6.343434e-02,6.374795e-02,6.409004e-02,6.436625e-02,6.470024e-02,6.494179e-02,6.515894e-02,6.543553e-02,6.569083e-02,6.596554e-02,6.622010e-02,6.655242e-02,6.680713e-02,6.711215e-02,6.741941e-02,6.769134e-02,6.794025e-02,6.822398e-02,6.845954e-02,6.863124e-02,6.872010e-02,6.882977e-02,6.889755e-02,6.891463e-02,6.896408e-02,6.901850e-02,6.903349e-02,6.903688e-02,6.901439e-02,6.896234e-02,6.888759e-02,6.874519e-02,6.862193e-02,6.847688e-02,6.829340e-02,6.810150e-02,6.790771e-02,6.774639e-02,6.757004e-02,6.737769e-02,6.722787e-02,6.709376e-02,6.698065e-02,6.687959e-02,6.679296e-02,6.671706e-02,6.665464e-02,6.660552e-02,6.659432e-02,6.656576e-02,6.655405e-02,6.655414e-02,6.656813e-02,6.656442e-02,6.660662e-02,6.663277e-02,6.669728e-02,6.671841e-02,6.678043e-02,6.685231e-02,6.690254e-02,6.697971e-02,6.705777e-02,6.713242e-02,6.717217e-02,6.722550e-02,6.726922e-02,6.729815e-02,6.728100e-02,6.729996e-02,6.727182e-02,6.719942e-02,6.713465e-02,6.702911e-02,6.694139e-02,6.680299e-02,6.670358e-02,6.657183e-02,6.641773e-02,6.629260e-02,6.615569e-02,6.602158e-02,6.592689e-02,6.583562e-02,6.578664e-02,6.573158e-02,6.572161e-02,6.571173e-02,6.574000e-02,6.576673e-02,6.580788e-02,6.588587e-02,6.595587e-02,6.604686e-02,6.611365e-02,6.619311e-02,6.623622e-02,6.622284e-02,6.622616e-02,6.617426e-02,6.610321e-02,6.596551e-02,6.580079e-02,6.561421e-02,6.541877e-02,6.519772e-02,6.497830e-02,6.473528e-02,6.449519e-02,6.425826e-02,6.405255e-02,6.385575e-02,6.368227e-02,6.356156e-02,6.345352e-02,6.338146e-02,6.329663e-02,6.323189e-02,6.315122e-02,6.305806e-02,6.294563e-02,6.281169e-02,6.264831e-02,6.243327e-02,6.222939e-02,6.200621e-02,6.176663e-02,6.155563e-02,6.136252e-02,6.118765e-02,6.103591e-02,6.092248e-02,6.083693e-02,6.080974e-02,6.077783e-02,6.079832e-02,6.081659e-02,6.087491e-02,6.094774e-02,6.103906e-02,6.114020e-02,6.126508e-02,6.142790e-02,6.161290e-02,6.182174e-02,6.212075e-02,6.246561e-02,6.296260e-02,6.353025e-02,6.427557e-02,6.517297e-02,6.627244e-02,6.757623e-02,6.912774e-02,7.094844e-02,7.301175e-02,7.537377e-02,7.802596e-02,8.091463e-02,8.400374e-02,8.731447e-02,9.084422e-02,9.448186e-02,9.816134e-02,1.019498e-01,1.058492e-01,1.096309e-01,1.133961e-01,1.171188e-01,1.207725e-01,1.243649e-01,1.278889e-01,1.313572e-01,1.349846e-01,1.384134e-01,1.417923e-01,1.451443e-01,1.484635e-01,1.517682e-01,1.550318e-01,1.583156e-01,1.615301e-01,1.647112e-01,1.678313e-01,1.713172e-01,1.743701e-01,1.773910e-01,1.802425e-01,1.831631e-01,1.860317e-01,1.888490e-01,1.916423e-01,1.943435e-01,1.969820e-01,1.995552e-01,2.020968e-01,2.045511e-01,2.069874e-01,2.093225e-01,2.116030e-01,2.138297e-01,2.159843e-01,2.180107e-01,2.200499e-01,2.220180e-01,2.237732e-01,2.255102e-01,2.271042e-01,2.287242e-01,2.302064e-01,2.317187e-01,2.330934e-01,2.344540e-01,2.357390e-01,2.370488e-01,2.382181e-01,2.393913e-01,2.406579e-01,2.418468e-01,2.431246e-01,2.443303e-01,2.455356e-01,2.468298e-01,2.480416e-01,2.493466e-01,2.504723e-01,2.516844e-01,2.528942e-01,2.540094e-01,2.552057e-01,2.564001e-01,2.575871e-01,2.586705e-01,2.598330e-01,2.609879e-01,2.621293e-01,2.632516e-01,2.644088e-01,2.654964e-01,2.665641e-01,2.676140e-01,2.686365e-01,2.696337e-01,2.705558e-01,2.714970e-01,2.721708e-01,2.729979e-01,2.737807e-01,2.745676e-01,2.753551e-01,2.761017e-01,2.769013e-01,2.775954e-01,2.784028e-01,2.792111e-01,2.799157e-01,2.807358e-01,2.814474e-01,2.822083e-01,2.829263e-01,2.836477e-01,2.844844e-01,2.852130e-01,2.858949e-01,2.866269e-01,2.873153e-01,2.880068e-01,2.886986e-01,2.892772e-01,2.899780e-01,2.906822e-01,2.913867e-01,2.920978e-01,2.926894e-01,2.934066e-01,2.940033e-01,2.946534e-01,2.954310e-01,2.960867e-01,2.967448e-01,2.974054e-01,2.980685e-01,2.987342e-01,2.994543e-01,3.001252e-01,3.007985e-01,3.015264e-01,3.020743e-01,3.028073e-01,3.034905e-01,3.040409e-01,3.047292e-01,3.054200e-01,3.060602e-01,3.065687e-01,3.070788e-01,3.076730e-01,3.081333e-01,3.085956e-01,3.091969e-01,3.096624e-01,3.100765e-01,3.105452e-01,3.111546e-01,3.116266e-01,3.121003e-01,3.126288e-01,3.131054e-01,3.136372e-01,3.141707e-01,3.147074e-01,3.152442e-01,3.158366e-01,3.163765e-01,3.169726e-01,3.175703e-01,3.180239e-01,3.186248e-01,3.190808e-01,3.196848e-01,3.202906e-01,3.207516e-01,3.213609e-01,3.218225e-01,3.224350e-01,3.228991e-01,3.234599e-01,3.239263e-01,3.243388e-01,3.247529e-01,3.253193e-01,3.257347e-01,3.260959e-01,3.265132e-01,3.270300e-01,3.273945e-01,3.277591e-01,3.281246e-01,3.284351e-01,3.288020e-01,3.291706e-01,3.295389e-01,3.299084e-01,3.302785e-01,3.307055e-01,3.309748e-01,3.314030e-01,3.318883e-01,3.323742e-01,3.327015e-01,3.331893e-01,3.337347e-01,3.342241e-01,3.346099e-01,3.351015e-01,3.355943e-01,3.359817e-01,3.363133e-01,3.368089e-01,3.371414e-01,3.376376e-01,3.379715e-01,3.384700e-01,3.388042e-01,3.390823e-01,3.393610e-01,3.396392e-01,3.399180e-01,3.401977e-01,3.404775e-01,3.407572e-01,3.410368e-01,3.413172e-01,3.415980e-01,3.418792e-01,3.421602e-01,3.424983e-01,3.428368e-01,3.431763e-01,3.435163e-01,3.438558e-01,3.441944e-01,3.445344e-01,3.449327e-01,3.452741e-01,3.456146e-01,3.460112e-01,3.463521e-01,3.466940e-01,3.470360e-01,3.473781e-01,3.477206e-01,3.480626e-01,3.483783e-01,3.487194e-01,3.489882e-01,3.493308e-01,3.495993e-01,3.498856e-01,3.501702e-01,3.504353e-01,3.507190e-01,3.509298e-01,3.512000e-01,3.514834e-01,3.517454e-01,3.520296e-01,3.522407e-01,3.525087e-01,3.527926e-01,3.530593e-01,3.533282e-01,3.535978e-01,3.539184e-01,3.541876e-01,3.545079e-01,3.547741e-01,3.550950e-01,3.554149e-01,3.557364e-01,3.560609e-01,3.563853e-01,3.567131e-01,3.570833e-01,3.574105e-01,3.577357e-01,3.581268e-01,3.584645e-01,3.588419e-01,3.591784e-01,3.594975e-01,3.598357e-01,3.601755e-01,3.604379e-01,3.607191e-01,3.609823e-01,3.611863e-01,3.614090e-01,3.615541e-01,3.617589e-01,3.619647e-01,3.621314e-01,3.623376e-01,3.626051e-01,3.628143e-01,3.630823e-01,3.633496e-01,3.636793e-01,3.640076e-01,3.643371e-01,3.646491e-01,3.649801e-01,3.653712e-01,3.657028e-01,3.660758e-01,3.664091e-01,3.667837e-01,3.671167e-01,3.674311e-01,3.678246e-01,3.681405e-01,3.683977e-01,3.687331e-01,3.690498e-01,3.693067e-01,3.695638e-01,3.698231e-01,3.700797e-01,3.703373e-01,3.705952e-01,3.708543e-01,3.710340e-01,3.712946e-01,3.716146e-01,3.718553e-01,3.721758e-01,3.724168e-01,3.727368e-01,3.730377e-01,3.734198e-01,3.737212e-01,3.740242e-01,3.743261e-01,3.746302e-01,3.749335e-01,3.752371e-01,3.754801e-01,3.757840e-01,3.760274e-01,3.762699e-01,3.765126e-01,3.767373e-01,3.769203e-01,3.771458e-01,3.773281e-01,3.774889e-01,3.776498e-01,3.778304e-01,3.779934e-01,3.781564e-01,3.783196e-01,3.784819e-01,3.786452e-01,3.788076e-01,3.789701e-01,3.791129e-01,3.793368e-01,3.794986e-01,3.797019e-01,3.799242e-01,3.801277e-01,3.803323e-01,3.805559e-01,3.808195e-01,3.810849e-01,3.813494e-01,3.816746e-01,3.819375e-01,3.822611e-01,3.825808e-01,3.829018e-01,3.832816e-01,3.835999e-01,3.839762e-01,3.842902e-01,3.846040e-01,3.849769e-01,3.852881e-01,3.856563e-01,3.859639e-01,3.862705e-01,3.865743e-01,3.868783e-01,3.871136e-01,3.873527e-01,3.875879e-01,3.877590e-01,3.879923e-01,3.881616e-01,3.882649e-01,3.884281e-01,3.885924e-01,3.887537e-01,3.888528e-01,3.890121e-01,3.891656e-01,3.893188e-01,3.894721e-01,3.896214e-01,3.897717e-01,3.899190e-01,3.900634e-01,3.902069e-01,3.903487e-01,3.904877e-01,3.906249e-01,3.907597e-01,3.908953e-01,3.910283e-01,3.911585e-01,3.912857e-01,3.914112e-01,3.915319e-01,3.916557e-01,3.917777e-01,3.918987e-01,3.920178e-01,3.921368e-01,3.922561e-01,3.923772e-01,3.924973e-01,3.926164e-01,3.927345e-01,3.928529e-01,3.929741e-01,3.930944e-01,3.932125e-01,3.932692e-01,3.933915e-01,3.935141e-01,3.936365e-01,3.937548e-01,3.938731e-01,3.940551e-01,3.941744e-01,3.943537e-01,3.945327e-01,3.947117e-01,3.948929e-01,3.950751e-01,3.952532e-01,3.954245e-01,3.955965e-01,3.957717e-01,3.959468e-01,3.961179e-01,3.962169e-01,3.963757e-01,3.964747e-01,3.965758e-01,3.966763e-01,3.967775e-01,3.968106e-01,3.968963e-01,3.969077e-01,3.969202e-01,3.969462e-01,3.969763e-01,3.969982e-01,3.970039e-01,3.970092e-01,3.970311e-01,3.970644e-01,3.971008e-01,3.971331e-01,3.971602e-01,3.971904e-01,3.972818e-01,3.973121e-01,3.974155e-01,3.975293e-01,3.976431e-01,3.978197e-01,3.979965e-01,3.981732e-01,3.984130e-01,3.986528e-01,3.989030e-01,3.991429e-01,3.993917e-01,3.997052e-01,3.999557e-01,4.001960e-01,4.004467e-01,4.006343e-01,4.008221e-01,4.009995e-01,4.011138e-01,4.012385e-01,4.013632e-01,4.014248e-01,4.015495e-01,4.016743e-01,4.017255e-01,4.018504e-01,4.019752e-01,4.020985e-01,4.022130e-01,4.023379e-01,4.024524e-01,4.025773e-01,4.027656e-01,4.028273e-01,4.029419e-01,4.030669e-01,4.031287e-01,4.032537e-01,4.033051e-01,4.033668e-01,4.034286e-01,4.034904e-01,4.034889e-01,4.035507e-01,4.036125e-01,4.036847e-01,4.037465e-01,4.038083e-01,4.038702e-01,4.039320e-01,4.039938e-01,4.039823e-01,4.040545e-01,4.041164e-01,4.041782e-01,4.042401e-01,4.042390e-01,4.042375e-01,4.043098e-01,4.043716e-01,4.043602e-01,4.043586e-01,4.044943e-01,4.044933e-01,4.045537e-01,4.046161e-01,4.047415e-01,4.048668e-01,4.049823e-01,4.051712e-01,4.052971e-01,4.054860e-01,4.056016e-01,4.058541e-01,4.059801e-01,4.061593e-01,4.064224e-01,4.065381e-01,4.067908e-01,4.069156e-01,4.071049e-01,4.072312e-01,4.073471e-01,4.075364e-01,4.075888e-01,4.077146e-01,4.077774e-01,4.077662e-01,4.078389e-01,4.078277e-01,4.078270e-01,4.078257e-01,4.078146e-01,4.078140e-01,4.078762e-01,4.078652e-01,4.078634e-01,4.079893e-01,4.080523e-01,4.081049e-01,4.082309e-01,4.082836e-01,4.084095e-01,4.084623e-01,4.085786e-01,4.087150e-01,4.087678e-01,4.088843e-01,4.090207e-01,4.090736e-01,4.091997e-01,4.092526e-01,4.093055e-01,4.094316e-01,4.094198e-01,4.095459e-01,4.095353e-01,4.096511e-01,4.096405e-01,4.096926e-01,4.096821e-01,4.097342e-01,4.096601e-01,4.097226e-01,4.097018e-01,4.097643e-01,4.098165e-01,4.097957e-01,4.098469e-01,4.098991e-01,4.098887e-01,4.099410e-01,4.099932e-01,4.099829e-01,4.100351e-01,4.100874e-01,4.101397e-01,4.101191e-01,4.101714e-01,4.102237e-01,4.102759e-01,4.103179e-01,4.103702e-01,4.104122e-01,4.104645e-01,4.105897e-01,4.104861e-01,4.106112e-01,4.107260e-01,4.108409e-01,4.109455e-01,4.109875e-01,4.110921e-01,4.111341e-01,4.111761e-01,4.112911e-01,4.113228e-01,4.113648e-01,4.113965e-01,4.115012e-01,4.115329e-01,4.115646e-01,4.115964e-01,4.116281e-01,4.116589e-01,4.116075e-01,4.117018e-01,4.116505e-01,4.116823e-01,4.117142e-01,4.118084e-01,4.119027e-01,4.118412e-01,4.118524e-01,4.118637e-01,4.119580e-01,4.119796e-01,4.119388e-01,4.118864e-01,4.118149e-01,4.117435e-01,4.118171e-01,4.116837e-01,4.116331e-01,4.115826e-01,4.116784e-01,4.116916e-01,4.117050e-01,4.117803e-01,4.117733e-01,4.117561e-01,4.116669e-01,4.116499e-01,4.115096e-01,4.114618e-01,4.113221e-01,4.113362e-01,4.112050e-01,4.110841e-01,4.109534e-01,4.109043e-01,4.107739e-01,4.107251e-01,4.107274e-01,4.109615e-01,4.113309e-01,4.115577e-01,4.113634e-01,4.112205e-01,4.112227e-01,4.111614e-01,4.110188e-01,4.110188e-01,4.109350e-01,4.107114e-01,4.103436e-01,4.098853e-01,4.094085e-01,4.088898e-01,4.083927e-01,4.078670e-01,4.074322e-01,4.070883e-01,4.069339e-01,4.068065e-01,4.068778e-01,4.066312e-01,4.062357e-01,4.056032e-01,4.049621e-01,4.040548e-01,4.030769e-01,4.022886e-01,4.014263e-01,4.007734e-01,3.999466e-01,3.993189e-01,3.985646e-01,3.978470e-01,3.970000e-01,3.966027e-01,3.959200e-01,3.950544e-01,3.942850e-01,3.933893e-01,3.927182e-01,3.918301e-01,3.908227e-01,3.900071e-01,3.892848e-01,3.884681e-01,3.875638e-01,3.866641e-01,3.859186e-01,3.849655e-01,3.841034e-01,3.832458e-01,3.825131e-01,3.818695e-01,3.812882e-01,3.805322e-01,3.798379e-01,3.792066e-01,3.786032e-01,3.781204e-01,3.775251e-01,3.768725e-01,3.763401e-01,3.758924e-01,3.753680e-01,3.748438e-01,3.744032e-01,3.739648e-01,3.736681e-01,3.733481e-01,3.729714e-01,3.727351e-01,3.724754e-01,3.722380e-01,3.721129e-01,3.718802e-01,3.717007e-01,3.715773e-01,3.714022e-01,3.712245e-01,3.710448e-01,3.709435e-01,3.707680e-01,3.707770e-01,3.707861e-01,3.707987e-01,3.707303e-01,3.706849e-01,3.707524e-01,3.707619e-01,3.709582e-01,3.709711e-01,3.710930e-01,3.711090e-01,3.713084e-01,3.713246e-01,3.715786e-01,3.717781e-01,3.720906e-01,3.722704e-01,3.724189e-01,3.726964e-01,3.730124e-01,3.732672e-01,3.735487e-01,3.738269e-01,3.741638e-01,3.745206e-01,3.748582e-01,3.751898e-01,3.754958e-01,3.757173e-01,3.760791e-01,3.763798e-01,3.766052e-01,3.769853e-01,3.772669e-01,3.775687e-01,3.778159e-01,3.781508e-01,3.785365e-01,3.787071e-01,3.788979e-01,3.791484e-01,3.794520e-01,3.796793e-01,3.799270e-01,3.801782e-01,3.804624e-01,3.808476e-01,3.810757e-01,3.813812e-01,3.817471e-01,3.820015e-01,3.823410e-01,3.825938e-01,3.830724e-01,3.833830e-01,3.836700e-01,3.839190e-01,3.842880e-01,3.844590e-01,3.848833e-01,3.852278e-01,3.856550e-01,3.858817e-01,3.861697e-01,3.864780e-01,3.867084e-01,3.869390e-01,3.873664e-01,3.875975e-01,3.878874e-01,3.881747e-01,3.884065e-01,3.887190e-01,3.889855e-01,3.893605e-01,3.897087e-01,3.898578e-01,3.900882e-01,3.905242e-01,3.907324e-01,3.910231e-01,3.912566e-01,3.915480e-01,3.918423e-01,3.920520e-01,3.923443e-01,3.926398e-01,3.928480e-01,3.932039e-01,3.935354e-01,3.938297e-01,3.942471e-01,3.945772e-01,3.950560e-01,3.953284e-01,3.955633e-01,3.958360e-01,3.962556e-01,3.964656e-01,3.966780e-01,3.969768e-01,3.971873e-01,3.973392e-01,3.975166e-01,3.976665e-01,3.978186e-01,3.979097e-01,3.981466e-01,3.982378e-01,3.983291e-01,3.984794e-01,3.985707e-01,3.986619e-01,3.988739e-01,3.990179e-01,3.990217e-01,3.991022e-01,3.991233e-01,3.990897e-01,3.992247e-01,3.992546e-01,3.993788e-01,3.994786e-01,3.996050e-01,3.997996e-01,3.999257e-01,4.000610e-01,4.002555e-01,4.004521e-01,4.006400e-01,4.008965e-01,4.011548e-01,4.012724e-01,4.015380e-01,4.015938e-01,4.018420e-01,4.020304e-01,4.021485e-01,4.023888e-01,4.024626e-01,4.026521e-01,4.026448e-01,4.028257e-01,4.029426e-01,4.029376e-01,4.029766e-01,4.030319e-01,4.030797e-01,4.032678e-01,4.033249e-01,4.035579e-01,4.037481e-01,4.039208e-01,4.039579e-01,4.041844e-01,4.042841e-01,4.044482e-01,4.046205e-01,4.047913e-01,4.049467e-01,4.052359e-01,4.053981e-01,4.055708e-01,4.057347e-01,4.060132e-01,4.062135e-01,4.063850e-01,4.064681e-01,4.066865e-01,4.068403e-01,4.070679e-01,4.072233e-01,4.074407e-01,4.075872e-01,4.077428e-01,4.078880e-01,4.080527e-01,4.081890e-01,4.082903e-01,4.085097e-01,4.086642e-01,4.088291e-01,4.089747e-01,4.090034e-01,4.091594e-01,4.092960e-01,4.093883e-01,4.095251e-01,4.096174e-01,4.096814e-01,4.099002e-01,4.101021e-01,4.102572e-01,4.103315e-01,4.104775e-01,4.106158e-01,4.107619e-01,4.106456e-01,4.107928e-01,4.108683e-01,4.108968e-01,4.108534e-01,4.108818e-01,4.108933e-01,4.108030e-01,4.107415e-01,4.108338e-01,4.107175e-01,4.106095e-01,4.105560e-01,4.105756e-01,4.103850e-01,4.103411e-01,4.103326e-01,4.103516e-01,4.100983e-01,4.099826e-01,4.099201e-01,4.097505e-01,4.096792e-01,4.095013e-01,4.093138e-01,4.091454e-01,4.088954e-01,4.087279e-01,4.084789e-01,4.083658e-01,4.084298e-01,4.091925e-01,4.089433e-01,4.088926e-01,4.088316e-01,4.087101e-01,4.085250e-01,4.084664e-01,4.083442e-01,4.081708e-01,4.079874e-01,4.078680e-01,4.075529e-01,4.073797e-01,4.071995e-01,4.068951e-01,4.066547e-01,4.063604e-01,4.060399e-01,4.057579e-01,4.054475e-01,4.052091e-01,4.049690e-01,4.046774e-01,4.043113e-01,4.040727e-01,4.038175e-01,4.035221e-01,4.032250e-01,4.029116e-01,4.026097e-01,4.023655e-01,4.021049e-01,4.018132e-01,4.016805e-01,4.014379e-01,4.012490e-01,4.010072e-01,4.006987e-01,4.005779e-01,4.004381e-01,4.001894e-01,3.999412e-01,3.997018e-01,3.994544e-01,3.993322e-01,3.991436e-01,3.990245e-01,3.988780e-01,3.986983e-01,3.986131e-01,3.985472e-01,3.984787e-01,3.984599e-01,3.984411e-01,3.984306e-01,3.984065e-01,3.985228e-01,3.986693e-01,3.987054e-01,3.987445e-01,3.989044e-01,3.990508e-01,3.991529e-01,3.992802e-01,3.994323e-01,3.996507e-01,3.998364e-01,3.999806e-01,4.000167e-01,4.001527e-01,4.003500e-01,4.004388e-01,4.005361e-01,4.006670e-01,4.007506e-01,4.007813e-01,4.009706e-01,4.009848e-01,4.010155e-01,4.010963e-01,4.011106e-01,4.010553e-01,4.010666e-01,4.010444e-01,4.011058e-01,4.011089e-01,4.011119e-01,4.011232e-01,4.011399e-01,4.011930e-01,4.013210e-01,4.013376e-01,4.014740e-01,4.014853e-01,4.016134e-01,4.017499e-01,4.019451e-01,4.020818e-01,4.023304e-01,4.025260e-01,4.028589e-01,4.031391e-01,4.033297e-01,4.035457e-01,4.038125e-01,4.040204e-01,4.044254e-01,4.047016e-01,4.048591e-01,4.050762e-01,4.051806e-01,4.053980e-01,4.054368e-01,4.054840e-01,4.054633e-01,4.054511e-01,4.055494e-01,4.057752e-01,4.059416e-01,4.060463e-01,4.062297e-01,4.062343e-01,4.064094e-01,4.065760e-01,4.067620e-01,4.068240e-01,4.070079e-01,4.071981e-01,4.073222e-01,4.073950e-01,4.076455e-01,4.076561e-01,4.077353e-01,4.078596e-01,4.079903e-01,4.080504e-01,4.080504e-01,4.079925e-01,4.080461e-01,4.080376e-01,4.080805e-01,4.080098e-01,4.080097e-01,4.080612e-01,4.081298e-01,4.080525e-01,4.081020e-01,4.081450e-01,4.081364e-01,4.082567e-01,4.081878e-01,4.081791e-01,4.082412e-01,4.082327e-01,4.083445e-01,4.083982e-01,4.085057e-01,4.084216e-01,4.085894e-01,4.087986e-01,4.088458e-01,4.090248e-01,4.092382e-01,4.094431e-01,4.096376e-01,4.099552e-01,4.102732e-01,4.105154e-01,4.108147e-01,4.111685e-01,4.112179e-01,4.113805e-01,4.114005e-01,4.115722e-01,4.117332e-01,4.118314e-01,4.118704e-01,4.117602e-01,4.115893e-01,4.115638e-01,4.114520e-01,4.111933e-01,4.109585e-01,4.107843e-01,4.105244e-01,4.102022e-01,4.098824e-01,4.094402e-01,4.090569e-01,4.084458e-01,4.080059e-01,4.071066e-01,4.063175e-01,4.056886e-01,4.050830e-01,4.042511e-01,4.036797e-01,4.029468e-01,4.026236e-01,4.016165e-01,4.006641e-01,3.997768e-01,3.986670e-01,3.975277e-01,3.961581e-01,3.946482e-01,3.924338e-01,3.905845e-01,3.886636e-01,3.867561e-01,3.845392e-01,3.824106e-01,3.793230e-01,3.768536e-01,3.743166e-01,3.716827e-01,3.687345e-01,3.652932e-01,3.622460e-01,3.593725e-01,3.565275e-01,3.535663e-01,3.500879e-01,3.472742e-01,3.446353e-01,3.421425e-01,3.397691e-01,3.365382e-01,3.343044e-01,3.321215e-01,3.297009e-01,3.273424e-01,3.249818e-01,3.231629e-01,3.214214e-01,3.196989e-01,3.179535e-01,3.163190e-01,3.151695e-01,3.136425e-01,3.126308e-01,3.111470e-01,3.103521e-01,3.094796e-01,3.087210e-01,3.080559e-01,3.074270e-01,3.067949e-01,3.066589e-01,3.059426e-01,3.057692e-01,3.052346e-01,3.050064e-01,3.048978e-01,3.048772e-01,3.042989e-01,3.042297e-01,3.040732e-01,3.040355e-01,3.044554e-01,3.044241e-01,3.043684e-01,3.042010e-01,3.045901e-01,3.045409e-01,3.050256e-01,3.050326e-01,3.054172e-01,3.059228e-01,3.060109e-01,3.065609e-01,3.071197e-01,3.076804e-01,3.083503e-01,3.085062e-01,3.092032e-01,3.099436e-01,3.106132e-01,3.112939e-01,3.119352e-01,3.126278e-01,3.133664e-01,3.140311e-01,3.146982e-01,3.153609e-01,3.160329e-01,3.166568e-01,3.173269e-01,3.180064e-01,3.186194e-01,3.192622e-01,3.203385e-01,3.205333e-01,3.216811e-01,3.223771e-01,3.226439e-01,3.236254e-01,3.242148e-01,3.249863e-01,3.256645e-01,3.265088e-01,3.270769e-01,3.276378e-01,3.285494e-01,3.291976e-01,3.299682e-01,3.305901e-01,3.314268e-01,3.319628e-01,3.327233e-01,3.334300e-01,3.339946e-01,3.347172e-01,3.353100e-01,3.360604e-01,3.365172e-01,3.371563e-01,3.375563e-01,3.381828e-01,3.386470e-01,3.390503e-01,3.394216e-01,3.399555e-01,3.403287e-01,3.407757e-01,3.410174e-01,3.415459e-01,3.419058e-01,3.424046e-01,3.426624e-01,3.429407e-01,3.434481e-01,3.439567e-01,3.442535e-01,3.446193e-01,3.449168e-01,3.452488e-01,3.454484e-01,3.458629e-01,3.459811e-01,3.462504e-01,3.463553e-01,3.466759e-01,3.467399e-01,3.468383e-01,3.467792e-01,3.470419e-01,3.468701e-01,3.465115e-01,3.464528e-01,3.464521e-01,3.465094e-01,3.459849e-01,3.459844e-01,3.458686e-01,3.455197e-01,3.449427e-01,3.449427e-01,3.445398e-01,3.444259e-01,3.439682e-01,3.434557e-01,3.434563e-01,3.428899e-01,3.424944e-01,3.420445e-01,3.415405e-01,3.410943e-01,3.405392e-01,3.404857e-01,3.400988e-01,3.394954e-01,3.390571e-01,3.385117e-01,3.380230e-01,3.375904e-01,3.370518e-01,3.366229e-01,3.364655e-01,3.360384e-01,3.356131e-01,3.351435e-01,3.347747e-01,3.347785e-01,3.342544e-01,3.343110e-01,3.337898e-01,3.337421e-01,3.336946e-01,3.334910e-01,3.333916e-01,3.332402e-01,3.330372e-01,3.331542e-01,3.330031e-01,3.328004e-01,3.325460e-01,3.327595e-01,3.325056e-01,3.327196e-01,3.326213e-01,3.328427e-01,3.326928e-01,3.330628e-01,3.329135e-01,3.331797e-01,3.331342e-01,3.333488e-01,3.336222e-01,3.335244e-01,3.333753e-01,3.335892e-01,3.334396e-01,3.336089e-01,3.334078e-01,3.336216e-01,3.334722e-01,3.335822e-01,3.333815e-01,3.336021e-01,3.334015e-01,3.335636e-01,3.334147e-01,3.335766e-01,3.333836e-01,3.335976e-01,3.334490e-01,3.336109e-01,3.333590e-01,3.335207e-01,3.333273e-01,3.334378e-01,3.335985e-01,3.333469e-01,3.334564e-01,3.335146e-01,3.336312e-01,3.333275e-01,3.334369e-01,3.335463e-01,3.332438e-01,3.333602e-01,3.334695e-01,3.335277e-01,3.332765e-01,3.333347e-01,3.334440e-01,3.335092e-01,3.336185e-01,3.337280e-01,3.338375e-01,3.335347e-01,3.336441e-01,3.337615e-01,3.338710e-01,3.339292e-01,3.339875e-01,3.337428e-01,3.337487e-01,3.338069e-01,3.339164e-01,3.339223e-01,3.339352e-01,3.335801e-01,3.336894e-01,3.336429e-01,3.336557e-01,3.333012e-01,3.333069e-01,3.332604e-01,3.328612e-01,3.328669e-01,3.328202e-01,3.327736e-01,3.327269e-01,3.326802e-01,3.322817e-01,3.321319e-01,3.320852e-01,3.320384e-01,3.319915e-01,3.319516e-01,3.318525e-01,3.318056e-01,3.316556e-01,3.315564e-01,3.314572e-01,3.313125e-01,3.311102e-01,3.309586e-01,3.307547e-01,3.305069e-01,3.302507e-01,3.299945e-01,3.296878e-01,3.297882e-01,3.294355e-01,3.291790e-01,3.288198e-01,3.289198e-01,3.286190e-01,3.283624e-01,3.284117e-01,3.281548e-01,3.278997e-01,3.280060e-01,3.276982e-01,3.277476e-01,3.274903e-01,3.275445e-01,3.275420e-01,3.272318e-01,3.272294e-01,3.268681e-01,3.268641e-01,3.265086e-01,3.265572e-01,3.265551e-01,3.261930e-01,3.262946e-01,3.259848e-01,3.260940e-01,3.261450e-01,3.259400e-01,3.260967e-01,3.262539e-01,3.260542e-01,3.263173e-01,3.261645e-01,3.264798e-01,3.263852e-01,3.267025e-01,3.270206e-01,3.270262e-01,3.273981e-01,3.274091e-01,3.278351e-01,3.278937e-01,3.283207e-01,3.283848e-01,3.288129e-01,3.289248e-01,3.294074e-01,3.295249e-01,3.296369e-01,3.301209e-01,3.301803e-01,3.302979e-01,3.304635e-01,3.309489e-01,3.310612e-01,3.311790e-01,3.313449e-01,3.314573e-01,3.311962e-01,3.312611e-01,3.313735e-01,3.311133e-01,3.308005e-01,3.304895e-01,3.306073e-01,3.302964e-01,3.296188e-01,3.293120e-01,3.290050e-01,3.283407e-01,3.279851e-01,3.272683e-01,3.269670e-01,3.262052e-01,3.254982e-01,3.247507e-01,3.240516e-01,3.229575e-01,3.222680e-01,3.211367e-01,3.204566e-01,3.197318e-01,3.187726e-01,3.180637e-01,3.170704e-01,3.164633e-01,3.154833e-01,3.148381e-01,3.139175e-01,3.132811e-01,3.123271e-01,3.117512e-01,3.108099e-01,3.102353e-01,3.096192e-01,3.086449e-01,3.079871e-01,3.073329e-01,3.066821e-01,3.060848e-01,3.053909e-01,3.047503e-01,3.038136e-01,3.031813e-01,3.028908e-01,3.022633e-01,3.019334e-01,3.012693e-01,3.009982e-01,3.003809e-01,3.000974e-01,2.997736e-01,2.994017e-01,2.990798e-01,2.984233e-01,2.981040e-01,2.977367e-01,2.970870e-01,2.964405e-01,2.960379e-01,2.956832e-01,2.949556e-01,2.943194e-01,2.939622e-01,2.936060e-01,2.929374e-01,2.925838e-01,2.922312e-01,2.918794e-01,2.914902e-01,2.908705e-01,2.904842e-01,2.901370e-01,2.897907e-01,2.894452e-01,2.890630e-01,2.887265e-01,2.883939e-01,2.883159e-01,2.879369e-01,2.878590e-01,2.877439e-01,2.878816e-01,2.877664e-01,2.876885e-01,2.877888e-01,2.879268e-01,2.877263e-01,2.881285e-01,2.879651e-01,2.880661e-01,2.879401e-01,2.883062e-01,2.881322e-01,2.879137e-01,2.879773e-01,2.878033e-01,2.878568e-01,2.876451e-01,2.874336e-01,2.875244e-01,2.870038e-01,2.867449e-01,2.865711e-01,2.863601e-01,2.858319e-01,2.856213e-01,2.851864e-01,2.848478e-01,2.844145e-01,2.842050e-01,2.840431e-01,2.835679e-01,2.833331e-01,2.832084e-01,2.827826e-01,2.826691e-01,2.825556e-01,2.824421e-01,2.822855e-01,2.824289e-01,2.823628e-01,2.825063e-01,2.824401e-01,2.825581e-01,2.827790e-01,2.828865e-01,2.828201e-01,2.827537e-01,2.829452e-01,2.831111e-01,2.833030e-01,2.837546e-01,2.836877e-01,2.838805e-01,2.839628e-01,2.842036e-01,2.843971e-01,2.845909e-01,2.847108e-01,2.846433e-01,2.845759e-01,2.844238e-01,2.846175e-01,2.846829e-01,2.846155e-01,2.844633e-01,2.846094e-01,2.846444e-01,2.847803e-01,2.846277e-01,2.844686e-01,2.846150e-01,2.846500e-01,2.845346e-01,2.843821e-01,2.845218e-01,2.843428e-01,2.842276e-01,2.843366e-01,2.842213e-01,2.839883e-01,2.838255e-01,2.836736e-01,2.835043e-01,2.832789e-01,2.827731e-01,2.825678e-01,2.826168e-01,2.822906e-01,2.820812e-01,2.817813e-01,2.815246e-01,2.811047e-01,1.759562e-02,1.759562e-02,1.759562e-02,1.759562e-02,1.759562e-02,1.759562e-02,1.759562e-02,1.759562e-02,1.759562e-02,1.759562e-02,1.759562e-02,1.759562e-02,1.759562e-02,1.759562e-02,1.759562e-02,1.759562e-02,1.759562e-02,1.759562e-02,1.759562e-02,1.759562e-02,1.759562e-02,1.759562e-02,1.759562e-02,1.759562e-02,1.759562e-02,1.759562e-02,1.759562e-02,1.759562e-02,1.759562e-02,1.759562e-02,1.759562e-02,1.759562e-02,1.759562e-02,1.759562e-02,1.759562e-02,1.759562e-02,1.759562e-02,1.759562e-02,1.759562e-02,1.759562e-02,1.759562e-02,1.759562e-02,1.759562e-02,1.759562e-02,1.759562e-02,1.759562e-02,1.759562e-02,1.759562e-02,1.759562e-02,1.759562e-02,1.759562e-02,1.759562e-02,1.759562e-02,1.759562e-02,1.759562e-02,1.759562e-02,1.759562e-02,1.759562e-02,1.759562e-02,1.759562e-02,1.759562e-02,1.759562e-02,1.759562e-02,1.759562e-02,1.759562e-02,1.759562e-02,1.759562e-02,1.759562e-02,1.759562e-02,1.759562e-02,1.759562e-02,1.759562e-02,1.759562e-02,1.759562e-02,1.759562e-02,1.759562e-02,1.759562e-02,1.759562e-02,1.759562e-02,1.759562e-02,1.759562e-02,1.759562e-02,1.759562e-02,1.759562e-02,1.759562e-02,1.759562e-02,1.759562e-02,1.759562e-02,1.759562e-02,1.759562e-02,1.759562e-02,1.759562e-02,1.759562e-02,1.759562e-02,1.759562e-02,1.759562e-02,1.759562e-02,1.759562e-02,1.759562e-02,1.759562e-02,1.759562e-02,1.759562e-02,1.759562e-02,1.759562e-02,1.759562e-02,1.759562e-02,1.759562e-02,1.759562e-02,1.759562e-02,1.759562e-02,1.759562e-02,1.759562e-02,1.759562e-02,1.759562e-02,1.759562e-02,1.759562e-02,1.759562e-02,1.759562e-02,1.759562e-02,1.759562e-02,1.759562e-02,1.759562e-02,1.759562e-02,1.759562e-02,1.759562e-02,1.759562e-02,1.759562e-02,1.759562e-02,1.759562e-02,1.759562e-02,1.759562e-02,1.759562e-02,1.759562e-02,1.759562e-02,1.759562e-02,1.759562e-02,1.759562e-02,1.759562e-02,1.759562e-02,1.759562e-02,1.759562e-02,1.759562e-02,1.759562e-02,1.759562e-02,1.759562e-02,1.759562e-02,1.759562e-02,1.759562e-02,1.759562e-02,1.759562e-02,1.759562e-02,1.759562e-02,1.759562e-02,1.759562e-02,1.759562e-02,1.759562e-02,1.759562e-02,1.759562e-02,1.759562e-02,1.759562e-02,1.759562e-02
2.542561e-02,2.540894e-02,2.538848e-02,2.536821e-02,2.534815e-02,2.534389e-02,2.535144e-02,2.534738e-02,2.535891e-02,2.536649e-02,2.537794e-02,2.538536e-02,2.541239e-02,2.543954e-02,2.546280e-02,2.549004e-02,2.551730e-02,2.554453e-02,2.557572e-02,2.561851e-02,2.564953e-02,2.568041e-02,2.572687e-02,2.576168e-02,2.581224e-02,2.585883e-02,2.590927e-02,2.596352e-02,2.601394e-02,2.607996e-02,2.614976e-02,2.621558e-02,2.630098e-02,2.638252e-02,2.646805e-02,2.655361e-02,2.663525e-02,2.672090e-02,2.682213e-02,2.690392e-02,2.698974e-02,2.707580e-02,2.715808e-02,2.722873e-02,2.731121e-02,2.738229e-02,2.745350e-02,2.750533e-02,2.757722e-02,2.763401e-02,2.768748e-02,2.774556e-02,2.778893e-02,2.783284e-02,2.787723e-02,2.792203e-02,2.797123e-02,2.801712e-02,2.804746e-02,2.809711e-02,2.814267e-02,2.818824e-02,2.823678e-02,2.828118e-02,2.832992e-02,2.837531e-02,2.842407e-02,2.847264e-02,2.851669e-02,2.856478e-02,2.861273e-02,2.865572e-02,2.868700e-02,2.873391e-02,2.876122e-02,2.880780e-02,2.885448e-02,2.890285e-02,2.894728e-02,2.901130e-02,2.907598e-02,2.915466e-02,2.923912e-02,2.932494e-02,2.942521e-02,2.954776e-02,2.965813e-02,2.976871e-02,2.990373e-02,3.004098e-02,3.017146e-02,3.030434e-02,3.046462e-02,3.061517e-02,3.077825e-02,3.094913e-02,3.113709e-02,3.133688e-02,3.153782e-02,3.177599e-02,3.203320e-02,3.231226e-02,3.261614e-02,3.293345e-02,3.330046e-02,3.369697e-02,3.413073e-02,3.461143e-02,3.514042e-02,3.572381e-02,3.634355e-02,3.702659e-02,3.774814e-02,3.856443e-02,3.944693e-02,4.035923e-02,4.134214e-02,4.235975e-02,4.342075e-02,4.451739e-02,4.564098e-02,4.675314e-02,4.786941e-02,4.894711e-02,4.997827e-02,5.093596e-02,5.182950e-02,5.263049e-02,5.336147e-02,5.394201e-02,5.447405e-02,5.487623e-02,5.523185e-02,5.545433e-02,5.563352e-02,5.572451e-02,5.578258e-02,5.573611e-02,5.570190e-02,5.559463e-02,5.550919e-02,5.537905e-02,5.522665e-02,5.512497e-02,5.502755e-02,5.494926e-02,5.488001e-02,5.486594e-02,5.482302e-02,5.482103e-02,5.481231e-02,5.479409e-02,5.476378e-02,5.475962e-02,5.471619e-02,5.461661e-02,5.444647e-02,5.427645e-02,5.409398e-02,5.388385e-02,5.370684e-02,5.351426e-02,5.329805e-02,5.304533e-02,5.276465e-02,5.244928e-02,5.211407e-02,5.174056e-02,5.136183e-02,5.096603e-02,5.055214e-02,5.014038e-02,4.973882e-02,4.937101e-02,4.901257e-02,4.865914e-02,4.834882e-02,4.806273e-02,4.780778e-02,4.757061e-02,4.735461e-02,4.715316e-02,4.697200e-02,4.680735e-02,4.667581e-02,4.653851e-02,4.642072e-02,4.631916e-02,4.623317e-02,4.613977e-02,4.608349e-02,4.602244e-02,4.598954e-02,4.594417e-02,4.591796e-02,4.590100e-02,4.587297e-02,4.586342e-02,4.585393e-02,4.584253e-02,4.582115e-02,4.579461e-02,4.576355e-02,4.572109e-02,4.566050e-02,4.561138e-02,4.553080e-02,4.543638e-02,4.533366e-02,4.520927e-02,4.509608e-02,4.496806e-02,4.485318e-02,4.472330e-02,4.459365e-02,4.447299e-02,4.436086e-02,4.424352e-02,4.415342e-02,4.407807e-02,4.402111e-02,4.396940e-02,4.393927e-02,4.391938e-02,4.391630e-02,4.391960e-02,4.393184e-02,4.395734e-02,4.398922e-02,4.402271e-02,4.405088e-02,4.408037e-02,4.409771e-02,4.408001e-02,4.406778e-02,4.403370e-02,4.398278e-02,4.390283e-02,4.381329e-02,4.370871e-02,4.361492e-02,4.351009e-02,4.340526e-02,4.329971e-02,4.320069e-02,4.310823e-02,4.303295e-02,4.296749e-02,4.291569e-02,4.288798e-02,4.286851e-02,4.286773e-02,4.285501e-02,4.285140e-02,4.284330e-02,4.283514e-02,4.281939e-02,4.279950e-02,4.277200e-02,4.272681e-02,4.269413e-02,4.266339e-02,4.262027e-02,4.260280e-02,4.259446e-02,4.259090e-02,4.260010e-02,4.261698e-02,4.264484e-02,4.269248e-02,4.273294e-02,4.279102e-02,4.284073e-02,4.290554e-02,4.297612e-02,4.304579e-02,4.312052e-02,4.319503e-02,4.328674e-02,4.337297e-02,4.345919e-02,4.356323e-02,4.367331e-02,4.382463e-02,4.398983e-02,4.420230e-02,4.447003e-02,4.482449e-02,4.527663e-02,4.585400e-02,4.660762e-02,4.753977e-02,4.870395e-02,5.010789e-02,5.177365e-02,5.368304e-02,5.586825e-02,5.831257e-02,6.100855e-02,6.389099e-02,6.700095e-02,7.028740e-02,7.368701e-02,7.720390e-02,8.081954e-02,8.449916e-02,8.825029e-02,9.205689e-02,9.592897e-02,9.992825e-02,1.039779e-01,1.080918e-01,1.122961e-01,1.165890e-01,1.209912e-01,1.254709e-01,1.300825e-01,1.347618e-01,1.395231e-01,1.443629e-01,1.494390e-01,1.544328e-01,1.595075e-01,1.645896e-01,1.697596e-01,1.749622e-01,1.801920e-01,1.854217e-01,1.906490e-01,1.958510e-01,2.010102e-01,2.061242e-01,2.111915e-01,2.162268e-01,2.211231e-01,2.258896e-01,2.305695e-01,2.350961e-01,2.394513e-01,2.437238e-01,2.478079e-01,2.515946e-01,2.552685e-01,2.586834e-01,2.620000e-01,2.650605e-01,2.680169e-01,2.707083e-01,2.732424e-01,2.756037e-01,2.778213e-01,2.799615e-01,2.821229e-01,2.843747e-01,2.865820e-01,2.888701e-01,2.911161e-01,2.933655e-01,2.956889e-01,2.979477e-01,3.002795e-01,3.024600e-01,3.046970e-01,3.069160e-01,3.090376e-01,3.111969e-01,3.133252e-01,3.154110e-01,3.173703e-01,3.193445e-01,3.212609e-01,3.231050e-01,3.248659e-01,3.265854e-01,3.281671e-01,3.296467e-01,3.310204e-01,3.322720e-01,3.333981e-01,3.343507e-01,3.352041e-01,3.357717e-01,3.364678e-01,3.371245e-01,3.377836e-01,3.384427e-01,3.390686e-01,3.397391e-01,3.403171e-01,3.409881e-01,3.416609e-01,3.422463e-01,3.429287e-01,3.435183e-01,3.441476e-01,3.447396e-01,3.453349e-01,3.460228e-01,3.466222e-01,3.471818e-01,3.477831e-01,3.483449e-01,3.489072e-01,3.494709e-01,3.499431e-01,3.505105e-01,3.510797e-01,3.516478e-01,3.522236e-01,3.526988e-01,3.532751e-01,3.537546e-01,3.542764e-01,3.548991e-01,3.554240e-01,3.559503e-01,3.564765e-01,3.570027e-01,3.575317e-01,3.581067e-01,3.586386e-01,3.591659e-01,3.597379e-01,3.601701e-01,3.607478e-01,3.612745e-01,3.616892e-01,3.622244e-01,3.627580e-01,3.632309e-01,3.636160e-01,3.640032e-01,3.644415e-01,3.647773e-01,3.651292e-01,3.655889e-01,3.659362e-01,3.662479e-01,3.666074e-01,3.670679e-01,3.674260e-01,3.677879e-01,3.681933e-01,3.685536e-01,3.689622e-01,3.693717e-01,3.697807e-01,3.701934e-01,3.706500e-01,3.710580e-01,3.715197e-01,3.719791e-01,3.723281e-01,3.727892e-01,3.731426e-01,3.736037e-01,3.740626e-01,3.744196e-01,3.748866e-01,3.752367e-01,3.757038e-01,3.760599e-01,3.764801e-01,3.768374e-01,3.771498e-01,3.774576e-01,3.778789e-01,3.781911e-01,3.784599e-01,3.787780e-01,3.791579e-01,3.794194e-01,3.796865e-01,3.799573e-01,3.801743e-01,3.804408e-01,3.807106e-01,3.809744e-01,3.812453e-01,3.815133e-01,3.818203e-01,3.820195e-01,3.823362e-01,3.826938e-01,3.830542e-01,3.833021e-01,3.836685e-01,3.840793e-01,3.844348e-01,3.847304e-01,3.850970e-01,3.854566e-01,3.857497e-01,3.860017e-01,3.863728e-01,3.866219e-01,3.869808e-01,3.872331e-01,3.876032e-01,3.878464e-01,3.880500e-01,3.882546e-01,3.884497e-01,3.886485e-01,3.888571e-01,3.890649e-01,3.892658e-01,3.894564e-01,3.896550e-01,3.898599e-01,3.900650e-01,3.902614e-01,3.904934e-01,3.907319e-01,3.909811e-01,3.912314e-01,3.914651e-01,3.916742e-01,3.919019e-01,3.921904e-01,3.924319e-01,3.926477e-01,3.928745e-01,3.930835e-01,3.933042e-01,3.935179e-01,3.937290e-01,3.939394e-01,3.941329e-01,3.942311e-01,3.943882e-01,3.945400e-01,3.947151e-01,3.948492e-01,3.949948e-01,3.951053e-01,3.951492e-01,3.952232e-01,3.952920e-01,3.954254e-01,3.954823e-01,3.954366e-01,3.954927e-01,3.955436e-01,3.956055e-01,3.956445e-01,3.956705e-01,3.957324e-01,3.958130e-01,3.957791e-01,3.954963e-01,3.954449e-01,3.954363e-01,3.953851e-01,3.953172e-01,3.952662e-01,3.952688e-01,3.952724e-01,3.953283e-01,3.954563e-01,3.954957e-01,3.954806e-01,3.956564e-01,3.958725e-01,3.961075e-01,3.962882e-01,3.964759e-01,3.966746e-01,3.969103e-01,3.970674e-01,3.972557e-01,3.974319e-01,3.975414e-01,3.976823e-01,3.977442e-01,3.978730e-01,3.980197e-01,3.981478e-01,3.982947e-01,3.985254e-01,3.987074e-01,3.989385e-01,3.991517e-01,3.994481e-01,3.997277e-01,4.000256e-01,4.003105e-01,4.006272e-01,4.009923e-01,4.012905e-01,4.016440e-01,4.019802e-01,4.023527e-01,4.026523e-01,4.029589e-01,4.033267e-01,4.036524e-01,4.039290e-01,4.042679e-01,4.045946e-01,4.048730e-01,4.051517e-01,4.054485e-01,4.057093e-01,4.059888e-01,4.062687e-01,4.065674e-01,4.068049e-01,4.071036e-01,4.074522e-01,4.077395e-01,4.080889e-01,4.083768e-01,4.087081e-01,4.090270e-01,4.094271e-01,4.097467e-01,4.100662e-01,4.103865e-01,4.107450e-01,4.110850e-01,4.114253e-01,4.117166e-01,4.120577e-01,4.123496e-01,4.126227e-01,4.128961e-01,4.131564e-01,4.133997e-01,4.136992e-01,4.139238e-01,4.140971e-01,4.142705e-01,4.144571e-01,4.146692e-01,4.148815e-01,4.150940e-01,4.152873e-01,4.155001e-01,4.156937e-01,4.158874e-01,4.160680e-01,4.163121e-01,4.164868e-01,4.166985e-01,4.169041e-01,4.171160e-01,4.173476e-01,4.175731e-01,4.178357e-01,4.180985e-01,4.183420e-01,4.186542e-01,4.188967e-01,4.192080e-01,4.194790e-01,4.197698e-01,4.200904e-01,4.203606e-01,4.206789e-01,4.209664e-01,4.212529e-01,4.215692e-01,4.218350e-01,4.221292e-01,4.223926e-01,4.226364e-01,4.228974e-01,4.231586e-01,4.233463e-01,4.235356e-01,4.237223e-01,4.238567e-01,4.240421e-01,4.241752e-01,4.242559e-01,4.243465e-01,4.244571e-01,4.245849e-01,4.246617e-01,4.247882e-01,4.248734e-01,4.249573e-01,4.250413e-01,4.251226e-01,4.252238e-01,4.253038e-01,4.254022e-01,4.254797e-01,4.255560e-01,4.256112e-01,4.256652e-01,4.257379e-01,4.258294e-01,4.258999e-01,4.259492e-01,4.259773e-01,4.260042e-01,4.260100e-01,4.260744e-01,4.261376e-01,4.262001e-01,4.262229e-01,4.262457e-01,4.263083e-01,4.263710e-01,4.264137e-01,4.264366e-01,4.264396e-01,4.264825e-01,4.265453e-01,4.265882e-01,4.265914e-01,4.265632e-01,4.266459e-01,4.267685e-01,4.268513e-01,4.268545e-01,4.268579e-01,4.269324e-01,4.269556e-01,4.270105e-01,4.270256e-01,4.270408e-01,4.270956e-01,4.271704e-01,4.271659e-01,4.270628e-01,4.269400e-01,4.268767e-01,4.268135e-01,4.266717e-01,4.263022e-01,4.259260e-01,4.255587e-01,4.252315e-01,4.249254e-01,4.246001e-01,4.241280e-01,4.235151e-01,4.226429e-01,4.217946e-01,4.211979e-01,4.206795e-01,4.200116e-01,4.190848e-01,4.181246e-01,4.174676e-01,4.170174e-01,4.166240e-01,4.161579e-01,4.156014e-01,4.151019e-01,4.146554e-01,4.141592e-01,4.138958e-01,4.138146e-01,4.137335e-01,4.137019e-01,4.136703e-01,4.136389e-01,4.136569e-01,4.136749e-01,4.138740e-01,4.138921e-01,4.140935e-01,4.143420e-01,4.145414e-01,4.145596e-01,4.147591e-01,4.149093e-01,4.150595e-01,4.150286e-01,4.149484e-01,4.150493e-01,4.151503e-01,4.152019e-01,4.153029e-01,4.154039e-01,4.152745e-01,4.153756e-01,4.154766e-01,4.155800e-01,4.155001e-01,4.156012e-01,4.155214e-01,4.156225e-01,4.157730e-01,4.158248e-01,4.157452e-01,4.158463e-01,4.158981e-01,4.159993e-01,4.158704e-01,4.159222e-01,4.159740e-01,4.160258e-01,4.160282e-01,4.160801e-01,4.161319e-01,4.163644e-01,4.164163e-01,4.164681e-01,4.165200e-01,4.165719e-01,4.166237e-01,4.165747e-01,4.168075e-01,4.168594e-01,4.169113e-01,4.169632e-01,4.170951e-01,4.170975e-01,4.173306e-01,4.173825e-01,4.173334e-01,4.173357e-01,4.176186e-01,4.177507e-01,4.178050e-01,4.179869e-01,4.180886e-01,4.181903e-01,4.182405e-01,4.183919e-01,4.186238e-01,4.187754e-01,4.188256e-01,4.190270e-01,4.192592e-01,4.193592e-01,4.197431e-01,4.197934e-01,4.199952e-01,4.202303e-01,4.203824e-01,4.206153e-01,4.206657e-01,4.208180e-01,4.208184e-01,4.209208e-01,4.211039e-01,4.210544e-01,4.212896e-01,4.212400e-01,4.213733e-01,4.213757e-01,4.213262e-01,4.214594e-01,4.215119e-01,4.214624e-01,4.215981e-01,4.217006e-01,4.218840e-01,4.218846e-01,4.219872e-01,4.219878e-01,4.220905e-01,4.220911e-01,4.221420e-01,4.224275e-01,4.224282e-01,4.224791e-01,4.227649e-01,4.227656e-01,4.228684e-01,4.228692e-01,4.228700e-01,4.229729e-01,4.229261e-01,4.230290e-01,4.229797e-01,4.228999e-01,4.228508e-01,4.227211e-01,4.226722e-01,4.225428e-01,4.224439e-01,4.224966e-01,4.222661e-01,4.223188e-01,4.221900e-01,4.219602e-01,4.218346e-01,4.217064e-01,4.216583e-01,4.215304e-01,4.214026e-01,4.213547e-01,4.212273e-01,4.211000e-01,4.209729e-01,4.207458e-01,4.206191e-01,4.204926e-01,4.203663e-01,4.200614e-01,4.199356e-01,4.196318e-01,4.195065e-01,4.194805e-01,4.189799e-01,4.189543e-01,4.187516e-01,4.185492e-01,4.181708e-01,4.178712e-01,4.174946e-01,4.171965e-01,4.168991e-01,4.166997e-01,4.162292e-01,4.159339e-01,4.154659e-01,4.150959e-01,4.146306e-01,4.141668e-01,4.137045e-01,4.132437e-01,4.127880e-01,4.120657e-01,4.115353e-01,4.108188e-01,4.103670e-01,4.099165e-01,4.093938e-01,4.088729e-01,4.080035e-01,4.072308e-01,4.064619e-01,4.059511e-01,4.053512e-01,4.048255e-01,4.040212e-01,4.030182e-01,4.020216e-01,4.012083e-01,4.002929e-01,3.996274e-01,3.989649e-01,3.985949e-01,3.979838e-01,3.973754e-01,3.967016e-01,3.957923e-01,3.947365e-01,3.936038e-01,3.925634e-01,3.916622e-01,3.911465e-01,3.902543e-01,3.896788e-01,3.888321e-01,3.881360e-01,3.872980e-01,3.866897e-01,3.858599e-01,3.852575e-01,3.844523e-01,3.840650e-01,3.838025e-01,3.833828e-01,3.825272e-01,3.814747e-01,3.806899e-01,3.798651e-01,3.788306e-01,3.779553e-01,3.767699e-01,3.755461e-01,3.740807e-01,3.722984e-01,3.702689e-01,3.684794e-01,3.661459e-01,3.634722e-01,3.611568e-01,3.584064e-01,3.556656e-01,3.524813e-01,3.501716e-01,3.464781e-01,3.426435e-01,3.384123e-01,3.348586e-01,3.298992e-01,3.250368e-01,3.203168e-01,3.150315e-01,3.112727e-01,3.060403e-01,3.011334e-01,2.963314e-01,2.910407e-01,2.858898e-01,2.824613e-01,2.783581e-01,2.731197e-01,2.687181e-01,2.644164e-01,2.609045e-01,2.568924e-01,2.529742e-01,2.492728e-01,2.461906e-01,2.435957e-01,2.405986e-01,2.376884e-01,2.353271e-01,2.325537e-01,2.302696e-01,2.280392e-01,2.259102e-01,2.242216e-01,2.225908e-01,2.209339e-01,2.193216e-01,2.177652e-01,2.165765e-01,2.154444e-01,2.142959e-01,2.131375e-01,2.120404e-01,2.112954e-01,2.102314e-01,2.091754e-01,2.084588e-01,2.077494e-01,2.073917e-01,2.067361e-01,2.060617e-01,2.057308e-01,2.051088e-01,2.047766e-01,2.044806e-01,2.041584e-01,2.038485e-01,2.035572e-01,2.032571e-01,2.029520e-01,2.026405e-01,2.026297e-01,2.023264e-01,2.023491e-01,2.023719e-01,2.024012e-01,2.021262e-01,2.021325e-01,2.021784e-01,2.022013e-01,2.025550e-01,2.025843e-01,2.026487e-01,2.026862e-01,2.030493e-01,2.030868e-01,2.034678e-01,2.038334e-01,2.042404e-01,2.043300e-01,2.046878e-01,2.053630e-01,2.057837e-01,2.061741e-01,2.068660e-01,2.075563e-01,2.082759e-01,2.092957e-01,2.100285e-01,2.107525e-01,2.117883e-01,2.124891e-01,2.135630e-01,2.146162e-01,2.153456e-01,2.167666e-01,2.175324e-01,2.186317e-01,2.197251e-01,2.205278e-01,2.220384e-01,2.228059e-01,2.239264e-01,2.250890e-01,2.262795e-01,2.271023e-01,2.282956e-01,2.295113e-01,2.303835e-01,2.320487e-01,2.329200e-01,2.342087e-01,2.355458e-01,2.368565e-01,2.378094e-01,2.391450e-01,2.405894e-01,2.419867e-01,2.429702e-01,2.443624e-01,2.458372e-01,2.468014e-01,2.483287e-01,2.493971e-01,2.509689e-01,2.519997e-01,2.530772e-01,2.546372e-01,2.557126e-01,2.567985e-01,2.584737e-01,2.595871e-01,2.607418e-01,2.618994e-01,2.630472e-01,2.647573e-01,2.654318e-01,2.672196e-01,2.684776e-01,2.691086e-01,2.703215e-01,2.722205e-01,2.729070e-01,2.741941e-01,2.754729e-01,2.767884e-01,2.781279e-01,2.788464e-01,2.801994e-01,2.815733e-01,2.822984e-01,2.837320e-01,2.845484e-01,2.859556e-01,2.874634e-01,2.882876e-01,2.898604e-01,2.906745e-01,2.921085e-01,2.929356e-01,2.945232e-01,2.953208e-01,2.961326e-01,2.976826e-01,2.985056e-01,2.993018e-01,3.008122e-01,3.016201e-01,3.024347e-01,3.032193e-01,3.048173e-01,3.056162e-01,3.064199e-01,3.072631e-01,3.080767e-01,3.088953e-01,3.097994e-01,3.105925e-01,3.111359e-01,3.118815e-01,3.125947e-01,3.133387e-01,3.140588e-01,3.148670e-01,3.155009e-01,3.164386e-01,3.170888e-01,3.178658e-01,3.185108e-01,3.192564e-01,3.200330e-01,3.208230e-01,3.215290e-01,3.223663e-01,3.232051e-01,3.237826e-01,3.247216e-01,3.252542e-01,3.260208e-01,3.267498e-01,3.273530e-01,3.280514e-01,3.287926e-01,3.295618e-01,3.300766e-01,3.307590e-01,3.313828e-01,3.319277e-01,3.323239e-01,3.329160e-01,3.334100e-01,3.341943e-01,3.348036e-01,3.354561e-01,3.362608e-01,3.368744e-01,3.372743e-01,3.378486e-01,3.383059e-01,3.388289e-01,3.394366e-01,3.400374e-01,3.404661e-01,3.410914e-01,3.415977e-01,3.422155e-01,3.427342e-01,3.432401e-01,3.435129e-01,3.441286e-01,3.443908e-01,3.448705e-01,3.452850e-01,3.458704e-01,3.462962e-01,3.467721e-01,3.470960e-01,3.475247e-01,3.478409e-01,3.483762e-01,3.485888e-01,3.490675e-01,3.495597e-01,3.499853e-01,3.505269e-01,3.508483e-01,3.511667e-01,3.516049e-01,3.518210e-01,3.522008e-01,3.524176e-01,3.527985e-01,3.528480e-01,3.533308e-01,3.536177e-01,3.540527e-01,3.542195e-01,3.545471e-01,3.547749e-01,3.551034e-01,3.551081e-01,3.554569e-01,3.556446e-01,3.559818e-01,3.561572e-01,3.564955e-01,3.566227e-01,3.569490e-01,3.569046e-01,3.573059e-01,3.573102e-01,3.574048e-01,3.574622e-01,3.576802e-01,3.574834e-01,3.576396e-01,3.575174e-01,3.577151e-01,3.574570e-01,3.574412e-01,3.573681e-01,3.574012e-01,3.572181e-01,3.571412e-01,3.569659e-01,3.569990e-01,3.567429e-01,3.567761e-01,3.565206e-01,3.564858e-01,3.565358e-01,3.573567e-01,3.571006e-01,3.571267e-01,3.570150e-01,3.568710e-01,3.566576e-01,3.565751e-01,3.564233e-01,3.563285e-01,3.561167e-01,3.559746e-01,3.555541e-01,3.554519e-01,3.552699e-01,3.549595e-01,3.547185e-01,3.545166e-01,3.540132e-01,3.539280e-01,3.535331e-01,3.533136e-01,3.530856e-01,3.529048e-01,3.524629e-01,3.522363e-01,3.517999e-01,3.515248e-01,3.512415e-01,3.507499e-01,3.503730e-01,3.500462e-01,3.495131e-01,3.492429e-01,3.489307e-01,3.486072e-01,3.482483e-01,3.479265e-01,3.474466e-01,3.472492e-01,3.468401e-01,3.464204e-01,3.460020e-01,3.457107e-01,3.452944e-01,3.450913e-01,3.447327e-01,3.445395e-01,3.440389e-01,3.437823e-01,3.433241e-01,3.430741e-01,3.428155e-01,3.425141e-01,3.422134e-01,3.420114e-01,3.416236e-01,3.416143e-01,3.413817e-01,3.411533e-01,3.409104e-01,3.408880e-01,3.406810e-01,3.406046e-01,3.401955e-01,3.400768e-01,3.401084e-01,3.397546e-01,3.395402e-01,3.393151e-01,3.390056e-01,3.387361e-01,3.384795e-01,3.382953e-01,3.378796e-01,3.374933e-01,3.371638e-01,3.368045e-01,3.362892e-01,3.359630e-01,3.355965e-01,3.350863e-01,3.344470e-01,3.339541e-01,3.336874e-01,3.331569e-01,3.325775e-01,3.320005e-01,3.315165e-01,3.311366e-01,3.305259e-01,3.301471e-01,3.297708e-01,3.294833e-01,3.290082e-01,3.286336e-01,3.283486e-01,3.281135e-01,3.278296e-01,3.275453e-01,3.273117e-01,3.273406e-01,3.274195e-01,3.270875e-01,3.270188e-01,3.269115e-01,3.267556e-01,3.269097e-01,3.268899e-01,3.267728e-01,3.267045e-01,3.266166e-01,3.265484e-01,3.263348e-01,3.262084e-01,3.259472e-01,3.257731e-01,3.256093e-01,3.256284e-01,3.255993e-01,3.255125e-01,3.256560e-01,3.256551e-01,3.257124e-01,3.256834e-01,3.258164e-01,3.258540e-01,3.259977e-01,3.262385e-01,3.263342e-01,3.264681e-01,3.267377e-01,3.268342e-01,3.270662e-01,3.271621e-01,3.273560e-01,3.274046e-01,3.274251e-01,3.273861e-01,3.273572e-01,3.272905e-01,3.271853e-01,3.270605e-01,3.270808e-01,3.270627e-01,3.272187e-01,3.270164e-01,3.269887e-01,3.268836e-01,3.268170e-01,3.269343e-01,3.268192e-01,3.267525e-01,3.268106e-01,3.267237e-01,3.267540e-01,3.267252e-01,3.266475e-01,3.263487e-01,3.263196e-01,3.261562e-01,3.260308e-01,3.255229e-01,3.253600e-01,3.251119e-01,3.247694e-01,3.245327e-01,3.242966e-01,3.238344e-01,3.234214e-01,3.229825e-01,3.223116e-01,3.216542e-01,3.207420e-01,3.196461e-01,3.190118e-01,3.183257e-01,3.176079e-01,3.160575e-01,3.144810e-01,3.137387e-01,3.122399e-01,3.099507e-01,3.083997e-01,3.069238e-01,3.047292e-01,3.025201e-01,3.003570e-01,2.981556e-01,2.960187e-01,2.925476e-01,2.904728e-01,2.858095e-01,2.824938e-01,2.788088e-01,2.757804e-01,2.716574e-01,2.683158e-01,2.640128e-01,2.600637e-01,2.541376e-01,2.493873e-01,2.448669e-01,2.396589e-01,2.350580e-01,2.295271e-01,2.245638e-01,2.168257e-01,2.112186e-01,2.056375e-01,2.003865e-01,1.941869e-01,1.890900e-01,1.812753e-01,1.757514e-01,1.706027e-01,1.656155e-01,1.604836e-01,1.543210e-01,1.496169e-01,1.454986e-01,1.415534e-01,1.376721e-01,1.331228e-01,1.298193e-01,1.269057e-01,1.242590e-01,1.219571e-01,1.186807e-01,1.167297e-01,1.149242e-01,1.130644e-01,1.112004e-01,1.094214e-01,1.082336e-01,1.070989e-01,1.059983e-01,1.049289e-01,1.039101e-01,1.033727e-01,1.024200e-01,1.019276e-01,1.010318e-01,1.006020e-01,1.001590e-01,9.974577e-02,9.935683e-02,9.897595e-02,9.860238e-02,9.860567e-02,9.823020e-02,9.823316e-02,9.788898e-02,9.788647e-02,9.789366e-02,9.791856e-02,9.756279e-02,9.757045e-02,9.756050e-02,9.757016e-02,9.792562e-02,9.792360e-02,9.791794e-02,9.789095e-02,9.824930e-02,9.823198e-02,9.860167e-02,9.860011e-02,9.897047e-02,9.936627e-02,9.938429e-02,9.980469e-02,1.002294e-01,1.006599e-01,1.011199e-01,1.011710e-01,1.016512e-01,1.021287e-01,1.026196e-01,1.031056e-01,1.036075e-01,1.041060e-01,1.046305e-01,1.051410e-01,1.056588e-01,1.061852e-01,1.067182e-01,1.072413e-01,1.077912e-01,1.083483e-01,1.089081e-01,1.094801e-01,1.105891e-01,1.106456e-01,1.117973e-01,1.124169e-01,1.124804e-01,1.135102e-01,1.141475e-01,1.149224e-01,1.154760e-01,1.163993e-01,1.169624e-01,1.174716e-01,1.183859e-01,1.190577e-01,1.198657e-01,1.204794e-01,1.214383e-01,1.219980e-01,1.229284e-01,1.235942e-01,1.241703e-01,1.251286e-01,1.258137e-01,1.267363e-01,1.273402e-01,1.282807e-01,1.288850e-01,1.297762e-01,1.304893e-01,1.312880e-01,1.319291e-01,1.328547e-01,1.335176e-01,1.343754e-01,1.350293e-01,1.359259e-01,1.365382e-01,1.374701e-01,1.381818e-01,1.387259e-01,1.396999e-01,1.406923e-01,1.413661e-01,1.422637e-01,1.429572e-01,1.438769e-01,1.444676e-01,1.454260e-01,1.460196e-01,1.468670e-01,1.474617e-01,1.484450e-01,1.490497e-01,1.499037e-01,1.505024e-01,1.514081e-01,1.518681e-01,1.526798e-01,1.533080e-01,1.540814e-01,1.550058e-01,1.554377e-01,1.562394e-01,1.567610e-01,1.576455e-01,1.579482e-01,1.587837e-01,1.595459e-01,1.600960e-01,1.607194e-01,1.611927e-01,1.620729e-01,1.623971e-01,1.632042e-01,1.638586e-01,1.643554e-01,1.650214e-01,1.653602e-01,1.661305e-01,1.669853e-01,1.673119e-01,1.680085e-01,1.683626e-01,1.688940e-01,1.696071e-01,1.699693e-01,1.706937e-01,1.711630e-01,1.717390e-01,1.723194e-01,1.727225e-01,1.733332e-01,1.742212e-01,1.744392e-01,1.753634e-01,1.755843e-01,1.764765e-01,1.772047e-01,1.775183e-01,1.782337e-01,1.789330e-01,1.794348e-01,1.800367e-01,1.807545e-01,1.812696e-01,1.817652e-01,1.826201e-01,1.829340e-01,1.836096e-01,1.843880e-01,1.848848e-01,1.854537e-01,1.864238e-01,1.868016e-01,1.875353e-01,1.881713e-01,1.886856e-01,1.894416e-01,1.900676e-01,1.904615e-01,1.912040e-01,1.918191e-01,1.923374e-01,1.927174e-01,1.934810e-01,1.941136e-01,1.946163e-01,1.950069e-01,1.957983e-01,1.961944e-01,1.967350e-01,1.973930e-01,1.979414e-01,1.983535e-01,1.989330e-01,1.996082e-01,2.001709e-01,2.005626e-01,2.011316e-01,2.018057e-01,2.021097e-01,2.029392e-01,2.033442e-01,2.039068e-01,2.041927e-01,2.047675e-01,2.051562e-01,2.057313e-01,2.063104e-01,2.064440e-01,2.070346e-01,2.076227e-01,2.079216e-01,2.083515e-01,2.086530e-01,2.092524e-01,2.095637e-01,2.101696e-01,2.107797e-01,2.113942e-01,2.115359e-01,2.121557e-01,2.125037e-01,2.131303e-01,2.134488e-01,2.137684e-01,2.142352e-01,2.145313e-01,2.148549e-01,2.154986e-01,2.157993e-01,2.161081e-01,2.162310e-01,2.168851e-01,2.171643e-01,2.174783e-01,2.176035e-01,2.179121e-01,2.181952e-01,2.183020e-01,2.186134e-01,2.188992e-01,2.191862e-01,2.194743e-01,2.197635e-01,2.198730e-01,2.197995e-01,2.200903e-01,2.203822e-01,2.206754e-01,2.209769e-01,2.212453e-01,2.215420e-01,2.214680e-01,2.217386e-01,2.220103e-01,2.222633e-01,2.221618e-01,2.224085e-01,2.226290e-01,2.225074e-01,2.227014e-01,2.228965e-01,2.227400e-01,2.231330e-01,2.229562e-01,2.231535e-01,2.229691e-01,2.233658e-01,2.232159e-01,2.234154e-01,2.234576e-01,2.236586e-01,2.235284e-01,2.239387e-01,2.237808e-01,2.238242e-01,2.240281e-01,2.244158e-01,2.244331e-01,2.246124e-01,2.246304e-01,2.244438e-01,2.248021e-01,2.246224e-01,2.250108e-01,2.250303e-01,2.248429e-01,2.252623e-01,2.251025e-01,2.251857e-01,2.252341e-01,2.251298e-01,2.252342e-01,2.253389e-01,2.252416e-01,2.254024e-01,2.253258e-01,2.258641e-01,2.258225e-01,2.260127e-01,2.262034e-01,2.262107e-01,2.264298e-01,2.264443e-01,2.266921e-01,2.267274e-01,2.269758e-01,2.270184e-01,2.272673e-01,2.273309e-01,2.276086e-01,2.276795e-01,2.277432e-01,2.280216e-01,2.277007e-01,2.277717e-01,2.278635e-01,2.281418e-01,2.282056e-01,2.282767e-01,2.283687e-01,2.284325e-01,2.282814e-01,2.279684e-01,2.280321e-01,2.278821e-01,2.277043e-01,2.271746e-01,2.272454e-01,2.270692e-01,2.266825e-01,2.261596e-01,2.259858e-01,2.256113e-01,2.250673e-01,2.246617e-01,2.244910e-01,2.237221e-01,2.233224e-01,2.225700e-01,2.221752e-01,2.212262e-01,2.208371e-01,2.198743e-01,2.194908e-01,2.187617e-01,2.182178e-01,2.175058e-01,2.166306e-01,2.162877e-01,2.154248e-01,2.147550e-01,2.142359e-01,2.135754e-01,2.127393e-01,2.124187e-01,2.115940e-01,2.112714e-01,2.106339e-01,2.098000e-01,2.091471e-01,2.084990e-01,2.078557e-01,2.075277e-01,2.068654e-01,2.062340e-01,2.054411e-01,2.048201e-01,2.046616e-01,2.040463e-01,2.035976e-01,2.027014e-01,2.022916e-01,2.016934e-01,2.015407e-01,2.011053e-01,2.006466e-01,2.002158e-01,1.996066e-01,1.991810e-01,1.987322e-01,1.981332e-01,1.975383e-01,1.968287e-01,1.963974e-01,1.955241e-01,1.949468e-01,1.945190e-01,1.940934e-01,1.932677e-01,1.928482e-01,1.924306e-01,1.920151e-01,1.913497e-01,1.907999e-01,1.901441e-01,1.897396e-01,1.893370e-01,1.889363e-01,1.882949e-01,1.879042e-01,1.872952e-01,1.870371e-01,1.864104e-01,1.861549e-01,1.856655e-01,1.855184e-01,1.850326e-01,1.847811e-01,1.844040e-01,1.842586e-01,1.835270e-01,1.835100e-01,1.830113e-01,1.826413e-01,1.823724e-01,1.821302e-01,1.818386e-01,1.813201e-01,1.807356e-01,1.804479e-01,1.800641e-01,1.795601e-01,1.790589e-01,1.788964e-01,1.780601e-01,1.775433e-01,1.772645e-01,1.767755e-01,1.761444e-01,1.756614e-01,1.752723e-01,1.743563e-01,1.739727e-01,1.735012e-01,1.730555e-01,1.724734e-01,1.716377e-01,1.713984e-01,1.708510e-01,1.704426e-01,1.700364e-01,1.696323e-01,1.690360e-01,1.687430e-01,1.683689e-01,1.680785e-01,1.677078e-01,1.670719e-01,1.669902e-01,1.665215e-01,1.661591e-01,1.657987e-01,1.655410e-01,1.649477e-01,1.646934e-01,1.645393e-01,1.641876e-01,1.639361e-01,1.631602e-01,1.629351e-01,1.626884e-01,1.624427e-01,1.618551e-01,1.615175e-01,1.611816e-01,1.606571e-01,1.604187e-01,1.598236e-01,1.594962e-01,1.589845e-01,1.587300e-01,1.579912e-01,1.578789e-01,1.573790e-01,1.568798e-01,1.566327e-01,1.559163e-01,1.555859e-01,1.551027e-01,1.548590e-01,1.540988e-01,1.537772e-01,1.533908e-01,1.530725e-01,1.523092e-01,1.519745e-01,1.515171e-01,1.511835e-01,1.504446e-01,1.498757e-01,1.494088e-01,1.491442e-01,1.483829e-01,1.480447e-01,1.475473e-01,1.471913e-01,1.464083e-01,1.259703e-02,1.259703e-02,1.259703e-02,1.259703e-02,1.259703e-02,1.259703e-02,1.259703e-02,1.259703e-02,1.259703e-02,1.259703e-02,1.259703e-02,1.259703e-02,1.259703e-02,1.259703e-02,1.259703e-02,1.259703e-02,1.259703e-02,1.259703e-02,1.259703e-02,1.259703e-02,1.259703e-02,1.259703e-02,1.259703e-02,1.259703e-02,1.259703e-02,1.259703e-02,1.259703e-02,1.259703e-02,1.259703e-02,1.259703e-02,1.259703e-02,1.259703e-02,1.259703e-02,1.259703e-02,1.259703e-02,1.259703e-02,1.259703e-02,1.259703e-02,1.259703e-02,1.259703e-02,1.259703e-02,1.259703e-02,1.259703e-02,1.259703e-02,1.259703e-02,1.259703e-02,1.259703e-02,1.259703e-02,1.259703e-02,1.259703e-02,1.259703e-02,1.259703e-02,1.259703e-02,1.259703e-02,1.259703e-02,1.259703e-02,1.259703e-02,1.259703e-02,1.259703e-02,1.259703e-02,1.259703e-02,1.259703e-02,1.259703e-02,1.259703e-02,1.259703e-02,1.259703e-02,1.259703e-02,1.259703e-02,1.259703e-02,1.259703e-02,1.259703e-02,1.259703e-02,1.259703e-02,1.259703e-02,1.259703e-02,1.259703e-02,1.259703e-02,1.259703e-02,1.259703e-02,1.259703e-02,1.259703e-02,1.259703e-02,1.259703e-02,1.259703e-02,1.259703e-02,1.259703e-02,1.259703e-02,1.259703e-02,1.259703e-02,1.259703e-02,1.259703e-02,1.259703e-02,1.259703e-02,1.259703e-02,1.259703e-02,1.259703e-02,1.259703e-02,1.259703e-02,1.259703e-02,1.259703e-02,1.259703e-02,1.259703e-02,1.259703e-02,1.259703e-02,1.259703e-02,1.259703e-02,1.259703e-02,1.259703e-02,1.259703e-02,1.259703e-02,1.259703e-02,1.259703e-02,1.259703e-02,1.259703e-02,1.259703e-02,1.259703e-02,1.259703e-02,1.259703e-02,1.259703e-02,1.259703e-02,1.259703e-02,1.259703e-02,1.259703e-02,1.259703e-02,1.259703e-02,1.259703e-02,1.259703e-02,1.259703e-02,1.259703e-02,1.259703e-02,1.259703e-02,1.259703e-02,1.259703e-02,1.259703e-02,1.259703e-02,1.259703e-02,1.259703e-02,1.259703e-02,1.259703e-02,1.259703e-02,1.259703e-02,1.259703e-02,1.259703e-02,1.259703e-02,1.259703e-02,1.259703e-02,1.259703e-02,1.259703e-02,1.259703e-02,1.259703e-02,1.259703e-02,1.259703e-02,1.259703e-02,1.259703e-02,1.259703e-02,1.259703e-02,1.259703e-02,1.259703e-02,1.259703e-02,1.259703e-02,1.259703e-02
2.838566e-02,2.833437e-02,2.828687e-02,2.823732e-02,2.818798e-02,2.815247e-02,2.811692e-02,2.808827e-02,2.806135e-02,2.803286e-02,2.801188e-02,2.797418e-02,2.794307e-02,2.791144e-02,2.787183e-02,2.784431e-02,2.781688e-02,2.778734e-02,2.776525e-02,2.773393e-02,2.770487e-02,2.767032e-02,2.763572e-02,2.760732e-02,2.758829e-02,2.756525e-02,2.754966e-02,2.753465e-02,2.751741e-02,2.750171e-02,2.748193e-02,2.745260e-02,2.743300e-02,2.741011e-02,2.739809e-02,2.738547e-02,2.736378e-02,2.735269e-02,2.733936e-02,2.731978e-02,2.731065e-02,2.731306e-02,2.731408e-02,2.731605e-02,2.731901e-02,2.733385e-02,2.734804e-02,2.735489e-02,2.738151e-02,2.741788e-02,2.745841e-02,2.751513e-02,2.757935e-02,2.764528e-02,2.771220e-02,2.777983e-02,2.785523e-02,2.792848e-02,2.799884e-02,2.807699e-02,2.814628e-02,2.821838e-02,2.829268e-02,2.835711e-02,2.843650e-02,2.850882e-02,2.858380e-02,2.865761e-02,2.871951e-02,2.878212e-02,2.884017e-02,2.887954e-02,2.891697e-02,2.894641e-02,2.896225e-02,2.898178e-02,2.899802e-02,2.902072e-02,2.903406e-02,2.905570e-02,2.908345e-02,2.912123e-02,2.917724e-02,2.924578e-02,2.932494e-02,2.943081e-02,2.955757e-02,2.969243e-02,2.986142e-02,3.004650e-02,3.026255e-02,3.048608e-02,3.073650e-02,3.100403e-02,3.129453e-02,3.160155e-02,3.193917e-02,3.229978e-02,3.268274e-02,3.310002e-02,3.354580e-02,3.401423e-02,3.451857e-02,3.505703e-02,3.563846e-02,3.625449e-02,3.690923e-02,3.763672e-02,3.843868e-02,3.925564e-02,4.013346e-02,4.103997e-02,4.200134e-02,4.309696e-02,4.427216e-02,4.544757e-02,4.669962e-02,4.803438e-02,4.945285e-02,5.095523e-02,5.254539e-02,5.415144e-02,5.584135e-02,5.755143e-02,5.934823e-02,6.114633e-02,6.299821e-02,6.486291e-02,6.681033e-02,6.871744e-02,7.070949e-02,7.265879e-02,7.473448e-02,7.674845e-02,7.885969e-02,8.092421e-02,8.308606e-02,8.514396e-02,8.730935e-02,8.940475e-02,9.161735e-02,9.370392e-02,9.573043e-02,9.795137e-02,1.000878e-01,1.023368e-01,1.044817e-01,1.067639e-01,1.089162e-01,1.110655e-01,1.132314e-01,1.152134e-01,1.170344e-01,1.190072e-01,1.206573e-01,1.218785e-01,1.224851e-01,1.230447e-01,1.233205e-01,1.233962e-01,1.234818e-01,1.237029e-01,1.237573e-01,1.238748e-01,1.239285e-01,1.239786e-01,1.239643e-01,1.237939e-01,1.236717e-01,1.235209e-01,1.233171e-01,1.230744e-01,1.227989e-01,1.225387e-01,1.222704e-01,1.219992e-01,1.217383e-01,1.215291e-01,1.213420e-01,1.211819e-01,1.210335e-01,1.209663e-01,1.209025e-01,1.208571e-01,1.208148e-01,1.208198e-01,1.208469e-01,1.208596e-01,1.208923e-01,1.209485e-01,1.210408e-01,1.211367e-01,1.212545e-01,1.213029e-01,1.214826e-01,1.216890e-01,1.218965e-01,1.221273e-01,1.223536e-01,1.225647e-01,1.226272e-01,1.227634e-01,1.228536e-01,1.228638e-01,1.226884e-01,1.225520e-01,1.223441e-01,1.219384e-01,1.215822e-01,1.211596e-01,1.207040e-01,1.201095e-01,1.195808e-01,1.190274e-01,1.183512e-01,1.177925e-01,1.171423e-01,1.166113e-01,1.161157e-01,1.155804e-01,1.152172e-01,1.148032e-01,1.145690e-01,1.143005e-01,1.141895e-01,1.140470e-01,1.139543e-01,1.140251e-01,1.140270e-01,1.141401e-01,1.141290e-01,1.141829e-01,1.140648e-01,1.138286e-01,1.135719e-01,1.130644e-01,1.124985e-01,1.116357e-01,1.106400e-01,1.095612e-01,1.082837e-01,1.068795e-01,1.054759e-01,1.039120e-01,1.023247e-01,1.007140e-01,9.922233e-02,9.772713e-02,9.631196e-02,9.513905e-02,9.399910e-02,9.301288e-02,9.208679e-02,9.125823e-02,9.032361e-02,8.928962e-02,8.813973e-02,8.684192e-02,8.533336e-02,8.360045e-02,8.173480e-02,7.965034e-02,7.756071e-02,7.536203e-02,7.318230e-02,7.106060e-02,6.897641e-02,6.713935e-02,6.543715e-02,6.401569e-02,6.269417e-02,6.164367e-02,6.077922e-02,6.008790e-02,5.951258e-02,5.918809e-02,5.893256e-02,5.899653e-02,5.922513e-02,5.995652e-02,6.097856e-02,6.288459e-02,6.515748e-02,6.843947e-02,7.219265e-02,7.694631e-02,8.226309e-02,8.825593e-02,9.480828e-02,1.021365e-01,1.099127e-01,1.181671e-01,1.268626e-01,1.361222e-01,1.455462e-01,1.550633e-01,1.647439e-01,1.746431e-01,1.843510e-01,1.938572e-01,2.032341e-01,2.126670e-01,2.215326e-01,2.300630e-01,2.382968e-01,2.462041e-01,2.538265e-01,2.611706e-01,2.682819e-01,2.757672e-01,2.825391e-01,2.891265e-01,2.955843e-01,3.019090e-01,3.081417e-01,3.142391e-01,3.202578e-01,3.261615e-01,3.319588e-01,3.376670e-01,3.441959e-01,3.497206e-01,3.551591e-01,3.601859e-01,3.653975e-01,3.704985e-01,3.754929e-01,3.804632e-01,3.852285e-01,3.898754e-01,3.944002e-01,3.987979e-01,4.031037e-01,4.073086e-01,4.112351e-01,4.151670e-01,4.190071e-01,4.227276e-01,4.261957e-01,4.297285e-01,4.331486e-01,4.361271e-01,4.391902e-01,4.419739e-01,4.448527e-01,4.474576e-01,4.501668e-01,4.526017e-01,4.551341e-01,4.574272e-01,4.598205e-01,4.618754e-01,4.639447e-01,4.662249e-01,4.683295e-01,4.706429e-01,4.727839e-01,4.749275e-01,4.772851e-01,4.794497e-01,4.818359e-01,4.838094e-01,4.859920e-01,4.881760e-01,4.901445e-01,4.923167e-01,4.944899e-01,4.966558e-01,4.985910e-01,5.007272e-01,5.028576e-01,5.049676e-01,5.070522e-01,5.091298e-01,5.111697e-01,5.131812e-01,5.151663e-01,5.171116e-01,5.190192e-01,5.208783e-01,5.227039e-01,5.239997e-01,5.255653e-01,5.271316e-01,5.287097e-01,5.302989e-01,5.319006e-01,5.335263e-01,5.348861e-01,5.365238e-01,5.381777e-01,5.395717e-01,5.412577e-01,5.426721e-01,5.441004e-01,5.455300e-01,5.469732e-01,5.487073e-01,5.501720e-01,5.516380e-01,5.531233e-01,5.546055e-01,5.560938e-01,5.575972e-01,5.588155e-01,5.603329e-01,5.618609e-01,5.633966e-01,5.649547e-01,5.662018e-01,5.677712e-01,5.690387e-01,5.703187e-01,5.719230e-01,5.732198e-01,5.745242e-01,5.758318e-01,5.771425e-01,5.784655e-01,5.798111e-01,5.811499e-01,5.824783e-01,5.838250e-01,5.848472e-01,5.862175e-01,5.875572e-01,5.885382e-01,5.899108e-01,5.912822e-01,5.925933e-01,5.936111e-01,5.946384e-01,5.959773e-01,5.969746e-01,5.980256e-01,5.994438e-01,6.004861e-01,6.015468e-01,6.026338e-01,6.040704e-01,6.051590e-01,6.062629e-01,6.073786e-01,6.084827e-01,6.096142e-01,6.107512e-01,6.118831e-01,6.130362e-01,6.142018e-01,6.153451e-01,6.165328e-01,6.177158e-01,6.185111e-01,6.197040e-01,6.205168e-01,6.217144e-01,6.229072e-01,6.237301e-01,6.249549e-01,6.257637e-01,6.269935e-01,6.278260e-01,6.290423e-01,6.298820e-01,6.307115e-01,6.315197e-01,6.327490e-01,6.335827e-01,6.344118e-01,6.352686e-01,6.365095e-01,6.373116e-01,6.381418e-01,6.389865e-01,6.397912e-01,6.406239e-01,6.414629e-01,6.422894e-01,6.431425e-01,6.439866e-01,6.448149e-01,6.452453e-01,6.461166e-01,6.469780e-01,6.478574e-01,6.483134e-01,6.492159e-01,6.501206e-01,6.509867e-01,6.514630e-01,6.523710e-01,6.532478e-01,6.537161e-01,6.541894e-01,6.551100e-01,6.555735e-01,6.564589e-01,6.569275e-01,6.578556e-01,6.582990e-01,6.587536e-01,6.592051e-01,6.596296e-01,6.600675e-01,6.605340e-01,6.610055e-01,6.614523e-01,6.618614e-01,6.622926e-01,6.627545e-01,6.632173e-01,6.636487e-01,6.640464e-01,6.644750e-01,6.649434e-01,6.654081e-01,6.658196e-01,6.661404e-01,6.665224e-01,6.669774e-01,6.674178e-01,6.677557e-01,6.679831e-01,6.682955e-01,6.686591e-01,6.689970e-01,6.693172e-01,6.696427e-01,6.698976e-01,6.699726e-01,6.701003e-01,6.703583e-01,6.705526e-01,6.707446e-01,6.709898e-01,6.710972e-01,6.709624e-01,6.709420e-01,6.710520e-01,6.712495e-01,6.711576e-01,6.706909e-01,6.706042e-01,6.706479e-01,6.705797e-01,6.704218e-01,6.702213e-01,6.701532e-01,6.701465e-01,6.695654e-01,6.682232e-01,6.675810e-01,6.672472e-01,6.666075e-01,6.658998e-01,6.652635e-01,6.648231e-01,6.643792e-01,6.641342e-01,6.639833e-01,6.636700e-01,6.631681e-01,6.631931e-01,6.635289e-01,6.637655e-01,6.639729e-01,6.641944e-01,6.644669e-01,6.648651e-01,6.651408e-01,6.655244e-01,6.658616e-01,6.661228e-01,6.664921e-01,6.667382e-01,6.670612e-01,6.674500e-01,6.679408e-01,6.683309e-01,6.688688e-01,6.693966e-01,6.699368e-01,6.704118e-01,6.710411e-01,6.716007e-01,6.722280e-01,6.728137e-01,6.735109e-01,6.742263e-01,6.748651e-01,6.755355e-01,6.763077e-01,6.770496e-01,6.776955e-01,6.783566e-01,6.790853e-01,6.798183e-01,6.805424e-01,6.813293e-01,6.820686e-01,6.827930e-01,6.835193e-01,6.843234e-01,6.849839e-01,6.857161e-01,6.864503e-01,6.872570e-01,6.879976e-01,6.888155e-01,6.896468e-01,6.904116e-01,6.912477e-01,6.920170e-01,6.927861e-01,6.935052e-01,6.943689e-01,6.950922e-01,6.958249e-01,6.965522e-01,6.974279e-01,6.982329e-01,6.990403e-01,6.998318e-01,7.006439e-01,7.014399e-01,7.021637e-01,7.028893e-01,7.035710e-01,7.043567e-01,7.051845e-01,7.058991e-01,7.064094e-01,7.069205e-01,7.074875e-01,7.081529e-01,7.088199e-01,7.094884e-01,7.100817e-01,7.107532e-01,7.113491e-01,7.119463e-01,7.124888e-01,7.131078e-01,7.136308e-01,7.141182e-01,7.145847e-01,7.150737e-01,7.156418e-01,7.161892e-01,7.166908e-01,7.172033e-01,7.176378e-01,7.181662e-01,7.185964e-01,7.191210e-01,7.194820e-01,7.199230e-01,7.202996e-01,7.206565e-01,7.210226e-01,7.214384e-01,7.218595e-01,7.222158e-01,7.225521e-01,7.228174e-01,7.231429e-01,7.233884e-01,7.237030e-01,7.240179e-01,7.242096e-01,7.244180e-01,7.246148e-01,7.247853e-01,7.249766e-01,7.251415e-01,7.252690e-01,7.252604e-01,7.253328e-01,7.254745e-01,7.255954e-01,7.257313e-01,7.256885e-01,7.256508e-01,7.256131e-01,7.255637e-01,7.255953e-01,7.255402e-01,7.255493e-01,7.254831e-01,7.254122e-01,7.252554e-01,7.250934e-01,7.249969e-01,7.249860e-01,7.248899e-01,7.247079e-01,7.244404e-01,7.241678e-01,7.237994e-01,7.236776e-01,7.235507e-01,7.234211e-01,7.231315e-01,7.228421e-01,7.227026e-01,7.225736e-01,7.223649e-01,7.220767e-01,7.217091e-01,7.214909e-01,7.213627e-01,7.211552e-01,7.207891e-01,7.204823e-01,7.204340e-01,7.205340e-01,7.204857e-01,7.201208e-01,7.197565e-01,7.194922e-01,7.192076e-01,7.188552e-01,7.183562e-01,7.178581e-01,7.175177e-01,7.172560e-01,7.166821e-01,7.157108e-01,7.146752e-01,7.138754e-01,7.130780e-01,7.119762e-01,7.101726e-01,7.081740e-01,7.063962e-01,7.047795e-01,7.032389e-01,7.016417e-01,6.996689e-01,6.970039e-01,6.935589e-01,6.902294e-01,6.878503e-01,6.857705e-01,6.831569e-01,6.796129e-01,6.759890e-01,6.734728e-01,6.717035e-01,6.701426e-01,6.683317e-01,6.662117e-01,6.643010e-01,6.624174e-01,6.605356e-01,6.593091e-01,6.587126e-01,6.581175e-01,6.575399e-01,6.569636e-01,6.563888e-01,6.558312e-01,6.552750e-01,6.553353e-01,6.547803e-01,6.548377e-01,6.549138e-01,6.549742e-01,6.544204e-01,6.544808e-01,6.545254e-01,6.545700e-01,6.540015e-01,6.534186e-01,6.534474e-01,6.534762e-01,6.534892e-01,6.535180e-01,6.535468e-01,6.529495e-01,6.529783e-01,6.530071e-01,6.530332e-01,6.524532e-01,6.524820e-01,6.519033e-01,6.519321e-01,6.519767e-01,6.519898e-01,6.514125e-01,6.514413e-01,6.514545e-01,6.514833e-01,6.508917e-01,6.509049e-01,6.509180e-01,6.509312e-01,6.509286e-01,6.509418e-01,6.509549e-01,6.515726e-01,6.515858e-01,6.515989e-01,6.516120e-01,6.516252e-01,6.516383e-01,6.516251e-01,6.522442e-01,6.522573e-01,6.522704e-01,6.522835e-01,6.528776e-01,6.528748e-01,6.534965e-01,6.535096e-01,6.534963e-01,6.534934e-01,6.541325e-01,6.547304e-01,6.547405e-01,6.553558e-01,6.553849e-01,6.554141e-01,6.554327e-01,6.554780e-01,6.561111e-01,6.561565e-01,6.561752e-01,6.562368e-01,6.568717e-01,6.569067e-01,6.575864e-01,6.576053e-01,6.576674e-01,6.583025e-01,6.583484e-01,6.589884e-01,6.590074e-01,6.590535e-01,6.590561e-01,6.590857e-01,6.597109e-01,6.596970e-01,6.603342e-01,6.603202e-01,6.609316e-01,6.609281e-01,6.609140e-01,6.615267e-01,6.615398e-01,6.615257e-01,6.621360e-01,6.621658e-01,6.627979e-01,6.628004e-01,6.628303e-01,6.628329e-01,6.628628e-01,6.628654e-01,6.628847e-01,6.635458e-01,6.635484e-01,6.635678e-01,6.642306e-01,6.642331e-01,6.642632e-01,6.642658e-01,6.642684e-01,6.642985e-01,6.642804e-01,6.643105e-01,6.642962e-01,6.636939e-01,6.636796e-01,6.630620e-01,6.630478e-01,6.624318e-01,6.624009e-01,6.624141e-01,6.617726e-01,6.617859e-01,6.611733e-01,6.605351e-01,6.599223e-01,6.593144e-01,6.593008e-01,6.586946e-01,6.580899e-01,6.580764e-01,6.574733e-01,6.568718e-01,6.562717e-01,6.556466e-01,6.550497e-01,6.544542e-01,6.538602e-01,6.526632e-01,6.520736e-01,6.508854e-01,6.503001e-01,6.497423e-01,6.485138e-01,6.479601e-01,6.468174e-01,6.456801e-01,6.439647e-01,6.428154e-01,6.411199e-01,6.399840e-01,6.388535e-01,6.377530e-01,6.360679e-01,6.349556e-01,6.332900e-01,6.316598e-01,6.300167e-01,6.283848e-01,6.267639e-01,6.251540e-01,6.235545e-01,6.214114e-01,6.193331e-01,6.172275e-01,6.156809e-01,6.141444e-01,6.121288e-01,6.101303e-01,6.076034e-01,6.051250e-01,6.026727e-01,6.007531e-01,5.988285e-01,5.973781e-01,5.949935e-01,5.921558e-01,5.893527e-01,5.866234e-01,5.843202e-01,5.825088e-01,5.807119e-01,5.794032e-01,5.776424e-01,5.758954e-01,5.737477e-01,5.711738e-01,5.682069e-01,5.652609e-01,5.623714e-01,5.602971e-01,5.590681e-01,5.570247e-01,5.554328e-01,5.534300e-01,5.518370e-01,5.498671e-01,5.483169e-01,5.463788e-01,5.448535e-01,5.426033e-01,5.408036e-01,5.390445e-01,5.372680e-01,5.354182e-01,5.328815e-01,5.307543e-01,5.286394e-01,5.261829e-01,5.237848e-01,5.207273e-01,5.180132e-01,5.149820e-01,5.113384e-01,5.071189e-01,5.035990e-01,4.986280e-01,4.928893e-01,4.878989e-01,4.816563e-01,4.751017e-01,4.674772e-01,4.616695e-01,4.533374e-01,4.451105e-01,4.365461e-01,4.296221e-01,4.201131e-01,4.110783e-01,4.021583e-01,3.923049e-01,3.854389e-01,3.758885e-01,3.668841e-01,3.583506e-01,3.489576e-01,3.400937e-01,3.340823e-01,3.271594e-01,3.184094e-01,3.111655e-01,3.042655e-01,2.986179e-01,2.923018e-01,2.862654e-01,2.804954e-01,2.757429e-01,2.719018e-01,2.674404e-01,2.631304e-01,2.596492e-01,2.555949e-01,2.523105e-01,2.491123e-01,2.460013e-01,2.435675e-01,2.411844e-01,2.388435e-01,2.365487e-01,2.343001e-01,2.326368e-01,2.310021e-01,2.293880e-01,2.277921e-01,2.262225e-01,2.251844e-01,2.236524e-01,2.221395e-01,2.211387e-01,2.201469e-01,2.196528e-01,2.186779e-01,2.177100e-01,2.172288e-01,2.162772e-01,2.158007e-01,2.153304e-01,2.148594e-01,2.143911e-01,2.139268e-01,2.134639e-01,2.130015e-01,2.125416e-01,2.125380e-01,2.120814e-01,2.120818e-01,2.120821e-01,2.120837e-01,2.116316e-01,2.116300e-01,2.116335e-01,2.116338e-01,2.120907e-01,2.120922e-01,2.120960e-01,2.120972e-01,2.125555e-01,2.125567e-01,2.130190e-01,2.134814e-01,2.139511e-01,2.139566e-01,2.144223e-01,2.153575e-01,2.158351e-01,2.163119e-01,2.172651e-01,2.182253e-01,2.191977e-01,2.206651e-01,2.216595e-01,2.226620e-01,2.241761e-01,2.251973e-01,2.267487e-01,2.283186e-01,2.293802e-01,2.315270e-01,2.326217e-01,2.342754e-01,2.359536e-01,2.370918e-01,2.393911e-01,2.405582e-01,2.423245e-01,2.441226e-01,2.459486e-01,2.471852e-01,2.490561e-01,2.509591e-01,2.522514e-01,2.548628e-01,2.561943e-01,2.582128e-01,2.602705e-01,2.623557e-01,2.637735e-01,2.659191e-01,2.681112e-01,2.703351e-01,2.718452e-01,2.741297e-01,2.764641e-01,2.780420e-01,2.804478e-01,2.820852e-01,2.845713e-01,2.862495e-01,2.879564e-01,2.905449e-01,2.923035e-01,2.940851e-01,2.968003e-01,2.986415e-01,3.005117e-01,3.024031e-01,3.043205e-01,3.072366e-01,3.082398e-01,3.112474e-01,3.132936e-01,3.143313e-01,3.164132e-01,3.196033e-01,3.206938e-01,3.228742e-01,3.250892e-01,3.273362e-01,3.296225e-01,3.307878e-01,3.331231e-01,3.354980e-01,3.367028e-01,3.391403e-01,3.403879e-01,3.428727e-01,3.454145e-01,3.467069e-01,3.493185e-01,3.506455e-01,3.532960e-01,3.546572e-01,3.573997e-01,3.587878e-01,3.601934e-01,3.630239e-01,3.644644e-01,3.659169e-01,3.688404e-01,3.703299e-01,3.718360e-01,3.733520e-01,3.764167e-01,3.779757e-01,3.795493e-01,3.811393e-01,3.827432e-01,3.843625e-01,3.860062e-01,3.874997e-01,3.886602e-01,3.901644e-01,3.916804e-01,3.933672e-01,3.947520e-01,3.964827e-01,3.977122e-01,3.996543e-01,4.009122e-01,4.023610e-01,4.036356e-01,4.051049e-01,4.065858e-01,4.080850e-01,4.094099e-01,4.109358e-01,4.124773e-01,4.136355e-01,4.153916e-01,4.165604e-01,4.179528e-01,4.193531e-01,4.205599e-01,4.217865e-01,4.234048e-01,4.248548e-01,4.260786e-01,4.273432e-01,4.286019e-01,4.298602e-01,4.307112e-01,4.319876e-01,4.330614e-01,4.345840e-01,4.358929e-01,4.370123e-01,4.385732e-01,4.397047e-01,4.405961e-01,4.415262e-01,4.424360e-01,4.433653e-01,4.445220e-01,4.456803e-01,4.463964e-01,4.473614e-01,4.483057e-01,4.494926e-01,4.504529e-01,4.511942e-01,4.514665e-01,4.526677e-01,4.531584e-01,4.539089e-01,4.546468e-01,4.556432e-01,4.563928e-01,4.571506e-01,4.576630e-01,4.584202e-01,4.589307e-01,4.599383e-01,4.602066e-01,4.612100e-01,4.619916e-01,4.627605e-01,4.637878e-01,4.643123e-01,4.650733e-01,4.658592e-01,4.661355e-01,4.669144e-01,4.671921e-01,4.679752e-01,4.679871e-01,4.687914e-01,4.690877e-01,4.698844e-01,4.701597e-01,4.707011e-01,4.709887e-01,4.715323e-01,4.717798e-01,4.723296e-01,4.726121e-01,4.734041e-01,4.739286e-01,4.747256e-01,4.749998e-01,4.760442e-01,4.760419e-01,4.768589e-01,4.771124e-01,4.776304e-01,4.778919e-01,4.784351e-01,4.784003e-01,4.789331e-01,4.786635e-01,4.792044e-01,4.791577e-01,4.794095e-01,4.793981e-01,4.799096e-01,4.796269e-01,4.798674e-01,4.798365e-01,4.803490e-01,4.803019e-01,4.808155e-01,4.807683e-01,4.810176e-01,4.810297e-01,4.814455e-01,4.813982e-01,4.816601e-01,4.816400e-01,4.816165e-01,4.815768e-01,4.815652e-01,4.815375e-01,4.817756e-01,4.817359e-01,4.817124e-01,4.813798e-01,4.816135e-01,4.815823e-01,4.815230e-01,4.814799e-01,4.816940e-01,4.810929e-01,4.815838e-01,4.812557e-01,4.812168e-01,4.811736e-01,4.813914e-01,4.810560e-01,4.810129e-01,4.804258e-01,4.803752e-01,4.803205e-01,4.797238e-01,4.794031e-01,4.790904e-01,4.782405e-01,4.781906e-01,4.776353e-01,4.773255e-01,4.767654e-01,4.764570e-01,4.758722e-01,4.755925e-01,4.747807e-01,4.742123e-01,4.736456e-01,4.733504e-01,4.727862e-01,4.725069e-01,4.719565e-01,4.716825e-01,4.706287e-01,4.703413e-01,4.693020e-01,4.687833e-01,4.682618e-01,4.674986e-01,4.667384e-01,4.662334e-01,4.652312e-01,4.649988e-01,4.640313e-01,4.632992e-01,4.625663e-01,4.621081e-01,4.611631e-01,4.606977e-01,4.592680e-01,4.585750e-01,4.581370e-01,4.567367e-01,4.558138e-01,4.551126e-01,4.539607e-01,4.528224e-01,4.519125e-01,4.512323e-01,4.498685e-01,4.487311e-01,4.478231e-01,4.464935e-01,4.451439e-01,4.442531e-01,4.431526e-01,4.418268e-01,4.402839e-01,4.389816e-01,4.383314e-01,4.368360e-01,4.353432e-01,4.338625e-01,4.326047e-01,4.315685e-01,4.299187e-01,4.287056e-01,4.276913e-01,4.266973e-01,4.254878e-01,4.243039e-01,4.233282e-01,4.223665e-01,4.214013e-01,4.202580e-01,4.193126e-01,4.187771e-01,4.184329e-01,4.172999e-01,4.167536e-01,4.160246e-01,4.152902e-01,4.149635e-01,4.144327e-01,4.138869e-01,4.133510e-01,4.129853e-01,4.124522e-01,4.118961e-01,4.115295e-01,4.109682e-01,4.105954e-01,4.100533e-01,4.097148e-01,4.093689e-01,4.090114e-01,4.090370e-01,4.090384e-01,4.088788e-01,4.085346e-01,4.085573e-01,4.085625e-01,4.085880e-01,4.088012e-01,4.088187e-01,4.090132e-01,4.092279e-01,4.094176e-01,4.098015e-01,4.098190e-01,4.100255e-01,4.100336e-01,4.100405e-01,4.100366e-01,4.098627e-01,4.096837e-01,4.093273e-01,4.091367e-01,4.091436e-01,4.089733e-01,4.091735e-01,4.088021e-01,4.086281e-01,4.082739e-01,4.080965e-01,4.081193e-01,4.079340e-01,4.077570e-01,4.077690e-01,4.075853e-01,4.074245e-01,4.072531e-01,4.069042e-01,4.063524e-01,4.060132e-01,4.053155e-01,4.049626e-01,4.035512e-01,4.028646e-01,4.020027e-01,4.009643e-01,3.999512e-01,3.989440e-01,3.975853e-01,3.962433e-01,3.947523e-01,3.932373e-01,3.915826e-01,3.895965e-01,3.870025e-01,3.854093e-01,3.838201e-01,3.822427e-01,3.791121e-01,3.760323e-01,3.745181e-01,3.715301e-01,3.671349e-01,3.642610e-01,3.614487e-01,3.573160e-01,3.532778e-01,3.493427e-01,3.454941e-01,3.417400e-01,3.356792e-01,3.321513e-01,3.242258e-01,3.187993e-01,3.125627e-01,3.075584e-01,3.008278e-01,2.953158e-01,2.882863e-01,2.816232e-01,2.721748e-01,2.647821e-01,2.577911e-01,2.498785e-01,2.430393e-01,2.348590e-01,2.277284e-01,2.165951e-01,2.086873e-01,2.009009e-01,1.936524e-01,1.850861e-01,1.781900e-01,1.675160e-01,1.601175e-01,1.532884e-01,1.467334e-01,1.400199e-01,1.318834e-01,1.257717e-01,1.204709e-01,1.153916e-01,1.103886e-01,1.044575e-01,1.002315e-01,9.651345e-02,9.313569e-02,9.024694e-02,8.601327e-02,8.357894e-02,8.133718e-02,7.903975e-02,7.669479e-02,7.446495e-02,7.303943e-02,7.165483e-02,7.031400e-02,6.902063e-02,6.776265e-02,6.714211e-02,6.594823e-02,6.535677e-02,6.421708e-02,6.365407e-02,6.309826e-02,6.255794e-02,6.202066e-02,6.149141e-02,6.097584e-02,6.096931e-02,6.045456e-02,6.045388e-02,5.994822e-02,5.994105e-02,5.994082e-02,5.993558e-02,5.943630e-02,5.943021e-02,5.942915e-02,5.942327e-02,5.990972e-02,5.990950e-02,5.990299e-02,5.989519e-02,6.038861e-02,6.038776e-02,6.088916e-02,6.088309e-02,6.139739e-02,6.191455e-02,6.190958e-02,6.244144e-02,6.297520e-02,6.351708e-02,6.407459e-02,6.407115e-02,6.463174e-02,6.520685e-02,6.578463e-02,6.637704e-02,6.697274e-02,6.757775e-02,6.819916e-02,6.882329e-02,6.945742e-02,7.010768e-02,7.076249e-02,7.142710e-02,7.210938e-02,7.279696e-02,7.349536e-02,7.421156e-02,7.567090e-02,7.566811e-02,7.718389e-02,7.795721e-02,7.795519e-02,7.930211e-02,8.011714e-02,8.110873e-02,8.178171e-02,8.298266e-02,8.368717e-02,8.430711e-02,8.548213e-02,8.631129e-02,8.734953e-02,8.811339e-02,8.937992e-02,9.007398e-02,9.129247e-02,9.211766e-02,9.284876e-02,9.412606e-02,9.499994e-02,9.621742e-02,9.700424e-02,9.826508e-02,9.908540e-02,1.002734e-01,1.012399e-01,1.023457e-01,1.032200e-01,1.044990e-01,1.054055e-01,1.065922e-01,1.075285e-01,1.087585e-01,1.095907e-01,1.108668e-01,1.118701e-01,1.125969e-01,1.139297e-01,1.152904e-01,1.162111e-01,1.174647e-01,1.184161e-01,1.197062e-01,1.205232e-01,1.218555e-01,1.226972e-01,1.239012e-01,1.247676e-01,1.261821e-01,1.270762e-01,1.283491e-01,1.292683e-01,1.305838e-01,1.313377e-01,1.326824e-01,1.336577e-01,1.348474e-01,1.362615e-01,1.370673e-01,1.383119e-01,1.391489e-01,1.406355e-01,1.412689e-01,1.425831e-01,1.439096e-01,1.448087e-01,1.459400e-01,1.468521e-01,1.482617e-01,1.489587e-01,1.503946e-01,1.516064e-01,1.525839e-01,1.538281e-01,1.545736e-01,1.558590e-01,1.574186e-01,1.581950e-01,1.595243e-01,1.603213e-01,1.614041e-01,1.627834e-01,1.636107e-01,1.650249e-01,1.658861e-01,1.670407e-01,1.682102e-01,1.690876e-01,1.702852e-01,1.718233e-01,1.724237e-01,1.739992e-01,1.746139e-01,1.762242e-01,1.775306e-01,1.781820e-01,1.795144e-01,1.808641e-01,1.818845e-01,1.829270e-01,1.843256e-01,1.853832e-01,1.864509e-01,1.879169e-01,1.886407e-01,1.897637e-01,1.912644e-01,1.920304e-01,1.931751e-01,1.947479e-01,1.955258e-01,1.967297e-01,1.979315e-01,1.987518e-01,1.999918e-01,2.012305e-01,2.020588e-01,2.033393e-01,2.046166e-01,2.054874e-01,2.063482e-01,2.076817e-01,2.090123e-01,2.099200e-01,2.108171e-01,2.122054e-01,2.131216e-01,2.140661e-01,2.154773e-01,2.164423e-01,2.173929e-01,2.183765e-01,2.198438e-01,2.208475e-01,2.218362e-01,2.228578e-01,2.243815e-01,2.249030e-01,2.264788e-01,2.275179e-01,2.285898e-01,2.291289e-01,2.302147e-01,2.312861e-01,2.323935e-01,2.335115e-01,2.340494e-01,2.351822e-01,2.363270e-01,2.369031e-01,2.380394e-01,2.386239e-01,2.398025e-01,2.403947e-01,2.415909e-01,2.427990e-01,2.440193e-01,2.446068e-01,2.458454e-01,2.464703e-01,2.477280e-01,2.483613e-01,2.489979e-01,2.502530e-01,2.508973e-01,2.515472e-01,2.528578e-01,2.535158e-01,2.541766e-01,2.548125e-01,2.561579e-01,2.568313e-01,2.575099e-01,2.581630e-01,2.588494e-01,2.595374e-01,2.601981e-01,2.608957e-01,2.615948e-01,2.622978e-01,2.630047e-01,2.637154e-01,2.643983e-01,2.643909e-01,2.651094e-01,2.658319e-01,2.665585e-01,2.672888e-01,2.680212e-01,2.687602e-01,2.687526e-01,2.694934e-01,2.702384e-01,2.709848e-01,2.709747e-01,2.717258e-01,2.724787e-01,2.724658e-01,2.732205e-01,2.739796e-01,2.739644e-01,2.747618e-01,2.747437e-01,2.755117e-01,2.754939e-01,2.763006e-01,2.762849e-01,2.770619e-01,2.770810e-01,2.778627e-01,2.778497e-01,2.786706e-01,2.786550e-01,2.786743e-01,2.794656e-01,2.802940e-01,2.803110e-01,2.811094e-01,2.811265e-01,2.811081e-01,2.819445e-01,2.819256e-01,2.827698e-01,2.827872e-01,2.827685e-01,2.836207e-01,2.836045e-01,2.836269e-01,2.836470e-01,2.836361e-01,2.836614e-01,2.836868e-01,2.836753e-01,2.837059e-01,2.836976e-01,2.845664e-01,2.845602e-01,2.845936e-01,2.846271e-01,2.846266e-01,2.846626e-01,2.846616e-01,2.847003e-01,2.847024e-01,2.847411e-01,2.847427e-01,2.847814e-01,2.847862e-01,2.848275e-01,2.848317e-01,2.848364e-01,2.848778e-01,2.840419e-01,2.840459e-01,2.840532e-01,2.840943e-01,2.840990e-01,2.841030e-01,2.841103e-01,2.841149e-01,2.840831e-01,2.832509e-01,2.832555e-01,2.832238e-01,2.831895e-01,2.823272e-01,2.823309e-01,2.822968e-01,2.822266e-01,2.813702e-01,2.813362e-01,2.812657e-01,2.804124e-01,2.803405e-01,2.803068e-01,2.794214e-01,2.793500e-01,2.784698e-01,2.783988e-01,2.774907e-01,2.774202e-01,2.765159e-01,2.764458e-01,2.755847e-01,2.754833e-01,2.746270e-01,2.737459e-01,2.736796e-01,2.728044e-01,2.719683e-01,2.718694e-01,2.710390e-01,2.701806e-01,2.701146e-01,2.692620e-01,2.691976e-01,2.683833e-01,2.675391e-01,2.667323e-01,2.659303e-01,2.651330e-01,2.650665e-01,2.642720e-01,2.634845e-01,2.626705e-01,2.618923e-01,2.618597e-01,2.610863e-01,2.603480e-01,2.588854e-01,2.581597e-01,2.574077e-01,2.573759e-01,2.566580e-01,2.559417e-01,2.552316e-01,2.544938e-01,2.537915e-01,2.530908e-01,2.523650e-01,2.516433e-01,2.503010e-01,2.496167e-01,2.482653e-01,2.475661e-01,2.468983e-01,2.462340e-01,2.449201e-01,2.442660e-01,2.436152e-01,2.429678e-01,2.417138e-01,2.410497e-01,2.398148e-01,2.391866e-01,2.385616e-01,2.379397e-01,2.367351e-01,2.361196e-01,2.349346e-01,2.343555e-01,2.331854e-01,2.326144e-01,2.314851e-01,2.309443e-01,2.298304e-01,2.292749e-01,2.281980e-01,2.276714e-01,2.260495e-01,2.255554e-01,2.244884e-01,2.234536e-01,2.229248e-01,2.219260e-01,2.214021e-01,2.203731e-01,2.188698e-01,2.183592e-01,2.173751e-01,2.163778e-01,2.153890e-01,2.149145e-01,2.134402e-01,2.124745e-01,2.119912e-01,2.110394e-01,2.100772e-01,2.091413e-01,2.086518e-01,2.068219e-01,2.063424e-01,2.054370e-01,2.045406e-01,2.036345e-01,2.018850e-01,2.014464e-01,2.005673e-01,1.997113e-01,1.988619e-01,1.980192e-01,1.967742e-01,1.959654e-01,1.951466e-01,1.943499e-01,1.935433e-01,1.919697e-01,1.915938e-01,1.904346e-01,1.896573e-01,1.888858e-01,1.881363e-01,1.866432e-01,1.859098e-01,1.851976e-01,1.844584e-01,1.837403e-01,1.819504e-01,1.812513e-01,1.805554e-01,1.798643e-01,1.784859e-01,1.777939e-01,1.771067e-01,1.760858e-01,1.754248e-01,1.741100e-01,1.734479e-01,1.724642e-01,1.718257e-01,1.702366e-01,1.699262e-01,1.689775e-01,1.680432e-01,1.674332e-01,1.659152e-01,1.653056e-01,1.644018e-01,1.638201e-01,1.623480e-01,1.617611e-01,1.609034e-01,1.603255e-01,1.589120e-01,1.583452e-01,1.575069e-01,1.569542e-01,1.555870e-01,1.547596e-01,1.539582e-01,1.534317e-01,1.521204e-01,1.515933e-01,1.508178e-01,1.502971e-01,1.490295e-01,5.734099e-03,5.734099e-03,5.734099e-03,5.734099e-03,5.734099e-03,5.734099e-03,5.734099e-03,5.734099e-03,5.734099e-03,5.734099e-03,5.734099e-03,5.734099e-03,5.734099e-03,5.734099e-03,5.734099e-03,5.734099e-03,5.734099e-03,5.734099e-03,5.734099e-03,5.734099e-03,5.734099e-03,5.734099e-03,5.734099e-03,5.734099e-03,5.734099e-03,5.734099e-03,5.734099e-03,5.734099e-03,5.734099e-03,5.734099e-03,5.734099e-03,5.734099e-03,5.734099e-03,5.734099e-03,5.734099e-03,5.734099e-03,5.734099e-03,5.734099e-03,5.734099e-03,5.734099e-03,5.734099e-03,5.734099e-03,5.734099e-03,5.734099e-03,5.734099e-03,5.734099e-03,5.734099e-03,5.734099e-03,5.734099e-03,5.734099e-03,5.734099e-03,5.734099e-03,5.734099e-03,5.734099e-03,5.734099e-03,5.734099e-03,5.734099e-03,5.734099e-03,5.734099e-03,5.734099e-03,5.734099e-03,5.734099e-03,5.734099e-03,5.734099e-03,5.734099e-03,5.734099e-03,5.734099e-03,5.734099e-03,5.734099e-03,5.734099e-03,5.734099e-03,5.734099e-03,5.734099e-03,5.734099e-03,5.734099e-03,5.734099e-03,5.734099e-03,5.734099e-03,5.734099e-03,5.734099e-03,5.734099e-03,5.734099e-03,5.734099e-03,5.734099e-03,5.734099e-03,5.734099e-03,5.734099e-03,5.734099e-03,5.734099e-03,5.734099e-03,5.734099e-03,5.734099e-03,5.734099e-03,5.734099e-03,5.734099e-03,5.734099e-03,5.734099e-03,5.734099e-03,5.734099e-03,5.734099e-03,5.734099e-03,5.734099e-03,5.734099e-03,5.734099e-03,5.734099e-03,5.734099e-03,5.734099e-03,5.734099e-03,5.734099e-03,5.734099e-03,5.734099e-03,5.734099e-03,5.734099e-03,5.734099e-03,5.734099e-03,5.734099e-03,5.734099e-03,5.734099e-03,5.734099e-03,5.734099e-03,5.734099e-03,5.734099e-03,5.734099e-03,5.734099e-03,5.734099e-03,5.734099e-03,5.734099e-03,5.734099e-03,5.734099e-03,5.734099e-03,5.734099e-03,5.734099e-03,5.734099e-03,5.734099e-03,5.734099e-03,5.734099e-03,5.734099e-03,5.734099e-03,5.734099e-03,5.734099e-03,5.734099e-03,5.734099e-03,5.734099e-03,5.734099e-03,5.734099e-03,5.734099e-03,5.734099e-03,5.734099e-03,5.734099e-03,5.734099e-03,5.734099e-03,5.734099e-03,5.734099e-03,5.734099e-03,5.734099e-03,5.734099e-03,5.734099e-03,5.734099e-03,5.734099e-03,5.734099e-03,5.734099e-03
2.474410e-02,2.470175e-02,2.465541e-02,2.461227e-02,2.457263e-02,2.453688e-02,2.449743e-02,2.446491e-02,2.443239e-02,2.439343e-02,2.435973e-02,2.431797e-02,2.428424e-02,2.425220e-02,2.421425e-02,2.418353e-02,2.415292e-02,2.412196e-02,2.409782e-02,2.406634e-02,2.403977e-02,2.401125e-02,2.398277e-02,2.396094e-02,2.394127e-02,2.391475e-02,2.389359e-02,2.387735e-02,2.385598e-02,2.383485e-02,2.381819e-02,2.379434e-02,2.377779e-02,2.375578e-02,2.374123e-02,2.372699e-02,2.370629e-02,2.369331e-02,2.368036e-02,2.366186e-02,2.365116e-02,2.364377e-02,2.363167e-02,2.362606e-02,2.361614e-02,2.361532e-02,2.361549e-02,2.361017e-02,2.361661e-02,2.362724e-02,2.363625e-02,2.365664e-02,2.368303e-02,2.371194e-02,2.374283e-02,2.377481e-02,2.381504e-02,2.385132e-02,2.388635e-02,2.392507e-02,2.395505e-02,2.398419e-02,2.401329e-02,2.403396e-02,2.406328e-02,2.408887e-02,2.411718e-02,2.414404e-02,2.416057e-02,2.418383e-02,2.420647e-02,2.421619e-02,2.423194e-02,2.424757e-02,2.425596e-02,2.426954e-02,2.428339e-02,2.430585e-02,2.432144e-02,2.434368e-02,2.436892e-02,2.439919e-02,2.444453e-02,2.449648e-02,2.455368e-02,2.462920e-02,2.471955e-02,2.481887e-02,2.494366e-02,2.508442e-02,2.524884e-02,2.542605e-02,2.563450e-02,2.586770e-02,2.612942e-02,2.641705e-02,2.674564e-02,2.711012e-02,2.751269e-02,2.796172e-02,2.845912e-02,2.899573e-02,2.958470e-02,3.023099e-02,3.093950e-02,3.170165e-02,3.252853e-02,3.343553e-02,3.442137e-02,3.545381e-02,3.657117e-02,3.775475e-02,3.901300e-02,4.038109e-02,4.183267e-02,4.330599e-02,4.483747e-02,4.641818e-02,4.803455e-02,4.967287e-02,5.131962e-02,5.292482e-02,5.450822e-02,5.601571e-02,5.745874e-02,5.878489e-02,5.998098e-02,6.106948e-02,6.205262e-02,6.287736e-02,6.360850e-02,6.422205e-02,6.479926e-02,6.519121e-02,6.552122e-02,6.573502e-02,6.589816e-02,6.594431e-02,6.597818e-02,6.593421e-02,6.592170e-02,6.578163e-02,6.560644e-02,6.552496e-02,6.539026e-02,6.533272e-02,6.522943e-02,6.520731e-02,6.513154e-02,6.506346e-02,6.503512e-02,6.493400e-02,6.481188e-02,6.469098e-02,6.451111e-02,6.424762e-02,6.388160e-02,6.353621e-02,6.310687e-02,6.265064e-02,6.220544e-02,6.178025e-02,6.126126e-02,6.073336e-02,6.015577e-02,5.951641e-02,5.883797e-02,5.806439e-02,5.729858e-02,5.649490e-02,5.567783e-02,5.485395e-02,5.403713e-02,5.324086e-02,5.247895e-02,5.174577e-02,5.105275e-02,5.039593e-02,4.978834e-02,4.920811e-02,4.866161e-02,4.813710e-02,4.764510e-02,4.718134e-02,4.674551e-02,4.632690e-02,4.594317e-02,4.558713e-02,4.525939e-02,4.494763e-02,4.467513e-02,4.442332e-02,4.419500e-02,4.395988e-02,4.377544e-02,4.360915e-02,4.345191e-02,4.329754e-02,4.314428e-02,4.298622e-02,4.279296e-02,4.260109e-02,4.239647e-02,4.216809e-02,4.188646e-02,4.160419e-02,4.128768e-02,4.092386e-02,4.055295e-02,4.016306e-02,3.976130e-02,3.934408e-02,3.893033e-02,3.851123e-02,3.807774e-02,3.767397e-02,3.727344e-02,3.690385e-02,3.655816e-02,3.623600e-02,3.596540e-02,3.570013e-02,3.549213e-02,3.529990e-02,3.515389e-02,3.501843e-02,3.490516e-02,3.483351e-02,3.476612e-02,3.471442e-02,3.464079e-02,3.457467e-02,3.446887e-02,3.431624e-02,3.414005e-02,3.389743e-02,3.361569e-02,3.324995e-02,3.284984e-02,3.240984e-02,3.193797e-02,3.143162e-02,3.092189e-02,3.039396e-02,2.987477e-02,2.936462e-02,2.889583e-02,2.844925e-02,2.803777e-02,2.769533e-02,2.737699e-02,2.711036e-02,2.685962e-02,2.663316e-02,2.639126e-02,2.613732e-02,2.585856e-02,2.555260e-02,2.521524e-02,2.485076e-02,2.447111e-02,2.407530e-02,2.369001e-02,2.332031e-02,2.297726e-02,2.265615e-02,2.237122e-02,2.213087e-02,2.192736e-02,2.175902e-02,2.161845e-02,2.150587e-02,2.141974e-02,2.134839e-02,2.129528e-02,2.125756e-02,2.123373e-02,2.123098e-02,2.124061e-02,2.130139e-02,2.138285e-02,2.156161e-02,2.178817e-02,2.215323e-02,2.263492e-02,2.332496e-02,2.420474e-02,2.535124e-02,2.677150e-02,2.855757e-02,3.070010e-02,3.323864e-02,3.618619e-02,3.959617e-02,4.340989e-02,4.756420e-02,5.210010e-02,5.698287e-02,6.213645e-02,6.747890e-02,7.302547e-02,7.875734e-02,8.451270e-02,9.028980e-02,9.609366e-02,1.018756e-01,1.076567e-01,1.134185e-01,1.191821e-01,1.251496e-01,1.309790e-01,1.368194e-01,1.427093e-01,1.486504e-01,1.546693e-01,1.607273e-01,1.668681e-01,1.730641e-01,1.793067e-01,1.856218e-01,1.924122e-01,1.988398e-01,2.053225e-01,2.116807e-01,2.181983e-01,2.247232e-01,2.312531e-01,2.378011e-01,2.442890e-01,2.507336e-01,2.571198e-01,2.634194e-01,2.696965e-01,2.759113e-01,2.818847e-01,2.878099e-01,2.936536e-01,2.993426e-01,3.047886e-01,3.102351e-01,3.154950e-01,3.202880e-01,3.250915e-01,3.295420e-01,3.339927e-01,3.380892e-01,3.421850e-01,3.459096e-01,3.496147e-01,3.530106e-01,3.563636e-01,3.594539e-01,3.625886e-01,3.659653e-01,3.692053e-01,3.726800e-01,3.760244e-01,3.793983e-01,3.830100e-01,3.864566e-01,3.901517e-01,3.934377e-01,3.969509e-01,4.004749e-01,4.037737e-01,4.072831e-01,4.107926e-01,4.142833e-01,4.174974e-01,4.209075e-01,4.242819e-01,4.275987e-01,4.308360e-01,4.340055e-01,4.370710e-01,4.400317e-01,4.428857e-01,4.455975e-01,4.481646e-01,4.505719e-01,4.528080e-01,4.543580e-01,4.562232e-01,4.581068e-01,4.600105e-01,4.619240e-01,4.638686e-01,4.658360e-01,4.674919e-01,4.694985e-01,4.715170e-01,4.732264e-01,4.752988e-01,4.770442e-01,4.787966e-01,4.805755e-01,4.823721e-01,4.845393e-01,4.863751e-01,4.882279e-01,4.900900e-01,4.919800e-01,4.938888e-01,4.958070e-01,4.973655e-01,4.993301e-01,5.013153e-01,5.033106e-01,5.053390e-01,5.069770e-01,5.090440e-01,5.107145e-01,5.124010e-01,5.145289e-01,5.162492e-01,5.179850e-01,5.197360e-01,5.215024e-01,5.232855e-01,5.250874e-01,5.269036e-01,5.287349e-01,5.305855e-01,5.319856e-01,5.338680e-01,5.357635e-01,5.371850e-01,5.391145e-01,5.410620e-01,5.430204e-01,5.445055e-01,5.460020e-01,5.480089e-01,5.495264e-01,5.510603e-01,5.531242e-01,5.546834e-01,5.562547e-01,5.578418e-01,5.599745e-01,5.615895e-01,5.632184e-01,5.648624e-01,5.665163e-01,5.681873e-01,5.698719e-01,5.715782e-01,5.732910e-01,5.750203e-01,5.767592e-01,5.785187e-01,5.802918e-01,5.814843e-01,5.832826e-01,5.844935e-01,5.863171e-01,5.881554e-01,5.894029e-01,5.912704e-01,5.925252e-01,5.944197e-01,5.956951e-01,5.976132e-01,5.989078e-01,6.002066e-01,6.015186e-01,6.034885e-01,6.048145e-01,6.061455e-01,6.074897e-01,6.095115e-01,6.108749e-01,6.122419e-01,6.136188e-01,6.149970e-01,6.163892e-01,6.177979e-01,6.192064e-01,6.206266e-01,6.220546e-01,6.234991e-01,6.242258e-01,6.256819e-01,6.271555e-01,6.286338e-01,6.293825e-01,6.308778e-01,6.323923e-01,6.339027e-01,6.346738e-01,6.362041e-01,6.377469e-01,6.385299e-01,6.393132e-01,6.408817e-01,6.416717e-01,6.432455e-01,6.440500e-01,6.456450e-01,6.464486e-01,6.472533e-01,6.480659e-01,6.488723e-01,6.496832e-01,6.505059e-01,6.513265e-01,6.521468e-01,6.529653e-01,6.537947e-01,6.546254e-01,6.554593e-01,6.562920e-01,6.571319e-01,6.579736e-01,6.588233e-01,6.596805e-01,6.605290e-01,6.613690e-01,6.622246e-01,6.630915e-01,6.639560e-01,6.648150e-01,6.656619e-01,6.665237e-01,6.673908e-01,6.682578e-01,6.691299e-01,6.700015e-01,6.708713e-01,6.718777e-01,6.727334e-01,6.735264e-01,6.743969e-01,6.751865e-01,6.760660e-01,6.769340e-01,6.776841e-01,6.785371e-01,6.793250e-01,6.801279e-01,6.809832e-01,6.817008e-01,6.825591e-01,6.833508e-01,6.841306e-01,6.849907e-01,6.857574e-01,6.865451e-01,6.873468e-01,6.880717e-01,6.887772e-01,6.894970e-01,6.902612e-01,6.909855e-01,6.917042e-01,6.924329e-01,6.931923e-01,6.939558e-01,6.947489e-01,6.954741e-01,6.962639e-01,6.970258e-01,6.978761e-01,6.987699e-01,6.995657e-01,7.004461e-01,7.012401e-01,7.021365e-01,7.030568e-01,7.038612e-01,7.047806e-01,7.056011e-01,7.064065e-01,7.073276e-01,7.081311e-01,7.089550e-01,7.097917e-01,7.107379e-01,7.115803e-01,7.124538e-01,7.133228e-01,7.142022e-01,7.150742e-01,7.159784e-01,7.168749e-01,7.177850e-01,7.185916e-01,7.195184e-01,7.204567e-01,7.213808e-01,7.222169e-01,7.231677e-01,7.240205e-01,7.249578e-01,7.257974e-01,7.267590e-01,7.276154e-01,7.284680e-01,7.294422e-01,7.303075e-01,7.311670e-01,7.320293e-01,7.329079e-01,7.337648e-01,7.346357e-01,7.355095e-01,7.363974e-01,7.371637e-01,7.380601e-01,7.389657e-01,7.397485e-01,7.406599e-01,7.414477e-01,7.423534e-01,7.431439e-01,7.440764e-01,7.448720e-01,7.456739e-01,7.464744e-01,7.473010e-01,7.481182e-01,7.489380e-01,7.497506e-01,7.505754e-01,7.513929e-01,7.522009e-01,7.530113e-01,7.537059e-01,7.545230e-01,7.552409e-01,7.560504e-01,7.567134e-01,7.573779e-01,7.581691e-01,7.588617e-01,7.595560e-01,7.602521e-01,7.609374e-01,7.616369e-01,7.623256e-01,7.630160e-01,7.635804e-01,7.642844e-01,7.649670e-01,7.655334e-01,7.662170e-01,7.667858e-01,7.673685e-01,7.680694e-01,7.686461e-01,7.692306e-01,7.698036e-01,7.703885e-01,7.709508e-01,7.715251e-01,7.720615e-01,7.726120e-01,7.731486e-01,7.736751e-01,7.741872e-01,7.746948e-01,7.751974e-01,7.756859e-01,7.761639e-01,7.766143e-01,7.770672e-01,7.775077e-01,7.779352e-01,7.783634e-01,7.787326e-01,7.791237e-01,7.794883e-01,7.798282e-01,7.801802e-01,7.805073e-01,7.808012e-01,7.810751e-01,7.813626e-01,7.816365e-01,7.818989e-01,7.821596e-01,7.823716e-01,7.825785e-01,7.827856e-01,7.829655e-01,7.831589e-01,7.833253e-01,7.834828e-01,7.836233e-01,7.837528e-01,7.838566e-01,7.839481e-01,7.840334e-01,7.841271e-01,7.841964e-01,7.842399e-01,7.842576e-01,7.842627e-01,7.842332e-01,7.842403e-01,7.842350e-01,7.842233e-01,7.841847e-01,7.841462e-01,7.841258e-01,7.841142e-01,7.840892e-01,7.840507e-01,7.839988e-01,7.839651e-01,7.839536e-01,7.839287e-01,7.838768e-01,7.838264e-01,7.838284e-01,7.838485e-01,7.838505e-01,7.837988e-01,7.837471e-01,7.837210e-01,7.836827e-01,7.836345e-01,7.835682e-01,7.835019e-01,7.834625e-01,7.834366e-01,7.833570e-01,7.832019e-01,7.830422e-01,7.829228e-01,7.828034e-01,7.826307e-01,7.823259e-01,7.819936e-01,7.816897e-01,7.814127e-01,7.811411e-01,7.808648e-01,7.805106e-01,7.800367e-01,7.794066e-01,7.787913e-01,7.783482e-01,7.779584e-01,7.774644e-01,7.767809e-01,7.760810e-01,7.755908e-01,7.752444e-01,7.749373e-01,7.745789e-01,7.741564e-01,7.737733e-01,7.733952e-01,7.730134e-01,7.727722e-01,7.726597e-01,7.725472e-01,7.724464e-01,7.723457e-01,7.722450e-01,7.721560e-01,7.720670e-01,7.721062e-01,7.720173e-01,7.720495e-01,7.721004e-01,7.721397e-01,7.720510e-01,7.720904e-01,7.721182e-01,7.721461e-01,7.720459e-01,7.719341e-01,7.719503e-01,7.719665e-01,7.719711e-01,7.719873e-01,7.720036e-01,7.718802e-01,7.718965e-01,7.719128e-01,7.719220e-01,7.718104e-01,7.718267e-01,7.717153e-01,7.717316e-01,7.717596e-01,7.717642e-01,7.716529e-01,7.716692e-01,7.716739e-01,7.716902e-01,7.715673e-01,7.715719e-01,7.715766e-01,7.715812e-01,7.715742e-01,7.715788e-01,7.715835e-01,7.717157e-01,7.717203e-01,7.717250e-01,7.717296e-01,7.717343e-01,7.717389e-01,7.717352e-01,7.718674e-01,7.718721e-01,7.718767e-01,7.718813e-01,7.720052e-01,7.719980e-01,7.721303e-01,7.721349e-01,7.721312e-01,7.721240e-01,7.722680e-01,7.723920e-01,7.723893e-01,7.725251e-01,7.725416e-01,7.725580e-01,7.725780e-01,7.726064e-01,7.727542e-01,7.727826e-01,7.728027e-01,7.728431e-01,7.729911e-01,7.730232e-01,7.731916e-01,7.732118e-01,7.732524e-01,7.733934e-01,7.734220e-01,7.735704e-01,7.735908e-01,7.736195e-01,7.736279e-01,7.736446e-01,7.737812e-01,7.737775e-01,7.739103e-01,7.739066e-01,7.740312e-01,7.740237e-01,7.740200e-01,7.741446e-01,7.741492e-01,7.741455e-01,7.742626e-01,7.742794e-01,7.744161e-01,7.744245e-01,7.744413e-01,7.744497e-01,7.744665e-01,7.744750e-01,7.744956e-01,7.746408e-01,7.746493e-01,7.746700e-01,7.748153e-01,7.748238e-01,7.748407e-01,7.748492e-01,7.748578e-01,7.748747e-01,7.748635e-01,7.748804e-01,7.748767e-01,7.747654e-01,7.747617e-01,7.746381e-01,7.746345e-01,7.745110e-01,7.744952e-01,7.744999e-01,7.743682e-01,7.743729e-01,7.742497e-01,7.741182e-01,7.739876e-01,7.738646e-01,7.738610e-01,7.737381e-01,7.736153e-01,7.736118e-01,7.734890e-01,7.733664e-01,7.732438e-01,7.731130e-01,7.729906e-01,7.728683e-01,7.727460e-01,7.724969e-01,7.723748e-01,7.721261e-01,7.720043e-01,7.718908e-01,7.716262e-01,7.715129e-01,7.712734e-01,7.710342e-01,7.706692e-01,7.704224e-01,7.700583e-01,7.698122e-01,7.695663e-01,7.693288e-01,7.689584e-01,7.687134e-01,7.683439e-01,7.679831e-01,7.676148e-01,7.672470e-01,7.668797e-01,7.665131e-01,7.661405e-01,7.656435e-01,7.651636e-01,7.646686e-01,7.643054e-01,7.639427e-01,7.634662e-01,7.629906e-01,7.623782e-01,7.617752e-01,7.611737e-01,7.607026e-01,7.602245e-01,7.598601e-01,7.592519e-01,7.585287e-01,7.578076e-01,7.571042e-01,7.564985e-01,7.560209e-01,7.555442e-01,7.552059e-01,7.547420e-01,7.542791e-01,7.537069e-01,7.530109e-01,7.521998e-01,7.513837e-01,7.505779e-01,7.499915e-01,7.496458e-01,7.490617e-01,7.486094e-01,7.480244e-01,7.475558e-01,7.469733e-01,7.465142e-01,7.459343e-01,7.454771e-01,7.448008e-01,7.442587e-01,7.437358e-01,7.431994e-01,7.426168e-01,7.418183e-01,7.411521e-01,7.404773e-01,7.396857e-01,7.389112e-01,7.379076e-01,7.370070e-01,7.359826e-01,7.347340e-01,7.332775e-01,7.320356e-01,7.302702e-01,7.281980e-01,7.263610e-01,7.240277e-01,7.215293e-01,7.185478e-01,7.162228e-01,7.127976e-01,7.093081e-01,7.055571e-01,7.024314e-01,6.980091e-01,6.936620e-01,6.892294e-01,6.841633e-01,6.805201e-01,6.752962e-01,6.702029e-01,6.652052e-01,6.595205e-01,6.539608e-01,6.500873e-01,6.455061e-01,6.395392e-01,6.344426e-01,6.294492e-01,6.252628e-01,6.204677e-01,6.157715e-01,6.111800e-01,6.073185e-01,6.041385e-01,6.003868e-01,5.966991e-01,5.936747e-01,5.901037e-01,5.871634e-01,5.842631e-01,5.814095e-01,5.791520e-01,5.769222e-01,5.747135e-01,5.725233e-01,5.703592e-01,5.687451e-01,5.671504e-01,5.655698e-01,5.639892e-01,5.624273e-01,5.613899e-01,5.598565e-01,5.583257e-01,5.573089e-01,5.562971e-01,5.558016e-01,5.548038e-01,5.538077e-01,5.533218e-01,5.523394e-01,5.518480e-01,5.513642e-01,5.508844e-01,5.503998e-01,5.499196e-01,5.494466e-01,5.489656e-01,5.484859e-01,5.484885e-01,5.480194e-01,5.480283e-01,5.480372e-01,5.480554e-01,5.475844e-01,5.475902e-01,5.476115e-01,5.476204e-01,5.481155e-01,5.481337e-01,5.481487e-01,5.481667e-01,5.486628e-01,5.486807e-01,5.491811e-01,5.496795e-01,5.501945e-01,5.502126e-01,5.507194e-01,5.517092e-01,5.522289e-01,5.527376e-01,5.537460e-01,5.547501e-01,5.557712e-01,5.572860e-01,5.583192e-01,5.593486e-01,5.608947e-01,5.619299e-01,5.634982e-01,5.650658e-01,5.661301e-01,5.682447e-01,5.693281e-01,5.709390e-01,5.725670e-01,5.736670e-01,5.758657e-01,5.769801e-01,5.786419e-01,5.803283e-01,5.820233e-01,5.831728e-01,5.848863e-01,5.866212e-01,5.877983e-01,5.901358e-01,5.913277e-01,5.931098e-01,5.949179e-01,5.967332e-01,5.979609e-01,5.998005e-01,6.016641e-01,6.035383e-01,6.048068e-01,6.066954e-01,6.086158e-01,6.099037e-01,6.118486e-01,6.131673e-01,6.151462e-01,6.164687e-01,6.178095e-01,6.198128e-01,6.211685e-01,6.225320e-01,6.245864e-01,6.259699e-01,6.273658e-01,6.287644e-01,6.301724e-01,6.322864e-01,6.330172e-01,6.351669e-01,6.366174e-01,6.373518e-01,6.388062e-01,6.410137e-01,6.417648e-01,6.432512e-01,6.447455e-01,6.462506e-01,6.477696e-01,6.485425e-01,6.500715e-01,6.516159e-01,6.523982e-01,6.539624e-01,6.547677e-01,6.563398e-01,6.579360e-01,6.587524e-01,6.603698e-01,6.611909e-01,6.628002e-01,6.636293e-01,6.652737e-01,6.661009e-01,6.669338e-01,6.685876e-01,6.694240e-01,6.702604e-01,6.719235e-01,6.727636e-01,6.736108e-01,6.744531e-01,6.761451e-01,6.769957e-01,6.778489e-01,6.787086e-01,6.795673e-01,6.804287e-01,6.813025e-01,6.820886e-01,6.826922e-01,6.834752e-01,6.842562e-01,6.851200e-01,6.858317e-01,6.867075e-01,6.873341e-01,6.883116e-01,6.889427e-01,6.896695e-01,6.903063e-01,6.910315e-01,6.917666e-01,6.925042e-01,6.931534e-01,6.939004e-01,6.946524e-01,6.952097e-01,6.960539e-01,6.966081e-01,6.972732e-01,6.979338e-01,6.984951e-01,6.990696e-01,6.998122e-01,7.004732e-01,7.010248e-01,7.015952e-01,7.021611e-01,7.027125e-01,7.030863e-01,7.036461e-01,7.041150e-01,7.047865e-01,7.053488e-01,7.058398e-01,7.065145e-01,7.070002e-01,7.073801e-01,7.077780e-01,7.081650e-01,7.085576e-01,7.090496e-01,7.095438e-01,7.098419e-01,7.102522e-01,7.106519e-01,7.111473e-01,7.115467e-01,7.118672e-01,7.119830e-01,7.124822e-01,7.126825e-01,7.129928e-01,7.132989e-01,7.137073e-01,7.140121e-01,7.143256e-01,7.145332e-01,7.148388e-01,7.150487e-01,7.154528e-01,7.155650e-01,7.159633e-01,7.162765e-01,7.165858e-01,7.169917e-01,7.172031e-01,7.174981e-01,7.178062e-01,7.179191e-01,7.182211e-01,7.183341e-01,7.186365e-01,7.186440e-01,7.189631e-01,7.190802e-01,7.193922e-01,7.194964e-01,7.197093e-01,7.198200e-01,7.200331e-01,7.201142e-01,7.203237e-01,7.204243e-01,7.207208e-01,7.209082e-01,7.212051e-01,7.212992e-01,7.216835e-01,7.216710e-01,7.219750e-01,7.220560e-01,7.222411e-01,7.223318e-01,7.225300e-01,7.225111e-01,7.227028e-01,7.226031e-01,7.228052e-01,7.227796e-01,7.228644e-01,7.228585e-01,7.230371e-01,7.229308e-01,7.230089e-01,7.229860e-01,7.231646e-01,7.231390e-01,7.233176e-01,7.232920e-01,7.233805e-01,7.233877e-01,7.235679e-01,7.235423e-01,7.236374e-01,7.236393e-01,7.236273e-01,7.236121e-01,7.236067e-01,7.235982e-01,7.236801e-01,7.236650e-01,7.236531e-01,7.235205e-01,7.236058e-01,7.235833e-01,7.235512e-01,7.235222e-01,7.235904e-01,7.233536e-01,7.235187e-01,7.233823e-01,7.233492e-01,7.233197e-01,7.233838e-01,7.232375e-01,7.232079e-01,7.229782e-01,7.229387e-01,7.229027e-01,7.226669e-01,7.225276e-01,7.223984e-01,7.220700e-01,7.220308e-01,7.218154e-01,7.216866e-01,7.214617e-01,7.213332e-01,7.210992e-01,7.209805e-01,7.206672e-01,7.204403e-01,7.202136e-01,7.200787e-01,7.198524e-01,7.197377e-01,7.195183e-01,7.194006e-01,7.189914e-01,7.188708e-01,7.184729e-01,7.182682e-01,7.180669e-01,7.177745e-01,7.174824e-01,7.172882e-01,7.168964e-01,7.168165e-01,7.164476e-01,7.161597e-01,7.158761e-01,7.156983e-01,7.153244e-01,7.151409e-01,7.145780e-01,7.143051e-01,7.141349e-01,7.135807e-01,7.132132e-01,7.129295e-01,7.124674e-01,7.120163e-01,7.116425e-01,7.113707e-01,7.108206e-01,7.103641e-01,7.099931e-01,7.094524e-01,7.088946e-01,7.085259e-01,7.080701e-01,7.075155e-01,7.068591e-01,7.063037e-01,7.060224e-01,7.053823e-01,7.047378e-01,7.040951e-01,7.035462e-01,7.030869e-01,7.023631e-01,7.018301e-01,7.013743e-01,7.009347e-01,7.003932e-01,6.998648e-01,6.994281e-01,6.989981e-01,6.985630e-01,6.980539e-01,6.976265e-01,6.973943e-01,6.972429e-01,6.967309e-01,6.964880e-01,6.961620e-01,6.958306e-01,6.956986e-01,6.954627e-01,6.952154e-01,6.949742e-01,6.948116e-01,6.945708e-01,6.943131e-01,6.941441e-01,6.938810e-01,6.937066e-01,6.934556e-01,6.933045e-01,6.931478e-01,6.929865e-01,6.930060e-01,6.930084e-01,6.929400e-01,6.927836e-01,6.928065e-01,6.928155e-01,6.928351e-01,6.929394e-01,6.929532e-01,6.930494e-01,6.931637e-01,6.932508e-01,6.934318e-01,6.934456e-01,6.935442e-01,6.935500e-01,6.935456e-01,6.935388e-01,6.934553e-01,6.933628e-01,6.931880e-01,6.930910e-01,6.930865e-01,6.929999e-01,6.930892e-01,6.929032e-01,6.928177e-01,6.926435e-01,6.925513e-01,6.925584e-01,6.924606e-01,6.923685e-01,6.923732e-01,6.922856e-01,6.922050e-01,6.921221e-01,6.919609e-01,6.916919e-01,6.915367e-01,6.912138e-01,6.910476e-01,6.903800e-01,6.900611e-01,6.896560e-01,6.891660e-01,6.886874e-01,6.882098e-01,6.875590e-01,6.869129e-01,6.861881e-01,6.854377e-01,6.846159e-01,6.836140e-01,6.822991e-01,6.814848e-01,6.806679e-01,6.798484e-01,6.781954e-01,6.765485e-01,6.757344e-01,6.741066e-01,6.716789e-01,6.700674e-01,6.684699e-01,6.660961e-01,6.637395e-01,6.614074e-01,6.590858e-01,6.567901e-01,6.530212e-01,6.507810e-01,6.456492e-01,6.420361e-01,6.378032e-01,6.343260e-01,6.295437e-01,6.255340e-01,6.203001e-01,6.152134e-01,6.077512e-01,6.017132e-01,5.958404e-01,5.889841e-01,5.828791e-01,5.753546e-01,5.685812e-01,5.575966e-01,5.494818e-01,5.412220e-01,5.332737e-01,5.235659e-01,5.154795e-01,5.024621e-01,4.930485e-01,4.840755e-01,4.751827e-01,4.657581e-01,4.539150e-01,4.446825e-01,4.364111e-01,4.282678e-01,4.200087e-01,4.098701e-01,4.024313e-01,3.957167e-01,3.894532e-01,3.839968e-01,3.757795e-01,3.709263e-01,3.663935e-01,3.616426e-01,3.567177e-01,3.519430e-01,3.488303e-01,3.457866e-01,3.428026e-01,3.398692e-01,3.369995e-01,3.355798e-01,3.327860e-01,3.314081e-01,3.286908e-01,3.273539e-01,3.260279e-01,3.247102e-01,3.234112e-01,3.221246e-01,3.208437e-01,3.208447e-01,3.195782e-01,3.195728e-01,3.183210e-01,3.183196e-01,3.183159e-01,3.183190e-01,3.170775e-01,3.170801e-01,3.170761e-01,3.170795e-01,3.183266e-01,3.183258e-01,3.183297e-01,3.183315e-01,3.195887e-01,3.195882e-01,3.208589e-01,3.208645e-01,3.221384e-01,3.234313e-01,3.234382e-01,3.247375e-01,3.260541e-01,3.273828e-01,3.287199e-01,3.287270e-01,3.300819e-01,3.314457e-01,3.328249e-01,3.342125e-01,3.356168e-01,3.370367e-01,3.384646e-01,3.399108e-01,3.413711e-01,3.428394e-01,3.443282e-01,3.458312e-01,3.473434e-01,3.488771e-01,3.504241e-01,3.519814e-01,3.551466e-01,3.551559e-01,3.583825e-01,3.600297e-01,3.600415e-01,3.628732e-01,3.645582e-01,3.666133e-01,3.680046e-01,3.704549e-01,3.718698e-01,3.731265e-01,3.754788e-01,3.771284e-01,3.791602e-01,3.806621e-01,3.831248e-01,3.844705e-01,3.867880e-01,3.883640e-01,3.897550e-01,3.921546e-01,3.937712e-01,3.960267e-01,3.974791e-01,3.997810e-01,4.012578e-01,4.033987e-01,4.051315e-01,4.070971e-01,4.086450e-01,4.108708e-01,4.124532e-01,4.145060e-01,4.161179e-01,4.182176e-01,4.196340e-01,4.217671e-01,4.234472e-01,4.246617e-01,4.268648e-01,4.290956e-01,4.305986e-01,4.326120e-01,4.341451e-01,4.362051e-01,4.375065e-01,4.396090e-01,4.409318e-01,4.427946e-01,4.441412e-01,4.463191e-01,4.476901e-01,4.496246e-01,4.510150e-01,4.529923e-01,4.541208e-01,4.560956e-01,4.575356e-01,4.592804e-01,4.613383e-01,4.625008e-01,4.642925e-01,4.654931e-01,4.676005e-01,4.684934e-01,4.703431e-01,4.721905e-01,4.734421e-01,4.750003e-01,4.762495e-01,4.781762e-01,4.791198e-01,4.810540e-01,4.826752e-01,4.839752e-01,4.856211e-01,4.866015e-01,4.882920e-01,4.903202e-01,4.913222e-01,4.930313e-01,4.940495e-01,4.954273e-01,4.971725e-01,4.982121e-01,4.999820e-01,5.010603e-01,5.024902e-01,5.039305e-01,5.050158e-01,5.064769e-01,5.083491e-01,5.090707e-01,5.109699e-01,5.117009e-01,5.136198e-01,5.151677e-01,5.159368e-01,5.174997e-01,5.190717e-01,5.202540e-01,5.214734e-01,5.230762e-01,5.242815e-01,5.254909e-01,5.271523e-01,5.279642e-01,5.292287e-01,5.308958e-01,5.317630e-01,5.330229e-01,5.347552e-01,5.356035e-01,5.369184e-01,5.382163e-01,5.391074e-01,5.404509e-01,5.417674e-01,5.426444e-01,5.440005e-01,5.453359e-01,5.462601e-01,5.471521e-01,5.485373e-01,5.499013e-01,5.508353e-01,5.517465e-01,5.531677e-01,5.540888e-01,5.550448e-01,5.564506e-01,5.574171e-01,5.583622e-01,5.593410e-01,5.607750e-01,5.617607e-01,5.627149e-01,5.637094e-01,5.651738e-01,5.656809e-01,5.671856e-01,5.681634e-01,5.691786e-01,5.696906e-01,5.707180e-01,5.717071e-01,5.727384e-01,5.737745e-01,5.742631e-01,5.753113e-01,5.763593e-01,5.768876e-01,5.779086e-01,5.784405e-01,5.795031e-01,5.800435e-01,5.811135e-01,5.821887e-01,5.832690e-01,5.837781e-01,5.848660e-01,5.854234e-01,5.865191e-01,5.870711e-01,5.876244e-01,5.886990e-01,5.892513e-01,5.898097e-01,5.909264e-01,5.914840e-01,5.920469e-01,5.925704e-01,5.937004e-01,5.942593e-01,5.948286e-01,5.953582e-01,5.959260e-01,5.964900e-01,5.970219e-01,5.975936e-01,5.981615e-01,5.987306e-01,5.993011e-01,5.998730e-01,6.004118e-01,6.003995e-01,6.009738e-01,6.015494e-01,6.021263e-01,6.027080e-01,6.032822e-01,6.038632e-01,6.038502e-01,6.044270e-01,6.050051e-01,6.055823e-01,6.055634e-01,6.061385e-01,6.067094e-01,6.066879e-01,6.072543e-01,6.078219e-01,6.077915e-01,6.083993e-01,6.083659e-01,6.089358e-01,6.088994e-01,6.095096e-01,6.094813e-01,6.100533e-01,6.100616e-01,6.106348e-01,6.106091e-01,6.112255e-01,6.111940e-01,6.112021e-01,6.117775e-01,6.123905e-01,6.123926e-01,6.129648e-01,6.129669e-01,6.129292e-01,6.135365e-01,6.135007e-01,6.141149e-01,6.141168e-01,6.140787e-01,6.146997e-01,6.146672e-01,6.146824e-01,6.146899e-01,6.146689e-01,6.146878e-01,6.147068e-01,6.146875e-01,6.147179e-01,6.147025e-01,6.153472e-01,6.153392e-01,6.153753e-01,6.154113e-01,6.154131e-01,6.154549e-01,6.154583e-01,6.155058e-01,6.155133e-01,6.155608e-01,6.155700e-01,6.156175e-01,6.156307e-01,6.156841e-01,6.156989e-01,6.157121e-01,6.157655e-01,6.151641e-01,6.151789e-01,6.151979e-01,6.152512e-01,6.152644e-01,6.152792e-01,6.152982e-01,6.153115e-01,6.152847e-01,6.146864e-01,6.146996e-01,6.146729e-01,6.146405e-01,6.140027e-01,6.140175e-01,6.139851e-01,6.139130e-01,6.132774e-01,6.132451e-01,6.131749e-01,6.125357e-01,6.124584e-01,6.124263e-01,6.117442e-01,6.116672e-01,6.109892e-01,6.109124e-01,6.101960e-01,6.101196e-01,6.094001e-01,6.093240e-01,6.086516e-01,6.085425e-01,6.078743e-01,6.071734e-01,6.071037e-01,6.064052e-01,6.057472e-01,6.056397e-01,6.049840e-01,6.042922e-01,6.042255e-01,6.035361e-01,6.034676e-01,6.028184e-01,6.021280e-01,6.014773e-01,6.008286e-01,6.001817e-01,6.001113e-01,5.994613e-01,5.988186e-01,5.981407e-01,5.975018e-01,5.974671e-01,5.968302e-01,5.962319e-01,5.950379e-01,5.944519e-01,5.938238e-01,5.937898e-01,5.931999e-01,5.926064e-01,5.920196e-01,5.913934e-01,5.908099e-01,5.902230e-01,5.896020e-01,5.889829e-01,5.878582e-01,5.872818e-01,5.861260e-01,5.855167e-01,5.849441e-01,5.843730e-01,5.832374e-01,5.826708e-01,5.821057e-01,5.815421e-01,5.804554e-01,5.798620e-01,5.787837e-01,5.782288e-01,5.776754e-01,5.771234e-01,5.760587e-01,5.755139e-01,5.744617e-01,5.739511e-01,5.729021e-01,5.723953e-01,5.713866e-01,5.709117e-01,5.699100e-01,5.694103e-01,5.684436e-01,5.679753e-01,5.664913e-01,5.660593e-01,5.650759e-01,5.641288e-01,5.636385e-01,5.627292e-01,5.622381e-01,5.612649e-01,5.598580e-01,5.593736e-01,5.584477e-01,5.574952e-01,5.565470e-01,5.561008e-01,5.546598e-01,5.537205e-01,5.532503e-01,5.523212e-01,5.513590e-01,5.504382e-01,5.499459e-01,5.481211e-01,5.476343e-01,5.467299e-01,5.458332e-01,5.449039e-01,5.431333e-01,5.426904e-01,5.417786e-01,5.409065e-01,5.400380e-01,5.391732e-01,5.378785e-01,5.370505e-01,5.362015e-01,5.353802e-01,5.345380e-01,5.328872e-01,5.324959e-01,5.312732e-01,5.304476e-01,5.296253e-01,5.288330e-01,5.272302e-01,5.264472e-01,5.256935e-01,5.248901e-01,5.241160e-01,5.221483e-01,5.213876e-01,5.206267e-01,5.198686e-01,5.183313e-01,5.175564e-01,5.167845e-01,5.156270e-01,5.148874e-01,5.133800e-01,5.126239e-01,5.114900e-01,5.107626e-01,5.089170e-01,5.085677e-01,5.074565e-01,5.063471e-01,5.056382e-01,5.038389e-01,5.031153e-01,5.020340e-01,5.013359e-01,4.995543e-01,4.988462e-01,4.978109e-01,4.971090e-01,4.953578e-01,4.946622e-01,4.936260e-01,4.929319e-01,4.912217e-01,4.901766e-01,4.891568e-01,4.885025e-01,4.868211e-01,4.861529e-01,4.851493e-01,4.844846e-01,4.828329e-01,4.940622e-03,4.940622e-03,4.940622e-03,4.940622e-03,4.940622e-03,4.940622e-03,4.940622e-03,4.940622e-03,4.940622e-03,4.940622e-03,4.940622e-03,4.940622e-03,4.940622e-03,4.940622e-03,4.940622e-03,4.940622e-03,4.940622e-03,4.940622e-03,4.940622e-03,4.940622e-03,4.940622e-03,4.940622e-03,4.940622e-03,4.940622e-03,4.940622e-03,4.940622e-03,4.940622e-03,4.940622e-03,4.940622e-03,4.940622e-03,4.940622e-03,4.940622e-03,4.940622e-03,4.940622e-03,4.940622e-03,4.940622e-03,4.940622e-03,4.940622e-03,4.940622e-03,4.940622e-03,4.940622e-03,4.940622e-03,4.940622e-03,4.940622e-03,4.940622e-03,4.940622e-03,4.940622e-03,4.940622e-03,4.940622e-03,4.940622e-03,4.940622e-03,4.940622e-03,4.940622e-03,4.940622e-03,4.940622e-03,4.940622e-03,4.940622e-03,4.940622e-03,4.940622e-03,4.940622e-03,4.940622e-03,4.940622e-03,4.940622e-03,4.940622e-03,4.940622e-03,4.940622e-03,4.940622e-03,4.940622e-03,4.940622e-03,4.940622e-03,4.940622e-03,4.940622e-03,4.940622e-03,4.940622e-03,4.940622e-03,4.940622e-03,4.940622e-03,4.940622e-03,4.940622e-03,4.940622e-03,4.940622e-03,4.940622e-03,4.940622e-03,4.940622e-03,4.940622e-03,4.940622e-03,4.940622e-03,4.940622e-03,4.940622e-03,4.940622e-03,4.940622e-03,4.940622e-03,4.940622e-03,4.940622e-03,4.940622e-03,4.940622e-03,4.940622e-03,4.940622e-03,4.940622e-03,4.940622e-03,4.940622e-03,4.940622e-03,4.940622e-03,4.940622e-03,4.940622e-03,4.940622e-03,4.940622e-03,4.940622e-03,4.940622e-03,4.940622e-03,4.940622e-03,4.940622e-03,4.940622e-03,4.940622e-03,4.940622e-03,4.940622e-03,4.940622e-03,4.940622e-03,4.940622e-03,4.940622e-03,4.940622e-03,4.940622e-03,4.940622e-03,4.940622e-03,4.940622e-03,4.940622e-03,4.940622e-03,4.940622e-03,4.940622e-03,4.940622e-03,4.940622e-03,4.940622e-03,4.940622e-03,4.940622e-03,4.940622e-03,4.940622e-03,4.940622e-03,4.940622e-03,4.940622e-03,4.940622e-03,4.940622e-03,4.940622e-03,4.940622e-03,4.940622e-03,4.940622e-03,4.940622e-03,4.940622e-03,4.940622e-03,4.940622e-03,4.940622e-03,4.940622e-03,4.940622e-03,4.940622e-03,4.940622e-03,4.940622e-03,4.940622e-03,4.940622e-03,4.940622e-03,4.940622e-03,4.940622e-03,4.940622e-03
2.876656e-02,2.873553e-02,2.872040e-02,2.869341e-02,2.865804e-02,2.864203e-02,2.862480e-02,2.861486e-02,2.860747e-02,2.860544e-02,2.861587e-02,2.860099e-02,2.858509e-02,2.856175e-02,2.852648e-02,2.850886e-02,2.849061e-02,2.846784e-02,2.845158e-02,2.842368e-02,2.839691e-02,2.836234e-02,2.832491e-02,2.829312e-02,2.827634e-02,2.826173e-02,2.825856e-02,2.825110e-02,2.824415e-02,2.823952e-02,2.821945e-02,2.818801e-02,2.816586e-02,2.814315e-02,2.813410e-02,2.812207e-02,2.809675e-02,2.808317e-02,2.806127e-02,2.803246e-02,2.801456e-02,2.801630e-02,2.802041e-02,2.801819e-02,2.802288e-02,2.804304e-02,2.806031e-02,2.807085e-02,2.810848e-02,2.816585e-02,2.823703e-02,2.833080e-02,2.843657e-02,2.854478e-02,2.865496e-02,2.876684e-02,2.888633e-02,2.900828e-02,2.912801e-02,2.925770e-02,2.937897e-02,2.950722e-02,2.963790e-02,2.975716e-02,2.989747e-02,3.002803e-02,3.015968e-02,3.029025e-02,3.040752e-02,3.051847e-02,3.062057e-02,3.069755e-02,3.076439e-02,3.081491e-02,3.084713e-02,3.087804e-02,3.090238e-02,3.093362e-02,3.095412e-02,3.098179e-02,3.102031e-02,3.107639e-02,3.115616e-02,3.125719e-02,3.137736e-02,3.153370e-02,3.172393e-02,3.192636e-02,3.217558e-02,3.244902e-02,3.276740e-02,3.309469e-02,3.345178e-02,3.383299e-02,3.423930e-02,3.466638e-02,3.512809e-02,3.561975e-02,3.613658e-02,3.669142e-02,3.728252e-02,3.789523e-02,3.855267e-02,3.924984e-02,3.999511e-02,4.078173e-02,4.161257e-02,4.253837e-02,4.356198e-02,4.459047e-02,4.569422e-02,4.682632e-02,4.802492e-02,4.940059e-02,5.087240e-02,5.234117e-02,5.390678e-02,5.558533e-02,5.737518e-02,5.928275e-02,6.131501e-02,6.337657e-02,6.556551e-02,6.780065e-02,7.017616e-02,7.258805e-02,7.510526e-02,7.767908e-02,8.040787e-02,8.312592e-02,8.600708e-02,8.888491e-02,9.199561e-02,9.508021e-02,9.835741e-02,1.016294e-01,1.051045e-01,1.084916e-01,1.120921e-01,1.156498e-01,1.194525e-01,1.230972e-01,1.267070e-01,1.306672e-01,1.345394e-01,1.386192e-01,1.425592e-01,1.467485e-01,1.507553e-01,1.547518e-01,1.588180e-01,1.625631e-01,1.660375e-01,1.697838e-01,1.729612e-01,1.753697e-01,1.766456e-01,1.778071e-01,1.784346e-01,1.786687e-01,1.789060e-01,1.793824e-01,1.795947e-01,1.799843e-01,1.803194e-01,1.806574e-01,1.809355e-01,1.809607e-01,1.811501e-01,1.813169e-01,1.814359e-01,1.815197e-01,1.815723e-01,1.816387e-01,1.816919e-01,1.817447e-01,1.818044e-01,1.819126e-01,1.820351e-01,1.821868e-01,1.823481e-01,1.825898e-01,1.828293e-01,1.830897e-01,1.833474e-01,1.836574e-01,1.839876e-01,1.842975e-01,1.846261e-01,1.849830e-01,1.853694e-01,1.857592e-01,1.861697e-01,1.863905e-01,1.868629e-01,1.873625e-01,1.878644e-01,1.883880e-01,1.889127e-01,1.894243e-01,1.896576e-01,1.900987e-01,1.904910e-01,1.908081e-01,1.908070e-01,1.909739e-01,1.910752e-01,1.908370e-01,1.907872e-01,1.906643e-01,1.905098e-01,1.900706e-01,1.898342e-01,1.895655e-01,1.890315e-01,1.887526e-01,1.882357e-01,1.879721e-01,1.877409e-01,1.873307e-01,1.872309e-01,1.869483e-01,1.869816e-01,1.868453e-01,1.870030e-01,1.869999e-01,1.870499e-01,1.874082e-01,1.875549e-01,1.879601e-01,1.880981e-01,1.884349e-01,1.884505e-01,1.883421e-01,1.883375e-01,1.879210e-01,1.875689e-01,1.867538e-01,1.857767e-01,1.848249e-01,1.834993e-01,1.820190e-01,1.806459e-01,1.789423e-01,1.771903e-01,1.753887e-01,1.738182e-01,1.721129e-01,1.704867e-01,1.692474e-01,1.679316e-01,1.667918e-01,1.657253e-01,1.648723e-01,1.637759e-01,1.625345e-01,1.611356e-01,1.596183e-01,1.577081e-01,1.554651e-01,1.530149e-01,1.502174e-01,1.474583e-01,1.444002e-01,1.413153e-01,1.383420e-01,1.352853e-01,1.325591e-01,1.299897e-01,1.278931e-01,1.258523e-01,1.242282e-01,1.229426e-01,1.218732e-01,1.209789e-01,1.205605e-01,1.201884e-01,1.203561e-01,1.208558e-01,1.221265e-01,1.239385e-01,1.271091e-01,1.308280e-01,1.361329e-01,1.419640e-01,1.491405e-01,1.570162e-01,1.655107e-01,1.745044e-01,1.843518e-01,1.943279e-01,2.045507e-01,2.149558e-01,2.258364e-01,2.363519e-01,2.466174e-01,2.567084e-01,2.669445e-01,2.764291e-01,2.854279e-01,2.940472e-01,3.028048e-01,3.105294e-01,3.177829e-01,3.246260e-01,3.310673e-01,3.371524e-01,3.429122e-01,3.483969e-01,3.545204e-01,3.595901e-01,3.644550e-01,3.691652e-01,3.737164e-01,3.781506e-01,3.824372e-01,3.866272e-01,3.906918e-01,3.946517e-01,3.985152e-01,4.034272e-01,4.071091e-01,4.107137e-01,4.138655e-01,4.172862e-01,4.206226e-01,4.238798e-01,4.271697e-01,4.302705e-01,4.332954e-01,4.362453e-01,4.391224e-01,4.419418e-01,4.447053e-01,4.472490e-01,4.498701e-01,4.524436e-01,4.549589e-01,4.572701e-01,4.596959e-01,4.620711e-01,4.640754e-01,4.662047e-01,4.681210e-01,4.701718e-01,4.720128e-01,4.739943e-01,4.757664e-01,4.776756e-01,4.793929e-01,4.812490e-01,4.827823e-01,4.843195e-01,4.860455e-01,4.876013e-01,4.893422e-01,4.909210e-01,4.924986e-01,4.942650e-01,4.958555e-01,4.976427e-01,4.990594e-01,5.006638e-01,5.022710e-01,5.036907e-01,5.052939e-01,5.069037e-01,5.085132e-01,5.099282e-01,5.115277e-01,5.131317e-01,5.147306e-01,5.163195e-01,5.179162e-01,5.194951e-01,5.210667e-01,5.226354e-01,5.241895e-01,5.257335e-01,5.272595e-01,5.287813e-01,5.298713e-01,5.311845e-01,5.324970e-01,5.338172e-01,5.351422e-01,5.364745e-01,5.378232e-01,5.389531e-01,5.403117e-01,5.416776e-01,5.428286e-01,5.442158e-01,5.453796e-01,5.465528e-01,5.477270e-01,5.489090e-01,5.503265e-01,5.515221e-01,5.527162e-01,5.539224e-01,5.551273e-01,5.563368e-01,5.575527e-01,5.585367e-01,5.597641e-01,5.609979e-01,5.622352e-01,5.634859e-01,5.644897e-01,5.657487e-01,5.667641e-01,5.677903e-01,5.690735e-01,5.701098e-01,5.711507e-01,5.721942e-01,5.732405e-01,5.742934e-01,5.753614e-01,5.764237e-01,5.774830e-01,5.785558e-01,5.793666e-01,5.804518e-01,5.815213e-01,5.823167e-01,5.834026e-01,5.844894e-01,5.855479e-01,5.863596e-01,5.871759e-01,5.882452e-01,5.890464e-01,5.898707e-01,5.909766e-01,5.917992e-01,5.926255e-01,5.934682e-01,5.945862e-01,5.954315e-01,5.962838e-01,5.971468e-01,5.980009e-01,5.988720e-01,5.997462e-01,6.006197e-01,6.015022e-01,6.023957e-01,6.032760e-01,6.041803e-01,6.050836e-01,6.056941e-01,6.066030e-01,6.072218e-01,6.081341e-01,6.090454e-01,6.096700e-01,6.105959e-01,6.112158e-01,6.121452e-01,6.127758e-01,6.136960e-01,6.143306e-01,6.149561e-01,6.155733e-01,6.165016e-01,6.171303e-01,6.177520e-01,6.183907e-01,6.193209e-01,6.199330e-01,6.205570e-01,6.211872e-01,6.217963e-01,6.224226e-01,6.230513e-01,6.236760e-01,6.243115e-01,6.249440e-01,6.255758e-01,6.259043e-01,6.265544e-01,6.272061e-01,6.278661e-01,6.282114e-01,6.288812e-01,6.295575e-01,6.302140e-01,6.305742e-01,6.312479e-01,6.319091e-01,6.322670e-01,6.326209e-01,6.333002e-01,6.336508e-01,6.343181e-01,6.346701e-01,6.353548e-01,6.356984e-01,6.360405e-01,6.363804e-01,6.367111e-01,6.370472e-01,6.373933e-01,6.377426e-01,6.380825e-01,6.384080e-01,6.387410e-01,6.390871e-01,6.394338e-01,6.397685e-01,6.400954e-01,6.404356e-01,6.407913e-01,6.411445e-01,6.414787e-01,6.417781e-01,6.421000e-01,6.424578e-01,6.428038e-01,6.431093e-01,6.433801e-01,6.436761e-01,6.439935e-01,6.443010e-01,6.446006e-01,6.449039e-01,6.451788e-01,6.454115e-01,6.456393e-01,6.458935e-01,6.461473e-01,6.463764e-01,6.466436e-01,6.468565e-01,6.469616e-01,6.471270e-01,6.473186e-01,6.475523e-01,6.476888e-01,6.476659e-01,6.478060e-01,6.479724e-01,6.481038e-01,6.482149e-01,6.482949e-01,6.484265e-01,6.485803e-01,6.485187e-01,6.481666e-01,6.480794e-01,6.481045e-01,6.480173e-01,6.479010e-01,6.478139e-01,6.478039e-01,6.477904e-01,6.478575e-01,6.479506e-01,6.479886e-01,6.479530e-01,6.481323e-01,6.484311e-01,6.486791e-01,6.489270e-01,6.491626e-01,6.494368e-01,6.497595e-01,6.500124e-01,6.503228e-01,6.505985e-01,6.508393e-01,6.511375e-01,6.513657e-01,6.516294e-01,6.519194e-01,6.522617e-01,6.525523e-01,6.529086e-01,6.532562e-01,6.536134e-01,6.539448e-01,6.543465e-01,6.547184e-01,6.551172e-01,6.554852e-01,6.559116e-01,6.563520e-01,6.567575e-01,6.571635e-01,6.576191e-01,6.580531e-01,6.584613e-01,6.588564e-01,6.593017e-01,6.597247e-01,6.601394e-01,6.606000e-01,6.610251e-01,6.614371e-01,6.618496e-01,6.622947e-01,6.626813e-01,6.630957e-01,6.635106e-01,6.639534e-01,6.643461e-01,6.647953e-01,6.652541e-01,6.656627e-01,6.661229e-01,6.665327e-01,6.669668e-01,6.673645e-01,6.678418e-01,6.682407e-01,6.686457e-01,6.690458e-01,6.695020e-01,6.699312e-01,6.703610e-01,6.707769e-01,6.712080e-01,6.716252e-01,6.720149e-01,6.724051e-01,6.727640e-01,6.731688e-01,6.735790e-01,6.739566e-01,6.742401e-01,6.745239e-01,6.748460e-01,6.751870e-01,6.755283e-01,6.758701e-01,6.761837e-01,6.765261e-01,6.768405e-01,6.771551e-01,6.774315e-01,6.777618e-01,6.780487e-01,6.783123e-01,6.785862e-01,6.788503e-01,6.791434e-01,6.794468e-01,6.797200e-01,6.800004e-01,6.802521e-01,6.805444e-01,6.807928e-01,6.810817e-01,6.813092e-01,6.815659e-01,6.818053e-01,6.820295e-01,6.822616e-01,6.825005e-01,6.827427e-01,6.829676e-01,6.831772e-01,6.833656e-01,6.835677e-01,6.837408e-01,6.839354e-01,6.841302e-01,6.842651e-01,6.844112e-01,6.845495e-01,6.846683e-01,6.848028e-01,6.849177e-01,6.850057e-01,6.850542e-01,6.851320e-01,6.852312e-01,6.853147e-01,6.854101e-01,6.854355e-01,6.854643e-01,6.854931e-01,6.855141e-01,6.855643e-01,6.855814e-01,6.856164e-01,6.856259e-01,6.856323e-01,6.856058e-01,6.855758e-01,6.855646e-01,6.855861e-01,6.855752e-01,6.855314e-01,6.854549e-01,6.853747e-01,6.852545e-01,6.852258e-01,6.851935e-01,6.851595e-01,6.850670e-01,6.849746e-01,6.849334e-01,6.848995e-01,6.848364e-01,6.847441e-01,6.846227e-01,6.845525e-01,6.845188e-01,6.844559e-01,6.843347e-01,6.842269e-01,6.842224e-01,6.842689e-01,6.842644e-01,6.841435e-01,6.840226e-01,6.839468e-01,6.838552e-01,6.837433e-01,6.835806e-01,6.834181e-01,6.833136e-01,6.832383e-01,6.830471e-01,6.827043e-01,6.823402e-01,6.820632e-01,6.817866e-01,6.813951e-01,6.807298e-01,6.799961e-01,6.793345e-01,6.787315e-01,6.781520e-01,6.775518e-01,6.767960e-01,6.757759e-01,6.744357e-01,6.731301e-01,6.721922e-01,6.713686e-01,6.703266e-01,6.688984e-01,6.674287e-01,6.664023e-01,6.656783e-01,6.650375e-01,6.642903e-01,6.634107e-01,6.626146e-01,6.618309e-01,6.610397e-01,6.605314e-01,6.602899e-01,6.600486e-01,6.598221e-01,6.595957e-01,6.593696e-01,6.591582e-01,6.589470e-01,6.590004e-01,6.587894e-01,6.588385e-01,6.589064e-01,6.589599e-01,6.587492e-01,6.588028e-01,6.588419e-01,6.588811e-01,6.586561e-01,6.584169e-01,6.584417e-01,6.584664e-01,6.584767e-01,6.585014e-01,6.585262e-01,6.582728e-01,6.582976e-01,6.583224e-01,6.583430e-01,6.581044e-01,6.581292e-01,6.578909e-01,6.579157e-01,6.579551e-01,6.579654e-01,6.577273e-01,6.577522e-01,6.577626e-01,6.577875e-01,6.575352e-01,6.575456e-01,6.575560e-01,6.575664e-01,6.575623e-01,6.575727e-01,6.575831e-01,6.578561e-01,6.578665e-01,6.578769e-01,6.578872e-01,6.578976e-01,6.579080e-01,6.577973e-01,6.580703e-01,6.580807e-01,6.580911e-01,6.581015e-01,6.582535e-01,6.582493e-01,6.585226e-01,6.585330e-01,6.584220e-01,6.584178e-01,6.587059e-01,6.588581e-01,6.588641e-01,6.590310e-01,6.590561e-01,6.590811e-01,6.589994e-01,6.590391e-01,6.592208e-01,6.592607e-01,6.591790e-01,6.592336e-01,6.594155e-01,6.593486e-01,6.596671e-01,6.595854e-01,6.596402e-01,6.598181e-01,6.598583e-01,6.600407e-01,6.599590e-01,6.599992e-01,6.599028e-01,6.599282e-01,6.600958e-01,6.599845e-01,6.602592e-01,6.601479e-01,6.603007e-01,6.602963e-01,6.601850e-01,6.603378e-01,6.603484e-01,6.602370e-01,6.603855e-01,6.604109e-01,6.605788e-01,6.604823e-01,6.605078e-01,6.604114e-01,6.604369e-01,6.603406e-01,6.602593e-01,6.605489e-01,6.604526e-01,6.603714e-01,6.606611e-01,6.605648e-01,6.605904e-01,6.604942e-01,6.603980e-01,6.604236e-01,6.603082e-01,6.603338e-01,6.602228e-01,6.599849e-01,6.598740e-01,6.596215e-01,6.595109e-01,6.592588e-01,6.591334e-01,6.591441e-01,6.587714e-01,6.587821e-01,6.585309e-01,6.581592e-01,6.579045e-01,6.576542e-01,6.575446e-01,6.572947e-01,6.570451e-01,6.569359e-01,6.566866e-01,6.564377e-01,6.561890e-01,6.558211e-01,6.555731e-01,6.553253e-01,6.550778e-01,6.545728e-01,6.543261e-01,6.538226e-01,6.535767e-01,6.534493e-01,6.527115e-01,6.525847e-01,6.522025e-01,6.518210e-01,6.511856e-01,6.506885e-01,6.500560e-01,6.495612e-01,6.490673e-01,6.486906e-01,6.479473e-01,6.474567e-01,6.467170e-01,6.460944e-01,6.453587e-01,6.446252e-01,6.438937e-01,6.431644e-01,6.424346e-01,6.413516e-01,6.404982e-01,6.394234e-01,6.387070e-01,6.379926e-01,6.371505e-01,6.363112e-01,6.350151e-01,6.338352e-01,6.326608e-01,6.318363e-01,6.309060e-01,6.301054e-01,6.289350e-01,6.274441e-01,6.259618e-01,6.246998e-01,6.233565e-01,6.223522e-01,6.213520e-01,6.206982e-01,6.197172e-01,6.187400e-01,6.176465e-01,6.162332e-01,6.146073e-01,6.128908e-01,6.112863e-01,6.099251e-01,6.091018e-01,6.077526e-01,6.068213e-01,6.055707e-01,6.045382e-01,6.032991e-01,6.023730e-01,6.011449e-01,6.002269e-01,5.989934e-01,5.983419e-01,5.977986e-01,5.970669e-01,5.958540e-01,5.943342e-01,5.931304e-01,5.919214e-01,5.904260e-01,5.891233e-01,5.874214e-01,5.856667e-01,5.836297e-01,5.811377e-01,5.782883e-01,5.758386e-01,5.725688e-01,5.687938e-01,5.655215e-01,5.615691e-01,5.575744e-01,5.529389e-01,5.495582e-01,5.441767e-01,5.386085e-01,5.324850e-01,5.273686e-01,5.202034e-01,5.131355e-01,5.062071e-01,4.984085e-01,4.928425e-01,4.850583e-01,4.776682e-01,4.704701e-01,4.624362e-01,4.546056e-01,4.493297e-01,4.430580e-01,4.349945e-01,4.282021e-01,4.215559e-01,4.161088e-01,4.098667e-01,4.037925e-01,3.979831e-01,3.931417e-01,3.891236e-01,3.844078e-01,3.798140e-01,3.760866e-01,3.716492e-01,3.679993e-01,3.644254e-01,3.609578e-01,3.582057e-01,3.555004e-01,3.527589e-01,3.500831e-01,3.474523e-01,3.454334e-01,3.434937e-01,3.415302e-01,3.395563e-01,3.376348e-01,3.363014e-01,3.344254e-01,3.325642e-01,3.312723e-01,3.299909e-01,3.292928e-01,3.280542e-01,3.268232e-01,3.261636e-01,3.249737e-01,3.243150e-01,3.237073e-01,3.230608e-01,3.224341e-01,3.218337e-01,3.212187e-01,3.205994e-01,3.200041e-01,3.199207e-01,3.193349e-01,3.192987e-01,3.192625e-01,3.192332e-01,3.186899e-01,3.186306e-01,3.186247e-01,3.185887e-01,3.191062e-01,3.190768e-01,3.190661e-01,3.190153e-01,3.195127e-01,3.194618e-01,3.199841e-01,3.204846e-01,3.210408e-01,3.210320e-01,3.215188e-01,3.225421e-01,3.230837e-01,3.236182e-01,3.246621e-01,3.257062e-01,3.267886e-01,3.283843e-01,3.294851e-01,3.306096e-01,3.322256e-01,3.333183e-01,3.349878e-01,3.366653e-01,3.377956e-01,3.400804e-01,3.412614e-01,3.430050e-01,3.447720e-01,3.460076e-01,3.484174e-01,3.496028e-01,3.513795e-01,3.532115e-01,3.550854e-01,3.563481e-01,3.582275e-01,3.601352e-01,3.614661e-01,3.641002e-01,3.654311e-01,3.674444e-01,3.695207e-01,3.715283e-01,3.729743e-01,3.750517e-01,3.772790e-01,3.794413e-01,3.809272e-01,3.831233e-01,3.853923e-01,3.868897e-01,3.892345e-01,3.908713e-01,3.933086e-01,3.949014e-01,3.965525e-01,3.990177e-01,4.006680e-01,4.023330e-01,4.049188e-01,4.066219e-01,4.083799e-01,4.101466e-01,4.118974e-01,4.145368e-01,4.155217e-01,4.182607e-01,4.201634e-01,4.210929e-01,4.229386e-01,4.258281e-01,4.268669e-01,4.288120e-01,4.307791e-01,4.327633e-01,4.347748e-01,4.358205e-01,4.378558e-01,4.398777e-01,4.409012e-01,4.430011e-01,4.440999e-01,4.461356e-01,4.482956e-01,4.493729e-01,4.516166e-01,4.527132e-01,4.547873e-01,4.559009e-01,4.581662e-01,4.592855e-01,4.604177e-01,4.626753e-01,4.638654e-01,4.650165e-01,4.672654e-01,4.684757e-01,4.696519e-01,4.708285e-01,4.732360e-01,4.744323e-01,4.756351e-01,4.768936e-01,4.781100e-01,4.793331e-01,4.806695e-01,4.818408e-01,4.826577e-01,4.837762e-01,4.848490e-01,4.859883e-01,4.870107e-01,4.882255e-01,4.891251e-01,4.904860e-01,4.914006e-01,4.925015e-01,4.933715e-01,4.944278e-01,4.954904e-01,4.965637e-01,4.975102e-01,4.986486e-01,4.997441e-01,5.005085e-01,5.017966e-01,5.025056e-01,5.035341e-01,5.045099e-01,5.053457e-01,5.063057e-01,5.073599e-01,5.084644e-01,5.092376e-01,5.102115e-01,5.111197e-01,5.119638e-01,5.125367e-01,5.134461e-01,5.141643e-01,5.152963e-01,5.162212e-01,5.171418e-01,5.182929e-01,5.191594e-01,5.197448e-01,5.205378e-01,5.211940e-01,5.219241e-01,5.227439e-01,5.235621e-01,5.241510e-01,5.249668e-01,5.256435e-01,5.264759e-01,5.271610e-01,5.277714e-01,5.280775e-01,5.289140e-01,5.292331e-01,5.298441e-01,5.303824e-01,5.311487e-01,5.316937e-01,5.323068e-01,5.327008e-01,5.332492e-01,5.336408e-01,5.343457e-01,5.345843e-01,5.352202e-01,5.358457e-01,5.363972e-01,5.371098e-01,5.375075e-01,5.379214e-01,5.384810e-01,5.387234e-01,5.392119e-01,5.394550e-01,5.399449e-01,5.399574e-01,5.405305e-01,5.408513e-01,5.414138e-01,5.415887e-01,5.419933e-01,5.422421e-01,5.426478e-01,5.426664e-01,5.431372e-01,5.433775e-01,5.438620e-01,5.441153e-01,5.446012e-01,5.447683e-01,5.452678e-01,5.451991e-01,5.457615e-01,5.457798e-01,5.458948e-01,5.459849e-01,5.462494e-01,5.459629e-01,5.461526e-01,5.459284e-01,5.461277e-01,5.457668e-01,5.457200e-01,5.455833e-01,5.456235e-01,5.453255e-01,5.452044e-01,5.449842e-01,5.450243e-01,5.446654e-01,5.447055e-01,5.443472e-01,5.442363e-01,5.442486e-01,5.451759e-01,5.448170e-01,5.447800e-01,5.445149e-01,5.442435e-01,5.438957e-01,5.436988e-01,5.434256e-01,5.432417e-01,5.428955e-01,5.426262e-01,5.420393e-01,5.418537e-01,5.415763e-01,5.411504e-01,5.408010e-01,5.405343e-01,5.398588e-01,5.397534e-01,5.392371e-01,5.389538e-01,5.386679e-01,5.384666e-01,5.378844e-01,5.375999e-01,5.370050e-01,5.366532e-01,5.362989e-01,5.356363e-01,5.351327e-01,5.346980e-01,5.339576e-01,5.336108e-01,5.331673e-01,5.327365e-01,5.322279e-01,5.317990e-01,5.311497e-01,5.308655e-01,5.302768e-01,5.297013e-01,5.291273e-01,5.287678e-01,5.281963e-01,5.279127e-01,5.274120e-01,5.271328e-01,5.264059e-01,5.260565e-01,5.253418e-01,5.249269e-01,5.245095e-01,5.240139e-01,5.235193e-01,5.231719e-01,5.225372e-01,5.224124e-01,5.219773e-01,5.216125e-01,5.211901e-01,5.211045e-01,5.207336e-01,5.205817e-01,5.199202e-01,5.196914e-01,5.196728e-01,5.190802e-01,5.187092e-01,5.183500e-01,5.178377e-01,5.173351e-01,5.169053e-01,5.165574e-01,5.158513e-01,5.151667e-01,5.146162e-01,5.139809e-01,5.131542e-01,5.126088e-01,5.119900e-01,5.111707e-01,5.102086e-01,5.094511e-01,5.090437e-01,5.082168e-01,5.073302e-01,5.064473e-01,5.057027e-01,5.051494e-01,5.042030e-01,5.035893e-01,5.030414e-01,5.025640e-01,5.018327e-01,5.012258e-01,5.007524e-01,5.003408e-01,4.998695e-01,4.993362e-01,4.989273e-01,4.988485e-01,4.988927e-01,4.983017e-01,4.981029e-01,4.978341e-01,4.975058e-01,4.975650e-01,4.974268e-01,4.971690e-01,4.969713e-01,4.967795e-01,4.965822e-01,4.962062e-01,4.959599e-01,4.955257e-01,4.952208e-01,4.949065e-01,4.948392e-01,4.947128e-01,4.945231e-01,4.946531e-01,4.946057e-01,4.946076e-01,4.944813e-01,4.945597e-01,4.945672e-01,4.946972e-01,4.950072e-01,4.950782e-01,4.952184e-01,4.955325e-01,4.956654e-01,4.959867e-01,4.960579e-01,4.963101e-01,4.963697e-01,4.964258e-01,4.963704e-01,4.963050e-01,4.962320e-01,4.960896e-01,4.959531e-01,4.960091e-01,4.959956e-01,4.962400e-01,4.959787e-01,4.959611e-01,4.958189e-01,4.957460e-01,4.959207e-01,4.957884e-01,4.957156e-01,4.957790e-01,4.956503e-01,4.956962e-01,4.956309e-01,4.954448e-01,4.950047e-01,4.948783e-01,4.945510e-01,4.943069e-01,4.934236e-01,4.930514e-01,4.925531e-01,4.919253e-01,4.914199e-01,4.909156e-01,4.900534e-01,4.892982e-01,4.884828e-01,4.873847e-01,4.862827e-01,4.848734e-01,4.831108e-01,4.820791e-01,4.809924e-01,4.798604e-01,4.775415e-01,4.751935e-01,4.740806e-01,4.718699e-01,4.684929e-01,4.662315e-01,4.640949e-01,4.608839e-01,4.576672e-01,4.545044e-01,4.513355e-01,4.482572e-01,4.431669e-01,4.401685e-01,4.333065e-01,4.284808e-01,4.229976e-01,4.185434e-01,4.124190e-01,4.074732e-01,4.009954e-01,3.949861e-01,3.859733e-01,3.787510e-01,3.718104e-01,3.637993e-01,3.567433e-01,3.481255e-01,3.404168e-01,3.281947e-01,3.192941e-01,3.104286e-01,3.020380e-01,2.920008e-01,2.837382e-01,2.707575e-01,2.615774e-01,2.529503e-01,2.445483e-01,2.357638e-01,2.250100e-01,2.167550e-01,2.094897e-01,2.024577e-01,1.954293e-01,1.869847e-01,1.808899e-01,1.754594e-01,1.704678e-01,1.661571e-01,1.597845e-01,1.560600e-01,1.526043e-01,1.490122e-01,1.453378e-01,1.418112e-01,1.395193e-01,1.372882e-01,1.351171e-01,1.330015e-01,1.309440e-01,1.298955e-01,1.279255e-01,1.269263e-01,1.250276e-01,1.240792e-01,1.231382e-01,1.222205e-01,1.213157e-01,1.204258e-01,1.195499e-01,1.195238e-01,1.186440e-01,1.186175e-01,1.177644e-01,1.177273e-01,1.177088e-01,1.176911e-01,1.168484e-01,1.168305e-01,1.168118e-01,1.167976e-01,1.176072e-01,1.176034e-01,1.175926e-01,1.175737e-01,1.183889e-01,1.183885e-01,1.192249e-01,1.192217e-01,1.200597e-01,1.209129e-01,1.209141e-01,1.217813e-01,1.226559e-01,1.235413e-01,1.244494e-01,1.244477e-01,1.253604e-01,1.263000e-01,1.272317e-01,1.281865e-01,1.291378e-01,1.301142e-01,1.311066e-01,1.321041e-01,1.331148e-01,1.341414e-01,1.351790e-01,1.362300e-01,1.372981e-01,1.383782e-01,1.394629e-01,1.405699e-01,1.428151e-01,1.428197e-01,1.451407e-01,1.463299e-01,1.463459e-01,1.483924e-01,1.496132e-01,1.511130e-01,1.521451e-01,1.539437e-01,1.549933e-01,1.559267e-01,1.576873e-01,1.589122e-01,1.604471e-01,1.615806e-01,1.634478e-01,1.644660e-01,1.662317e-01,1.674523e-01,1.685285e-01,1.703703e-01,1.716246e-01,1.733812e-01,1.745037e-01,1.762903e-01,1.774467e-01,1.791252e-01,1.804865e-01,1.820169e-01,1.832325e-01,1.850021e-01,1.862538e-01,1.878819e-01,1.891509e-01,1.908426e-01,1.919830e-01,1.937038e-01,1.950366e-01,1.960052e-01,1.977920e-01,1.996086e-01,2.008179e-01,2.024537e-01,2.036947e-01,2.053637e-01,2.064078e-01,2.081385e-01,2.091879e-01,2.107120e-01,2.117950e-01,2.135980e-01,2.146977e-01,2.162631e-01,2.173550e-01,2.190016e-01,2.198714e-01,2.213798e-01,2.225201e-01,2.239260e-01,2.256068e-01,2.264071e-01,2.278592e-01,2.287969e-01,2.304225e-01,2.309847e-01,2.324922e-01,2.338907e-01,2.348755e-01,2.360195e-01,2.368905e-01,2.384713e-01,2.390711e-01,2.405450e-01,2.417416e-01,2.426529e-01,2.438695e-01,2.444952e-01,2.458693e-01,2.474235e-01,2.480653e-01,2.493338e-01,2.499865e-01,2.509577e-01,2.522545e-01,2.529218e-01,2.542380e-01,2.550655e-01,2.560761e-01,2.570945e-01,2.577900e-01,2.588229e-01,2.603562e-01,2.607267e-01,2.622832e-01,2.626590e-01,2.642346e-01,2.654782e-01,2.660239e-01,2.672821e-01,2.685502e-01,2.694678e-01,2.705602e-01,2.718584e-01,2.727979e-01,2.737420e-01,2.752436e-01,2.758271e-01,2.769709e-01,2.783311e-01,2.791119e-01,2.801024e-01,2.816780e-01,2.822919e-01,2.834903e-01,2.845150e-01,2.853273e-01,2.865537e-01,2.875983e-01,2.882376e-01,2.894839e-01,2.905475e-01,2.913947e-01,2.920487e-01,2.933274e-01,2.944189e-01,2.952834e-01,2.959546e-01,2.972701e-01,2.979502e-01,2.988373e-01,2.999695e-01,3.008684e-01,3.015679e-01,3.024785e-01,3.036381e-01,3.045589e-01,3.052700e-01,3.062006e-01,3.073894e-01,3.078631e-01,3.092797e-01,3.100128e-01,3.109699e-01,3.114522e-01,3.124214e-01,3.131669e-01,3.141434e-01,3.151259e-01,3.153940e-01,3.163875e-01,3.173841e-01,3.178863e-01,3.186604e-01,3.191667e-01,3.201807e-01,3.206950e-01,3.217187e-01,3.227490e-01,3.237858e-01,3.240687e-01,3.251140e-01,3.256468e-01,3.267023e-01,3.272343e-01,3.277680e-01,3.285941e-01,3.291295e-01,3.296694e-01,3.307512e-01,3.312936e-01,3.318412e-01,3.321353e-01,3.332333e-01,3.337811e-01,3.343368e-01,3.346354e-01,3.351905e-01,3.357447e-01,3.360462e-01,3.366060e-01,3.371648e-01,3.377255e-01,3.382880e-01,3.388523e-01,3.391593e-01,3.391537e-01,3.397209e-01,3.402900e-01,3.408610e-01,3.414372e-01,3.420090e-01,3.425858e-01,3.425800e-01,3.431556e-01,3.437331e-01,3.443127e-01,3.443037e-01,3.448819e-01,3.454590e-01,3.454500e-01,3.460258e-01,3.466035e-01,3.465879e-01,3.474426e-01,3.474270e-01,3.480092e-01,3.479903e-01,3.488518e-01,3.488390e-01,3.494258e-01,3.496885e-01,3.502781e-01,3.502652e-01,3.511408e-01,3.511245e-01,3.513896e-01,3.519848e-01,3.528656e-01,3.531299e-01,3.537277e-01,3.539933e-01,3.539732e-01,3.548573e-01,3.548400e-01,3.557318e-01,3.560002e-01,3.559797e-01,3.568804e-01,3.568631e-01,3.571427e-01,3.574164e-01,3.574058e-01,3.576866e-01,3.579679e-01,3.579599e-01,3.582484e-01,3.582409e-01,3.591665e-01,3.591651e-01,3.594589e-01,3.597531e-01,3.597558e-01,3.600540e-01,3.600594e-01,3.603615e-01,3.603676e-01,3.606702e-01,3.606790e-01,3.609821e-01,3.609917e-01,3.612988e-01,3.613111e-01,3.613207e-01,3.616284e-01,3.609925e-01,3.610047e-01,3.610178e-01,3.613249e-01,3.613345e-01,3.613467e-01,3.613598e-01,3.613694e-01,3.610813e-01,3.604499e-01,3.604594e-01,3.601728e-01,3.598832e-01,3.589594e-01,3.589713e-01,3.586836e-01,3.581037e-01,3.571891e-01,3.569043e-01,3.563326e-01,3.554238e-01,3.548511e-01,3.545701e-01,3.533820e-01,3.528160e-01,3.516421e-01,3.510817e-01,3.496382e-01,3.490842e-01,3.476541e-01,3.471064e-01,3.459682e-01,3.451573e-01,3.440341e-01,3.426514e-01,3.421224e-01,3.407551e-01,3.396612e-01,3.388796e-01,3.377977e-01,3.364646e-01,3.359565e-01,3.346378e-01,3.341332e-01,3.330812e-01,3.317819e-01,3.307417e-01,3.297079e-01,3.286805e-01,3.281926e-01,3.271717e-01,3.261599e-01,3.249134e-01,3.239153e-01,3.236781e-01,3.226874e-01,3.219388e-01,3.204502e-01,3.197161e-01,3.187491e-01,3.185192e-01,3.177894e-01,3.170603e-01,3.163371e-01,3.153874e-01,3.146716e-01,3.139564e-01,3.130206e-01,3.120903e-01,3.109074e-01,3.102102e-01,3.088207e-01,3.079145e-01,3.072289e-01,3.065462e-01,3.051908e-01,3.045169e-01,3.038458e-01,3.031776e-01,3.020593e-01,3.011911e-01,3.000869e-01,2.994346e-01,2.987849e-01,2.981380e-01,2.970553e-01,2.964164e-01,2.953479e-01,2.949142e-01,2.938538e-01,2.934242e-01,2.925700e-01,2.923376e-01,2.914895e-01,2.910665e-01,2.904165e-01,2.901873e-01,2.889331e-01,2.888975e-01,2.880661e-01,2.874288e-01,2.870148e-01,2.865702e-01,2.861565e-01,2.853374e-01,2.843084e-01,2.839008e-01,2.832788e-01,2.824759e-01,2.816772e-01,2.814587e-01,2.800923e-01,2.793044e-01,2.789102e-01,2.781305e-01,2.771757e-01,2.764051e-01,2.758432e-01,2.743233e-01,2.737693e-01,2.730165e-01,2.722694e-01,2.713541e-01,2.698843e-01,2.695165e-01,2.686204e-01,2.678975e-01,2.671781e-01,2.664624e-01,2.653966e-01,2.648520e-01,2.641496e-01,2.636097e-01,2.629133e-01,2.616898e-01,2.615045e-01,2.606326e-01,2.599507e-01,2.592721e-01,2.587522e-01,2.575659e-01,2.570522e-01,2.566935e-01,2.560305e-01,2.555224e-01,2.540354e-01,2.535362e-01,2.530371e-01,2.525398e-01,2.514038e-01,2.507656e-01,2.501303e-01,2.491817e-01,2.486981e-01,2.475928e-01,2.469721e-01,2.460453e-01,2.455713e-01,2.441872e-01,2.440203e-01,2.431135e-01,2.422139e-01,2.417532e-01,2.404081e-01,2.398183e-01,2.389397e-01,2.384912e-01,2.370479e-01,2.364729e-01,2.357474e-01,2.351780e-01,2.337707e-01,2.332086e-01,2.323733e-01,2.318185e-01,2.304461e-01,2.295011e-01,2.286897e-01,2.282715e-01,2.269356e-01,2.264013e-01,2.256071e-01,2.250772e-01,2.237723e-01,5.395934e-03,5.395934e-03,5.395934e-03,5.395934e-03,5.395934e-03,5.395934e-03,5.395934e-03,5.395934e-03,5.395934e-03,5.395934e-03,5.395934e-03,5.395934e-03,5.395934e-03,5.395934e-03,5.395934e-03,5.395934e-03,5.395934e-03,5.395934e-03,5.395934e-03,5.395934e-03,5.395934e-03,5.395934e-03,5.395934e-03,5.395934e-03,5.395934e-03,5.395934e-03,5.395934e-03,5.395934e-03,5.395934e-03,5.395934e-03,5.395934e-03,5.395934e-03,5.395934e-03,5.395934e-03,5.395934e-03,5.395934e-03,5.395934e-03,5.395934e-03,5.395934e-03,5.395934e-03,5.395934e-03,5.395934e-03,5.395934e-03,5.395934e-03,5.395934e-03,5.395934e-03,5.395934e-03,5.395934e-03,5.395934e-03,5.395934e-03,5.395934e-03,5.395934e-03,5.395934e-03,5.395934e-03,5.395934e-03,5.395934e-03,5.395934e-03,5.395934e-03,5.395934e-03,5.395934e-03,5.395934e-03,5.395934e-03,5.395934e-03,5.395934e-03,5.395934e-03,5.395934e-03,5.395934e-03,5.395934e-03,5.395934e-03,5.395934e-03,5.395934e-03,5.395934e-03,5.395934e-03,5.395934e-03,5.395934e-03,5.395934e-03,5.395934e-03,5.395934e-03,5.395934e-03,5.395934e-03,5.395934e-03,5.395934e-03,5.395934e-03,5.395934e-03,5.395934e-03,5.395934e-03,5.395934e-03,5.395934e-03,5.395934e-03,5.395934e-03,5.395934e-03,5.395934e-03,5.395934e-03,5.395934e-03,5.395934e-03,5.395934e-03,5.395934e-03,5.395934e-03,5.395934e-03,5.395934e-03,5.395934e-03,5.395934e-03,5.395934e-03,5.395934e-03,5.395934e-03,5.395934e-03,5.395934e-03,5.395934e-03,5.395934e-03,5.395934e-03,5.395934e-03,5.395934e-03,5.395934e-03,5.395934e-03,5.395934e-03,5.395934e-03,5.395934e-03,5.395934e-03,5.395934e-03,5.395934e-03,5.395934e-03,5.395934e-03,5.395934e-03,5.395934e-03,5.395934e-03,5.395934e-03,5.395934e-03,5.395934e-03,5.395934e-03,5.395934e-03,5.395934e-03,5.395934e-03,5.395934e-03,5.395934e-03,5.395934e-03,5.395934e-03,5.395934e-03,5.395934e-03,5.395934e-03,5.395934e-03,5.395934e-03,5.395934e-03,5.395934e-03,5.395934e-03,5.395934e-03,5.395934e-03,5.395934e-03,5.395934e-03,5.395934e-03,5.395934e-03,5.395934e-03,5.395934e-03,5.395934e-03,5.395934e-03,5.395934e-03,5.395934e-03,5.395934e-03,5.395934e-03,5.395934e-03,5.395934e-03,5.395934e-03
1.876808e-02,1.874717e-02,1.872143e-02,1.869602e-02,1.867098e-02,1.864711e-02,1.861940e-02,1.859589e-02,1.857318e-02,1.854549e-02,1.852254e-02,1.849448e-02,1.847241e-02,1.845064e-02,1.842407e-02,1.840251e-02,1.838098e-02,1.835942e-02,1.834283e-02,1.832202e-02,1.830504e-02,1.828769e-02,1.827114e-02,1.825871e-02,1.824744e-02,1.823111e-02,1.821941e-02,1.821233e-02,1.820056e-02,1.818965e-02,1.818330e-02,1.817190e-02,1.816635e-02,1.815609e-02,1.815091e-02,1.814579e-02,1.813580e-02,1.813094e-02,1.812694e-02,1.811744e-02,1.811311e-02,1.810950e-02,1.810142e-02,1.809757e-02,1.809018e-02,1.808766e-02,1.808557e-02,1.807825e-02,1.807824e-02,1.807882e-02,1.807622e-02,1.808030e-02,1.808598e-02,1.809305e-02,1.810141e-02,1.811047e-02,1.812551e-02,1.813686e-02,1.814734e-02,1.816208e-02,1.817103e-02,1.817931e-02,1.818944e-02,1.819388e-02,1.820359e-02,1.820973e-02,1.821918e-02,1.822777e-02,1.822993e-02,1.823763e-02,1.824555e-02,1.824590e-02,1.825076e-02,1.825703e-02,1.825772e-02,1.826381e-02,1.827045e-02,1.828099e-02,1.828676e-02,1.829849e-02,1.831143e-02,1.832502e-02,1.834730e-02,1.837239e-02,1.839811e-02,1.843441e-02,1.847657e-02,1.852125e-02,1.857975e-02,1.864442e-02,1.872104e-02,1.880267e-02,1.890300e-02,1.901545e-02,1.914423e-02,1.928625e-02,1.945288e-02,1.963996e-02,1.984797e-02,2.008503e-02,2.035147e-02,2.063929e-02,2.096012e-02,2.131475e-02,2.170851e-02,2.213339e-02,2.259809e-02,2.310302e-02,2.364510e-02,2.421465e-02,2.483238e-02,2.549042e-02,2.618348e-02,2.691600e-02,2.768155e-02,2.845166e-02,2.923548e-02,3.001337e-02,3.077892e-02,3.151788e-02,3.221907e-02,3.286954e-02,3.346222e-02,3.397947e-02,3.441407e-02,3.475269e-02,3.496781e-02,3.512237e-02,3.519182e-02,3.517796e-02,3.510015e-02,3.498720e-02,3.485913e-02,3.463797e-02,3.438969e-02,3.410833e-02,3.380966e-02,3.348715e-02,3.317136e-02,3.284831e-02,3.255992e-02,3.222665e-02,3.189997e-02,3.163156e-02,3.135117e-02,3.112844e-02,3.089738e-02,3.072165e-02,3.053081e-02,3.036448e-02,3.023087e-02,3.008222e-02,2.994500e-02,2.981186e-02,2.967957e-02,2.954150e-02,2.939702e-02,2.928133e-02,2.913772e-02,2.899532e-02,2.885967e-02,2.873969e-02,2.857983e-02,2.842084e-02,2.824219e-02,2.804397e-02,2.783229e-02,2.757860e-02,2.733089e-02,2.707002e-02,2.680157e-02,2.652938e-02,2.625821e-02,2.599553e-02,2.574564e-02,2.550146e-02,2.527146e-02,2.505544e-02,2.485868e-02,2.466900e-02,2.449041e-02,2.432213e-02,2.416686e-02,2.401820e-02,2.388187e-02,2.374903e-02,2.362763e-02,2.351694e-02,2.341558e-02,2.331626e-02,2.323371e-02,2.315670e-02,2.308831e-02,2.301145e-02,2.295753e-02,2.290991e-02,2.286416e-02,2.282355e-02,2.278018e-02,2.273474e-02,2.267344e-02,2.261515e-02,2.255430e-02,2.248090e-02,2.238538e-02,2.229497e-02,2.218861e-02,2.206508e-02,2.193880e-02,2.180755e-02,2.167044e-02,2.152756e-02,2.138652e-02,2.124620e-02,2.109929e-02,2.096233e-02,2.082771e-02,2.070521e-02,2.059196e-02,2.048503e-02,2.039743e-02,2.030749e-02,2.024116e-02,2.017857e-02,2.013565e-02,2.009197e-02,2.005562e-02,2.003452e-02,2.001601e-02,2.000135e-02,1.997785e-02,1.996091e-02,1.992924e-02,1.987842e-02,1.982472e-02,1.974778e-02,1.965960e-02,1.954041e-02,1.941378e-02,1.927672e-02,1.913353e-02,1.897864e-02,1.882586e-02,1.866893e-02,1.851722e-02,1.837080e-02,1.824251e-02,1.811907e-02,1.800747e-02,1.792007e-02,1.783679e-02,1.777140e-02,1.770706e-02,1.765334e-02,1.759276e-02,1.753322e-02,1.746534e-02,1.739577e-02,1.731673e-02,1.723601e-02,1.715183e-02,1.707043e-02,1.699034e-02,1.692068e-02,1.685927e-02,1.680128e-02,1.675576e-02,1.671607e-02,1.668763e-02,1.666280e-02,1.664590e-02,1.663047e-02,1.662220e-02,1.661296e-02,1.661021e-02,1.660556e-02,1.660665e-02,1.660639e-02,1.660852e-02,1.662035e-02,1.663120e-02,1.665981e-02,1.669310e-02,1.675175e-02,1.683859e-02,1.696948e-02,1.715398e-02,1.742220e-02,1.778308e-02,1.828018e-02,1.893055e-02,1.976674e-02,2.080846e-02,2.209783e-02,2.362913e-02,2.538529e-02,2.739457e-02,2.965509e-02,3.212368e-02,3.476555e-02,3.758304e-02,4.057723e-02,4.363386e-02,4.675697e-02,4.994180e-02,5.315415e-02,5.640307e-02,5.967193e-02,6.296847e-02,6.643651e-02,6.981863e-02,7.322468e-02,7.667305e-02,8.016551e-02,8.371293e-02,8.729367e-02,9.093014e-02,9.460512e-02,9.831066e-02,1.020606e-01,1.061700e-01,1.099949e-01,1.138508e-01,1.176047e-01,1.214769e-01,1.253510e-01,1.292252e-01,1.331196e-01,1.369632e-01,1.407782e-01,1.445557e-01,1.482814e-01,1.519887e-01,1.556582e-01,1.591735e-01,1.626730e-01,1.661245e-01,1.694882e-01,1.726965e-01,1.759239e-01,1.790491e-01,1.818729e-01,1.847234e-01,1.873576e-01,1.900173e-01,1.924600e-01,1.949305e-01,1.971750e-01,1.994368e-01,2.015081e-01,2.035889e-01,2.054720e-01,2.073818e-01,2.094545e-01,2.114258e-01,2.135575e-01,2.155902e-01,2.176396e-01,2.198535e-01,2.219468e-01,2.242121e-01,2.261897e-01,2.283265e-01,2.304715e-01,2.324611e-01,2.346021e-01,2.367468e-01,2.388845e-01,2.408390e-01,2.429387e-01,2.450253e-01,2.470841e-01,2.491036e-01,2.510967e-01,2.530353e-01,2.549234e-01,2.567618e-01,2.585290e-01,2.602254e-01,2.618404e-01,2.633751e-01,2.644515e-01,2.657493e-01,2.670564e-01,2.683778e-01,2.697077e-01,2.710581e-01,2.724289e-01,2.735813e-01,2.749761e-01,2.763821e-01,2.775740e-01,2.790199e-01,2.802375e-01,2.814629e-01,2.827029e-01,2.839570e-01,2.854673e-01,2.867493e-01,2.880403e-01,2.893421e-01,2.906579e-01,2.919855e-01,2.933223e-01,2.944109e-01,2.957778e-01,2.971592e-01,2.985470e-01,2.999619e-01,3.011016e-01,3.025405e-01,3.037046e-01,3.048816e-01,3.063645e-01,3.075652e-01,3.087766e-01,3.099969e-01,3.112261e-01,3.124687e-01,3.137296e-01,3.149952e-01,3.162638e-01,3.175492e-01,3.185243e-01,3.198353e-01,3.211403e-01,3.221050e-01,3.234406e-01,3.247844e-01,3.261079e-01,3.271231e-01,3.281480e-01,3.295078e-01,3.305303e-01,3.315844e-01,3.330067e-01,3.340693e-01,3.351468e-01,3.362429e-01,3.377070e-01,3.388175e-01,3.399417e-01,3.410776e-01,3.422141e-01,3.433704e-01,3.445359e-01,3.457142e-01,3.469009e-01,3.481003e-01,3.492952e-01,3.505195e-01,3.517482e-01,3.525744e-01,3.538201e-01,3.546633e-01,3.559234e-01,3.571882e-01,3.580594e-01,3.593537e-01,3.602163e-01,3.615259e-01,3.624097e-01,3.637256e-01,3.646220e-01,3.655170e-01,3.664140e-01,3.677612e-01,3.686712e-01,3.695830e-01,3.705131e-01,3.718923e-01,3.728128e-01,3.737424e-01,3.746839e-01,3.756078e-01,3.765506e-01,3.775113e-01,3.784588e-01,3.794251e-01,3.803906e-01,3.813614e-01,3.818516e-01,3.828423e-01,3.838418e-01,3.848452e-01,3.853569e-01,3.863800e-01,3.874190e-01,3.884306e-01,3.889610e-01,3.900033e-01,3.910433e-01,3.915751e-01,3.921116e-01,3.931864e-01,3.937209e-01,3.947716e-01,3.953237e-01,3.964066e-01,3.969367e-01,3.974754e-01,3.980246e-01,3.985481e-01,3.990808e-01,3.996426e-01,4.001974e-01,4.007390e-01,4.012596e-01,4.018058e-01,4.023602e-01,4.029163e-01,4.034551e-01,4.039857e-01,4.045246e-01,4.050884e-01,4.056628e-01,4.061953e-01,4.066748e-01,4.072035e-01,4.077649e-01,4.083197e-01,4.088257e-01,4.092537e-01,4.097464e-01,4.102598e-01,4.107587e-01,4.112596e-01,4.117533e-01,4.122168e-01,4.126210e-01,4.129972e-01,4.134362e-01,4.138548e-01,4.142551e-01,4.147077e-01,4.150881e-01,4.152776e-01,4.155685e-01,4.159227e-01,4.163190e-01,4.165789e-01,4.165634e-01,4.168151e-01,4.171303e-01,4.173634e-01,4.175832e-01,4.177338e-01,4.179677e-01,4.182521e-01,4.181622e-01,4.176339e-01,4.175029e-01,4.175789e-01,4.174479e-01,4.172841e-01,4.171533e-01,4.171468e-01,4.171489e-01,4.172666e-01,4.174241e-01,4.175091e-01,4.174612e-01,4.177627e-01,4.182553e-01,4.186639e-01,4.190753e-01,4.194767e-01,4.199320e-01,4.204813e-01,4.209104e-01,4.214535e-01,4.219358e-01,4.223591e-01,4.228973e-01,4.233135e-01,4.237915e-01,4.243137e-01,4.249262e-01,4.254516e-01,4.260750e-01,4.266825e-01,4.273100e-01,4.278957e-01,4.285726e-01,4.292161e-01,4.299063e-01,4.305254e-01,4.312652e-01,4.320177e-01,4.327101e-01,4.334021e-01,4.341988e-01,4.349420e-01,4.356455e-01,4.363384e-01,4.371117e-01,4.378564e-01,4.385858e-01,4.394049e-01,4.401587e-01,4.409052e-01,4.416547e-01,4.424466e-01,4.431545e-01,4.439129e-01,4.446743e-01,4.454870e-01,4.462214e-01,4.470328e-01,4.478662e-01,4.486205e-01,4.494608e-01,4.502214e-01,4.510189e-01,4.517465e-01,4.526113e-01,4.533449e-01,4.540736e-01,4.548127e-01,4.556564e-01,4.564526e-01,4.572521e-01,4.580435e-01,4.588494e-01,4.596473e-01,4.603961e-01,4.611478e-01,4.618179e-01,4.626162e-01,4.634047e-01,4.641561e-01,4.647254e-01,4.652963e-01,4.659474e-01,4.666294e-01,4.673137e-01,4.680003e-01,4.686348e-01,4.693258e-01,4.699644e-01,4.706050e-01,4.711668e-01,4.718233e-01,4.724142e-01,4.729376e-01,4.734882e-01,4.740142e-01,4.745976e-01,4.752088e-01,4.757583e-01,4.763025e-01,4.767915e-01,4.773425e-01,4.778255e-01,4.783710e-01,4.787950e-01,4.792772e-01,4.797073e-01,4.801257e-01,4.805406e-01,4.810080e-01,4.814614e-01,4.818620e-01,4.822505e-01,4.825773e-01,4.829500e-01,4.832650e-01,4.836218e-01,4.839792e-01,4.842547e-01,4.845327e-01,4.847938e-01,4.850335e-01,4.852865e-01,4.855181e-01,4.857344e-01,4.858308e-01,4.859864e-01,4.861839e-01,4.863685e-01,4.865576e-01,4.866258e-01,4.866791e-01,4.867324e-01,4.867682e-01,4.868635e-01,4.868907e-01,4.869749e-01,4.869855e-01,4.869893e-01,4.869258e-01,4.868545e-01,4.868420e-01,4.868738e-01,4.868393e-01,4.867377e-01,4.865692e-01,4.863929e-01,4.861563e-01,4.860828e-01,4.860015e-01,4.859163e-01,4.857133e-01,4.855105e-01,4.854320e-01,4.853471e-01,4.852036e-01,4.850015e-01,4.847410e-01,4.846045e-01,4.845201e-01,4.843774e-01,4.841179e-01,4.839040e-01,4.838784e-01,4.839760e-01,4.839505e-01,4.836918e-01,4.834334e-01,4.832467e-01,4.830471e-01,4.828094e-01,4.824497e-01,4.820908e-01,4.818479e-01,4.816631e-01,4.812482e-01,4.805543e-01,4.797992e-01,4.792178e-01,4.786382e-01,4.778342e-01,4.765150e-01,4.750503e-01,4.737499e-01,4.725682e-01,4.714556e-01,4.702881e-01,4.688454e-01,4.668909e-01,4.643632e-01,4.619205e-01,4.601781e-01,4.586561e-01,4.567408e-01,4.541517e-01,4.514917e-01,4.496479e-01,4.483545e-01,4.472145e-01,4.458902e-01,4.443383e-01,4.429405e-01,4.415724e-01,4.401957e-01,4.393006e-01,4.388695e-01,4.384394e-01,4.380210e-01,4.376036e-01,4.371872e-01,4.367822e-01,4.363783e-01,4.364285e-01,4.360255e-01,4.360841e-01,4.361448e-01,4.361951e-01,4.357929e-01,4.358431e-01,4.358829e-01,4.359227e-01,4.355109e-01,4.350897e-01,4.351190e-01,4.351483e-01,4.351672e-01,4.351966e-01,4.352259e-01,4.347952e-01,4.348245e-01,4.348539e-01,4.348917e-01,4.344724e-01,4.345017e-01,4.340834e-01,4.341127e-01,4.341524e-01,4.341713e-01,4.337540e-01,4.337833e-01,4.338022e-01,4.338315e-01,4.334047e-01,4.334236e-01,4.334425e-01,4.334614e-01,4.334700e-01,4.334889e-01,4.335078e-01,4.339725e-01,4.339914e-01,4.340104e-01,4.340293e-01,4.340482e-01,4.340672e-01,4.337130e-01,4.341779e-01,4.341969e-01,4.342158e-01,4.342348e-01,4.343266e-01,4.343351e-01,4.348014e-01,4.348204e-01,4.344649e-01,4.344734e-01,4.349505e-01,4.350426e-01,4.350700e-01,4.351727e-01,4.352022e-01,4.352318e-01,4.348968e-01,4.349368e-01,4.350499e-01,4.350900e-01,4.347554e-01,4.348060e-01,4.349192e-01,4.345956e-01,4.350936e-01,4.347592e-01,4.348099e-01,4.349316e-01,4.349718e-01,4.350851e-01,4.347510e-01,4.347912e-01,4.344472e-01,4.344768e-01,4.345793e-01,4.342252e-01,4.346903e-01,4.343361e-01,4.344280e-01,4.344365e-01,4.340829e-01,4.341746e-01,4.341937e-01,4.338407e-01,4.339409e-01,4.339705e-01,4.340727e-01,4.337306e-01,4.337602e-01,4.334188e-01,4.334484e-01,4.331077e-01,4.327781e-01,4.332496e-01,4.329093e-01,4.325803e-01,4.330512e-01,4.327114e-01,4.327410e-01,4.324019e-01,4.320635e-01,4.320931e-01,4.317535e-01,4.317831e-01,4.314356e-01,4.310279e-01,4.306820e-01,4.302658e-01,4.299214e-01,4.295071e-01,4.291539e-01,4.291729e-01,4.284001e-01,4.284191e-01,4.280085e-01,4.272409e-01,4.268418e-01,4.264350e-01,4.260984e-01,4.256933e-01,4.252892e-01,4.249549e-01,4.245526e-01,4.241513e-01,4.237509e-01,4.230022e-01,4.226045e-01,4.222078e-01,4.218120e-01,4.210044e-01,4.206114e-01,4.198095e-01,4.194193e-01,4.193713e-01,4.178962e-01,4.178488e-01,4.173973e-01,4.169469e-01,4.160966e-01,4.153156e-01,4.144734e-01,4.136998e-01,4.129297e-01,4.124911e-01,4.113363e-01,4.105768e-01,4.094348e-01,4.086212e-01,4.074923e-01,4.063708e-01,4.052567e-01,4.041500e-01,4.030596e-01,4.012909e-01,4.001503e-01,3.984118e-01,3.973493e-01,3.962936e-01,3.951868e-01,3.940873e-01,3.920626e-01,3.903502e-01,3.886554e-01,3.875987e-01,3.862676e-01,3.850016e-01,3.833532e-01,3.811307e-01,3.789383e-01,3.773064e-01,3.752165e-01,3.737235e-01,3.722443e-01,3.713478e-01,3.698983e-01,3.684621e-01,3.669903e-01,3.649914e-01,3.627277e-01,3.602579e-01,3.580621e-01,3.559878e-01,3.547199e-01,3.526904e-01,3.514058e-01,3.496360e-01,3.481501e-01,3.464181e-01,3.451797e-01,3.434819e-01,3.422677e-01,3.407717e-01,3.403672e-01,3.401788e-01,3.395741e-01,3.379335e-01,3.360286e-01,3.345950e-01,3.331696e-01,3.313260e-01,3.298944e-01,3.280114e-01,3.258169e-01,3.232418e-01,3.201046e-01,3.166034e-01,3.135967e-01,3.098126e-01,3.055433e-01,3.019431e-01,2.978227e-01,2.939180e-01,2.895450e-01,2.866065e-01,2.815187e-01,2.762105e-01,2.702981e-01,2.653924e-01,2.586572e-01,2.520751e-01,2.459156e-01,2.391532e-01,2.344038e-01,2.279686e-01,2.220638e-01,2.163944e-01,2.102288e-01,2.042836e-01,2.004270e-01,1.958407e-01,1.900517e-01,1.852664e-01,1.806144e-01,1.768983e-01,1.726564e-01,1.685691e-01,1.647570e-01,1.616172e-01,1.589987e-01,1.559514e-01,1.530166e-01,1.506644e-01,1.478519e-01,1.455487e-01,1.433139e-01,1.411786e-01,1.394825e-01,1.378268e-01,1.361190e-01,1.344792e-01,1.328783e-01,1.316241e-01,1.304482e-01,1.292383e-01,1.280213e-01,1.268538e-01,1.260187e-01,1.248864e-01,1.237721e-01,1.229747e-01,1.221868e-01,1.217263e-01,1.209791e-01,1.202390e-01,1.198159e-01,1.191140e-01,1.186975e-01,1.183302e-01,1.179194e-01,1.175337e-01,1.171730e-01,1.167924e-01,1.164134e-01,1.160577e-01,1.159713e-01,1.156186e-01,1.155774e-01,1.155362e-01,1.154956e-01,1.151893e-01,1.151262e-01,1.151079e-01,1.150670e-01,1.153350e-01,1.152945e-01,1.152771e-01,1.152158e-01,1.154637e-01,1.154022e-01,1.156732e-01,1.159230e-01,1.162193e-01,1.162031e-01,1.164329e-01,1.169575e-01,1.172374e-01,1.175165e-01,1.180509e-01,1.185893e-01,1.191565e-01,1.199895e-01,1.205694e-01,1.211768e-01,1.220126e-01,1.225840e-01,1.234635e-01,1.243526e-01,1.249458e-01,1.261685e-01,1.268048e-01,1.277400e-01,1.286880e-01,1.293751e-01,1.306828e-01,1.313065e-01,1.322486e-01,1.332341e-01,1.342619e-01,1.349486e-01,1.359715e-01,1.370110e-01,1.377561e-01,1.392297e-01,1.399662e-01,1.410961e-01,1.422785e-01,1.433813e-01,1.442267e-01,1.453916e-01,1.467129e-01,1.479528e-01,1.488175e-01,1.500883e-01,1.514218e-01,1.522869e-01,1.536949e-01,1.547022e-01,1.561947e-01,1.571517e-01,1.581635e-01,1.596765e-01,1.606788e-01,1.616936e-01,1.633195e-01,1.643676e-01,1.654736e-01,1.665913e-01,1.676816e-01,1.693366e-01,1.699958e-01,1.717479e-01,1.730003e-01,1.735907e-01,1.747711e-01,1.766740e-01,1.773895e-01,1.786742e-01,1.799792e-01,1.813021e-01,1.826485e-01,1.833615e-01,1.847352e-01,1.860800e-01,1.867622e-01,1.881946e-01,1.889570e-01,1.903044e-01,1.917951e-01,1.925254e-01,1.941130e-01,1.948632e-01,1.962354e-01,1.970025e-01,1.986024e-01,1.993814e-01,2.001712e-01,2.017556e-01,2.026243e-01,2.034381e-01,2.050052e-01,2.059003e-01,2.067415e-01,2.075870e-01,2.093561e-01,2.102240e-01,2.110993e-01,2.120505e-01,2.129418e-01,2.138408e-01,2.148933e-01,2.157947e-01,2.163675e-01,2.171993e-01,2.179655e-01,2.187471e-01,2.195123e-01,2.203906e-01,2.210666e-01,2.220574e-01,2.227497e-01,2.236207e-01,2.242438e-01,2.250496e-01,2.258590e-01,2.266801e-01,2.274060e-01,2.283188e-01,2.291620e-01,2.297139e-01,2.307509e-01,2.312229e-01,2.320622e-01,2.328246e-01,2.334816e-01,2.343173e-01,2.351098e-01,2.360703e-01,2.366448e-01,2.375073e-01,2.382766e-01,2.389595e-01,2.394235e-01,2.402025e-01,2.407860e-01,2.417900e-01,2.425917e-01,2.434753e-01,2.445096e-01,2.453148e-01,2.457987e-01,2.465932e-01,2.471839e-01,2.478859e-01,2.486158e-01,2.493438e-01,2.499348e-01,2.507616e-01,2.513775e-01,2.521293e-01,2.527589e-01,2.533682e-01,2.537270e-01,2.544872e-01,2.547623e-01,2.553847e-01,2.558944e-01,2.566538e-01,2.571757e-01,2.578038e-01,2.581977e-01,2.587262e-01,2.591162e-01,2.597832e-01,2.600416e-01,2.606002e-01,2.612532e-01,2.617881e-01,2.624699e-01,2.628720e-01,2.631890e-01,2.637393e-01,2.640060e-01,2.644429e-01,2.647111e-01,2.651504e-01,2.651615e-01,2.657247e-01,2.661212e-01,2.666775e-01,2.668382e-01,2.672545e-01,2.675358e-01,2.679545e-01,2.678716e-01,2.684079e-01,2.686875e-01,2.691294e-01,2.693125e-01,2.697567e-01,2.699168e-01,2.702643e-01,2.701558e-01,2.707259e-01,2.706409e-01,2.705843e-01,2.706154e-01,2.708048e-01,2.703246e-01,2.703908e-01,2.701330e-01,2.702034e-01,2.696036e-01,2.694020e-01,2.691701e-01,2.689929e-01,2.686171e-01,2.682965e-01,2.679421e-01,2.677667e-01,2.671788e-01,2.670046e-01,2.664204e-01,2.661098e-01,2.661208e-01,2.674765e-01,2.668902e-01,2.666974e-01,2.662417e-01,2.657904e-01,2.652164e-01,2.648861e-01,2.644331e-01,2.640113e-01,2.634457e-01,2.630049e-01,2.621879e-01,2.617673e-01,2.613286e-01,2.606582e-01,2.601107e-01,2.595811e-01,2.587614e-01,2.583769e-01,2.576973e-01,2.572694e-01,2.568365e-01,2.564265e-01,2.556558e-01,2.552288e-01,2.545460e-01,2.540222e-01,2.534944e-01,2.527157e-01,2.520741e-01,2.515345e-01,2.507483e-01,2.502413e-01,2.497932e-01,2.492641e-01,2.487235e-01,2.481993e-01,2.474550e-01,2.471442e-01,2.465878e-01,2.459537e-01,2.453230e-01,2.449152e-01,2.442902e-01,2.439819e-01,2.434597e-01,2.431596e-01,2.425063e-01,2.421061e-01,2.414624e-01,2.410567e-01,2.406466e-01,2.402195e-01,2.397939e-01,2.394828e-01,2.389534e-01,2.388540e-01,2.386026e-01,2.383664e-01,2.380410e-01,2.381035e-01,2.379490e-01,2.379184e-01,2.375365e-01,2.374879e-01,2.376429e-01,2.373545e-01,2.371954e-01,2.369622e-01,2.366935e-01,2.364290e-01,2.361851e-01,2.359574e-01,2.354945e-01,2.349640e-01,2.345404e-01,2.341734e-01,2.335387e-01,2.331206e-01,2.326867e-01,2.320605e-01,2.313296e-01,2.307950e-01,2.304878e-01,2.299403e-01,2.293094e-01,2.286821e-01,2.281602e-01,2.278239e-01,2.271886e-01,2.268420e-01,2.265097e-01,2.262654e-01,2.257549e-01,2.254129e-01,2.251710e-01,2.250125e-01,2.247715e-01,2.245182e-01,2.243605e-01,2.244853e-01,2.247056e-01,2.243701e-01,2.243302e-01,2.242742e-01,2.241362e-01,2.243622e-01,2.244045e-01,2.242824e-01,2.242425e-01,2.241315e-01,2.240917e-01,2.238060e-01,2.236188e-01,2.232529e-01,2.229853e-01,2.227837e-01,2.228412e-01,2.228177e-01,2.227082e-01,2.228785e-01,2.228055e-01,2.228789e-01,2.228554e-01,2.229479e-01,2.229511e-01,2.231217e-01,2.234683e-01,2.235581e-01,2.236639e-01,2.240105e-01,2.241135e-01,2.243971e-01,2.244876e-01,2.247560e-01,2.248386e-01,2.249230e-01,2.248453e-01,2.248342e-01,2.248198e-01,2.247893e-01,2.246874e-01,2.247717e-01,2.248399e-01,2.251059e-01,2.249098e-01,2.249732e-01,2.249426e-01,2.249282e-01,2.251783e-01,2.250809e-01,2.250665e-01,2.251543e-01,2.250553e-01,2.252065e-01,2.251953e-01,2.250883e-01,2.247142e-01,2.246902e-01,2.245466e-01,2.243580e-01,2.237493e-01,2.235334e-01,2.232207e-01,2.228071e-01,2.225617e-01,2.223167e-01,2.217227e-01,2.212837e-01,2.208358e-01,2.199942e-01,2.192223e-01,2.181848e-01,2.169515e-01,2.162746e-01,2.155218e-01,2.147038e-01,2.130025e-01,2.112559e-01,2.104634e-01,2.088979e-01,2.064544e-01,2.048082e-01,2.033240e-01,2.010731e-01,1.988041e-01,1.965897e-01,1.943603e-01,1.922375e-01,1.887125e-01,1.866570e-01,1.819786e-01,1.787049e-01,1.751024e-01,1.722124e-01,1.682548e-01,1.651774e-01,1.611452e-01,1.575823e-01,1.521305e-01,1.478124e-01,1.437218e-01,1.390649e-01,1.350130e-01,1.301229e-01,1.257859e-01,1.190831e-01,1.142827e-01,1.096098e-01,1.052685e-01,1.001896e-01,9.606481e-02,8.975657e-02,8.540118e-02,8.137269e-02,7.752377e-02,7.356585e-02,6.885674e-02,6.530729e-02,6.224680e-02,5.934153e-02,5.648973e-02,5.315147e-02,5.078767e-02,4.871633e-02,4.684789e-02,4.525198e-02,4.294952e-02,4.162271e-02,4.040321e-02,3.915239e-02,3.789477e-02,3.670503e-02,3.593686e-02,3.519462e-02,3.447993e-02,3.379286e-02,3.313045e-02,3.278406e-02,3.216515e-02,3.184295e-02,3.125595e-02,3.095926e-02,3.066479e-02,3.038495e-02,3.010903e-02,2.984002e-02,2.957978e-02,2.956427e-02,2.929864e-02,2.928548e-02,2.903353e-02,2.901254e-02,2.900359e-02,2.899335e-02,2.874536e-02,2.873437e-02,2.872471e-02,2.871566e-02,2.894211e-02,2.894014e-02,2.893207e-02,2.891918e-02,2.914723e-02,2.914634e-02,2.938428e-02,2.938013e-02,2.962013e-02,2.986505e-02,2.986391e-02,3.011810e-02,3.037245e-02,3.063119e-02,3.090390e-02,3.090250e-02,3.117447e-02,3.146135e-02,3.174070e-02,3.203293e-02,3.231980e-02,3.261826e-02,3.292710e-02,3.323391e-02,3.354628e-02,3.386837e-02,3.419224e-02,3.452114e-02,3.486107e-02,3.520322e-02,3.554589e-02,3.590186e-02,3.662069e-02,3.662262e-02,3.737905e-02,3.776876e-02,3.777747e-02,3.844938e-02,3.885349e-02,3.935256e-02,3.970220e-02,4.030557e-02,4.066339e-02,4.098143e-02,4.158551e-02,4.200437e-02,4.253845e-02,4.293256e-02,4.358396e-02,4.393988e-02,4.456208e-02,4.499916e-02,4.538395e-02,4.603791e-02,4.649043e-02,4.712441e-02,4.752714e-02,4.817116e-02,4.859241e-02,4.920458e-02,4.970171e-02,5.025630e-02,5.070075e-02,5.135716e-02,5.181878e-02,5.242124e-02,5.288685e-02,5.352333e-02,5.395224e-02,5.460316e-02,5.509781e-02,5.546000e-02,5.613923e-02,5.683294e-02,5.728966e-02,5.791453e-02,5.838637e-02,5.902148e-02,5.941504e-02,6.008442e-02,6.047539e-02,6.106259e-02,6.147120e-02,6.217215e-02,6.258581e-02,6.318024e-02,6.358119e-02,6.422523e-02,6.453669e-02,6.507330e-02,6.549530e-02,6.602574e-02,6.666905e-02,6.691358e-02,6.746411e-02,6.780458e-02,6.838588e-02,6.853069e-02,6.910453e-02,6.959152e-02,6.995091e-02,7.033242e-02,7.060091e-02,7.120520e-02,7.136070e-02,7.187569e-02,7.227568e-02,7.255727e-02,7.296390e-02,7.312625e-02,7.364318e-02,7.418717e-02,7.435317e-02,7.477753e-02,7.494707e-02,7.524714e-02,7.568046e-02,7.585363e-02,7.629308e-02,7.658077e-02,7.689360e-02,7.720866e-02,7.738675e-02,7.770659e-02,7.828257e-02,7.832800e-02,7.891324e-02,7.895934e-02,7.955036e-02,8.000552e-02,8.017284e-02,8.063301e-02,8.109657e-02,8.141553e-02,8.185889e-02,8.233496e-02,8.266259e-02,8.299129e-02,8.360947e-02,8.378915e-02,8.426058e-02,8.476275e-02,8.508168e-02,8.543015e-02,8.608445e-02,8.627627e-02,8.677382e-02,8.713711e-02,8.747421e-02,8.798183e-02,8.835275e-02,8.855359e-02,8.907312e-02,8.945087e-02,8.980057e-02,9.000597e-02,9.054067e-02,9.092951e-02,9.129028e-02,9.150179e-02,9.205036e-02,9.226503e-02,9.263663e-02,9.304160e-02,9.341876e-02,9.363730e-02,9.402014e-02,9.443591e-02,9.482319e-02,9.504818e-02,9.543994e-02,9.586381e-02,9.606214e-02,9.666094e-02,9.689384e-02,9.729790e-02,9.750021e-02,9.790712e-02,9.814409e-02,9.855757e-02,9.897417e-02,9.900679e-02,9.942519e-02,9.984843e-02,1.000605e-01,1.003084e-01,1.005222e-01,1.009539e-01,1.011686e-01,1.016053e-01,1.020454e-01,1.024889e-01,1.025239e-01,1.029711e-01,1.031953e-01,1.036479e-01,1.038748e-01,1.041026e-01,1.043675e-01,1.045959e-01,1.048266e-01,1.052922e-01,1.055242e-01,1.057558e-01,1.057916e-01,1.062650e-01,1.064996e-01,1.067352e-01,1.067716e-01,1.070097e-01,1.072473e-01,1.072813e-01,1.075215e-01,1.077613e-01,1.080020e-01,1.082438e-01,1.084865e-01,1.085213e-01,1.085155e-01,1.087595e-01,1.090044e-01,1.092504e-01,1.094961e-01,1.097427e-01,1.099918e-01,1.099860e-01,1.102346e-01,1.104843e-01,1.107323e-01,1.107250e-01,1.109753e-01,1.112251e-01,1.112150e-01,1.114644e-01,1.117148e-01,1.117045e-01,1.121760e-01,1.121628e-01,1.124163e-01,1.124044e-01,1.128816e-01,1.128700e-01,1.131266e-01,1.133405e-01,1.135992e-01,1.135903e-01,1.140760e-01,1.140655e-01,1.142829e-01,1.145457e-01,1.150376e-01,1.152570e-01,1.155225e-01,1.157437e-01,1.157316e-01,1.162328e-01,1.162196e-01,1.167265e-01,1.169521e-01,1.169400e-01,1.174544e-01,1.174439e-01,1.176744e-01,1.179052e-01,1.178978e-01,1.181328e-01,1.183686e-01,1.183601e-01,1.186000e-01,1.185942e-01,1.191291e-01,1.191239e-01,1.193683e-01,1.196137e-01,1.196127e-01,1.198607e-01,1.198587e-01,1.201092e-01,1.201099e-01,1.203614e-01,1.203610e-01,1.206135e-01,1.206158e-01,1.208709e-01,1.208723e-01,1.208746e-01,1.211307e-01,1.208297e-01,1.208310e-01,1.208349e-01,1.210910e-01,1.210933e-01,1.210946e-01,1.210985e-01,1.211008e-01,1.208492e-01,1.205483e-01,1.205505e-01,1.203009e-01,1.200506e-01,1.195053e-01,1.195064e-01,1.192589e-01,1.187661e-01,1.182310e-01,1.179881e-01,1.175033e-01,1.169765e-01,1.164985e-01,1.162617e-01,1.155086e-01,1.150410e-01,1.143003e-01,1.138411e-01,1.128899e-01,1.124406e-01,1.115082e-01,1.110683e-01,1.103727e-01,1.097279e-01,1.090451e-01,1.081639e-01,1.077480e-01,1.068849e-01,1.062354e-01,1.056318e-01,1.049954e-01,1.041699e-01,1.037782e-01,1.029691e-01,1.025869e-01,1.019816e-01,1.011949e-01,1.006023e-01,1.000155e-01,9.943447e-02,9.907079e-02,9.849761e-02,9.793144e-02,9.719710e-02,9.664355e-02,9.646984e-02,9.592324e-02,9.555002e-02,9.481318e-02,9.444622e-02,9.391875e-02,9.375304e-02,9.339383e-02,9.303554e-02,9.268088e-02,9.216843e-02,9.181927e-02,9.147095e-02,9.096959e-02,9.047281e-02,8.995086e-02,8.961162e-02,8.894707e-02,8.846847e-02,8.814089e-02,8.781530e-02,8.717401e-02,8.685428e-02,8.653646e-02,8.622054e-02,8.573853e-02,8.528808e-02,8.481465e-02,8.450896e-02,8.420507e-02,8.390294e-02,8.344205e-02,8.314149e-02,8.268866e-02,8.252684e-02,8.207821e-02,8.191828e-02,8.160412e-02,8.157341e-02,8.126135e-02,8.110392e-02,8.092082e-02,8.089042e-02,8.043013e-02,8.052632e-02,8.021933e-02,8.003933e-02,7.988430e-02,7.983004e-02,7.967436e-02,7.937431e-02,7.905032e-02,7.889700e-02,7.872035e-02,7.842297e-02,7.812737e-02,7.809702e-02,7.754462e-02,7.725306e-02,7.710510e-02,7.681734e-02,7.641698e-02,7.613332e-02,7.587372e-02,7.532336e-02,7.506815e-02,7.479242e-02,7.451950e-02,7.413959e-02,7.360865e-02,7.347257e-02,7.310251e-02,7.284059e-02,7.258015e-02,7.232119e-02,7.194119e-02,7.179061e-02,7.153732e-02,7.138804e-02,7.113700e-02,7.074482e-02,7.072486e-02,7.045652e-02,7.021069e-02,6.996622e-02,6.982320e-02,6.944374e-02,6.930239e-02,6.926027e-02,6.902101e-02,6.888097e-02,6.839253e-02,6.825565e-02,6.811804e-02,6.798085e-02,6.761610e-02,6.738578e-02,6.715669e-02,6.681603e-02,6.668291e-02,6.633170e-02,6.610829e-02,6.577608e-02,6.564503e-02,6.519167e-02,6.516821e-02,6.484342e-02,6.452492e-02,6.439770e-02,6.395799e-02,6.374594e-02,6.343235e-02,6.331218e-02,6.280091e-02,6.259488e-02,6.237361e-02,6.216974e-02,6.167583e-02,6.147445e-02,6.117842e-02,6.098339e-02,6.050080e-02,6.013125e-02,5.984819e-02,5.973268e-02,5.926746e-02,5.907713e-02,5.879980e-02,5.861068e-02,5.815719e-02,4.045497e-03,4.045497e-03,4.045497e-03,4.045497e-03,4.045497e-03,4.045497e-03,4.045497e-03,4.045497e-03,4.045497e-03,4.045497e-03,4.045497e-03,4.045497e-03,4.045497e-03,4.045497e-03,4.045497e-03,4.045497e-03,4.045497e-03,4.045497e-03,4.045497e-03,4.045497e-03,4.045497e-03,4.045497e-03,4.045497e-03,4.045497e-03,4.045497e-03,4.045497e-03,4.045497e-03,4.045497e-03,4.045497e-03,4.045497e-03,4.045497e-03,4.045497e-03,4.045497e-03,4.045497e-03,4.045497e-03,4.045497e-03,4.045497e-03,4.045497e-03,4.045497e-03,4.045497e-03,4.045497e-03,4.045497e-03,4.045497e-03,4.045497e-03,4.045497e-03,4.045497e-03,4.045497e-03,4.045497e-03,4.045497e-03,4.045497e-03,4.045497e-03,4.045497e-03,4.045497e-03,4.045497e-03,4.045497e-03,4.045497e-03,4.045497e-03,4.045497e-03,4.045497e-03,4.045497e-03,4.045497e-03,4.045497e-03,4.045497e-03,4.045497e-03,4.045497e-03,4.045497e-03,4.045497e-03,4.045497e-03,4.045497e-03,4.045497e-03,4.045497e-03,4.045497e-03,4.045497e-03,4.045497e-03,4.045497e-03,4.045497e-03,4.045497e-03,4.045497e-03,4.045497e-03,4.045497e-03,4.045497e-03,4.045497e-03,4.045497e-03,4.045497e-03,4.045497e-03,4.045497e-03,4.045497e-03,4.045497e-03,4.045497e-03,4.045497e-03,4.045497e-03,4.045497e-03,4.045497e-03,4.045497e-03,4.045497e-03,4.045497e-03,4.045497e-03,4.045497e-03,4.045497e-03,4.045497e-03,4.045497e-03,4.045497e-03,4.045497e-03,4.045497e-03,4.045497e-03,4.045497e-03,4.045497e-03,4.045497e-03,4.045497e-03,4.045497e-03,4.045497e-03,4.045497e-03,4.045497e-03,4.045497e-03,4.045497e-03,4.045497e-03,4.045497e-03,4.045497e-03,4.045497e-03,4.045497e-03,4.045497e-03,4.045497e-03,4.045497e-03,4.045497e-03,4.045497e-03,4.045497e-03,4.045497e-03,4.045497e-03,4.045497e-03,4.045497e-03,4.045497e-03,4.045497e-03,4.045497e-03,4.045497e-03,4.045497e-03,4.045497e-03,4.045497e-03,4.045497e-03,4.045497e-03,4.045497e-03,4.045497e-03,4.045497e-03,4.045497e-03,4.045497e-03,4.045497e-03,4.045497e-03,4.045497e-03,4.045497e-03,4.045497e-03,4.045497e-03,4.045497e-03,4.045497e-03,4.045497e-03,4.045497e-03,4.045497e-03,4.045497e-03,4.045497e-03,4.045497e-03,4.045497e-03,4.045497e-03,4.045497e-03
2.180019e-02,2.177800e-02,2.175028e-02,2.172257e-02,2.169487e-02,2.166920e-02,2.164003e-02,2.161439e-02,2.159077e-02,2.156162e-02,2.153801e-02,2.150888e-02,2.148731e-02,2.146575e-02,2.143867e-02,2.141712e-02,2.139558e-02,2.137405e-02,2.135804e-02,2.133854e-02,2.132254e-02,2.130654e-02,2.129256e-02,2.128208e-02,2.127363e-02,2.125967e-02,2.125122e-02,2.124828e-02,2.123983e-02,2.123341e-02,2.123250e-02,2.122607e-02,2.122719e-02,2.122280e-02,2.122392e-02,2.122504e-02,2.122066e-02,2.122178e-02,2.122494e-02,2.122056e-02,2.122170e-02,2.122285e-02,2.121849e-02,2.121763e-02,2.121329e-02,2.121244e-02,2.121161e-02,2.120326e-02,2.120247e-02,2.119968e-02,2.119144e-02,2.118876e-02,2.118413e-02,2.117957e-02,2.117508e-02,2.117066e-02,2.117181e-02,2.116756e-02,2.116132e-02,2.116261e-02,2.115842e-02,2.115424e-02,2.115545e-02,2.115116e-02,2.115241e-02,2.114827e-02,2.114956e-02,2.115083e-02,2.114653e-02,2.114778e-02,2.114902e-02,2.114464e-02,2.114374e-02,2.114491e-02,2.113858e-02,2.113973e-02,2.114092e-02,2.114240e-02,2.113841e-02,2.114197e-02,2.114564e-02,2.114626e-02,2.115272e-02,2.115945e-02,2.116328e-02,2.117521e-02,2.118587e-02,2.119207e-02,2.120703e-02,2.121819e-02,2.123430e-02,2.124705e-02,2.127008e-02,2.128922e-02,2.131755e-02,2.134551e-02,2.138521e-02,2.142730e-02,2.147673e-02,2.154437e-02,2.162077e-02,2.171279e-02,2.182313e-02,2.195419e-02,2.211835e-02,2.230665e-02,2.253056e-02,2.279531e-02,2.310129e-02,2.346202e-02,2.387841e-02,2.436124e-02,2.491077e-02,2.553841e-02,2.625087e-02,2.702627e-02,2.788126e-02,2.879737e-02,2.977233e-02,3.078844e-02,3.183164e-02,3.287741e-02,3.391000e-02,3.489281e-02,3.580308e-02,3.660873e-02,3.729712e-02,3.785291e-02,3.827681e-02,3.855011e-02,3.871064e-02,3.874254e-02,3.868661e-02,3.850306e-02,3.825747e-02,3.793662e-02,3.757444e-02,3.715339e-02,3.673511e-02,3.629048e-02,3.585883e-02,3.542183e-02,3.499013e-02,3.460872e-02,3.424274e-02,3.391979e-02,3.361470e-02,3.335279e-02,3.309596e-02,3.286459e-02,3.264549e-02,3.242551e-02,3.221507e-02,3.200221e-02,3.178319e-02,3.154847e-02,3.129750e-02,3.105204e-02,3.079418e-02,3.053371e-02,3.028325e-02,3.002412e-02,2.974413e-02,2.944613e-02,2.913193e-02,2.879548e-02,2.845390e-02,2.809132e-02,2.772939e-02,2.736277e-02,2.700120e-02,2.664939e-02,2.631260e-02,2.599667e-02,2.570524e-02,2.542810e-02,2.517546e-02,2.494194e-02,2.473464e-02,2.453803e-02,2.435706e-02,2.418657e-02,2.403375e-02,2.388894e-02,2.376125e-02,2.363497e-02,2.352056e-02,2.341979e-02,2.332816e-02,2.323610e-02,2.316105e-02,2.309020e-02,2.302797e-02,2.296304e-02,2.291023e-02,2.286205e-02,2.281441e-02,2.277398e-02,2.273023e-02,2.268605e-02,2.263885e-02,2.258902e-02,2.254165e-02,2.248643e-02,2.242512e-02,2.236807e-02,2.229962e-02,2.223136e-02,2.215641e-02,2.208240e-02,2.200613e-02,2.193417e-02,2.186015e-02,2.178979e-02,2.172148e-02,2.165313e-02,2.159349e-02,2.153604e-02,2.148544e-02,2.144083e-02,2.140233e-02,2.136212e-02,2.133282e-02,2.130724e-02,2.129083e-02,2.127252e-02,2.125693e-02,2.124497e-02,2.123948e-02,2.122992e-02,2.121918e-02,2.121290e-02,2.120357e-02,2.118261e-02,2.116515e-02,2.114232e-02,2.111522e-02,2.107707e-02,2.104180e-02,2.100375e-02,2.097256e-02,2.093585e-02,2.090062e-02,2.086706e-02,2.083652e-02,2.080886e-02,2.079045e-02,2.077047e-02,2.075390e-02,2.074680e-02,2.073694e-02,2.073519e-02,2.072753e-02,2.072626e-02,2.071988e-02,2.071867e-02,2.071197e-02,2.071008e-02,2.070293e-02,2.069905e-02,2.069258e-02,2.069199e-02,2.068531e-02,2.068717e-02,2.069024e-02,2.068898e-02,2.069398e-02,2.069452e-02,2.070095e-02,2.070454e-02,2.071174e-02,2.071588e-02,2.072352e-02,2.072795e-02,2.073783e-02,2.074245e-02,2.075247e-02,2.075724e-02,2.076409e-02,2.077448e-02,2.077965e-02,2.079074e-02,2.079698e-02,2.080668e-02,2.082169e-02,2.083581e-02,2.085659e-02,2.089484e-02,2.094685e-02,2.102893e-02,2.116010e-02,2.136266e-02,2.165665e-02,2.207718e-02,2.266117e-02,2.342054e-02,2.439931e-02,2.561397e-02,2.708674e-02,2.880652e-02,3.078824e-02,3.301392e-02,3.546290e-02,3.811251e-02,4.095674e-02,4.396102e-02,4.713376e-02,5.045426e-02,5.392817e-02,5.758657e-02,6.138940e-02,6.533957e-02,6.945931e-02,7.375455e-02,7.824149e-02,8.289578e-02,8.775215e-02,9.278869e-02,9.799741e-02,1.034018e-01,1.090752e-01,1.148375e-01,1.207852e-01,1.268656e-01,1.331246e-01,1.395246e-01,1.460619e-01,1.526940e-01,1.594374e-01,1.662538e-01,1.731196e-01,1.799984e-01,1.869509e-01,1.939324e-01,2.008071e-01,2.075962e-01,2.143515e-01,2.209631e-01,2.274274e-01,2.338095e-01,2.399630e-01,2.457701e-01,2.514579e-01,2.568086e-01,2.619996e-01,2.668375e-01,2.714853e-01,2.757443e-01,2.797489e-01,2.834641e-01,2.868863e-01,2.902754e-01,2.937264e-01,2.973091e-01,3.008841e-01,3.045784e-01,3.082628e-01,3.119808e-01,3.158051e-01,3.195846e-01,3.234632e-01,3.271930e-01,3.309943e-01,3.347805e-01,3.384569e-01,3.421665e-01,3.458265e-01,3.494154e-01,3.528283e-01,3.562178e-01,3.594918e-01,3.626231e-01,3.655884e-01,3.683946e-01,3.709807e-01,3.733462e-01,3.754760e-01,3.773401e-01,3.789244e-01,3.801951e-01,3.811672e-01,3.817523e-01,3.824586e-01,3.831504e-01,3.838449e-01,3.845390e-01,3.852262e-01,3.859335e-01,3.865293e-01,3.872370e-01,3.879459e-01,3.885500e-01,3.892704e-01,3.898788e-01,3.905009e-01,3.911119e-01,3.917265e-01,3.924517e-01,3.930708e-01,3.936756e-01,3.942960e-01,3.949032e-01,3.955107e-01,3.961192e-01,3.966183e-01,3.972315e-01,3.978467e-01,3.984597e-01,3.990825e-01,3.995846e-01,4.002077e-01,4.007145e-01,4.012380e-01,4.018820e-01,4.024088e-01,4.029370e-01,4.034649e-01,4.039926e-01,4.045235e-01,4.050749e-01,4.056088e-01,4.061372e-01,4.066844e-01,4.070985e-01,4.076521e-01,4.081790e-01,4.085709e-01,4.091075e-01,4.096420e-01,4.101386e-01,4.105298e-01,4.109237e-01,4.114130e-01,4.117799e-01,4.121657e-01,4.126802e-01,4.130605e-01,4.134328e-01,4.138274e-01,4.143428e-01,4.147357e-01,4.151331e-01,4.155476e-01,4.159429e-01,4.163610e-01,4.167801e-01,4.171999e-01,4.176225e-01,4.180626e-01,4.184797e-01,4.189255e-01,4.193685e-01,4.196797e-01,4.201245e-01,4.204407e-01,4.208852e-01,4.213269e-01,4.216485e-01,4.220996e-01,4.224113e-01,4.228621e-01,4.231808e-01,4.236107e-01,4.239305e-01,4.242320e-01,4.245295e-01,4.249603e-01,4.252614e-01,4.255458e-01,4.258537e-01,4.262703e-01,4.265477e-01,4.268300e-01,4.271167e-01,4.273748e-01,4.276564e-01,4.279436e-01,4.282220e-01,4.285087e-01,4.287919e-01,4.290880e-01,4.292539e-01,4.295595e-01,4.298801e-01,4.302020e-01,4.303903e-01,4.307190e-01,4.310668e-01,4.313826e-01,4.315915e-01,4.319201e-01,4.322423e-01,4.324480e-01,4.326404e-01,4.329757e-01,4.331645e-01,4.334835e-01,4.336778e-01,4.340097e-01,4.341913e-01,4.343614e-01,4.345346e-01,4.346948e-01,4.348592e-01,4.350369e-01,4.352118e-01,4.353786e-01,4.355333e-01,4.356992e-01,4.358705e-01,4.360420e-01,4.362033e-01,4.363733e-01,4.365487e-01,4.367366e-01,4.369277e-01,4.370973e-01,4.372382e-01,4.374028e-01,4.376012e-01,4.377798e-01,4.379302e-01,4.380566e-01,4.381989e-01,4.383530e-01,4.384989e-01,4.386437e-01,4.387856e-01,4.389097e-01,4.389562e-01,4.390358e-01,4.391462e-01,4.392468e-01,4.393365e-01,4.394377e-01,4.395001e-01,4.394826e-01,4.395004e-01,4.395490e-01,4.396359e-01,4.396357e-01,4.395139e-01,4.395109e-01,4.395386e-01,4.395420e-01,4.395211e-01,4.394828e-01,4.394862e-01,4.395135e-01,4.393705e-01,4.389750e-01,4.388117e-01,4.387351e-01,4.385721e-01,4.383916e-01,4.382289e-01,4.381284e-01,4.380312e-01,4.379929e-01,4.380052e-01,4.379495e-01,4.378287e-01,4.378966e-01,4.380445e-01,4.381810e-01,4.382877e-01,4.384041e-01,4.385316e-01,4.387038e-01,4.388176e-01,4.389697e-01,4.391076e-01,4.392012e-01,4.393332e-01,4.394064e-01,4.395241e-01,4.396627e-01,4.398130e-01,4.399517e-01,4.401528e-01,4.403304e-01,4.405317e-01,4.407124e-01,4.409525e-01,4.411750e-01,4.414187e-01,4.416451e-01,4.419104e-01,4.421967e-01,4.424385e-01,4.427109e-01,4.429986e-01,4.432928e-01,4.435358e-01,4.437887e-01,4.440774e-01,4.443522e-01,4.446034e-01,4.448935e-01,4.451693e-01,4.454244e-01,4.456798e-01,4.459540e-01,4.461885e-01,4.464447e-01,4.467013e-01,4.469796e-01,4.472222e-01,4.474983e-01,4.477989e-01,4.480636e-01,4.483650e-01,4.486304e-01,4.489107e-01,4.491764e-01,4.495006e-01,4.497670e-01,4.500309e-01,4.502979e-01,4.506089e-01,4.508985e-01,4.511885e-01,4.514572e-01,4.517478e-01,4.520172e-01,4.522648e-01,4.525126e-01,4.527428e-01,4.529915e-01,4.532692e-01,4.534963e-01,4.536639e-01,4.538316e-01,4.540147e-01,4.542272e-01,4.544398e-01,4.546526e-01,4.548433e-01,4.550564e-01,4.552474e-01,4.554385e-01,4.556144e-01,4.558278e-01,4.559970e-01,4.561729e-01,4.563420e-01,4.565181e-01,4.567168e-01,4.569088e-01,4.571100e-01,4.573089e-01,4.574854e-01,4.577054e-01,4.578807e-01,4.580995e-01,4.582717e-01,4.584666e-01,4.586599e-01,4.588310e-01,4.590215e-01,4.592148e-01,4.594043e-01,4.595922e-01,4.597577e-01,4.599200e-01,4.600826e-01,4.602226e-01,4.603823e-01,4.605421e-01,4.606558e-01,4.607688e-01,4.608786e-01,4.609643e-01,4.610727e-01,4.611568e-01,4.612190e-01,4.612543e-01,4.613124e-01,4.613903e-01,4.614455e-01,4.615219e-01,4.615533e-01,4.615807e-01,4.616081e-01,4.616324e-01,4.616796e-01,4.617024e-01,4.617489e-01,4.617686e-01,4.617871e-01,4.617813e-01,4.617741e-01,4.617910e-01,4.618268e-01,4.618384e-01,4.618257e-01,4.617888e-01,4.617504e-01,4.616902e-01,4.616947e-01,4.616979e-01,4.617003e-01,4.616571e-01,4.616138e-01,4.616188e-01,4.616213e-01,4.616010e-01,4.615579e-01,4.614920e-01,4.614743e-01,4.614769e-01,4.614567e-01,4.613910e-01,4.613252e-01,4.613507e-01,4.614243e-01,4.614498e-01,4.613842e-01,4.613186e-01,4.612987e-01,4.612560e-01,4.612161e-01,4.611281e-01,4.610402e-01,4.609979e-01,4.609783e-01,4.608680e-01,4.606470e-01,4.604010e-01,4.602234e-01,4.600459e-01,4.597784e-01,4.592859e-01,4.587500e-01,4.582602e-01,4.578163e-01,4.573987e-01,4.569570e-01,4.563829e-01,4.556119e-01,4.545796e-01,4.535746e-01,4.528578e-01,4.522305e-01,4.514321e-01,4.503389e-01,4.492056e-01,4.484195e-01,4.478703e-01,4.473862e-01,4.468188e-01,4.461477e-01,4.455420e-01,4.449634e-01,4.443615e-01,4.439912e-01,4.438297e-01,4.436683e-01,4.435285e-01,4.433889e-01,4.432495e-01,4.431316e-01,4.430139e-01,4.431033e-01,4.429858e-01,4.430792e-01,4.431902e-01,4.432799e-01,4.431624e-01,4.432521e-01,4.433205e-01,4.433888e-01,4.432500e-01,4.430900e-01,4.431369e-01,4.431838e-01,4.432092e-01,4.432561e-01,4.433031e-01,4.431217e-01,4.431687e-01,4.432156e-01,4.432666e-01,4.431069e-01,4.431539e-01,4.429943e-01,4.430413e-01,4.431098e-01,4.431353e-01,4.429759e-01,4.430229e-01,4.430485e-01,4.430956e-01,4.429148e-01,4.429404e-01,4.429659e-01,4.429915e-01,4.429955e-01,4.430211e-01,4.430467e-01,4.432786e-01,4.433042e-01,4.433298e-01,4.433554e-01,4.433810e-01,4.434066e-01,4.430597e-01,4.432915e-01,4.433171e-01,4.433427e-01,4.433683e-01,4.432277e-01,4.432318e-01,4.434637e-01,4.434893e-01,4.431425e-01,4.431466e-01,4.433999e-01,4.432594e-01,4.432891e-01,4.431703e-01,4.432176e-01,4.432649e-01,4.429620e-01,4.430309e-01,4.429340e-01,4.430029e-01,4.427008e-01,4.427913e-01,4.426948e-01,4.424149e-01,4.427105e-01,4.424092e-01,4.424997e-01,4.424078e-01,4.424768e-01,4.423808e-01,4.420804e-01,4.421494e-01,4.418280e-01,4.418754e-01,4.417583e-01,4.414162e-01,4.416457e-01,4.413039e-01,4.411658e-01,4.411702e-01,4.408293e-01,4.406916e-01,4.407175e-01,4.403775e-01,4.402446e-01,4.402919e-01,4.401763e-01,4.398589e-01,4.399061e-01,4.395893e-01,4.396365e-01,4.393202e-01,4.390259e-01,4.392741e-01,4.389586e-01,4.386650e-01,4.389127e-01,4.385979e-01,4.386452e-01,4.383310e-01,4.380174e-01,4.380645e-01,4.377348e-01,4.377819e-01,4.374482e-01,4.372965e-01,4.369637e-01,4.367912e-01,4.364594e-01,4.362874e-01,4.359354e-01,4.359612e-01,4.354341e-01,4.354599e-01,4.352890e-01,4.347638e-01,4.345984e-01,4.344284e-01,4.341011e-01,4.339316e-01,4.337623e-01,4.334362e-01,4.332674e-01,4.330988e-01,4.329303e-01,4.324122e-01,4.322444e-01,4.320769e-01,4.319095e-01,4.315495e-01,4.313826e-01,4.310237e-01,4.308574e-01,4.310379e-01,4.299885e-01,4.301682e-01,4.301567e-01,4.301453e-01,4.299429e-01,4.295870e-01,4.293852e-01,4.290305e-01,4.286765e-01,4.286654e-01,4.281230e-01,4.277708e-01,4.272310e-01,4.270320e-01,4.264945e-01,4.259585e-01,4.254241e-01,4.248912e-01,4.243652e-01,4.233176e-01,4.229391e-01,4.218995e-01,4.213768e-01,4.208556e-01,4.204822e-01,4.201096e-01,4.189057e-01,4.180328e-01,4.171640e-01,4.167982e-01,4.161126e-01,4.152871e-01,4.144118e-01,4.130696e-01,4.117371e-01,4.110366e-01,4.095805e-01,4.086134e-01,4.076514e-01,4.071871e-01,4.062515e-01,4.053206e-01,4.045289e-01,4.032756e-01,4.018667e-01,4.001744e-01,3.987894e-01,3.971567e-01,3.961436e-01,3.945348e-01,3.936631e-01,3.923401e-01,3.911817e-01,3.898770e-01,3.890106e-01,3.877218e-01,3.868661e-01,3.859853e-01,3.863267e-01,3.869589e-01,3.870460e-01,3.857548e-01,3.844440e-01,3.835756e-01,3.826947e-01,3.814065e-01,3.806540e-01,3.795977e-01,3.779287e-01,3.758604e-01,3.732901e-01,3.704752e-01,3.679608e-01,3.650561e-01,3.618071e-01,3.591086e-01,3.562768e-01,3.539182e-01,3.514072e-01,3.501020e-01,3.468319e-01,3.430860e-01,3.384656e-01,3.344384e-01,3.287993e-01,3.229967e-01,3.177514e-01,3.119066e-01,3.076816e-01,3.020156e-01,2.968843e-01,2.917687e-01,2.861845e-01,2.805378e-01,2.770151e-01,2.725819e-01,2.668953e-01,2.621122e-01,2.572668e-01,2.534471e-01,2.489167e-01,2.444388e-01,2.403243e-01,2.368906e-01,2.338849e-01,2.303504e-01,2.269203e-01,2.241660e-01,2.207554e-01,2.179022e-01,2.151206e-01,2.124944e-01,2.103614e-01,2.082768e-01,2.060124e-01,2.038643e-01,2.017662e-01,2.000301e-01,1.984621e-01,1.967854e-01,1.950643e-01,1.934449e-01,1.922130e-01,1.906436e-01,1.890947e-01,1.879161e-01,1.867518e-01,1.860058e-01,1.849311e-01,1.838625e-01,1.831984e-01,1.822140e-01,1.815577e-01,1.810224e-01,1.803782e-01,1.797922e-01,1.792671e-01,1.786918e-01,1.781165e-01,1.775951e-01,1.773861e-01,1.768725e-01,1.767763e-01,1.766803e-01,1.765879e-01,1.761857e-01,1.760351e-01,1.759986e-01,1.759034e-01,1.762239e-01,1.761321e-01,1.760977e-01,1.759567e-01,1.762278e-01,1.760866e-01,1.764134e-01,1.766858e-01,1.770740e-01,1.770450e-01,1.772669e-01,1.778524e-01,1.781947e-01,1.785287e-01,1.791256e-01,1.797226e-01,1.803847e-01,1.813116e-01,1.819848e-01,1.827119e-01,1.836058e-01,1.842250e-01,1.851936e-01,1.861617e-01,1.868014e-01,1.881311e-01,1.888467e-01,1.898515e-01,1.908645e-01,1.916605e-01,1.930616e-01,1.936810e-01,1.946021e-01,1.956034e-01,1.966781e-01,1.973884e-01,1.984127e-01,1.994519e-01,2.002519e-01,2.017714e-01,2.025173e-01,2.036662e-01,2.049061e-01,2.059441e-01,2.068650e-01,2.079909e-01,2.094307e-01,2.106615e-01,2.115502e-01,2.127928e-01,2.141424e-01,2.149714e-01,2.164245e-01,2.175187e-01,2.190873e-01,2.200332e-01,2.210778e-01,2.225972e-01,2.235784e-01,2.245680e-01,2.262320e-01,2.272447e-01,2.283572e-01,2.294747e-01,2.305160e-01,2.320798e-01,2.328095e-01,2.345057e-01,2.357800e-01,2.363378e-01,2.374351e-01,2.392981e-01,2.400645e-01,2.412975e-01,2.425406e-01,2.437989e-01,2.450763e-01,2.457830e-01,2.470748e-01,2.482878e-01,2.489076e-01,2.502473e-01,2.510015e-01,2.521447e-01,2.535280e-01,2.541920e-01,2.557111e-01,2.563833e-01,2.574598e-01,2.581410e-01,2.595896e-01,2.602658e-01,2.609519e-01,2.623025e-01,2.631033e-01,2.637945e-01,2.650423e-01,2.658499e-01,2.665554e-01,2.672547e-01,2.687695e-01,2.694804e-01,2.701949e-01,2.710342e-01,2.717569e-01,2.724835e-01,2.734670e-01,2.742610e-01,2.746514e-01,2.753135e-01,2.758532e-01,2.763290e-01,2.769426e-01,2.775628e-01,2.781004e-01,2.788111e-01,2.793604e-01,2.801167e-01,2.805448e-01,2.811768e-01,2.818155e-01,2.824639e-01,2.830381e-01,2.838251e-01,2.844934e-01,2.848563e-01,2.857318e-01,2.859555e-01,2.866794e-01,2.872703e-01,2.877728e-01,2.885592e-01,2.890817e-01,2.899519e-01,2.902987e-01,2.910946e-01,2.917398e-01,2.922349e-01,2.925781e-01,2.932184e-01,2.936469e-01,2.945376e-01,2.951936e-01,2.960774e-01,2.969900e-01,2.977374e-01,2.980863e-01,2.989085e-01,2.994160e-01,3.000889e-01,3.007064e-01,3.013193e-01,3.019128e-01,3.027681e-01,3.033008e-01,3.039313e-01,3.044751e-01,3.050982e-01,3.055387e-01,3.061713e-01,3.063784e-01,3.070039e-01,3.074603e-01,3.081816e-01,3.086485e-01,3.092760e-01,3.096537e-01,3.101250e-01,3.104976e-01,3.110645e-01,3.113459e-01,3.117467e-01,3.123937e-01,3.128660e-01,3.134413e-01,3.138217e-01,3.139620e-01,3.144460e-01,3.147333e-01,3.150468e-01,3.153353e-01,3.156499e-01,3.156699e-01,3.161718e-01,3.166435e-01,3.171283e-01,3.172524e-01,3.176418e-01,3.179418e-01,3.183329e-01,3.180924e-01,3.186470e-01,3.189357e-01,3.192368e-01,3.192699e-01,3.195716e-01,3.196840e-01,3.197292e-01,3.195656e-01,3.200458e-01,3.198025e-01,3.194937e-01,3.194216e-01,3.194679e-01,3.187804e-01,3.186501e-01,3.183965e-01,3.182797e-01,3.174228e-01,3.170225e-01,3.166941e-01,3.162184e-01,3.157959e-01,3.152277e-01,3.147184e-01,3.142491e-01,3.134151e-01,3.129500e-01,3.121232e-01,3.115818e-01,3.116015e-01,3.134272e-01,3.125981e-01,3.122240e-01,3.115953e-01,3.109635e-01,3.101608e-01,3.097012e-01,3.090707e-01,3.083765e-01,3.075880e-01,3.069735e-01,3.059284e-01,3.052423e-01,3.046254e-01,3.036852e-01,3.029163e-01,3.020743e-01,3.011213e-01,3.003827e-01,2.995265e-01,2.989217e-01,2.983126e-01,2.976378e-01,2.966525e-01,2.960529e-01,2.952891e-01,2.945521e-01,2.938122e-01,2.929121e-01,2.921058e-01,2.914439e-01,2.906236e-01,2.899104e-01,2.894674e-01,2.888176e-01,2.882414e-01,2.875972e-01,2.867357e-01,2.863874e-01,2.858774e-01,2.851664e-01,2.844590e-01,2.839662e-01,2.832649e-01,2.829188e-01,2.823600e-01,2.820226e-01,2.814528e-01,2.809751e-01,2.804206e-01,2.800242e-01,2.796225e-01,2.792820e-01,2.789424e-01,2.786776e-01,2.782720e-01,2.782264e-01,2.782150e-01,2.781333e-01,2.779295e-01,2.781878e-01,2.783052e-01,2.784306e-01,2.783940e-01,2.785791e-01,2.789723e-01,2.790695e-01,2.791811e-01,2.790989e-01,2.791363e-01,2.791846e-01,2.791685e-01,2.790972e-01,2.789374e-01,2.785955e-01,2.783173e-01,2.782916e-01,2.778669e-01,2.775903e-01,2.773733e-01,2.769515e-01,2.764475e-01,2.761489e-01,2.759375e-01,2.756984e-01,2.753292e-01,2.749611e-01,2.746658e-01,2.745616e-01,2.742533e-01,2.742178e-01,2.741140e-01,2.741502e-01,2.738566e-01,2.738213e-01,2.738573e-01,2.740224e-01,2.740585e-01,2.741629e-01,2.743283e-01,2.747779e-01,2.752902e-01,2.752652e-01,2.754567e-01,2.757067e-01,2.758263e-01,2.763641e-01,2.766885e-01,2.767502e-01,2.769436e-01,2.769404e-01,2.771340e-01,2.769322e-01,2.768035e-01,2.764708e-01,2.762114e-01,2.761419e-01,2.764071e-01,2.765413e-01,2.765381e-01,2.768182e-01,2.767038e-01,2.769112e-01,2.770459e-01,2.772058e-01,2.772168e-01,2.774981e-01,2.779749e-01,2.781249e-01,2.782157e-01,2.786997e-01,2.787798e-01,2.790675e-01,2.792186e-01,2.795670e-01,2.797012e-01,2.798307e-01,2.797026e-01,2.797688e-01,2.798240e-01,2.799391e-01,2.798536e-01,2.799832e-01,2.801730e-01,2.805126e-01,2.803582e-01,2.805423e-01,2.806580e-01,2.807134e-01,2.811148e-01,2.810348e-01,2.810903e-01,2.812322e-01,2.811571e-01,2.814843e-01,2.815513e-01,2.815541e-01,2.811988e-01,2.813373e-01,2.814552e-01,2.813222e-01,2.810212e-01,2.810207e-01,2.809452e-01,2.807886e-01,2.809089e-01,2.810292e-01,2.807402e-01,2.807045e-01,2.807353e-01,2.800919e-01,2.796454e-01,2.789017e-01,2.781507e-01,2.778317e-01,2.773754e-01,2.767954e-01,2.754847e-01,2.740575e-01,2.734746e-01,2.723114e-01,2.703364e-01,2.689453e-01,2.678096e-01,2.660095e-01,2.641077e-01,2.622382e-01,2.602682e-01,2.584360e-01,2.552761e-01,2.534069e-01,2.490621e-01,2.458983e-01,2.425689e-01,2.398644e-01,2.360472e-01,2.332337e-01,2.293898e-01,2.262840e-01,2.209262e-01,2.165463e-01,2.123364e-01,2.074342e-01,2.030647e-01,1.976598e-01,1.926775e-01,1.849199e-01,1.791854e-01,1.735690e-01,1.682655e-01,1.620230e-01,1.567945e-01,1.487395e-01,1.430557e-01,1.376798e-01,1.324661e-01,1.269648e-01,1.204086e-01,1.153189e-01,1.108609e-01,1.065932e-01,1.023342e-01,9.730058e-02,9.367706e-02,9.045416e-02,8.751218e-02,8.496210e-02,8.127574e-02,7.909580e-02,7.707090e-02,7.495438e-02,7.283364e-02,7.080487e-02,6.945665e-02,6.815300e-02,6.689161e-02,6.566413e-02,6.448515e-02,6.382772e-02,6.272092e-02,6.211504e-02,6.105511e-02,6.050805e-02,5.995875e-02,5.944053e-02,5.893782e-02,5.845055e-02,5.797404e-02,5.792772e-02,5.743309e-02,5.738350e-02,5.692969e-02,5.686271e-02,5.682877e-02,5.680154e-02,5.635336e-02,5.632372e-02,5.628759e-02,5.626522e-02,5.665674e-02,5.664943e-02,5.663130e-02,5.659573e-02,5.698444e-02,5.698161e-02,5.739790e-02,5.739442e-02,5.779721e-02,5.822008e-02,5.822719e-02,5.866231e-02,5.909993e-02,5.954360e-02,6.001599e-02,6.002133e-02,6.049180e-02,6.099448e-02,6.147027e-02,6.197034e-02,6.245113e-02,6.296228e-02,6.348722e-02,6.400456e-02,6.452955e-02,6.506544e-02,6.560613e-02,6.615188e-02,6.671198e-02,6.727744e-02,6.783121e-02,6.840643e-02,6.954939e-02,6.956641e-02,7.076905e-02,7.139723e-02,7.143721e-02,7.249354e-02,7.311711e-02,7.390153e-02,7.447102e-02,7.540454e-02,7.596005e-02,7.646314e-02,7.740869e-02,7.805000e-02,7.887266e-02,7.948445e-02,8.047977e-02,8.102279e-02,8.195122e-02,8.263433e-02,8.322874e-02,8.419622e-02,8.486951e-02,8.581643e-02,8.640507e-02,8.733489e-02,8.794048e-02,8.882548e-02,8.953897e-02,9.030528e-02,9.092864e-02,9.184831e-02,9.249060e-02,9.331997e-02,9.394087e-02,9.483007e-02,9.542567e-02,9.630757e-02,9.694889e-02,9.742700e-02,9.834004e-02,9.926819e-02,9.985750e-02,1.006589e-01,1.012627e-01,1.020617e-01,1.025430e-01,1.034025e-01,1.038519e-01,1.045678e-01,1.050441e-01,1.059145e-01,1.063793e-01,1.070529e-01,1.074581e-01,1.082363e-01,1.085167e-01,1.089578e-01,1.093759e-01,1.099281e-01,1.106181e-01,1.106730e-01,1.112370e-01,1.115356e-01,1.119978e-01,1.119180e-01,1.124933e-01,1.128247e-01,1.131310e-01,1.133268e-01,1.133842e-01,1.139729e-01,1.138907e-01,1.142295e-01,1.144288e-01,1.144872e-01,1.146872e-01,1.146041e-01,1.150615e-01,1.154065e-01,1.153182e-01,1.155209e-01,1.154367e-01,1.154960e-01,1.156993e-01,1.156149e-01,1.158185e-01,1.159946e-01,1.160588e-01,1.161230e-01,1.160417e-01,1.161103e-01,1.165828e-01,1.163559e-01,1.168345e-01,1.166069e-01,1.170786e-01,1.174101e-01,1.174425e-01,1.177715e-01,1.180978e-01,1.182758e-01,1.187210e-01,1.190521e-01,1.192327e-01,1.194095e-01,1.200210e-01,1.200504e-01,1.205173e-01,1.208620e-01,1.211820e-01,1.213731e-01,1.220163e-01,1.220556e-01,1.225410e-01,1.227449e-01,1.230742e-01,1.235664e-01,1.237687e-01,1.238090e-01,1.243022e-01,1.245021e-01,1.248350e-01,1.248713e-01,1.253721e-01,1.255750e-01,1.259087e-01,1.259456e-01,1.264539e-01,1.264911e-01,1.268338e-01,1.270411e-01,1.273865e-01,1.274240e-01,1.277760e-01,1.279860e-01,1.283360e-01,1.283695e-01,1.287214e-01,1.289294e-01,1.291089e-01,1.296358e-01,1.296700e-01,1.300235e-01,1.302010e-01,1.305572e-01,1.305871e-01,1.309453e-01,1.313052e-01,1.311600e-01,1.315211e-01,1.318839e-01,1.320661e-01,1.321015e-01,1.322842e-01,1.326509e-01,1.328351e-01,1.332046e-01,1.335760e-01,1.339493e-01,1.337988e-01,1.341732e-01,1.343662e-01,1.347435e-01,1.349330e-01,1.351229e-01,1.351601e-01,1.353457e-01,1.355367e-01,1.359201e-01,1.361076e-01,1.362958e-01,1.361356e-01,1.365221e-01,1.367062e-01,1.368960e-01,1.367345e-01,1.369242e-01,1.371094e-01,1.369426e-01,1.371329e-01,1.373186e-01,1.375049e-01,1.376916e-01,1.378788e-01,1.377103e-01,1.376954e-01,1.378827e-01,1.380705e-01,1.382587e-01,1.384477e-01,1.386319e-01,1.388217e-01,1.388067e-01,1.389918e-01,1.391775e-01,1.393588e-01,1.393386e-01,1.395201e-01,1.396970e-01,1.396719e-01,1.398441e-01,1.400167e-01,1.399862e-01,1.405283e-01,1.404928e-01,1.406672e-01,1.406314e-01,1.411786e-01,1.411481e-01,1.413243e-01,1.416685e-01,1.418460e-01,1.418203e-01,1.423772e-01,1.423461e-01,1.426954e-01,1.428757e-01,1.434355e-01,1.437848e-01,1.439626e-01,1.443146e-01,1.442779e-01,1.448430e-01,1.448065e-01,1.453812e-01,1.457402e-01,1.457032e-01,1.462903e-01,1.462585e-01,1.466330e-01,1.470036e-01,1.469824e-01,1.473657e-01,1.477508e-01,1.477299e-01,1.481277e-01,1.481118e-01,1.487398e-01,1.487296e-01,1.491381e-01,1.495485e-01,1.495490e-01,1.499670e-01,1.499679e-01,1.503936e-01,1.503996e-01,1.508275e-01,1.508339e-01,1.512641e-01,1.512756e-01,1.517136e-01,1.517257e-01,1.517373e-01,1.521777e-01,1.519516e-01,1.519637e-01,1.519810e-01,1.524225e-01,1.524342e-01,1.524464e-01,1.524637e-01,1.524754e-01,1.520569e-01,1.518317e-01,1.518433e-01,1.514279e-01,1.510090e-01,1.503644e-01,1.503762e-01,1.499625e-01,1.491351e-01,1.485047e-01,1.481000e-01,1.472910e-01,1.466690e-01,1.458681e-01,1.454760e-01,1.444693e-01,1.436894e-01,1.427042e-01,1.419408e-01,1.406020e-01,1.398582e-01,1.385484e-01,1.378234e-01,1.369074e-01,1.358498e-01,1.349561e-01,1.337350e-01,1.330582e-01,1.318669e-01,1.310235e-01,1.300440e-01,1.292207e-01,1.280886e-01,1.274600e-01,1.263544e-01,1.257413e-01,1.249647e-01,1.238917e-01,1.231301e-01,1.223766e-01,1.216309e-01,1.210511e-01,1.203146e-01,1.195903e-01,1.185951e-01,1.178884e-01,1.176129e-01,1.169161e-01,1.164952e-01,1.156622e-01,1.152519e-01,1.145788e-01,1.143162e-01,1.139110e-01,1.135037e-01,1.131033e-01,1.124469e-01,1.120528e-01,1.116566e-01,1.110143e-01,1.103782e-01,1.098568e-01,1.094719e-01,1.087136e-01,1.080994e-01,1.077262e-01,1.073551e-01,1.066254e-01,1.062606e-01,1.058979e-01,1.055372e-01,1.050534e-01,1.044733e-01,1.039976e-01,1.036476e-01,1.032995e-01,1.029533e-01,1.024890e-01,1.021452e-01,1.016909e-01,1.015665e-01,1.011125e-01,1.009892e-01,1.007494e-01,1.008332e-01,1.005940e-01,1.004717e-01,1.004389e-01,1.005223e-01,1.001645e-01,1.004567e-01,1.002147e-01,1.001821e-01,1.000563e-01,1.002323e-01,1.001024e-01,9.985982e-02,9.971237e-02,9.958345e-02,9.954695e-02,9.930416e-02,9.906228e-02,9.913961e-02,9.858351e-02,9.834035e-02,9.821398e-02,9.797615e-02,9.753723e-02,9.730196e-02,9.697908e-02,9.652621e-02,9.620742e-02,9.597712e-02,9.575159e-02,9.533250e-02,9.489730e-02,9.478130e-02,9.437299e-02,9.415728e-02,9.394234e-02,9.372818e-02,9.341416e-02,9.338774e-02,9.317944e-02,9.315309e-02,9.294561e-02,9.271910e-02,9.280124e-02,9.267314e-02,9.246736e-02,9.226232e-02,9.224009e-02,9.202014e-02,9.199798e-02,9.215766e-02,9.195367e-02,9.193151e-02,9.160892e-02,9.159069e-02,9.156864e-02,9.154659e-02,9.132543e-02,9.112434e-02,9.092397e-02,9.062232e-02,9.060055e-02,9.038200e-02,9.018425e-02,8.988653e-02,8.986120e-02,8.954649e-02,8.961375e-02,8.931896e-02,8.902854e-02,8.900348e-02,8.869352e-02,8.849786e-02,8.820894e-02,8.818699e-02,8.771711e-02,8.752487e-02,8.740774e-02,8.721655e-02,8.675429e-02,8.656169e-02,8.628287e-02,8.609484e-02,8.563937e-02,8.519772e-02,8.492529e-02,8.489421e-02,8.444471e-02,8.425641e-02,8.398153e-02,8.379116e-02,8.334375e-02,5.242506e-03,5.242506e-03,5.242506e-03,5.242506e-03,5.242506e-03,5.242506e-03,5.242506e-03,5.242506e-03,5.242506e-03,5.242506e-03,5.242506e-03,5.242506e-03,5.242506e-03,5.242506e-03,5.242506e-03,5.242506e-03,5.242506e-03,5.242506e-03,5.242506e-03,5.242506e-03,5.242506e-03,5.242506e-03,5.242506e-03,5.242506e-03,5.242506e-03,5.242506e-03,5.242506e-03,5.242506e-03,5.242506e-03,5.242506e-03,5.242506e-03,5.242506e-03,5.242506e-03,5.242506e-03,5.242506e-03,5.242506e-03,5.242506e-03,5.242506e-03,5.242506e-03,5.242506e-03,5.242506e-03,5.242506e-03,5.242506e-03,5.242506e-03,5.242506e-03,5.242506e-03,5.242506e-03,5.242506e-03,5.242506e-03,5.242506e-03,5.242506e-03,5.242506e-03,5.242506e-03,5.242506e-03,5.242506e-03,5.242506e-03,5.242506e-03,5.242506e-03,5.242506e-03,5.242506e-03,5.242506e-03,5.242506e-03,5.242506e-03,5.242506e-03,5.242506e-03,5.242506e-03,5.242506e-03,5.242506e-03,5.242506e-03,5.242506e-03,5.242506e-03,5.242506e-03,5.242506e-03,5.242506e-03,5.242506e-03,5.242506e-03,5.242506e-03,5.242506e-03,5.242506e-03,5.242506e-03,5.242506e-03,5.242506e-03,5.242506e-03,5.242506e-03,5.242506e-03,5.242506e-03,5.242506e-03,5.242506e-03,5.242506e-03,5.242506e-03,5.242506e-03,5.242506e-03,5.242506e-03,5.242506e-03,5.242506e-03,5.242506e-03,5.242506e-03,5.242506e-03,5.242506e-03,5.242506e-03,5.242506e-03,5.242506e-03,5.242506e-03,5.242506e-03,5.242506e-03,5.242506e-03,5.242506e-03,5.242506e-03,5.242506e-03,5.242506e-03,5.242506e-03,5.242506e-03,5.242506e-03,5.242506e-03,5.242506e-03,5.242506e-03,5.242506e-03,5.242506e-03,5.242506e-03,5.242506e-03,5.242506e-03,5.242506e-03,5.242506e-03,5.242506e-03,5.242506e-03,5.242506e-03,5.242506e-03,5.242506e-03,5.242506e-03,5.242506e-03,5.242506e-03,5.242506e-03,5.242506e-03,5.242506e-03,5.242506e-03,5.242506e-03,5.242506e-03,5.242506e-03,5.242506e-03,5.242506e-03,5.242506e-03,5.242506e-03,5.242506e-03,5.242506e-03,5.242506e-03,5.242506e-03,5.242506e-03,5.242506e-03,5.242506e-03,5.242506e-03,5.242506e-03,5.242506e-03,5.242506e-03,5.242506e-03,5.242506e-03,5.242506e-03,5.242506e-03,5.242506e-03,5.242506e-03,5.242506e-03,5.242506e-03
2.828026e-02,2.827789e-02,2.827765e-02,2.827262e-02,2.826421e-02,2.826231e-02,2.825362e-02,2.825310e-02,2.825357e-02,2.825151e-02,2.825965e-02,2.825308e-02,2.824991e-02,2.824369e-02,2.822711e-02,2.822230e-02,2.821635e-02,2.820702e-02,2.820366e-02,2.819078e-02,2.818132e-02,2.816745e-02,2.815035e-02,2.813910e-02,2.813501e-02,2.812806e-02,2.813005e-02,2.813267e-02,2.813104e-02,2.813190e-02,2.812646e-02,2.810998e-02,2.810127e-02,2.808950e-02,2.809017e-02,2.808747e-02,2.807275e-02,2.806765e-02,2.805731e-02,2.804095e-02,2.803195e-02,2.803649e-02,2.803914e-02,2.804093e-02,2.804438e-02,2.806304e-02,2.807794e-02,2.808641e-02,2.811534e-02,2.815758e-02,2.820856e-02,2.827512e-02,2.834984e-02,2.842641e-02,2.850718e-02,2.858633e-02,2.867309e-02,2.875902e-02,2.884674e-02,2.893999e-02,2.902470e-02,2.911363e-02,2.920637e-02,2.928845e-02,2.938672e-02,2.947507e-02,2.956737e-02,2.965819e-02,2.973826e-02,2.981717e-02,2.989393e-02,2.994713e-02,2.999602e-02,3.003455e-02,3.005802e-02,3.008244e-02,3.010312e-02,3.012788e-02,3.014316e-02,3.016585e-02,3.019675e-02,3.023601e-02,3.029443e-02,3.037207e-02,3.045577e-02,3.056639e-02,3.070566e-02,3.084618e-02,3.102058e-02,3.120910e-02,3.143654e-02,3.166145e-02,3.190845e-02,3.217676e-02,3.245717e-02,3.274820e-02,3.306491e-02,3.340668e-02,3.375670e-02,3.413292e-02,3.453956e-02,3.493888e-02,3.537670e-02,3.583827e-02,3.633164e-02,3.684609e-02,3.738724e-02,3.798522e-02,3.863796e-02,3.927658e-02,3.997248e-02,4.068257e-02,4.142750e-02,4.227086e-02,4.316634e-02,4.404980e-02,4.498627e-02,4.597466e-02,4.701957e-02,4.811643e-02,4.926995e-02,5.042938e-02,5.164047e-02,5.286095e-02,5.414238e-02,5.542176e-02,5.669363e-02,5.801617e-02,5.939548e-02,6.074923e-02,6.216006e-02,6.360264e-02,6.519415e-02,6.669611e-02,6.826988e-02,6.982174e-02,7.144250e-02,7.300206e-02,7.463573e-02,7.623157e-02,7.798670e-02,7.949587e-02,8.096333e-02,8.263821e-02,8.415976e-02,8.583765e-02,8.733881e-02,8.901581e-02,9.049626e-02,9.195520e-02,9.353011e-02,9.486420e-02,9.609706e-02,9.739918e-02,9.850759e-02,9.936797e-02,9.987623e-02,1.004889e-01,1.008002e-01,1.009921e-01,1.011855e-01,1.015923e-01,1.017781e-01,1.021572e-01,1.025187e-01,1.028831e-01,1.032312e-01,1.033533e-01,1.036682e-01,1.039765e-01,1.042691e-01,1.045503e-01,1.048215e-01,1.050991e-01,1.053768e-01,1.056530e-01,1.059333e-01,1.062335e-01,1.065444e-01,1.068651e-01,1.071915e-01,1.075508e-01,1.079149e-01,1.082863e-01,1.086621e-01,1.090577e-01,1.094641e-01,1.098684e-01,1.102830e-01,1.107086e-01,1.111519e-01,1.115998e-01,1.120590e-01,1.122863e-01,1.127756e-01,1.132791e-01,1.137873e-01,1.143103e-01,1.148342e-01,1.153561e-01,1.156025e-01,1.161004e-01,1.165844e-01,1.170374e-01,1.171915e-01,1.175881e-01,1.179566e-01,1.180154e-01,1.183221e-01,1.186020e-01,1.188662e-01,1.188385e-01,1.190677e-01,1.192864e-01,1.192147e-01,1.194257e-01,1.193596e-01,1.195803e-01,1.198161e-01,1.197961e-01,1.200925e-01,1.201274e-01,1.204869e-01,1.205925e-01,1.210156e-01,1.211846e-01,1.213790e-01,1.218988e-01,1.221437e-01,1.226912e-01,1.229320e-01,1.234554e-01,1.236431e-01,1.237696e-01,1.241351e-01,1.241162e-01,1.243147e-01,1.240966e-01,1.237989e-01,1.236955e-01,1.232184e-01,1.226551e-01,1.223208e-01,1.216283e-01,1.209023e-01,1.201414e-01,1.196694e-01,1.189394e-01,1.182427e-01,1.179184e-01,1.173733e-01,1.169209e-01,1.165013e-01,1.163637e-01,1.159184e-01,1.153902e-01,1.147654e-01,1.142300e-01,1.132976e-01,1.121653e-01,1.108956e-01,1.094084e-01,1.080668e-01,1.063795e-01,1.046525e-01,1.031015e-01,1.013416e-01,9.976340e-02,9.826789e-02,9.717359e-02,9.598282e-02,9.504726e-02,9.444015e-02,9.385071e-02,9.337451e-02,9.331807e-02,9.318185e-02,9.340119e-02,9.395489e-02,9.491493e-02,9.635256e-02,9.858072e-02,1.011629e-01,1.049109e-01,1.088480e-01,1.136111e-01,1.189344e-01,1.244196e-01,1.301306e-01,1.364885e-01,1.426157e-01,1.487845e-01,1.549480e-01,1.615693e-01,1.676008e-01,1.733973e-01,1.790111e-01,1.850034e-01,1.901681e-01,1.950294e-01,1.996499e-01,2.047621e-01,2.088895e-01,2.127668e-01,2.164321e-01,2.198967e-01,2.231883e-01,2.263257e-01,2.293356e-01,2.332336e-01,2.360688e-01,2.388157e-01,2.414988e-01,2.441163e-01,2.466894e-01,2.492044e-01,2.516850e-01,2.541199e-01,2.565201e-01,2.588900e-01,2.624833e-01,2.648084e-01,2.671139e-01,2.689960e-01,2.712447e-01,2.734709e-01,2.756773e-01,2.779955e-01,2.801650e-01,2.823171e-01,2.844520e-01,2.865693e-01,2.886786e-01,2.907778e-01,2.926989e-01,2.947681e-01,2.968337e-01,2.988924e-01,3.007772e-01,3.028323e-01,3.048853e-01,3.065809e-01,3.084564e-01,3.101432e-01,3.120157e-01,3.136971e-01,3.155702e-01,3.172495e-01,3.191236e-01,3.208064e-01,3.226836e-01,3.241963e-01,3.257182e-01,3.274608e-01,3.290139e-01,3.307865e-01,3.323778e-01,3.339747e-01,3.357996e-01,3.374275e-01,3.392952e-01,3.407364e-01,3.424085e-01,3.440945e-01,3.455685e-01,3.472723e-01,3.489970e-01,3.507353e-01,3.522529e-01,3.540075e-01,3.557844e-01,3.575722e-01,3.593649e-01,3.611798e-01,3.629990e-01,3.648300e-01,3.666805e-01,3.685347e-01,3.704000e-01,3.722759e-01,3.741646e-01,3.755301e-01,3.771758e-01,3.788357e-01,3.805124e-01,3.822003e-01,3.839158e-01,3.856515e-01,3.871065e-01,3.888687e-01,3.906461e-01,3.921475e-01,3.939706e-01,3.955018e-01,3.970390e-01,3.985958e-01,4.001693e-01,4.020674e-01,4.036733e-01,4.052940e-01,4.069245e-01,4.085735e-01,4.102358e-01,4.119109e-01,4.132707e-01,4.149785e-01,4.167031e-01,4.184363e-01,4.202009e-01,4.216183e-01,4.234095e-01,4.248557e-01,4.263112e-01,4.281479e-01,4.296307e-01,4.311258e-01,4.326305e-01,4.341450e-01,4.356753e-01,4.372221e-01,4.387788e-01,4.403366e-01,4.419082e-01,4.431007e-01,4.447028e-01,4.462995e-01,4.474736e-01,4.491078e-01,4.507501e-01,4.523669e-01,4.536058e-01,4.548564e-01,4.565227e-01,4.577722e-01,4.590646e-01,4.608108e-01,4.621104e-01,4.634361e-01,4.647790e-01,4.665724e-01,4.679307e-01,4.693061e-01,4.706885e-01,4.720769e-01,4.734835e-01,4.749006e-01,4.763296e-01,4.777719e-01,4.792220e-01,4.806710e-01,4.821511e-01,4.836349e-01,4.846247e-01,4.861279e-01,4.871386e-01,4.886575e-01,4.901805e-01,4.912213e-01,4.927810e-01,4.938107e-01,4.953872e-01,4.964434e-01,4.980322e-01,4.991029e-01,5.001786e-01,5.012517e-01,5.028759e-01,5.039682e-01,5.050701e-01,5.061879e-01,5.078571e-01,5.089628e-01,5.100840e-01,5.112206e-01,5.123402e-01,5.134761e-01,5.146316e-01,5.157714e-01,5.169364e-01,5.180988e-01,5.192540e-01,5.198308e-01,5.210159e-01,5.221983e-01,5.233889e-01,5.239836e-01,5.251993e-01,5.264220e-01,5.276184e-01,5.282268e-01,5.294635e-01,5.306913e-01,5.312991e-01,5.319226e-01,5.331954e-01,5.338147e-01,5.350556e-01,5.356938e-01,5.369770e-01,5.375874e-01,5.382191e-01,5.388608e-01,5.394705e-01,5.400925e-01,5.407504e-01,5.414024e-01,5.420355e-01,5.426390e-01,5.432733e-01,5.439228e-01,5.445743e-01,5.452013e-01,5.458020e-01,5.464179e-01,5.470679e-01,5.477279e-01,5.483334e-01,5.488648e-01,5.494598e-01,5.500935e-01,5.507279e-01,5.512898e-01,5.517368e-01,5.522793e-01,5.528542e-01,5.534084e-01,5.539608e-01,5.545069e-01,5.550064e-01,5.554167e-01,5.557985e-01,5.562842e-01,5.567239e-01,5.571553e-01,5.576519e-01,5.580440e-01,5.581869e-01,5.584589e-01,5.588355e-01,5.592634e-01,5.594874e-01,5.593462e-01,5.595627e-01,5.598840e-01,5.600853e-01,5.602529e-01,5.603401e-01,5.605418e-01,5.608087e-01,5.605535e-01,5.596918e-01,5.593810e-01,5.593614e-01,5.590510e-01,5.586920e-01,5.583826e-01,5.582436e-01,5.581124e-01,5.581434e-01,5.582246e-01,5.582067e-01,5.580112e-01,5.582779e-01,5.588197e-01,5.592425e-01,5.596726e-01,5.600956e-01,5.605849e-01,5.611978e-01,5.616723e-01,5.622868e-01,5.628292e-01,5.633058e-01,5.639235e-01,5.644011e-01,5.649473e-01,5.655534e-01,5.662861e-01,5.668961e-01,5.676277e-01,5.683528e-01,5.690893e-01,5.697686e-01,5.705643e-01,5.713101e-01,5.721189e-01,5.728461e-01,5.737217e-01,5.746024e-01,5.754165e-01,5.762256e-01,5.771769e-01,5.780548e-01,5.788821e-01,5.797025e-01,5.806080e-01,5.814981e-01,5.823831e-01,5.833617e-01,5.842631e-01,5.851664e-01,5.860734e-01,5.870421e-01,5.878918e-01,5.888101e-01,5.897323e-01,5.907241e-01,5.916341e-01,5.926279e-01,5.936349e-01,5.945590e-01,5.955748e-01,5.965070e-01,5.974638e-01,5.983377e-01,5.993731e-01,6.002546e-01,6.011333e-01,6.020218e-01,6.030533e-01,6.040195e-01,6.049898e-01,6.059622e-01,6.069410e-01,6.079218e-01,6.088353e-01,6.097525e-01,6.105757e-01,6.115701e-01,6.125513e-01,6.134813e-01,6.141751e-01,6.148710e-01,6.156630e-01,6.165113e-01,6.173629e-01,6.182175e-01,6.190005e-01,6.198613e-01,6.206499e-01,6.214412e-01,6.221384e-01,6.229374e-01,6.236601e-01,6.242901e-01,6.249429e-01,6.255763e-01,6.262888e-01,6.270246e-01,6.276716e-01,6.283152e-01,6.288824e-01,6.295222e-01,6.300824e-01,6.307154e-01,6.311822e-01,6.317291e-01,6.321907e-01,6.326503e-01,6.330935e-01,6.336192e-01,6.341311e-01,6.345567e-01,6.349801e-01,6.353064e-01,6.357108e-01,6.360352e-01,6.364202e-01,6.368058e-01,6.370922e-01,6.373845e-01,6.376565e-01,6.379155e-01,6.381777e-01,6.384268e-01,6.386673e-01,6.387330e-01,6.388803e-01,6.390885e-01,6.392938e-01,6.394919e-01,6.395206e-01,6.395343e-01,6.395481e-01,6.395411e-01,6.396158e-01,6.395983e-01,6.396566e-01,6.396193e-01,6.395737e-01,6.394370e-01,6.392911e-01,6.392230e-01,6.392216e-01,6.391304e-01,6.389483e-01,6.386757e-01,6.383940e-01,6.380265e-01,6.378890e-01,6.377422e-01,6.375908e-01,6.372777e-01,6.369650e-01,6.368187e-01,6.366679e-01,6.364367e-01,6.361254e-01,6.357341e-01,6.355086e-01,6.353588e-01,6.351291e-01,6.347397e-01,6.344279e-01,6.343587e-01,6.344537e-01,6.343845e-01,6.339965e-01,6.336093e-01,6.333051e-01,6.329984e-01,6.326206e-01,6.320809e-01,6.315425e-01,6.311626e-01,6.308619e-01,6.302482e-01,6.292509e-01,6.281759e-01,6.273377e-01,6.265026e-01,6.253641e-01,6.235438e-01,6.215150e-01,6.197258e-01,6.180992e-01,6.165636e-01,6.149601e-01,6.130032e-01,6.103490e-01,6.069471e-01,6.036665e-01,6.013260e-01,5.992825e-01,5.967191e-01,5.932630e-01,5.897250e-01,5.872721e-01,5.855486e-01,5.840292e-01,5.822687e-01,5.802108e-01,5.783580e-01,5.765298e-01,5.747088e-01,5.735083e-01,5.729158e-01,5.723250e-01,5.717377e-01,5.711521e-01,5.705681e-01,5.699875e-01,5.694086e-01,5.694226e-01,5.688453e-01,5.688662e-01,5.688821e-01,5.688961e-01,5.683203e-01,5.683343e-01,5.683466e-01,5.683589e-01,5.677829e-01,5.672067e-01,5.672172e-01,5.672277e-01,5.672364e-01,5.672469e-01,5.672574e-01,5.666811e-01,5.666916e-01,5.667020e-01,5.667195e-01,5.661465e-01,5.661570e-01,5.655857e-01,5.655961e-01,5.656083e-01,5.656170e-01,5.650473e-01,5.650577e-01,5.650664e-01,5.650769e-01,5.645070e-01,5.645157e-01,5.645244e-01,5.645331e-01,5.645401e-01,5.645488e-01,5.645575e-01,5.651448e-01,5.651534e-01,5.651621e-01,5.651708e-01,5.651795e-01,5.651882e-01,5.648373e-01,5.654251e-01,5.654338e-01,5.654425e-01,5.654511e-01,5.656797e-01,5.656865e-01,5.662765e-01,5.662851e-01,5.659326e-01,5.659394e-01,5.665317e-01,5.667612e-01,5.667767e-01,5.670082e-01,5.670186e-01,5.670290e-01,5.666789e-01,5.666911e-01,5.669243e-01,5.669365e-01,5.665866e-01,5.666005e-01,5.668336e-01,5.664857e-01,5.670827e-01,5.667326e-01,5.667466e-01,5.669866e-01,5.669988e-01,5.672323e-01,5.668820e-01,5.668942e-01,5.665428e-01,5.665532e-01,5.667843e-01,5.664312e-01,5.670224e-01,5.666690e-01,5.668983e-01,5.669051e-01,5.665519e-01,5.667811e-01,5.667897e-01,5.664368e-01,5.666726e-01,5.666830e-01,5.669141e-01,5.665628e-01,5.665732e-01,5.662225e-01,5.662329e-01,5.658829e-01,5.655352e-01,5.661252e-01,5.657754e-01,5.654280e-01,5.660176e-01,5.656680e-01,5.656784e-01,5.653294e-01,5.649810e-01,5.649914e-01,5.646485e-01,5.646589e-01,5.643099e-01,5.637458e-01,5.633984e-01,5.628351e-01,5.624892e-01,5.619284e-01,5.615823e-01,5.615909e-01,5.606813e-01,5.606898e-01,5.601340e-01,5.592308e-01,5.586857e-01,5.581353e-01,5.577975e-01,5.572495e-01,5.567030e-01,5.563675e-01,5.558234e-01,5.552807e-01,5.547395e-01,5.538599e-01,5.533224e-01,5.527863e-01,5.522517e-01,5.511781e-01,5.506477e-01,5.495825e-01,5.490563e-01,5.488625e-01,5.471482e-01,5.469563e-01,5.462371e-01,5.455205e-01,5.442839e-01,5.432513e-01,5.420283e-01,5.410072e-01,5.399911e-01,5.392962e-01,5.377825e-01,5.367824e-01,5.352872e-01,5.341112e-01,5.326355e-01,5.311706e-01,5.297162e-01,5.282722e-01,5.268458e-01,5.246525e-01,5.230661e-01,5.209135e-01,5.195314e-01,5.181587e-01,5.166228e-01,5.150987e-01,5.125832e-01,5.103730e-01,5.081871e-01,5.067263e-01,5.050093e-01,5.034686e-01,5.013565e-01,4.985929e-01,4.958677e-01,4.936830e-01,4.911767e-01,4.893440e-01,4.875286e-01,4.863630e-01,4.845762e-01,4.828058e-01,4.809077e-01,4.784197e-01,4.755941e-01,4.725838e-01,4.698428e-01,4.674086e-01,4.659231e-01,4.635387e-01,4.619530e-01,4.598284e-01,4.580639e-01,4.559828e-01,4.544592e-01,4.524179e-01,4.509232e-01,4.489979e-01,4.482007e-01,4.476051e-01,4.466179e-01,4.446606e-01,4.422973e-01,4.404600e-01,4.386405e-01,4.363533e-01,4.344621e-01,4.320047e-01,4.293321e-01,4.262389e-01,4.224778e-01,4.182453e-01,4.146403e-01,4.099731e-01,4.046737e-01,4.001692e-01,3.948870e-01,3.897310e-01,3.838899e-01,3.798057e-01,3.731193e-01,3.662434e-01,3.587140e-01,3.525025e-01,3.439596e-01,3.356503e-01,3.277469e-01,3.190382e-01,3.129211e-01,3.045593e-01,2.968090e-01,2.893814e-01,2.812542e-01,2.734452e-01,2.683059e-01,2.622408e-01,2.545660e-01,2.482069e-01,2.420478e-01,2.370882e-01,2.314492e-01,2.260201e-01,2.209157e-01,2.167068e-01,2.132255e-01,2.091689e-01,2.052553e-01,2.021102e-01,1.983678e-01,1.953108e-01,1.923399e-01,1.894845e-01,1.872238e-01,1.850122e-01,1.827560e-01,1.805792e-01,1.784492e-01,1.768017e-01,1.752386e-01,1.736444e-01,1.720484e-01,1.705058e-01,1.694195e-01,1.679187e-01,1.664418e-01,1.654013e-01,1.643724e-01,1.637858e-01,1.627996e-01,1.618239e-01,1.612778e-01,1.603425e-01,1.598056e-01,1.593199e-01,1.587884e-01,1.582843e-01,1.578067e-01,1.573073e-01,1.568114e-01,1.563415e-01,1.562477e-01,1.557799e-01,1.557329e-01,1.556860e-01,1.556382e-01,1.552202e-01,1.551505e-01,1.551259e-01,1.550792e-01,1.554489e-01,1.554012e-01,1.553774e-01,1.553066e-01,1.556543e-01,1.555834e-01,1.559555e-01,1.563059e-01,1.567037e-01,1.566796e-01,1.570088e-01,1.577442e-01,1.581251e-01,1.585084e-01,1.592560e-01,1.600107e-01,1.607958e-01,1.619631e-01,1.627657e-01,1.636015e-01,1.647798e-01,1.655828e-01,1.668135e-01,1.680613e-01,1.688933e-01,1.706082e-01,1.714910e-01,1.728033e-01,1.741340e-01,1.750793e-01,1.769107e-01,1.777956e-01,1.791381e-01,1.805296e-01,1.819717e-01,1.829349e-01,1.843812e-01,1.858490e-01,1.868828e-01,1.889485e-01,1.899814e-01,1.915662e-01,1.932107e-01,1.947771e-01,1.959399e-01,1.975837e-01,1.993978e-01,2.011333e-01,2.023317e-01,2.041145e-01,2.059666e-01,2.071808e-01,2.091244e-01,2.104947e-01,2.125398e-01,2.138685e-01,2.152564e-01,2.173461e-01,2.187341e-01,2.201390e-01,2.223648e-01,2.238148e-01,2.253287e-01,2.268605e-01,2.283673e-01,2.306599e-01,2.315338e-01,2.339395e-01,2.356361e-01,2.364464e-01,2.380766e-01,2.406682e-01,2.416172e-01,2.433706e-01,2.451514e-01,2.469553e-01,2.487879e-01,2.497448e-01,2.516157e-01,2.534596e-01,2.543916e-01,2.563347e-01,2.573498e-01,2.592148e-01,2.612317e-01,2.622212e-01,2.643475e-01,2.653637e-01,2.672822e-01,2.683211e-01,2.704820e-01,2.715426e-01,2.726149e-01,2.747783e-01,2.759410e-01,2.770484e-01,2.792136e-01,2.804145e-01,2.815585e-01,2.827119e-01,2.851096e-01,2.862927e-01,2.874858e-01,2.887600e-01,2.899742e-01,2.911989e-01,2.925836e-01,2.937837e-01,2.945875e-01,2.957223e-01,2.967911e-01,2.979123e-01,2.989486e-01,3.001714e-01,3.010890e-01,3.024622e-01,3.033982e-01,3.045534e-01,3.054193e-01,3.065101e-01,3.076051e-01,3.087124e-01,3.096891e-01,3.108947e-01,3.120268e-01,3.127956e-01,3.141695e-01,3.148600e-01,3.159633e-01,3.169884e-01,3.178737e-01,3.189431e-01,3.200448e-01,3.212835e-01,3.220961e-01,3.231998e-01,3.242122e-01,3.251401e-01,3.257648e-01,3.267941e-01,3.275815e-01,3.288781e-01,3.299327e-01,3.310289e-01,3.323591e-01,3.333763e-01,3.340303e-01,3.349964e-01,3.357593e-01,3.366332e-01,3.375751e-01,3.385181e-01,3.392391e-01,3.402377e-01,3.410264e-01,3.419948e-01,3.427970e-01,3.435332e-01,3.439306e-01,3.449120e-01,3.452704e-01,3.460226e-01,3.466641e-01,3.475998e-01,3.482524e-01,3.490138e-01,3.494926e-01,3.501527e-01,3.506302e-01,3.514763e-01,3.517757e-01,3.525143e-01,3.533007e-01,3.539716e-01,3.548351e-01,3.553264e-01,3.557788e-01,3.564647e-01,3.567732e-01,3.573464e-01,3.576566e-01,3.582327e-01,3.582377e-01,3.589340e-01,3.593702e-01,3.600663e-01,3.602674e-01,3.607750e-01,3.610964e-01,3.616066e-01,3.615693e-01,3.622009e-01,3.625248e-01,3.631128e-01,3.633911e-01,3.639822e-01,3.641876e-01,3.647339e-01,3.646213e-01,3.653393e-01,3.653009e-01,3.653377e-01,3.654172e-01,3.656994e-01,3.652137e-01,3.653729e-01,3.650582e-01,3.652174e-01,3.646110e-01,3.644511e-01,3.642123e-01,3.641269e-01,3.636931e-01,3.634128e-01,3.630543e-01,3.629695e-01,3.623712e-01,3.622867e-01,3.616910e-01,3.614142e-01,3.614190e-01,3.628242e-01,3.622265e-01,3.620689e-01,3.615942e-01,3.611251e-01,3.605337e-01,3.601863e-01,3.597168e-01,3.593250e-01,3.587401e-01,3.582790e-01,3.573923e-01,3.570017e-01,3.565452e-01,3.558541e-01,3.552854e-01,3.547845e-01,3.538466e-01,3.535378e-01,3.527898e-01,3.523446e-01,3.518964e-01,3.515182e-01,3.506713e-01,3.502278e-01,3.494269e-01,3.488799e-01,3.483307e-01,3.474292e-01,3.467127e-01,3.461043e-01,3.451491e-01,3.446163e-01,3.440577e-01,3.434593e-01,3.428018e-01,3.422080e-01,3.413401e-01,3.409664e-01,3.402512e-01,3.394983e-01,3.387490e-01,3.382773e-01,3.375338e-01,3.371651e-01,3.365293e-01,3.361666e-01,3.353086e-01,3.348435e-01,3.339928e-01,3.334739e-01,3.329532e-01,3.323731e-01,3.317953e-01,3.313793e-01,3.306493e-01,3.304941e-01,3.300598e-01,3.296865e-01,3.292163e-01,3.291982e-01,3.288684e-01,3.287526e-01,3.281069e-01,3.279324e-01,3.280115e-01,3.274657e-01,3.271362e-01,3.267697e-01,3.262868e-01,3.258055e-01,3.253872e-01,3.250250e-01,3.242997e-01,3.235411e-01,3.229374e-01,3.223154e-01,3.214163e-01,3.208208e-01,3.201713e-01,3.192845e-01,3.182556e-01,3.174704e-01,3.170355e-01,3.162015e-01,3.152826e-01,3.143691e-01,3.136035e-01,3.130717e-01,3.121179e-01,3.115381e-01,3.110134e-01,3.105774e-01,3.098307e-01,3.092596e-01,3.088286e-01,3.084844e-01,3.080556e-01,3.075763e-01,3.072349e-01,3.072521e-01,3.074059e-01,3.068439e-01,3.066919e-01,3.064885e-01,3.062011e-01,3.063540e-01,3.062867e-01,3.060510e-01,3.058997e-01,3.057133e-01,3.055623e-01,3.051602e-01,3.048937e-01,3.044101e-01,3.040617e-01,3.037465e-01,3.037309e-01,3.036324e-01,3.034487e-01,3.036169e-01,3.035367e-01,3.035716e-01,3.034732e-01,3.035587e-01,3.035588e-01,3.037271e-01,3.041122e-01,3.041979e-01,3.043345e-01,3.047189e-01,3.048557e-01,3.052111e-01,3.052975e-01,3.056027e-01,3.056867e-01,3.057730e-01,3.056915e-01,3.056427e-01,3.055937e-01,3.054936e-01,3.053585e-01,3.054446e-01,3.054796e-01,3.057850e-01,3.055169e-01,3.055494e-01,3.054493e-01,3.054004e-01,3.056544e-01,3.055215e-01,3.054726e-01,3.055588e-01,3.054238e-01,3.055426e-01,3.054938e-01,3.053101e-01,3.048247e-01,3.047252e-01,3.044385e-01,3.041729e-01,3.032733e-01,3.029092e-01,3.024136e-01,3.017856e-01,3.013255e-01,3.008668e-01,2.999870e-01,2.992710e-01,2.985117e-01,2.973585e-01,2.962451e-01,2.948081e-01,2.930445e-01,2.920397e-01,2.909639e-01,2.898225e-01,2.874900e-01,2.851218e-01,2.840238e-01,2.818545e-01,2.785214e-01,2.762956e-01,2.742412e-01,2.711487e-01,2.680581e-01,2.650370e-01,2.620196e-01,2.591279e-01,2.543472e-01,2.515599e-01,2.452236e-01,2.408134e-01,2.358884e-01,2.319354e-01,2.265405e-01,2.222803e-01,2.167262e-01,2.117117e-01,2.041917e-01,1.982447e-01,1.926038e-01,1.861871e-01,1.806079e-01,1.738787e-01,1.679351e-01,1.587124e-01,1.521159e-01,1.456752e-01,1.396893e-01,1.326639e-01,1.269755e-01,1.182476e-01,1.122275e-01,1.066682e-01,1.013594e-01,9.591516e-02,8.941775e-02,8.454029e-02,8.034189e-02,7.635612e-02,7.245043e-02,6.787776e-02,6.464935e-02,6.182648e-02,5.928427e-02,5.711975e-02,5.399081e-02,5.219974e-02,5.055673e-02,4.887792e-02,4.718619e-02,4.558922e-02,4.456681e-02,4.357765e-02,4.262609e-02,4.171400e-02,4.083249e-02,4.037948e-02,3.955579e-02,3.913233e-02,3.835166e-02,3.795776e-02,3.756885e-02,3.719777e-02,3.682921e-02,3.646930e-02,3.612214e-02,3.610344e-02,3.575026e-02,3.573620e-02,3.539744e-02,3.537327e-02,3.536343e-02,3.534913e-02,3.501683e-02,3.500267e-02,3.499300e-02,3.498078e-02,3.528605e-02,3.528408e-02,3.527372e-02,3.525943e-02,3.556783e-02,3.556783e-02,3.588774e-02,3.588131e-02,3.620717e-02,3.653644e-02,3.653213e-02,3.687377e-02,3.721502e-02,3.756243e-02,3.792706e-02,3.792066e-02,3.828319e-02,3.866579e-02,3.903952e-02,3.943138e-02,3.981664e-02,4.021656e-02,4.063039e-02,4.104295e-02,4.146332e-02,4.189802e-02,4.233454e-02,4.277942e-02,4.323919e-02,4.370140e-02,4.416665e-02,4.465020e-02,4.563280e-02,4.562967e-02,4.666378e-02,4.719315e-02,4.719691e-02,4.811682e-02,4.867127e-02,4.935352e-02,4.982654e-02,5.065461e-02,5.114420e-02,5.157686e-02,5.240324e-02,5.297708e-02,5.370993e-02,5.424863e-02,5.514502e-02,5.563290e-02,5.649248e-02,5.708865e-02,5.761538e-02,5.852075e-02,5.914492e-02,6.002019e-02,6.057799e-02,6.147348e-02,6.206012e-02,6.291056e-02,6.360265e-02,6.438109e-02,6.500257e-02,6.592131e-02,6.656765e-02,6.741331e-02,6.807182e-02,6.896200e-02,6.956210e-02,7.047753e-02,7.117967e-02,7.169050e-02,7.264651e-02,7.362362e-02,7.427097e-02,7.515880e-02,7.582851e-02,7.673377e-02,7.729703e-02,7.824685e-02,7.881294e-02,7.965493e-02,8.024594e-02,8.124785e-02,8.185019e-02,8.271489e-02,8.330961e-02,8.423475e-02,8.470578e-02,8.552780e-02,8.615624e-02,8.693993e-02,8.788560e-02,8.829667e-02,8.911275e-02,8.962980e-02,9.052613e-02,9.079906e-02,9.165374e-02,9.242022e-02,9.296949e-02,9.358733e-02,9.404372e-02,9.494951e-02,9.524518e-02,9.606207e-02,9.671440e-02,9.719646e-02,9.786164e-02,9.817269e-02,9.896241e-02,9.983286e-02,1.001545e-01,1.008537e-01,1.011809e-01,1.017006e-01,1.024179e-01,1.027537e-01,1.034834e-01,1.039480e-01,1.044918e-01,1.050403e-01,1.053858e-01,1.059423e-01,1.068389e-01,1.069914e-01,1.079029e-01,1.080579e-01,1.089846e-01,1.097077e-01,1.100022e-01,1.107366e-01,1.114792e-01,1.120056e-01,1.126720e-01,1.134365e-01,1.139786e-01,1.145250e-01,1.154570e-01,1.157781e-01,1.164876e-01,1.172961e-01,1.177726e-01,1.183501e-01,1.193350e-01,1.196748e-01,1.204250e-01,1.210246e-01,1.215319e-01,1.222974e-01,1.229128e-01,1.232701e-01,1.240588e-01,1.246894e-01,1.252186e-01,1.255875e-01,1.264015e-01,1.270524e-01,1.276034e-01,1.279843e-01,1.288205e-01,1.292077e-01,1.297747e-01,1.304555e-01,1.310319e-01,1.314263e-01,1.320101e-01,1.327111e-01,1.333046e-01,1.337152e-01,1.343165e-01,1.350343e-01,1.353374e-01,1.362620e-01,1.366884e-01,1.373127e-01,1.376247e-01,1.382523e-01,1.386895e-01,1.393297e-01,1.399750e-01,1.400945e-01,1.407419e-01,1.413985e-01,1.417268e-01,1.421831e-01,1.425146e-01,1.431856e-01,1.435171e-01,1.441963e-01,1.448810e-01,1.455713e-01,1.456996e-01,1.463967e-01,1.467415e-01,1.474473e-01,1.478005e-01,1.481551e-01,1.486441e-01,1.490023e-01,1.493620e-01,1.500899e-01,1.504542e-01,1.508162e-01,1.509528e-01,1.516943e-01,1.520655e-01,1.524344e-01,1.525737e-01,1.529487e-01,1.533253e-01,1.534622e-01,1.538411e-01,1.542216e-01,1.546038e-01,1.549876e-01,1.553731e-01,1.555135e-01,1.555096e-01,1.558975e-01,1.562871e-01,1.566783e-01,1.570676e-01,1.574623e-01,1.578588e-01,1.578550e-01,1.582532e-01,1.586533e-01,1.590513e-01,1.590475e-01,1.594511e-01,1.598564e-01,1.598489e-01,1.602561e-01,1.606651e-01,1.606612e-01,1.613306e-01,1.613230e-01,1.617369e-01,1.617330e-01,1.624104e-01,1.624028e-01,1.628217e-01,1.630814e-01,1.635033e-01,1.634995e-01,1.641863e-01,1.641825e-01,1.644461e-01,1.648744e-01,1.655716e-01,1.658391e-01,1.662738e-01,1.665434e-01,1.665396e-01,1.672530e-01,1.672455e-01,1.679644e-01,1.682389e-01,1.682351e-01,1.689616e-01,1.689578e-01,1.692316e-01,1.695099e-01,1.695061e-01,1.697853e-01,1.700653e-01,1.700578e-01,1.703387e-01,1.703349e-01,1.710779e-01,1.710705e-01,1.713545e-01,1.716392e-01,1.716355e-01,1.719212e-01,1.719138e-01,1.722003e-01,1.721967e-01,1.724841e-01,1.724767e-01,1.727650e-01,1.727613e-01,1.730505e-01,1.730431e-01,1.730394e-01,1.733294e-01,1.728532e-01,1.728458e-01,1.728421e-01,1.731316e-01,1.731279e-01,1.731204e-01,1.731167e-01,1.731129e-01,1.728159e-01,1.723378e-01,1.723340e-01,1.720391e-01,1.717450e-01,1.709876e-01,1.709798e-01,1.706886e-01,1.701127e-01,1.693672e-01,1.690805e-01,1.685096e-01,1.677758e-01,1.672162e-01,1.669355e-01,1.659393e-01,1.653898e-01,1.644049e-01,1.638639e-01,1.626336e-01,1.621023e-01,1.608941e-01,1.603723e-01,1.594408e-01,1.586729e-01,1.577535e-01,1.565990e-01,1.561000e-01,1.549656e-01,1.540859e-01,1.533603e-01,1.524956e-01,1.514044e-01,1.509277e-01,1.498549e-01,1.493907e-01,1.485626e-01,1.475173e-01,1.467062e-01,1.459024e-01,1.451058e-01,1.446605e-01,1.438748e-01,1.430962e-01,1.421132e-01,1.413501e-01,1.411362e-01,1.403816e-01,1.398386e-01,1.387680e-01,1.382300e-01,1.375003e-01,1.372956e-01,1.367717e-01,1.362511e-01,1.357336e-01,1.350250e-01,1.345150e-01,1.340080e-01,1.333138e-01,1.326255e-01,1.318289e-01,1.313327e-01,1.303651e-01,1.297009e-01,1.292226e-01,1.287471e-01,1.278099e-01,1.273426e-01,1.268781e-01,1.264162e-01,1.256784e-01,1.250519e-01,1.243268e-01,1.238796e-01,1.234348e-01,1.229926e-01,1.222863e-01,1.218448e-01,1.211489e-01,1.208815e-01,1.201942e-01,1.199301e-01,1.194102e-01,1.193074e-01,1.187917e-01,1.185323e-01,1.181781e-01,1.180769e-01,1.173199e-01,1.173744e-01,1.168716e-01,1.165251e-01,1.162731e-01,1.160813e-01,1.158308e-01,1.153442e-01,1.147637e-01,1.145175e-01,1.141817e-01,1.137000e-01,1.132215e-01,1.131263e-01,1.122799e-01,1.118107e-01,1.115742e-01,1.111095e-01,1.105131e-01,1.100553e-01,1.096852e-01,1.087955e-01,1.084320e-01,1.079876e-01,1.075460e-01,1.069795e-01,1.061181e-01,1.058997e-01,1.053470e-01,1.049221e-01,1.044997e-01,1.040800e-01,1.034648e-01,1.031776e-01,1.027661e-01,1.024818e-01,1.020745e-01,1.013964e-01,1.013215e-01,1.008469e-01,1.004495e-01,1.000545e-01,9.978161e-02,9.912680e-02,9.885768e-02,9.870734e-02,9.832269e-02,9.805682e-02,9.723367e-02,9.697224e-02,9.671185e-02,9.645250e-02,9.583079e-02,9.546304e-02,9.509742e-02,9.455622e-02,9.430549e-02,9.371140e-02,9.335594e-02,9.282985e-02,9.258598e-02,9.183222e-02,9.176137e-02,9.124887e-02,9.074739e-02,9.051168e-02,8.978362e-02,8.945046e-02,8.895752e-02,8.873541e-02,8.793061e-02,8.760779e-02,8.722739e-02,8.690843e-02,8.613550e-02,8.582257e-02,8.535974e-02,8.505780e-02,8.430346e-02,8.376165e-02,8.332242e-02,8.311491e-02,8.239354e-02,8.210089e-02,8.167506e-02,8.138623e-02,8.068791e-02,5.426322e-03,5.426322e-03,5.426322e-03,5.426322e-03,5.426322e-03,5.426322e-03,5.426322e-03,5.426322e-03,5.426322e-03,5.426322e-03,5.426322e-03,5.426322e-03,5.426322e-03,5.426322e-03,5.426322e-03,5.426322e-03,5.426322e-03,5.426322e-03,5.426322e-03,5.426322e-03,5.426322e-03,5.426322e-03,5.426322e-03,5.426322e-03,5.426322e-03,5.426322e-03,5.426322e-03,5.426322e-03,5.426322e-03,5.426322e-03,5.426322e-03,5.426322e-03,5.426322e-03,5.426322e-03,5.426322e-03,5.426322e-03,5.426322e-03,5.426322e-03,5.426322e-03,5.426322e-03,5.426322e-03,5.426322e-03,5.426322e-03,5.426322e-03,5.426322e-03,5.426322e-03,5.426322e-03,5.426322e-03,5.426322e-03,5.426322e-03,5.426322e-03,5.426322e-03,5.426322e-03,5.426322e-03,5.426322e-03,5.426322e-03,5.426322e-03,5.426322e-03,5.426322e-03,5.426322e-03,5.426322e-03,5.426322e-03,5.426322e-03,5.426322e-03,5.426322e-03,5.426322e-03,5.426322e-03,5.426322e-03,5.426322e-03,5.426322e-03,5.426322e-03,5.426322e-03,5.426322e-03,5.426322e-03,5.426322e-03,5.426322e-03,5.426322e-03,5.426322e-03,5.426322e-03,5.426322e-03,5.426322e-03,5.426322e-03,5.426322e-03,5.426322e-03,5.426322e-03,5.426322e-03,5.426322e-03,5.426322e-03,5.426322e-03,5.426322e-03,5.426322e-03,5.426322e-03,5.426322e-03,5.426322e-03,5.426322e-03,5.426322e-03,5.426322e-03,5.426322e-03,5.426322e-03,5.426322e-03,5.426322e-03,5.426322e-03,5.426322e-03,5.426322e-03,5.426322e-03,5.426322e-03,5.426322e-03,5.426322e-03,5.426322e-03,5.426322e-03,5.426322e-03,5.426322e-03,5.426322e-03,5.426322e-03,5.426322e-03,5.426322e-03,5.426322e-03,5.426322e-03,5.426322e-03,5.426322e-03,5.426322e-03,5.426322e-03,5.426322e-03,5.426322e-03,5.426322e-03,5.426322e-03,5.426322e-03,5.426322e-03,5.426322e-03,5.426322e-03,5.426322e-03,5.426322e-03,5.426322e-03,5.426322e-03,5.426322e-03,5.426322e-03,5.426322e-03,5.426322e-03,5.426322e-03,5.426322e-03,5.426322e-03,5.426322e-03,5.426322e-03,5.426322e-03,5.426322e-03,5.426322e-03,5.426322e-03,5.426322e-03,5.426322e-03,5.426322e-03,5.426322e-03,5.426322e-03,5.426322e-03,5.426322e-03,5.426322e-03,5.426322e-03,5.426322e-03,5.426322e-03,5.426322e-03,5.426322e-03,5.426322e-03
2.308930e-02,2.307205e-02,2.305222e-02,2.303193e-02,2.301170e-02,2.300325e-02,2.300116e-02,2.299383e-02,2.299647e-02,2.299559e-02,2.299911e-02,2.299662e-02,2.300806e-02,2.301952e-02,2.302642e-02,2.303865e-02,2.305079e-02,2.306235e-02,2.307815e-02,2.309880e-02,2.311286e-02,2.312556e-02,2.314759e-02,2.316398e-02,2.319207e-02,2.321648e-02,2.324504e-02,2.327627e-02,2.330422e-02,2.334237e-02,2.338193e-02,2.341635e-02,2.346525e-02,2.351088e-02,2.356180e-02,2.361254e-02,2.365834e-02,2.370936e-02,2.376943e-02,2.381590e-02,2.386747e-02,2.392240e-02,2.397458e-02,2.401996e-02,2.407294e-02,2.412230e-02,2.417147e-02,2.420682e-02,2.425993e-02,2.430653e-02,2.435252e-02,2.440571e-02,2.445200e-02,2.449912e-02,2.454709e-02,2.459534e-02,2.464838e-02,2.469904e-02,2.473971e-02,2.479422e-02,2.484395e-02,2.489472e-02,2.494809e-02,2.499627e-02,2.505146e-02,2.510258e-02,2.515673e-02,2.521061e-02,2.525880e-02,2.530950e-02,2.535902e-02,2.539995e-02,2.543255e-02,2.547253e-02,2.549636e-02,2.553247e-02,2.556765e-02,2.560553e-02,2.563844e-02,2.568538e-02,2.573489e-02,2.579593e-02,2.586582e-02,2.594100e-02,2.602808e-02,2.613656e-02,2.624462e-02,2.635430e-02,2.648896e-02,2.662924e-02,2.677528e-02,2.692320e-02,2.709422e-02,2.726359e-02,2.744446e-02,2.763219e-02,2.783607e-02,2.805130e-02,2.826779e-02,2.851168e-02,2.877068e-02,2.903840e-02,2.932602e-02,2.962176e-02,2.995010e-02,3.029446e-02,3.065967e-02,3.106032e-02,3.149559e-02,3.195014e-02,3.242921e-02,3.293719e-02,3.346457e-02,3.406372e-02,3.470447e-02,3.535074e-02,3.604795e-02,3.677602e-02,3.754789e-02,3.836095e-02,3.921847e-02,4.009014e-02,4.100262e-02,4.192898e-02,4.288939e-02,4.385493e-02,4.483539e-02,4.583572e-02,4.687496e-02,4.787654e-02,4.892757e-02,4.996816e-02,5.108636e-02,5.214885e-02,5.325731e-02,5.434498e-02,5.547639e-02,5.654669e-02,5.767647e-02,5.876137e-02,5.993501e-02,6.099065e-02,6.201493e-02,6.315418e-02,6.423089e-02,6.536991e-02,6.643121e-02,6.758803e-02,6.863192e-02,6.967299e-02,7.073806e-02,7.166991e-02,7.251830e-02,7.340814e-02,7.413949e-02,7.466734e-02,7.491601e-02,7.516501e-02,7.524213e-02,7.520655e-02,7.517382e-02,7.520346e-02,7.512543e-02,7.509840e-02,7.504199e-02,7.495132e-02,7.483315e-02,7.459120e-02,7.441296e-02,7.420613e-02,7.397049e-02,7.372035e-02,7.346303e-02,7.321853e-02,7.297131e-02,7.272143e-02,7.249752e-02,7.228864e-02,7.210137e-02,7.192632e-02,7.176634e-02,7.161691e-02,7.148133e-02,7.136131e-02,7.126437e-02,7.116695e-02,7.109007e-02,7.102651e-02,7.098024e-02,7.093430e-02,7.092406e-02,7.091604e-02,7.093499e-02,7.088047e-02,7.092025e-02,7.097351e-02,7.102201e-02,7.108117e-02,7.114258e-02,7.119904e-02,7.116648e-02,7.119199e-02,7.120214e-02,7.119170e-02,7.107480e-02,7.101966e-02,7.092268e-02,7.071881e-02,7.056333e-02,7.037069e-02,7.017473e-02,6.988814e-02,6.966719e-02,6.941990e-02,6.909718e-02,6.885357e-02,6.855000e-02,6.831300e-02,6.810524e-02,6.786558e-02,6.772752e-02,6.754532e-02,6.746887e-02,6.735785e-02,6.734203e-02,6.729178e-02,6.726584e-02,6.733611e-02,6.735731e-02,6.745004e-02,6.746770e-02,6.753832e-02,6.751229e-02,6.742347e-02,6.735939e-02,6.716335e-02,6.696320e-02,6.660948e-02,6.619871e-02,6.577157e-02,6.524812e-02,6.466795e-02,6.410736e-02,6.345741e-02,6.279803e-02,6.212915e-02,6.153190e-02,6.091611e-02,6.033692e-02,5.988284e-02,5.942758e-02,5.904266e-02,5.867377e-02,5.836380e-02,5.799159e-02,5.757661e-02,5.710921e-02,5.659020e-02,5.596391e-02,5.523010e-02,5.444758e-02,5.357129e-02,5.269398e-02,5.177202e-02,5.086164e-02,4.998726e-02,4.912523e-02,4.837253e-02,4.768237e-02,4.713054e-02,4.660798e-02,4.621105e-02,4.589205e-02,4.564954e-02,4.545809e-02,4.537728e-02,4.532142e-02,4.539925e-02,4.556233e-02,4.592502e-02,4.641767e-02,4.728735e-02,4.832078e-02,4.982081e-02,5.152785e-02,5.369679e-02,5.615365e-02,5.893326e-02,6.199372e-02,6.544507e-02,6.912451e-02,7.303978e-02,7.718970e-02,8.163966e-02,8.615184e-02,9.071356e-02,9.535482e-02,1.001473e-01,1.048013e-01,1.093430e-01,1.138270e-01,1.183997e-01,1.226195e-01,1.266862e-01,1.306064e-01,1.343674e-01,1.379896e-01,1.414771e-01,1.448517e-01,1.485083e-01,1.517352e-01,1.548739e-01,1.579500e-01,1.609619e-01,1.639293e-01,1.668325e-01,1.697129e-01,1.725248e-01,1.752883e-01,1.779960e-01,1.812587e-01,1.838872e-01,1.864782e-01,1.888301e-01,1.913212e-01,1.937651e-01,1.961641e-01,1.985759e-01,2.008812e-01,2.031383e-01,2.053469e-01,2.075220e-01,2.096457e-01,2.117480e-01,2.137262e-01,2.157235e-01,2.176872e-01,2.196055e-01,2.213914e-01,2.232403e-01,2.250468e-01,2.266113e-01,2.282298e-01,2.297026e-01,2.312526e-01,2.326591e-01,2.341477e-01,2.354919e-01,2.368990e-01,2.381934e-01,2.395676e-01,2.407396e-01,2.419170e-01,2.432246e-01,2.444233e-01,2.457487e-01,2.469723e-01,2.481984e-01,2.495538e-01,2.507958e-01,2.521745e-01,2.533045e-01,2.545639e-01,2.558275e-01,2.569647e-01,2.582274e-01,2.594975e-01,2.607685e-01,2.619042e-01,2.631672e-01,2.644341e-01,2.656979e-01,2.669519e-01,2.682300e-01,2.694730e-01,2.707086e-01,2.719412e-01,2.731582e-01,2.743640e-01,2.755334e-01,2.767130e-01,2.775620e-01,2.785913e-01,2.796043e-01,2.806254e-01,2.816495e-01,2.826634e-01,2.837106e-01,2.846014e-01,2.856636e-01,2.867295e-01,2.876417e-01,2.887303e-01,2.896566e-01,2.906091e-01,2.915483e-01,2.924945e-01,2.936179e-01,2.945791e-01,2.955214e-01,2.964913e-01,2.974472e-01,2.984098e-01,2.993746e-01,3.001667e-01,3.011493e-01,3.021393e-01,3.031312e-01,3.041369e-01,3.049567e-01,3.059754e-01,3.068067e-01,3.076698e-01,3.087359e-01,3.096109e-01,3.104914e-01,3.113770e-01,3.122677e-01,3.131645e-01,3.140949e-01,3.150032e-01,3.159155e-01,3.168617e-01,3.175759e-01,3.185336e-01,3.194667e-01,3.201834e-01,3.211289e-01,3.220797e-01,3.230030e-01,3.237159e-01,3.244327e-01,3.253441e-01,3.260376e-01,3.267388e-01,3.276707e-01,3.283783e-01,3.290624e-01,3.297803e-01,3.307317e-01,3.314571e-01,3.321872e-01,3.329502e-01,3.336869e-01,3.344582e-01,3.352336e-01,3.360167e-01,3.368006e-01,3.376184e-01,3.384087e-01,3.392360e-01,3.400668e-01,3.406529e-01,3.414911e-01,3.420834e-01,3.429288e-01,3.437778e-01,3.443830e-01,3.452417e-01,3.458458e-01,3.467119e-01,3.473230e-01,3.481647e-01,3.487813e-01,3.493686e-01,3.499603e-01,3.508157e-01,3.514100e-01,3.519751e-01,3.525753e-01,3.534137e-01,3.539871e-01,3.545607e-01,3.551375e-01,3.556814e-01,3.562608e-01,3.568469e-01,3.574296e-01,3.580166e-01,3.586048e-01,3.592291e-01,3.595730e-01,3.602003e-01,3.608646e-01,3.615288e-01,3.619109e-01,3.625807e-01,3.632891e-01,3.639603e-01,3.643809e-01,3.650597e-01,3.657419e-01,3.661654e-01,3.665578e-01,3.672491e-01,3.676426e-01,3.683306e-01,3.687305e-01,3.694261e-01,3.698220e-01,3.701869e-01,3.705560e-01,3.709195e-01,3.712848e-01,3.716573e-01,3.720270e-01,3.723952e-01,3.727606e-01,3.731324e-01,3.735040e-01,3.738764e-01,3.742465e-01,3.746511e-01,3.750557e-01,3.754647e-01,3.758778e-01,3.762831e-01,3.766808e-01,3.770885e-01,3.775338e-01,3.779449e-01,3.783509e-01,3.787775e-01,3.791827e-01,3.795899e-01,3.799955e-01,3.804038e-01,3.808097e-01,3.812135e-01,3.816186e-01,3.820084e-01,3.823530e-01,3.827505e-01,3.830901e-01,3.834596e-01,3.838203e-01,3.841272e-01,3.844735e-01,3.847738e-01,3.851140e-01,3.854586e-01,3.857363e-01,3.860791e-01,3.863756e-01,3.866930e-01,3.870340e-01,3.873396e-01,3.876586e-01,3.879873e-01,3.882920e-01,3.885192e-01,3.888181e-01,3.891162e-01,3.894160e-01,3.897124e-01,3.900130e-01,3.903336e-01,3.906574e-01,3.909986e-01,3.913591e-01,3.916975e-01,3.920139e-01,3.924232e-01,3.928267e-01,3.932298e-01,3.936215e-01,3.939890e-01,3.943888e-01,3.948054e-01,3.951418e-01,3.955226e-01,3.958695e-01,3.961704e-01,3.965157e-01,3.967802e-01,3.970919e-01,3.974108e-01,3.977320e-01,3.980520e-01,3.984237e-01,3.987561e-01,3.991292e-01,3.994961e-01,3.999130e-01,4.003260e-01,4.007468e-01,4.011305e-01,4.015597e-01,4.020280e-01,4.024498e-01,4.028840e-01,4.033237e-01,4.037665e-01,4.041918e-01,4.045909e-01,4.050655e-01,4.054732e-01,4.058409e-01,4.062866e-01,4.066966e-01,4.070685e-01,4.074411e-01,4.078195e-01,4.081863e-01,4.085608e-01,4.089360e-01,4.093191e-01,4.096265e-01,4.100091e-01,4.104334e-01,4.107817e-01,4.112075e-01,4.115571e-01,4.119770e-01,4.123600e-01,4.128284e-01,4.132127e-01,4.135961e-01,4.139818e-01,4.143830e-01,4.147774e-01,4.151725e-01,4.155283e-01,4.159247e-01,4.162817e-01,4.166318e-01,4.169825e-01,4.172936e-01,4.176126e-01,4.179411e-01,4.182536e-01,4.185124e-01,4.187716e-01,4.190700e-01,4.193450e-01,4.196204e-01,4.198961e-01,4.201645e-01,4.204409e-01,4.207100e-01,4.209794e-01,4.212097e-01,4.215205e-01,4.217833e-01,4.220475e-01,4.223441e-01,4.226089e-01,4.228818e-01,4.231871e-01,4.234950e-01,4.238023e-01,4.241021e-01,4.244473e-01,4.247438e-01,4.250858e-01,4.254086e-01,4.257395e-01,4.261005e-01,4.264204e-01,4.267741e-01,4.270955e-01,4.274123e-01,4.277592e-01,4.280647e-01,4.283963e-01,4.286944e-01,4.289850e-01,4.292755e-01,4.295664e-01,4.298003e-01,4.300377e-01,4.302671e-01,4.304505e-01,4.306761e-01,4.308556e-01,4.309899e-01,4.311454e-01,4.313090e-01,4.314725e-01,4.315938e-01,4.317533e-01,4.318935e-01,4.320289e-01,4.321643e-01,4.322914e-01,4.324267e-01,4.325499e-01,4.326778e-01,4.327932e-01,4.329053e-01,4.330056e-01,4.331023e-01,4.332045e-01,4.333099e-01,4.334040e-01,4.334863e-01,4.335568e-01,4.336235e-01,4.336793e-01,4.337547e-01,4.338263e-01,4.338960e-01,4.339496e-01,4.340033e-01,4.340739e-01,4.341437e-01,4.342055e-01,4.342592e-01,4.343049e-01,4.343675e-01,4.344375e-01,4.344993e-01,4.345451e-01,4.345563e-01,4.346344e-01,4.347294e-01,4.348076e-01,4.348534e-01,4.348993e-01,4.349960e-01,4.350500e-01,4.351395e-01,4.352120e-01,4.352846e-01,4.353734e-01,4.354703e-01,4.355349e-01,4.355602e-01,4.355765e-01,4.356170e-01,4.356576e-01,4.356660e-01,4.355591e-01,4.354710e-01,4.353644e-01,4.352740e-01,4.351929e-01,4.351029e-01,4.349301e-01,4.347203e-01,4.343804e-01,4.340492e-01,4.338222e-01,4.336273e-01,4.333693e-01,4.330022e-01,4.326190e-01,4.323628e-01,4.321937e-01,4.320485e-01,4.318720e-01,4.316565e-01,4.314649e-01,4.313172e-01,4.311262e-01,4.310557e-01,4.310634e-01,4.310711e-01,4.311210e-01,4.311709e-01,4.312209e-01,4.313131e-01,4.314054e-01,4.315758e-01,4.316681e-01,4.318403e-01,4.320532e-01,4.322240e-01,4.323166e-01,4.324875e-01,4.326162e-01,4.327449e-01,4.327954e-01,4.328035e-01,4.328899e-01,4.329764e-01,4.330205e-01,4.331070e-01,4.331935e-01,4.331592e-01,4.332458e-01,4.333324e-01,4.334207e-01,4.334289e-01,4.335156e-01,4.335239e-01,4.336106e-01,4.337398e-01,4.337840e-01,4.337924e-01,4.338791e-01,4.339234e-01,4.340102e-01,4.339761e-01,4.340204e-01,4.340647e-01,4.341090e-01,4.341107e-01,4.341550e-01,4.341993e-01,4.343220e-01,4.343664e-01,4.344107e-01,4.344551e-01,4.344994e-01,4.345438e-01,4.343428e-01,4.344656e-01,4.345099e-01,4.345543e-01,4.345987e-01,4.344763e-01,4.344780e-01,4.346008e-01,4.346452e-01,4.344445e-01,4.344463e-01,4.346117e-01,4.344895e-01,4.345356e-01,4.344562e-01,4.345433e-01,4.346304e-01,4.345156e-01,4.346455e-01,4.346090e-01,4.347388e-01,4.346243e-01,4.347969e-01,4.347607e-01,4.346892e-01,4.349399e-01,4.348258e-01,4.349985e-01,4.349646e-01,4.350947e-01,4.350588e-01,4.349452e-01,4.350753e-01,4.349191e-01,4.350066e-01,4.349284e-01,4.347300e-01,4.348525e-01,4.346542e-01,4.345338e-01,4.345359e-01,4.343382e-01,4.342182e-01,4.342629e-01,4.340657e-01,4.339481e-01,4.340354e-01,4.339584e-01,4.338044e-01,4.338917e-01,4.337380e-01,4.338253e-01,4.336717e-01,4.335610e-01,4.337252e-01,4.335720e-01,4.334616e-01,4.336257e-01,4.334729e-01,4.335603e-01,4.334077e-01,4.332554e-01,4.333427e-01,4.331505e-01,4.332378e-01,4.330436e-01,4.330544e-01,4.328605e-01,4.328291e-01,4.326356e-01,4.326042e-01,4.323687e-01,4.324136e-01,4.321448e-01,4.321896e-01,4.321585e-01,4.318904e-01,4.318620e-01,4.318311e-01,4.316393e-01,4.316085e-01,4.315778e-01,4.313865e-01,4.313558e-01,4.313252e-01,4.312946e-01,4.310286e-01,4.309982e-01,4.309678e-01,4.309374e-01,4.308319e-01,4.308016e-01,4.306963e-01,4.306661e-01,4.308706e-01,4.302968e-01,4.305008e-01,4.306301e-01,4.307594e-01,4.308138e-01,4.307087e-01,4.307631e-01,4.306582e-01,4.305534e-01,4.306826e-01,4.305030e-01,4.303984e-01,4.302193e-01,4.302736e-01,4.300947e-01,4.299161e-01,4.297377e-01,4.295596e-01,4.293846e-01,4.289015e-01,4.288818e-01,4.284003e-01,4.282241e-01,4.280480e-01,4.280286e-01,4.280092e-01,4.274576e-01,4.271363e-01,4.268158e-01,4.267969e-01,4.265500e-01,4.261489e-01,4.257892e-01,4.251733e-01,4.245599e-01,4.243978e-01,4.236351e-01,4.231703e-01,4.227069e-01,4.225791e-01,4.221586e-01,4.217393e-01,4.214714e-01,4.209137e-01,4.202879e-01,4.194467e-01,4.188270e-01,4.179160e-01,4.173626e-01,4.164602e-01,4.160573e-01,4.153350e-01,4.146836e-01,4.139675e-01,4.135319e-01,4.128211e-01,4.123887e-01,4.120326e-01,4.125375e-01,4.132930e-01,4.136310e-01,4.128809e-01,4.122093e-01,4.118539e-01,4.114600e-01,4.107943e-01,4.105431e-01,4.101214e-01,4.091911e-01,4.079587e-01,4.064096e-01,4.047429e-01,4.031803e-01,4.015149e-01,3.996801e-01,3.981788e-01,3.967668e-01,3.958118e-01,3.949001e-01,3.947267e-01,3.933361e-01,3.915290e-01,3.890218e-01,3.867160e-01,3.834437e-01,3.799279e-01,3.768895e-01,3.734810e-01,3.709528e-01,3.676250e-01,3.647108e-01,3.616653e-01,3.583840e-01,3.548813e-01,3.528335e-01,3.500480e-01,3.464328e-01,3.433346e-01,3.400383e-01,3.374856e-01,3.343203e-01,3.310787e-01,3.281740e-01,3.257076e-01,3.233954e-01,3.206691e-01,3.179966e-01,3.158380e-01,3.130781e-01,3.107066e-01,3.083775e-01,3.062189e-01,3.044185e-01,3.026701e-01,3.006594e-01,2.987704e-01,2.969362e-01,2.953356e-01,2.939414e-01,2.923879e-01,2.907575e-01,2.892638e-01,2.880710e-01,2.866194e-01,2.851792e-01,2.840292e-01,2.828912e-01,2.821228e-01,2.811119e-01,2.800863e-01,2.794200e-01,2.785157e-01,2.778525e-01,2.773537e-01,2.767052e-01,2.761329e-01,2.756428e-01,2.750839e-01,2.745210e-01,2.740153e-01,2.737595e-01,2.732647e-01,2.731650e-01,2.730654e-01,2.729731e-01,2.726286e-01,2.724533e-01,2.724382e-01,2.723396e-01,2.726383e-01,2.725467e-01,2.725482e-01,2.724041e-01,2.726497e-01,2.725057e-01,2.728278e-01,2.730739e-01,2.734812e-01,2.735062e-01,2.736836e-01,2.741777e-01,2.745342e-01,2.748606e-01,2.753659e-01,2.758659e-01,2.764535e-01,2.772100e-01,2.778035e-01,2.784480e-01,2.791432e-01,2.796330e-01,2.804154e-01,2.811707e-01,2.816755e-01,2.827022e-01,2.832958e-01,2.840682e-01,2.848279e-01,2.855083e-01,2.865739e-01,2.870140e-01,2.876368e-01,2.883564e-01,2.891595e-01,2.896952e-01,2.904185e-01,2.911533e-01,2.917856e-01,2.928958e-01,2.934464e-01,2.942809e-01,2.952193e-01,2.959148e-01,2.966543e-01,2.974236e-01,2.985636e-01,2.994380e-01,3.001097e-01,3.009600e-01,3.019459e-01,3.025068e-01,3.035936e-01,3.044546e-01,3.056366e-01,3.063045e-01,3.070831e-01,3.081530e-01,3.088409e-01,3.095323e-01,3.107522e-01,3.114532e-01,3.122614e-01,3.130669e-01,3.137795e-01,3.148262e-01,3.154204e-01,3.165943e-01,3.175332e-01,3.179221e-01,3.186521e-01,3.199632e-01,3.205506e-01,3.214052e-01,3.222439e-01,3.231089e-01,3.239867e-01,3.245063e-01,3.253850e-01,3.261909e-01,3.266247e-01,3.275530e-01,3.281438e-01,3.288692e-01,3.298408e-01,3.303440e-01,3.314436e-01,3.319291e-01,3.325520e-01,3.330407e-01,3.340380e-01,3.344933e-01,3.349574e-01,3.358139e-01,3.363668e-01,3.368057e-01,3.375179e-01,3.380464e-01,3.384900e-01,3.389041e-01,3.398396e-01,3.402574e-01,3.406763e-01,3.412161e-01,3.416376e-01,3.420603e-01,3.427334e-01,3.432467e-01,3.434208e-01,3.437997e-01,3.440571e-01,3.442196e-01,3.445974e-01,3.448977e-01,3.452281e-01,3.456028e-01,3.459418e-01,3.464477e-01,3.466882e-01,3.470715e-01,3.474801e-01,3.478969e-01,3.482720e-01,3.488168e-01,3.492686e-01,3.494697e-01,3.500612e-01,3.501285e-01,3.506359e-01,3.510166e-01,3.513226e-01,3.518936e-01,3.521520e-01,3.527443e-01,3.528770e-01,3.534281e-01,3.538363e-01,3.540822e-01,3.542726e-01,3.546504e-01,3.548858e-01,3.554813e-01,3.558691e-01,3.565189e-01,3.571277e-01,3.576484e-01,3.578359e-01,3.584554e-01,3.587859e-01,3.592664e-01,3.596842e-01,3.600963e-01,3.605345e-01,3.611977e-01,3.615672e-01,3.619905e-01,3.623684e-01,3.628731e-01,3.632587e-01,3.636794e-01,3.638202e-01,3.643018e-01,3.646307e-01,3.651617e-01,3.654988e-01,3.659783e-01,3.662693e-01,3.666083e-01,3.668937e-01,3.672817e-01,3.675201e-01,3.677593e-01,3.682514e-01,3.685874e-01,3.689790e-01,3.692679e-01,3.693093e-01,3.696537e-01,3.698951e-01,3.700885e-01,3.703304e-01,3.705241e-01,3.705653e-01,3.709465e-01,3.713489e-01,3.716905e-01,3.717872e-01,3.720803e-01,3.723311e-01,3.726250e-01,3.723790e-01,3.727922e-01,3.730088e-01,3.731634e-01,3.731204e-01,3.732752e-01,3.733374e-01,3.732322e-01,3.730903e-01,3.733996e-01,3.731525e-01,3.728359e-01,3.727374e-01,3.727296e-01,3.721560e-01,3.719951e-01,3.718343e-01,3.717088e-01,3.709875e-01,3.706279e-01,3.703659e-01,3.699053e-01,3.695966e-01,3.690907e-01,3.686474e-01,3.681927e-01,3.674894e-01,3.670385e-01,3.663409e-01,3.658811e-01,3.659219e-01,3.675269e-01,3.668278e-01,3.665142e-01,3.660353e-01,3.655308e-01,3.648760e-01,3.645211e-01,3.640159e-01,3.634214e-01,3.627770e-01,3.622852e-01,3.614250e-01,3.608353e-01,3.603174e-01,3.595140e-01,3.588615e-01,3.581108e-01,3.573365e-01,3.566446e-01,3.559219e-01,3.553895e-01,3.548522e-01,3.542249e-01,3.533866e-01,3.528568e-01,3.522435e-01,3.515920e-01,3.509364e-01,3.501998e-01,3.495157e-01,3.489584e-01,3.483201e-01,3.476865e-01,3.473528e-01,3.468039e-01,3.463512e-01,3.458062e-01,3.450957e-01,3.448158e-01,3.444485e-01,3.438706e-01,3.432951e-01,3.428624e-01,3.422910e-01,3.420097e-01,3.415656e-01,3.412929e-01,3.408955e-01,3.404942e-01,3.401303e-01,3.398527e-01,3.395686e-01,3.393680e-01,3.391678e-01,3.390068e-01,3.387756e-01,3.388061e-01,3.389317e-01,3.389438e-01,3.388657e-01,3.391593e-01,3.393828e-01,3.395555e-01,3.396944e-01,3.399505e-01,3.403685e-01,3.406308e-01,3.408491e-01,3.408612e-01,3.410406e-01,3.412515e-01,3.413545e-01,3.413980e-01,3.414465e-01,3.413194e-01,3.412004e-01,3.413720e-01,3.411744e-01,3.410557e-01,3.410206e-01,3.408237e-01,3.405568e-01,3.404516e-01,3.403415e-01,3.403195e-01,3.401755e-01,3.400316e-01,3.399268e-01,3.399516e-01,3.398907e-01,3.400295e-01,3.400543e-01,3.402322e-01,3.401273e-01,3.402662e-01,3.404444e-01,3.407451e-01,3.409237e-01,3.412175e-01,3.415197e-01,3.420562e-01,3.426026e-01,3.427753e-01,3.430673e-01,3.434445e-01,3.436978e-01,3.443135e-01,3.447337e-01,3.449033e-01,3.451990e-01,3.452764e-01,3.455727e-01,3.454905e-01,3.454488e-01,3.452408e-01,3.450734e-01,3.451174e-01,3.454534e-01,3.456640e-01,3.457414e-01,3.460331e-01,3.459457e-01,3.461972e-01,3.464085e-01,3.466064e-01,3.466385e-01,3.469316e-01,3.473612e-01,3.475279e-01,3.476079e-01,3.480645e-01,3.481124e-01,3.483295e-01,3.484971e-01,3.488022e-01,3.489309e-01,3.490342e-01,3.489124e-01,3.490069e-01,3.490691e-01,3.492190e-01,3.491454e-01,3.492489e-01,3.494404e-01,3.497148e-01,3.496065e-01,3.497915e-01,3.499422e-01,3.500048e-01,3.503688e-01,3.503015e-01,3.503642e-01,3.505012e-01,3.504595e-01,3.507829e-01,3.508785e-01,3.509650e-01,3.507162e-01,3.509331e-01,3.511905e-01,3.511464e-01,3.511457e-01,3.513121e-01,3.514368e-01,3.515129e-01,3.518578e-01,3.522033e-01,3.522353e-01,3.524905e-01,3.528425e-01,3.525361e-01,3.524511e-01,3.521115e-01,3.519067e-01,3.519205e-01,3.517966e-01,3.515491e-01,3.508535e-01,3.500319e-01,3.497483e-01,3.491572e-01,3.480324e-01,3.471874e-01,3.465740e-01,3.455617e-01,3.444245e-01,3.433027e-01,3.420351e-01,3.408923e-01,3.388756e-01,3.376441e-01,3.347753e-01,3.325723e-01,3.304164e-01,3.286187e-01,3.260224e-01,3.242265e-01,3.216930e-01,3.199369e-01,3.163338e-01,3.132671e-01,3.102947e-01,3.067402e-01,3.034602e-01,2.993274e-01,2.953114e-01,2.890527e-01,2.842325e-01,2.794492e-01,2.748365e-01,2.693805e-01,2.646080e-01,2.572447e-01,2.518608e-01,2.466120e-01,2.414032e-01,2.357368e-01,2.289708e-01,2.234885e-01,2.185653e-01,2.137891e-01,2.089238e-01,2.031184e-01,1.988069e-01,1.948924e-01,1.912620e-01,1.880319e-01,1.833873e-01,1.805167e-01,1.778062e-01,1.749055e-01,1.720138e-01,1.692016e-01,1.672461e-01,1.653569e-01,1.635138e-01,1.616911e-01,1.599510e-01,1.589011e-01,1.572604e-01,1.563048e-01,1.547180e-01,1.538856e-01,1.530291e-01,1.522352e-01,1.514861e-01,1.507645e-01,1.500499e-01,1.499542e-01,1.491950e-01,1.490812e-01,1.484196e-01,1.482724e-01,1.481966e-01,1.481547e-01,1.474890e-01,1.474333e-01,1.473442e-01,1.473064e-01,1.478609e-01,1.478430e-01,1.478082e-01,1.477231e-01,1.482634e-01,1.482489e-01,1.488486e-01,1.488497e-01,1.493988e-01,1.500057e-01,1.500402e-01,1.506664e-01,1.512997e-01,1.519389e-01,1.526361e-01,1.526820e-01,1.533830e-01,1.541336e-01,1.548287e-01,1.555542e-01,1.562426e-01,1.569838e-01,1.577461e-01,1.584817e-01,1.592247e-01,1.599734e-01,1.607316e-01,1.614821e-01,1.622540e-01,1.630358e-01,1.637806e-01,1.645534e-01,1.660313e-01,1.661038e-01,1.676580e-01,1.684975e-01,1.686196e-01,1.699681e-01,1.707559e-01,1.717648e-01,1.725377e-01,1.737088e-01,1.744201e-01,1.750826e-01,1.762866e-01,1.770990e-01,1.781288e-01,1.789099e-01,1.801277e-01,1.808095e-01,1.819214e-01,1.827968e-01,1.835418e-01,1.846770e-01,1.854888e-01,1.866147e-01,1.873029e-01,1.883607e-01,1.890425e-01,1.900530e-01,1.908539e-01,1.916689e-01,1.923490e-01,1.933456e-01,1.940393e-01,1.949189e-01,1.955401e-01,1.965036e-01,1.971477e-01,1.980739e-01,1.987015e-01,1.991969e-01,2.001484e-01,2.011101e-01,2.016980e-01,2.024823e-01,2.030789e-01,2.038420e-01,2.042909e-01,2.051390e-01,2.055185e-01,2.061759e-01,2.065790e-01,2.073909e-01,2.077605e-01,2.083025e-01,2.085586e-01,2.092622e-01,2.093762e-01,2.094889e-01,2.097482e-01,2.101349e-01,2.106507e-01,2.103868e-01,2.107761e-01,2.109108e-01,2.110294e-01,2.106370e-01,2.110271e-01,2.110177e-01,2.111528e-01,2.110154e-01,2.107507e-01,2.111410e-01,2.107485e-01,2.107392e-01,2.106027e-01,2.103394e-01,2.102035e-01,2.098154e-01,2.100749e-01,2.100659e-01,2.096596e-01,2.095249e-01,2.091400e-01,2.088813e-01,2.087480e-01,2.083666e-01,2.082341e-01,2.082412e-01,2.080043e-01,2.077680e-01,2.074141e-01,2.071984e-01,2.074690e-01,2.069907e-01,2.072793e-01,2.068024e-01,2.070529e-01,2.072008e-01,2.070861e-01,2.072153e-01,2.073259e-01,2.073144e-01,2.076710e-01,2.077822e-01,2.077707e-01,2.077404e-01,2.082368e-01,2.081019e-01,2.084953e-01,2.086263e-01,2.089205e-01,2.089276e-01,2.094870e-01,2.093881e-01,2.098054e-01,2.098504e-01,2.101436e-01,2.105681e-01,2.105942e-01,2.104940e-01,2.108965e-01,2.109036e-01,2.111848e-01,2.110650e-01,2.114697e-01,2.114768e-01,2.117363e-01,2.116156e-01,2.120269e-01,2.119058e-01,2.121855e-01,2.121926e-01,2.124731e-01,2.123557e-01,2.126558e-01,2.126628e-01,2.129445e-01,2.128031e-01,2.130851e-01,2.130772e-01,2.132303e-01,2.136244e-01,2.134820e-01,2.137468e-01,2.138816e-01,2.141518e-01,2.139892e-01,2.142554e-01,2.145224e-01,2.142474e-01,2.145186e-01,2.147863e-01,2.149226e-01,2.147782e-01,2.149145e-01,2.151833e-01,2.153245e-01,2.155945e-01,2.158653e-01,2.161369e-01,2.158571e-01,2.161286e-01,2.162907e-01,2.165635e-01,2.167024e-01,2.168414e-01,2.166983e-01,2.168178e-01,2.169571e-01,2.172318e-01,2.173521e-01,2.174769e-01,2.171733e-01,2.174487e-01,2.175497e-01,2.176748e-01,2.173704e-01,2.174909e-01,2.175920e-01,2.172724e-01,2.173928e-01,2.174938e-01,2.175949e-01,2.176962e-01,2.177977e-01,2.174770e-01,2.174223e-01,2.175235e-01,2.176248e-01,2.177263e-01,2.178322e-01,2.179143e-01,2.180162e-01,2.179614e-01,2.180437e-01,2.181262e-01,2.181933e-01,2.181186e-01,2.181815e-01,2.182248e-01,2.181345e-01,2.181580e-01,2.181817e-01,2.180672e-01,2.185241e-01,2.183938e-01,2.184179e-01,2.182834e-01,2.187431e-01,2.186324e-01,2.186570e-01,2.189796e-01,2.190047e-01,2.189093e-01,2.193790e-01,2.192635e-01,2.195900e-01,2.196160e-01,2.200712e-01,2.203820e-01,2.203889e-01,2.207016e-01,2.205650e-01,2.210035e-01,2.208708e-01,2.213321e-01,2.216505e-01,2.215131e-01,2.219997e-01,2.218823e-01,2.222488e-01,2.225928e-01,2.225156e-01,2.229019e-01,2.232901e-01,2.232167e-01,2.236475e-01,2.235903e-01,2.241739e-01,2.241410e-01,2.245972e-01,2.250556e-01,2.250597e-01,2.255410e-01,2.255492e-01,2.260535e-01,2.260783e-01,2.265851e-01,2.266141e-01,2.271234e-01,2.271691e-01,2.277018e-01,2.277518e-01,2.277976e-01,2.283332e-01,2.282222e-01,2.282723e-01,2.283391e-01,2.288769e-01,2.289229e-01,2.289732e-01,2.290402e-01,2.290863e-01,2.286400e-01,2.285332e-01,2.285792e-01,2.281356e-01,2.276734e-01,2.270796e-01,2.271294e-01,2.266723e-01,2.257398e-01,2.251585e-01,2.247108e-01,2.238013e-01,2.232116e-01,2.222919e-01,2.218577e-01,2.208060e-01,2.199088e-01,2.188818e-01,2.180023e-01,2.165576e-01,2.156992e-01,2.142692e-01,2.134311e-01,2.124678e-01,2.112549e-01,2.103173e-01,2.090047e-01,2.082320e-01,2.069493e-01,2.060705e-01,2.049403e-01,2.040811e-01,2.028567e-01,2.021390e-01,2.009414e-01,2.002363e-01,1.994224e-01,1.982432e-01,1.974294e-01,1.966232e-01,1.958244e-01,1.951448e-01,1.943413e-01,1.935632e-01,1.924607e-01,1.916996e-01,1.913750e-01,1.906235e-01,1.902000e-01,1.893568e-01,1.889599e-01,1.882297e-01,1.879183e-01,1.875082e-01,1.870826e-01,1.866767e-01,1.859486e-01,1.855481e-01,1.851321e-01,1.844171e-01,1.837081e-01,1.832062e-01,1.828035e-01,1.819973e-01,1.813084e-01,1.809124e-01,1.805183e-01,1.797505e-01,1.793618e-01,1.789748e-01,1.785896e-01,1.781172e-01,1.774596e-01,1.769935e-01,1.766173e-01,1.762428e-01,1.758700e-01,1.754128e-01,1.750454e-01,1.746094e-01,1.745093e-01,1.740596e-01,1.739601e-01,1.737763e-01,1.739241e-01,1.737403e-01,1.736411e-01,1.737043e-01,1.738520e-01,1.735673e-01,1.739791e-01,1.737782e-01,1.738417e-01,1.737254e-01,1.740537e-01,1.739204e-01,1.737010e-01,1.736800e-01,1.735470e-01,1.735937e-01,1.733764e-01,1.731595e-01,1.732901e-01,1.727254e-01,1.724932e-01,1.723613e-01,1.721463e-01,1.716546e-01,1.714411e-01,1.710530e-01,1.706592e-01,1.702744e-01,1.700637e-01,1.698699e-01,1.694063e-01,1.690533e-01,1.689416e-01,1.684993e-01,1.683250e-01,1.681511e-01,1.679775e-01,1.677242e-01,1.677980e-01,1.676415e-01,1.677152e-01,1.675588e-01,1.674913e-01,1.676588e-01,1.676537e-01,1.674973e-01,1.673413e-01,1.674310e-01,1.673799e-01,1.674697e-01,1.678063e-01,1.676495e-01,1.677396e-01,1.675931e-01,1.676995e-01,1.677896e-01,1.678799e-01,1.678121e-01,1.676553e-01,1.674989e-01,1.672479e-01,1.673375e-01,1.672527e-01,1.670970e-01,1.668472e-01,1.669200e-01,1.667586e-01,1.668932e-01,1.666438e-01,1.663942e-01,1.664665e-01,1.663058e-01,1.661356e-01,1.658884e-01,1.659592e-01,1.655748e-01,1.654060e-01,1.654005e-01,1.652320e-01,1.648340e-01,1.646504e-01,1.644075e-01,1.642239e-01,1.638317e-01,1.633250e-01,1.630691e-01,1.631057e-01,1.626859e-01,1.624904e-01,1.622047e-01,1.619942e-01,1.615474e-01,9.056178e-03,9.056178e-03,9.056178e-03,9.056178e-03,9.056178e-03,9.056178e-03,9.056178e-03,9.056178e-03,9.056178e-03,9.056178e-03,9.056178e-03,9.056178e-03,9.056178e-03,9.056178e-03,9.056178e-03,9.056178e-03,9.056178e-03,9.056178e-03,9.056178e-03,9.056178e-03,9.056178e-03,9.056178e-03,9.056178e-03,9.056178e-03,9.056178e-03,9.056178e-03,9.056178e-03,9.056178e-03,9.056178e-03,9.056178e-03,9.056178e-03,9.056178e-03,9.056178e-03,9.056178e-03,9.056178e-03,9.056178e-03,9.056178e-03,9.056178e-03,9.056178e-03,9.056178e-03,9.056178e-03,9.056178e-03,9.056178e-03,9.056178e-03,9.056178e-03,9.056178e-03,9.056178e-03,9.056178e-03,9.056178e-03,9.056178e-03,9.056178e-03,9.056178e-03,9.056178e-03,9.056178e-03,9.056178e-03,9.056178e-03,9.056178e-03,9.056178e-03,9.056178e-03,9.056178e-03,9.056178e-03,9.056178e-03,9.056178e-03,9.056178e-03,9.056178e-03,9.056178e-03,9.056178e-03,9.056178e-03,9.056178e-03,9.056178e-03,9.056178e-03,9.056178e-03,9.056178e-03,9.056178e-03,9.056178e-03,9.056178e-03,9.056178e-03,9.056178e-03,9.056178e-03,9.056178e-03,9.056178e-03,9.056178e-03,9.056178e-03,9.056178e-03,9.056178e-03,9.056178e-03,9.056178e-03,9.056178e-03,9.056178e-03,9.056178e-03,9.056178e-03,9.056178e-03,9.056178e-03,9.056178e-03,9.056178e-03,9.056178e-03,9.056178e-03,9.056178e-03,9.056178e-03,9.056178e-03,9.056178e-03,9.056178e-03,9.056178e-03,9.056178e-03,9.056178e-03,9.056178e-03,9.056178e-03,9.056178e-03,9.056178e-03,9.056178e-03,9.056178e-03,9.056178e-03,9.056178e-03,9.056178e-03,9.056178e-03,9.056178e-03,9.056178e-03,9.056178e-03,9.056178e-03,9.056178e-03,9.056178e-03,9.056178e-03,9.056178e-03,9.056178e-03,9.056178e-03,9.056178e-03,9.056178e-03,9.056178e-03,9.056178e-03,9.056178e-03,9.056178e-03,9.056178e-03,9.056178e-03,9.056178e-03,9.056178e-03,9.056178e-03,9.056178e-03,9.056178e-03,9.056178e-03,9.056178e-03,9.056178e-03,9.056178e-03,9.056178e-03,9.056178e-03,9.056178e-03,9.056178e-03,9.056178e-03,9.056178e-03,9.056178e-03,9.056178e-03,9.056178e-03,9.056178e-03,9.056178e-03,9.056178e-03,9.056178e-03,9.056178e-03,9.056178e-03,9.056178e-03,9.056178e-03,9.056178e-03,9.056178e-03
1.794170e-02,1.792545e-02,1.790515e-02,1.788486e-02,1.786459e-02,1.784871e-02,1.783316e-02,1.781731e-02,1.780583e-02,1.779031e-02,1.777884e-02,1.776331e-02,1.775620e-02,1.774911e-02,1.773797e-02,1.773090e-02,1.772383e-02,1.771676e-02,1.771374e-02,1.771103e-02,1.770799e-02,1.770493e-02,1.770623e-02,1.770721e-02,1.771258e-02,1.771392e-02,1.771928e-02,1.772866e-02,1.773402e-02,1.774376e-02,1.775749e-02,1.776718e-02,1.778527e-02,1.779935e-02,1.781747e-02,1.783560e-02,1.784969e-02,1.786783e-02,1.789032e-02,1.790444e-02,1.792260e-02,1.794081e-02,1.795502e-02,1.796888e-02,1.798312e-02,1.799705e-02,1.801100e-02,1.801656e-02,1.803059e-02,1.804031e-02,1.804609e-02,1.805597e-02,1.806157e-02,1.806721e-02,1.807289e-02,1.807860e-02,1.808837e-02,1.809418e-02,1.809563e-02,1.810547e-02,1.811129e-02,1.811713e-02,1.812694e-02,1.813271e-02,1.814259e-02,1.814848e-02,1.815836e-02,1.816823e-02,1.817405e-02,1.818387e-02,1.819367e-02,1.819932e-02,1.820457e-02,1.821414e-02,1.821528e-02,1.822477e-02,1.823424e-02,1.824384e-02,1.824941e-02,1.826338e-02,1.827743e-02,1.829207e-02,1.831092e-02,1.832996e-02,1.834964e-02,1.837803e-02,1.840247e-02,1.842325e-02,1.845300e-02,1.847934e-02,1.850598e-02,1.852919e-02,1.856157e-02,1.858660e-02,1.861651e-02,1.864359e-02,1.867607e-02,1.870627e-02,1.873379e-02,1.877168e-02,1.880824e-02,1.884702e-02,1.888899e-02,1.893008e-02,1.898346e-02,1.903723e-02,1.909608e-02,1.916140e-02,1.923032e-02,1.931321e-02,1.940074e-02,1.950112e-02,1.960702e-02,1.972859e-02,1.986755e-02,2.001273e-02,2.018085e-02,2.035696e-02,2.055340e-02,2.076401e-02,2.099314e-02,2.123794e-02,2.149752e-02,2.176822e-02,2.205437e-02,2.234423e-02,2.264129e-02,2.294658e-02,2.326386e-02,2.356723e-02,2.388596e-02,2.419841e-02,2.453258e-02,2.484058e-02,2.516202e-02,2.547190e-02,2.579094e-02,2.608068e-02,2.638977e-02,2.667760e-02,2.698934e-02,2.726133e-02,2.751699e-02,2.781262e-02,2.808525e-02,2.838105e-02,2.865089e-02,2.895742e-02,2.922378e-02,2.949577e-02,2.977175e-02,3.000567e-02,3.021531e-02,3.043448e-02,3.060168e-02,3.070119e-02,3.071092e-02,3.072248e-02,3.067819e-02,3.059852e-02,3.052272e-02,3.046081e-02,3.036077e-02,3.026626e-02,3.015538e-02,3.002601e-02,2.988494e-02,2.969909e-02,2.952652e-02,2.934120e-02,2.914482e-02,2.894435e-02,2.874396e-02,2.855330e-02,2.836854e-02,2.818432e-02,2.801572e-02,2.785771e-02,2.771561e-02,2.757925e-02,2.745226e-02,2.733241e-02,2.722349e-02,2.712064e-02,2.703215e-02,2.694235e-02,2.686278e-02,2.679273e-02,2.673103e-02,2.666748e-02,2.662253e-02,2.657889e-02,2.654705e-02,2.649845e-02,2.647570e-02,2.645866e-02,2.643955e-02,2.642797e-02,2.641457e-02,2.639927e-02,2.636421e-02,2.633696e-02,2.630673e-02,2.626588e-02,2.619928e-02,2.614559e-02,2.607343e-02,2.597937e-02,2.588771e-02,2.578618e-02,2.568300e-02,2.556475e-02,2.545658e-02,2.534345e-02,2.521912e-02,2.510869e-02,2.499515e-02,2.489286e-02,2.480289e-02,2.471525e-02,2.465004e-02,2.457960e-02,2.453510e-02,2.449083e-02,2.446865e-02,2.444334e-02,2.442545e-02,2.442632e-02,2.442558e-02,2.443306e-02,2.442828e-02,2.443238e-02,2.441811e-02,2.438137e-02,2.434727e-02,2.428570e-02,2.421502e-02,2.410943e-02,2.399402e-02,2.386918e-02,2.373625e-02,2.359050e-02,2.344762e-02,2.329601e-02,2.314824e-02,2.300442e-02,2.287946e-02,2.275803e-02,2.264872e-02,2.256616e-02,2.248764e-02,2.242778e-02,2.236681e-02,2.231740e-02,2.225961e-02,2.220031e-02,2.213173e-02,2.205867e-02,2.197319e-02,2.187793e-02,2.178167e-02,2.168398e-02,2.158515e-02,2.149784e-02,2.141953e-02,2.134706e-02,2.128723e-02,2.123823e-02,2.120199e-02,2.117805e-02,2.115919e-02,2.114998e-02,2.114586e-02,2.114745e-02,2.115605e-02,2.116653e-02,2.118262e-02,2.120182e-02,2.122883e-02,2.126675e-02,2.130817e-02,2.137754e-02,2.145833e-02,2.158335e-02,2.174154e-02,2.196300e-02,2.225084e-02,2.263502e-02,2.312295e-02,2.375491e-02,2.454348e-02,2.550803e-02,2.667015e-02,2.806109e-02,2.965803e-02,3.144305e-02,3.343723e-02,3.564537e-02,3.799861e-02,4.046735e-02,4.306218e-02,4.580138e-02,4.853248e-02,5.129072e-02,5.406852e-02,5.683870e-02,5.960844e-02,6.236584e-02,6.511828e-02,6.804005e-02,7.081706e-02,7.358771e-02,7.636768e-02,7.915630e-02,8.196363e-02,8.477099e-02,8.760269e-02,9.043231e-02,9.326166e-02,9.609373e-02,9.928445e-02,1.021261e-01,1.049676e-01,1.076736e-01,1.104801e-01,1.132665e-01,1.160319e-01,1.188064e-01,1.215129e-01,1.241825e-01,1.268109e-01,1.293975e-01,1.319504e-01,1.344730e-01,1.368709e-01,1.392650e-01,1.416200e-01,1.439134e-01,1.460792e-01,1.482769e-01,1.504094e-01,1.523046e-01,1.542330e-01,1.560028e-01,1.578162e-01,1.594725e-01,1.611765e-01,1.627198e-01,1.642992e-01,1.657470e-01,1.672350e-01,1.685489e-01,1.698756e-01,1.713297e-01,1.726908e-01,1.741762e-01,1.755737e-01,1.769784e-01,1.785103e-01,1.799393e-01,1.815027e-01,1.828306e-01,1.842838e-01,1.857419e-01,1.870764e-01,1.885309e-01,1.899907e-01,1.914480e-01,1.927662e-01,1.942035e-01,1.956381e-01,1.970603e-01,1.984620e-01,1.998651e-01,2.012304e-01,2.025729e-01,2.038962e-01,2.051842e-01,2.064403e-01,2.076489e-01,2.088317e-01,2.096735e-01,2.106901e-01,2.117038e-01,2.127274e-01,2.137551e-01,2.147880e-01,2.158446e-01,2.167381e-01,2.178126e-01,2.188925e-01,2.198129e-01,2.209211e-01,2.218591e-01,2.228113e-01,2.237652e-01,2.247282e-01,2.258797e-01,2.268616e-01,2.278390e-01,2.288322e-01,2.298267e-01,2.308294e-01,2.318357e-01,2.326590e-01,2.336879e-01,2.347264e-01,2.357674e-01,2.368271e-01,2.376856e-01,2.387619e-01,2.396360e-01,2.405303e-01,2.416473e-01,2.425572e-01,2.434743e-01,2.443977e-01,2.453275e-01,2.462655e-01,2.472266e-01,2.481798e-01,2.491371e-01,2.501171e-01,2.508586e-01,2.518543e-01,2.528376e-01,2.535775e-01,2.545786e-01,2.555861e-01,2.565754e-01,2.573352e-01,2.581006e-01,2.590988e-01,2.598539e-01,2.606234e-01,2.616543e-01,2.624313e-01,2.632023e-01,2.639962e-01,2.650540e-01,2.658579e-01,2.666690e-01,2.675007e-01,2.683206e-01,2.691643e-01,2.700136e-01,2.708741e-01,2.717359e-01,2.726190e-01,2.734883e-01,2.743856e-01,2.752869e-01,2.759062e-01,2.768179e-01,2.774466e-01,2.783678e-01,2.792933e-01,2.799413e-01,2.808822e-01,2.815255e-01,2.824764e-01,2.831308e-01,2.840732e-01,2.847352e-01,2.853829e-01,2.860366e-01,2.869983e-01,2.876556e-01,2.882994e-01,2.889666e-01,2.899327e-01,2.905879e-01,2.912434e-01,2.919045e-01,2.925445e-01,2.932083e-01,2.938842e-01,2.945521e-01,2.952282e-01,2.959052e-01,2.966054e-01,2.969716e-01,2.976770e-01,2.984072e-01,2.991360e-01,2.995287e-01,3.002670e-01,3.010331e-01,3.017699e-01,3.021887e-01,3.029392e-01,3.036946e-01,3.041160e-01,3.045233e-01,3.052947e-01,3.057025e-01,3.064630e-01,3.068828e-01,3.076575e-01,3.080661e-01,3.084618e-01,3.088660e-01,3.092568e-01,3.096514e-01,3.100615e-01,3.104651e-01,3.108642e-01,3.112560e-01,3.116620e-01,3.120671e-01,3.124733e-01,3.128735e-01,3.132923e-01,3.137104e-01,3.141382e-01,3.145747e-01,3.149919e-01,3.153901e-01,3.158112e-01,3.162578e-01,3.166853e-01,3.170995e-01,3.174986e-01,3.179091e-01,3.183233e-01,3.187328e-01,3.191478e-01,3.195564e-01,3.199587e-01,3.203531e-01,3.207200e-01,3.210798e-01,3.214633e-01,3.218097e-01,3.221892e-01,3.225468e-01,3.228125e-01,3.231339e-01,3.234476e-01,3.237907e-01,3.241062e-01,3.242982e-01,3.246072e-01,3.249085e-01,3.251934e-01,3.254962e-01,3.257513e-01,3.260377e-01,3.263474e-01,3.265324e-01,3.265590e-01,3.267287e-01,3.269621e-01,3.271322e-01,3.272943e-01,3.274647e-01,3.276819e-01,3.279068e-01,3.281713e-01,3.284550e-01,3.287122e-01,3.289152e-01,3.292731e-01,3.296813e-01,3.300621e-01,3.304406e-01,3.308013e-01,3.311974e-01,3.316337e-01,3.319835e-01,3.324000e-01,3.327749e-01,3.331053e-01,3.335025e-01,3.338124e-01,3.341684e-01,3.345415e-01,3.349454e-01,3.353202e-01,3.357508e-01,3.361530e-01,3.365858e-01,3.370031e-01,3.374697e-01,3.379283e-01,3.384046e-01,3.388309e-01,3.393265e-01,3.398461e-01,3.403206e-01,3.407984e-01,3.413166e-01,3.418141e-01,3.422940e-01,3.427543e-01,3.432841e-01,3.437641e-01,3.442152e-01,3.447436e-01,3.452277e-01,3.456898e-01,3.461532e-01,3.466282e-01,3.470766e-01,3.475437e-01,3.480120e-01,3.484993e-01,3.489174e-01,3.494003e-01,3.499151e-01,3.503604e-01,3.508780e-01,3.513257e-01,3.518281e-01,3.522839e-01,3.528311e-01,3.532894e-01,3.537420e-01,3.542027e-01,3.547012e-01,3.551827e-01,3.556655e-01,3.561252e-01,3.566105e-01,3.570726e-01,3.575173e-01,3.579630e-01,3.583535e-01,3.587955e-01,3.592322e-01,3.596576e-01,3.599960e-01,3.603350e-01,3.607250e-01,3.611035e-01,3.614827e-01,3.618628e-01,3.622245e-01,3.626061e-01,3.629693e-01,3.633332e-01,3.636466e-01,3.640370e-01,3.643836e-01,3.647046e-01,3.650582e-01,3.653803e-01,3.657225e-01,3.660976e-01,3.664533e-01,3.668032e-01,3.671340e-01,3.675053e-01,3.678320e-01,3.681994e-01,3.685225e-01,3.688660e-01,3.692106e-01,3.695300e-01,3.698652e-01,3.702015e-01,3.705265e-01,3.708526e-01,3.711532e-01,3.714494e-01,3.717402e-01,3.720112e-01,3.722920e-01,3.725732e-01,3.728041e-01,3.730341e-01,3.732536e-01,3.734417e-01,3.736563e-01,3.738393e-01,3.739973e-01,3.741290e-01,3.742812e-01,3.744431e-01,3.745788e-01,3.747355e-01,3.748524e-01,3.749574e-01,3.750626e-01,3.751569e-01,3.752717e-01,3.753607e-01,3.754712e-01,3.755499e-01,3.756243e-01,3.756733e-01,3.757174e-01,3.757842e-01,3.758596e-01,3.759102e-01,3.759353e-01,3.759350e-01,3.759298e-01,3.759056e-01,3.759316e-01,3.759527e-01,3.759712e-01,3.759488e-01,3.759264e-01,3.759515e-01,3.759702e-01,3.759684e-01,3.759461e-01,3.759033e-01,3.759081e-01,3.759268e-01,3.759251e-01,3.758825e-01,3.758338e-01,3.758731e-01,3.759599e-01,3.759992e-01,3.759567e-01,3.759142e-01,3.759189e-01,3.758970e-01,3.758878e-01,3.758314e-01,3.757750e-01,3.757594e-01,3.757644e-01,3.756878e-01,3.755162e-01,3.753179e-01,3.751809e-01,3.750441e-01,3.748265e-01,3.744009e-01,3.739427e-01,3.735198e-01,3.731381e-01,3.727843e-01,3.724047e-01,3.719005e-01,3.712262e-01,3.703121e-01,3.694228e-01,3.687918e-01,3.682410e-01,3.675374e-01,3.665747e-01,3.655727e-01,3.648812e-01,3.644011e-01,3.639793e-01,3.634833e-01,3.628951e-01,3.623652e-01,3.618698e-01,3.613436e-01,3.610299e-01,3.609021e-01,3.607745e-01,3.606722e-01,3.605700e-01,3.604680e-01,3.603913e-01,3.603147e-01,3.604226e-01,3.603461e-01,3.604615e-01,3.605947e-01,3.607028e-01,3.606265e-01,3.607346e-01,3.608177e-01,3.609008e-01,3.607994e-01,3.606729e-01,3.607308e-01,3.607888e-01,3.608215e-01,3.608794e-01,3.609374e-01,3.607859e-01,3.608439e-01,3.609018e-01,3.609674e-01,3.608412e-01,3.608993e-01,3.607732e-01,3.608313e-01,3.609146e-01,3.609474e-01,3.608215e-01,3.608796e-01,3.609124e-01,3.609705e-01,3.608195e-01,3.608524e-01,3.608852e-01,3.609181e-01,3.609257e-01,3.609586e-01,3.609915e-01,3.612083e-01,3.612412e-01,3.612741e-01,3.613070e-01,3.613399e-01,3.613728e-01,3.609962e-01,3.612129e-01,3.612458e-01,3.612787e-01,3.613117e-01,3.611190e-01,3.611266e-01,3.613433e-01,3.613763e-01,3.610001e-01,3.610077e-01,3.612496e-01,3.610572e-01,3.610978e-01,3.609310e-01,3.609893e-01,3.610476e-01,3.607234e-01,3.608070e-01,3.606662e-01,3.607498e-01,3.604267e-01,3.605356e-01,3.603954e-01,3.600987e-01,3.603895e-01,3.600679e-01,3.601767e-01,3.600451e-01,3.601287e-01,3.599895e-01,3.596694e-01,3.597529e-01,3.594084e-01,3.594666e-01,3.593033e-01,3.589348e-01,3.591480e-01,3.587800e-01,3.585925e-01,3.586003e-01,3.582338e-01,3.580471e-01,3.580801e-01,3.577150e-01,3.575369e-01,3.575949e-01,3.574342e-01,3.570960e-01,3.571540e-01,3.568165e-01,3.568745e-01,3.565379e-01,3.562270e-01,3.564616e-01,3.561262e-01,3.558165e-01,3.560504e-01,3.557162e-01,3.557741e-01,3.554406e-01,3.551080e-01,3.551658e-01,3.548173e-01,3.548750e-01,3.545193e-01,3.544027e-01,3.540482e-01,3.539075e-01,3.535542e-01,3.534140e-01,3.530374e-01,3.530702e-01,3.525471e-01,3.525798e-01,3.524408e-01,3.519200e-01,3.517898e-01,3.516516e-01,3.513042e-01,3.511665e-01,3.510290e-01,3.506832e-01,3.505462e-01,3.504094e-01,3.502727e-01,3.497601e-01,3.496242e-01,3.494884e-01,3.493528e-01,3.490494e-01,3.489142e-01,3.486119e-01,3.484772e-01,3.487151e-01,3.476709e-01,3.479076e-01,3.479780e-01,3.480485e-01,3.479524e-01,3.476524e-01,3.475566e-01,3.472575e-01,3.469590e-01,3.470291e-01,3.465663e-01,3.462693e-01,3.458089e-01,3.457147e-01,3.452562e-01,3.447991e-01,3.443435e-01,3.438893e-01,3.434451e-01,3.424754e-01,3.422235e-01,3.412618e-01,3.408174e-01,3.403743e-01,3.401263e-01,3.398788e-01,3.387760e-01,3.380276e-01,3.372832e-01,3.370407e-01,3.364553e-01,3.356840e-01,3.349287e-01,3.337113e-01,3.325039e-01,3.319707e-01,3.305958e-01,3.297080e-01,3.288256e-01,3.284410e-01,3.275887e-01,3.267417e-01,3.260758e-01,3.249529e-01,3.236977e-01,3.221424e-01,3.209119e-01,3.193557e-01,3.183902e-01,3.168617e-01,3.160777e-01,3.148484e-01,3.137615e-01,3.125525e-01,3.117721e-01,3.105804e-01,3.098113e-01,3.090754e-01,3.095829e-01,3.103986e-01,3.106445e-01,3.094427e-01,3.082799e-01,3.075526e-01,3.068090e-01,3.056682e-01,3.050863e-01,3.042410e-01,3.027287e-01,3.008259e-01,2.984596e-01,2.958935e-01,2.935831e-01,2.910022e-01,2.881426e-01,2.857954e-01,2.834319e-01,2.815952e-01,2.797103e-01,2.789104e-01,2.763416e-01,2.732914e-01,2.693965e-01,2.659647e-01,2.611693e-01,2.561940e-01,2.518074e-01,2.469434e-01,2.434224e-01,2.387654e-01,2.346205e-01,2.304614e-01,2.259658e-01,2.213764e-01,2.185889e-01,2.150170e-01,2.104477e-01,2.066120e-01,2.026912e-01,1.996401e-01,1.959891e-01,1.923672e-01,1.890847e-01,1.863465e-01,1.839103e-01,1.810523e-01,1.782848e-01,1.760703e-01,1.733077e-01,1.709873e-01,1.687302e-01,1.666200e-01,1.648974e-01,1.632212e-01,1.613714e-01,1.596293e-01,1.579355e-01,1.565116e-01,1.552457e-01,1.538766e-01,1.524646e-01,1.511510e-01,1.501356e-01,1.488682e-01,1.476188e-01,1.466528e-01,1.457002e-01,1.450774e-01,1.442118e-01,1.433481e-01,1.428020e-01,1.420198e-01,1.414805e-01,1.410531e-01,1.405258e-01,1.400517e-01,1.396338e-01,1.391702e-01,1.387061e-01,1.382882e-01,1.381035e-01,1.376933e-01,1.376125e-01,1.375318e-01,1.374550e-01,1.371466e-01,1.370160e-01,1.369904e-01,1.369107e-01,1.371590e-01,1.370828e-01,1.370622e-01,1.369445e-01,1.371509e-01,1.370330e-01,1.372903e-01,1.374975e-01,1.378112e-01,1.377991e-01,1.379604e-01,1.384000e-01,1.386745e-01,1.389373e-01,1.393867e-01,1.398349e-01,1.403426e-01,1.410360e-01,1.415523e-01,1.421132e-01,1.427732e-01,1.432334e-01,1.439592e-01,1.446788e-01,1.451554e-01,1.461439e-01,1.466878e-01,1.474347e-01,1.481844e-01,1.487984e-01,1.498417e-01,1.502918e-01,1.509533e-01,1.516869e-01,1.524854e-01,1.530141e-01,1.537631e-01,1.545242e-01,1.551316e-01,1.562608e-01,1.568157e-01,1.576690e-01,1.586044e-01,1.593556e-01,1.600651e-01,1.608897e-01,1.619995e-01,1.629156e-01,1.635904e-01,1.645090e-01,1.655276e-01,1.661395e-01,1.672484e-01,1.681013e-01,1.693092e-01,1.700221e-01,1.708253e-01,1.719774e-01,1.727190e-01,1.734672e-01,1.747495e-01,1.755157e-01,1.763727e-01,1.772323e-01,1.780208e-01,1.791992e-01,1.797878e-01,1.810852e-01,1.820820e-01,1.825095e-01,1.833403e-01,1.847832e-01,1.853982e-01,1.863502e-01,1.873072e-01,1.882795e-01,1.892687e-01,1.898286e-01,1.908279e-01,1.917567e-01,1.922364e-01,1.932804e-01,1.938885e-01,1.947496e-01,1.958333e-01,1.963577e-01,1.975654e-01,1.980934e-01,1.988845e-01,1.994195e-01,2.005556e-01,2.010798e-01,2.016139e-01,2.026509e-01,2.032859e-01,2.038190e-01,2.047523e-01,2.053880e-01,2.059323e-01,2.064668e-01,2.076396e-01,2.081832e-01,2.087298e-01,2.093914e-01,2.099445e-01,2.105006e-01,2.112956e-01,2.119267e-01,2.122047e-01,2.127102e-01,2.131016e-01,2.134184e-01,2.138946e-01,2.143468e-01,2.147630e-01,2.152892e-01,2.157167e-01,2.163234e-01,2.166402e-01,2.171309e-01,2.176296e-01,2.181384e-01,2.185908e-01,2.192275e-01,2.197574e-01,2.200244e-01,2.207291e-01,2.208649e-01,2.214545e-01,2.219203e-01,2.223134e-01,2.229717e-01,2.233545e-01,2.240746e-01,2.243155e-01,2.249797e-01,2.255007e-01,2.258782e-01,2.261454e-01,2.266577e-01,2.269901e-01,2.277265e-01,2.282545e-01,2.290143e-01,2.297726e-01,2.304053e-01,2.306753e-01,2.313940e-01,2.318138e-01,2.323916e-01,2.329049e-01,2.334122e-01,2.339306e-01,2.346852e-01,2.351322e-01,2.356577e-01,2.361167e-01,2.366691e-01,2.370784e-01,2.376043e-01,2.377755e-01,2.383287e-01,2.387193e-01,2.393477e-01,2.397501e-01,2.403041e-01,2.406381e-01,2.410448e-01,2.413723e-01,2.418537e-01,2.421110e-01,2.424333e-01,2.430083e-01,2.434144e-01,2.439038e-01,2.442391e-01,2.443286e-01,2.447475e-01,2.450109e-01,2.452664e-01,2.455308e-01,2.457873e-01,2.458116e-01,2.462512e-01,2.466936e-01,2.471118e-01,2.472203e-01,2.475644e-01,2.478422e-01,2.481881e-01,2.479425e-01,2.484425e-01,2.487061e-01,2.489443e-01,2.489440e-01,2.491826e-01,2.492766e-01,2.492502e-01,2.490965e-01,2.495066e-01,2.492583e-01,2.489326e-01,2.488473e-01,2.488630e-01,2.482082e-01,2.480547e-01,2.478344e-01,2.476975e-01,2.468822e-01,2.464889e-01,2.461802e-01,2.456982e-01,2.453177e-01,2.447658e-01,2.442827e-01,2.438091e-01,2.430218e-01,2.425537e-01,2.417754e-01,2.412567e-01,2.412806e-01,2.430039e-01,2.422230e-01,2.418623e-01,2.412794e-01,2.406926e-01,2.399436e-01,2.395206e-01,2.389353e-01,2.382762e-01,2.375440e-01,2.369778e-01,2.360195e-01,2.353701e-01,2.348005e-01,2.339280e-01,2.332183e-01,2.324244e-01,2.315710e-01,2.308621e-01,2.300854e-01,2.295290e-01,2.289674e-01,2.283310e-01,2.274402e-01,2.268895e-01,2.262173e-01,2.255431e-01,2.248655e-01,2.240702e-01,2.233492e-01,2.227592e-01,2.220530e-01,2.214052e-01,2.210303e-01,2.204534e-01,2.199591e-01,2.193881e-01,2.186334e-01,2.183338e-01,2.179125e-01,2.172956e-01,2.166824e-01,2.162489e-01,2.156419e-01,2.153435e-01,2.148660e-01,2.145774e-01,2.141160e-01,2.136993e-01,2.132555e-01,2.129304e-01,2.125990e-01,2.123354e-01,2.120726e-01,2.118646e-01,2.115565e-01,2.115368e-01,2.115822e-01,2.115479e-01,2.114072e-01,2.116668e-01,2.118264e-01,2.119666e-01,2.120109e-01,2.122178e-01,2.126007e-01,2.127666e-01,2.129204e-01,2.128857e-01,2.129850e-01,2.130979e-01,2.131376e-01,2.131164e-01,2.130529e-01,2.128145e-01,2.126176e-01,2.126757e-01,2.123705e-01,2.121746e-01,2.120455e-01,2.117424e-01,2.113731e-01,2.111780e-01,2.110247e-01,2.108959e-01,2.106485e-01,2.104016e-01,2.102085e-01,2.101735e-01,2.099929e-01,2.100364e-01,2.100014e-01,2.100979e-01,2.099054e-01,2.099488e-01,2.100452e-01,2.102599e-01,2.103566e-01,2.105321e-01,2.107479e-01,2.112037e-01,2.117019e-01,2.117595e-01,2.119790e-01,2.122653e-01,2.124315e-01,2.129626e-01,2.133062e-01,2.134068e-01,2.136295e-01,2.136556e-01,2.138788e-01,2.137351e-01,2.136465e-01,2.133814e-01,2.131715e-01,2.131504e-01,2.134271e-01,2.135825e-01,2.136086e-01,2.138740e-01,2.137728e-01,2.139836e-01,2.141397e-01,2.142971e-01,2.143108e-01,2.145778e-01,2.150106e-01,2.151555e-01,2.152323e-01,2.156740e-01,2.157373e-01,2.159812e-01,2.161273e-01,2.164411e-01,2.165664e-01,2.166856e-01,2.165677e-01,2.166443e-01,2.167072e-01,2.168393e-01,2.167690e-01,2.168884e-01,2.170774e-01,2.173801e-01,2.172603e-01,2.174424e-01,2.175755e-01,2.176390e-01,2.180135e-01,2.179500e-01,2.180137e-01,2.181485e-01,2.180913e-01,2.184101e-01,2.184881e-01,2.185227e-01,2.182308e-01,2.183929e-01,2.185607e-01,2.184676e-01,2.183002e-01,2.183618e-01,2.183661e-01,2.183057e-01,2.185079e-01,2.187104e-01,2.185568e-01,2.186370e-01,2.187953e-01,2.183154e-01,2.180345e-01,2.174931e-01,2.170016e-01,2.168361e-01,2.165381e-01,2.161240e-01,2.151423e-01,2.140478e-01,2.136227e-01,2.127715e-01,2.112730e-01,2.101983e-01,2.093615e-01,2.080135e-01,2.065626e-01,2.051391e-01,2.036123e-01,2.022100e-01,1.997710e-01,1.983237e-01,1.949552e-01,1.924744e-01,1.899325e-01,1.878643e-01,1.849271e-01,1.828229e-01,1.799189e-01,1.776886e-01,1.736470e-01,1.703240e-01,1.671363e-01,1.634145e-01,1.600844e-01,1.559614e-01,1.521252e-01,1.461986e-01,1.418026e-01,1.375167e-01,1.334734e-01,1.287457e-01,1.247638e-01,1.186841e-01,1.143901e-01,1.103230e-01,1.063819e-01,1.022178e-01,9.730199e-02,9.346984e-02,9.011392e-02,8.691243e-02,8.372238e-02,7.997738e-02,7.727474e-02,7.487215e-02,7.268320e-02,7.077891e-02,6.805704e-02,6.643242e-02,6.492233e-02,6.334132e-02,6.177033e-02,6.026800e-02,5.925684e-02,5.828422e-02,5.734420e-02,5.642860e-02,5.555541e-02,5.505522e-02,5.424145e-02,5.378673e-02,5.301140e-02,5.261150e-02,5.220578e-02,5.182840e-02,5.146766e-02,5.111951e-02,5.077897e-02,5.074274e-02,5.038668e-02,5.034675e-02,5.002833e-02,4.997433e-02,4.994801e-02,4.993142e-02,4.961415e-02,4.959248e-02,4.956128e-02,4.954589e-02,4.981903e-02,4.981272e-02,4.979797e-02,4.976515e-02,5.003507e-02,5.002959e-02,5.032253e-02,5.032043e-02,5.059998e-02,5.089999e-02,5.091009e-02,5.122198e-02,5.153611e-02,5.185461e-02,5.219920e-02,5.221388e-02,5.255991e-02,5.292897e-02,5.327780e-02,5.364274e-02,5.399399e-02,5.436756e-02,5.475419e-02,5.513110e-02,5.551360e-02,5.590354e-02,5.629752e-02,5.669171e-02,5.709933e-02,5.751142e-02,5.791213e-02,5.832930e-02,5.914501e-02,5.917012e-02,6.003157e-02,6.048932e-02,6.053453e-02,6.129214e-02,6.174097e-02,6.230829e-02,6.272942e-02,6.340101e-02,6.380609e-02,6.417676e-02,6.486387e-02,6.533253e-02,6.593022e-02,6.637894e-02,6.709690e-02,6.749488e-02,6.816418e-02,6.866928e-02,6.910543e-02,6.980017e-02,7.029104e-02,7.097654e-02,7.140177e-02,7.206764e-02,7.250051e-02,7.313717e-02,7.364780e-02,7.418776e-02,7.463125e-02,7.528523e-02,7.574211e-02,7.632940e-02,7.676104e-02,7.739675e-02,7.782311e-02,7.845043e-02,7.889666e-02,7.923653e-02,7.988631e-02,8.054670e-02,8.096208e-02,8.152409e-02,8.194934e-02,8.250644e-02,8.284037e-02,8.344679e-02,8.375041e-02,8.424593e-02,8.456758e-02,8.517270e-02,8.548176e-02,8.593124e-02,8.618587e-02,8.672342e-02,8.688470e-02,8.712384e-02,8.738547e-02,8.774134e-02,8.819373e-02,8.815834e-02,8.852042e-02,8.869542e-02,8.894467e-02,8.881350e-02,8.918085e-02,8.933650e-02,8.951464e-02,8.957467e-02,8.953811e-02,8.991130e-02,8.977728e-02,8.993493e-02,8.999548e-02,8.995857e-02,9.001914e-02,8.988484e-02,9.016278e-02,9.032170e-02,9.017949e-02,9.024034e-02,9.010538e-02,9.006839e-02,9.012908e-02,8.999449e-02,9.005509e-02,9.013800e-02,9.010799e-02,9.007802e-02,8.995110e-02,8.992828e-02,9.021317e-02,8.998805e-02,9.028024e-02,9.005489e-02,9.033332e-02,9.052194e-02,9.050705e-02,9.068928e-02,9.086518e-02,9.094233e-02,9.123525e-02,9.141334e-02,9.149147e-02,9.156266e-02,9.196791e-02,9.194534e-02,9.225877e-02,9.244808e-02,9.266933e-02,9.275681e-02,9.319407e-02,9.318528e-02,9.351401e-02,9.361732e-02,9.384311e-02,9.417685e-02,9.427418e-02,9.426503e-02,9.459362e-02,9.468449e-02,9.490858e-02,9.489198e-02,9.522482e-02,9.531683e-02,9.553582e-02,9.551897e-02,9.585689e-02,9.583991e-02,9.606857e-02,9.616213e-02,9.639227e-02,9.637590e-02,9.661433e-02,9.670889e-02,9.694152e-02,9.691678e-02,9.715039e-02,9.723948e-02,9.736102e-02,9.770350e-02,9.767840e-02,9.790825e-02,9.802404e-02,9.825647e-02,9.822373e-02,9.845622e-02,9.868982e-02,9.854784e-02,9.878285e-02,9.901804e-02,9.913655e-02,9.911076e-02,9.922950e-02,9.946685e-02,9.958746e-02,9.982655e-02,1.000668e-01,1.003082e-01,1.001616e-01,1.004034e-01,1.005339e-01,1.007776e-01,1.009004e-01,1.010235e-01,1.009979e-01,1.011138e-01,1.012375e-01,1.014846e-01,1.016017e-01,1.017201e-01,1.015618e-01,1.018107e-01,1.019210e-01,1.020403e-01,1.018810e-01,1.019991e-01,1.021100e-01,1.019439e-01,1.020622e-01,1.021733e-01,1.022847e-01,1.023964e-01,1.025083e-01,1.023408e-01,1.023192e-01,1.024311e-01,1.025433e-01,1.026557e-01,1.027697e-01,1.028751e-01,1.029885e-01,1.029668e-01,1.030728e-01,1.031792e-01,1.032793e-01,1.032499e-01,1.033492e-01,1.034411e-01,1.034052e-01,1.034897e-01,1.035744e-01,1.035296e-01,1.039047e-01,1.038534e-01,1.039393e-01,1.038867e-01,1.042658e-01,1.042221e-01,1.043091e-01,1.045592e-01,1.046471e-01,1.046098e-01,1.049973e-01,1.049521e-01,1.052065e-01,1.052963e-01,1.056826e-01,1.059337e-01,1.060177e-01,1.062710e-01,1.062177e-01,1.066037e-01,1.065516e-01,1.069488e-01,1.072082e-01,1.071547e-01,1.075654e-01,1.075196e-01,1.078002e-01,1.080732e-01,1.080430e-01,1.083335e-01,1.086257e-01,1.085969e-01,1.089068e-01,1.088845e-01,1.093432e-01,1.093302e-01,1.096526e-01,1.099770e-01,1.099785e-01,1.103128e-01,1.103159e-01,1.106602e-01,1.106698e-01,1.110162e-01,1.110274e-01,1.113760e-01,1.113937e-01,1.117525e-01,1.117719e-01,1.117897e-01,1.121507e-01,1.120142e-01,1.120336e-01,1.120596e-01,1.124220e-01,1.124399e-01,1.124594e-01,1.124855e-01,1.125034e-01,1.121764e-01,1.120417e-01,1.120595e-01,1.117352e-01,1.114047e-01,1.109331e-01,1.109523e-01,1.106264e-01,1.099709e-01,1.095112e-01,1.091937e-01,1.085560e-01,1.081001e-01,1.074656e-01,1.071595e-01,1.063961e-01,1.057806e-01,1.050371e-01,1.044365e-01,1.034153e-01,1.028323e-01,1.018333e-01,1.012672e-01,1.005820e-01,9.976200e-02,9.909702e-02,9.818081e-02,9.766045e-02,9.676981e-02,9.614926e-02,9.539779e-02,9.479424e-02,9.395359e-02,9.347645e-02,9.265830e-02,9.219343e-02,9.162870e-02,9.083452e-02,9.027869e-02,8.972936e-02,8.918642e-02,8.874787e-02,8.820915e-02,8.768361e-02,8.695358e-02,8.644231e-02,8.623521e-02,8.573200e-02,8.543690e-02,8.485259e-02,8.457008e-02,8.408538e-02,8.388890e-02,8.360584e-02,8.331772e-02,8.303829e-02,8.256338e-02,8.228874e-02,8.200903e-02,8.154513e-02,8.108616e-02,8.073221e-02,8.046188e-02,7.992727e-02,7.948520e-02,7.922289e-02,7.896217e-02,7.845262e-02,7.819659e-02,7.794211e-02,7.768914e-02,7.736230e-02,7.694644e-02,7.662543e-02,7.638033e-02,7.613668e-02,7.589444e-02,7.558154e-02,7.534188e-02,7.503973e-02,7.496152e-02,7.465572e-02,7.457817e-02,7.443074e-02,7.450291e-02,7.435567e-02,7.427861e-02,7.428067e-02,7.435259e-02,7.412964e-02,7.435679e-02,7.420331e-02,7.420537e-02,7.412189e-02,7.427934e-02,7.418914e-02,7.403028e-02,7.396280e-02,7.387312e-02,7.386856e-02,7.370988e-02,7.355172e-02,7.361593e-02,7.323779e-02,7.307472e-02,7.298647e-02,7.283067e-02,7.251999e-02,7.236577e-02,7.213038e-02,7.183976e-02,7.160726e-02,7.145613e-02,7.131191e-02,7.101852e-02,7.074729e-02,7.066943e-02,7.038706e-02,7.025284e-02,7.011906e-02,6.998573e-02,6.979131e-02,6.979813e-02,6.967221e-02,6.967898e-02,6.955344e-02,6.944242e-02,6.951854e-02,6.946320e-02,6.933836e-02,6.921393e-02,6.922686e-02,6.912312e-02,6.913600e-02,6.928607e-02,6.916179e-02,6.917470e-02,6.900346e-02,6.902263e-02,6.903547e-02,6.904832e-02,6.893871e-02,6.881557e-02,6.869284e-02,6.850377e-02,6.851638e-02,6.840315e-02,6.828178e-02,6.809474e-02,6.810086e-02,6.792821e-02,6.798747e-02,6.780177e-02,6.761818e-02,6.762411e-02,6.745353e-02,6.732888e-02,6.714639e-02,6.715335e-02,6.686236e-02,6.673964e-02,6.668774e-02,6.656556e-02,6.627436e-02,6.614731e-02,6.597057e-02,6.584578e-02,6.555910e-02,6.524983e-02,6.507256e-02,6.506510e-02,6.477352e-02,6.464506e-02,6.445822e-02,6.432454e-02,6.402629e-02,5.513411e-03,5.513411e-03,5.513411e-03,5.513411e-03,5.513411e-03,5.513411e-03,5.513411e-03,5.513411e-03,5.513411e-03,5.513411e-03,5.513411e-03,5.513411e-03,5.513411e-03,5.513411e-03,5.513411e-03,5.513411e-03,5.513411e-03,5.513411e-03,5.513411e-03,5.513411e-03,5.513411e-03,5.513411e-03,5.513411e-03,5.513411e-03,5.513411e-03,5.513411e-03,5.513411e-03,5.513411e-03,5.513411e-03,5.513411e-03,5.513411e-03,5.513411e-03,5.513411e-03,5.513411e-03,5.513411e-03,5.513411e-03,5.513411e-03,5.513411e-03,5.513411e-03,5.513411e-03,5.513411e-03,5.513411e-03,5.513411e-03,5.513411e-03,5.513411e-03,5.513411e-03,5.513411e-03,5.513411e-03,5.513411e-03,5.513411e-03,5.513411e-03,5.513411e-03,5.513411e-03,5.513411e-03,5.513411e-03,5.513411e-03,5.513411e-03,5.513411e-03,5.513411e-03,5.513411e-03,5.513411e-03,5.513411e-03,5.513411e-03,5.513411e-03,5.513411e-03,5.513411e-03,5.513411e-03,5.513411e-03,5.513411e-03,5.513411e-03,5.513411e-03,5.513411e-03,5.513411e-03,5.513411e-03,5.513411e-03,5.513411e-03,5.513411e-03,5.513411e-03,5.513411e-03,5.513411e-03,5.513411e-03,5.513411e-03,5.513411e-03,5.513411e-03,5.513411e-03,5.513411e-03,5.513411e-03,5.513411e-03,5.513411e-03,5.513411e-03,5.513411e-03,5.513411e-03,5.513411e-03,5.513411e-03,5.513411e-03,5.513411e-03,5.513411e-03,5.513411e-03,5.513411e-03,5.513411e-03,5.513411e-03,5.513411e-03,5.513411e-03,5.513411e-03,5.513411e-03,5.513411e-03,5.513411e-03,5.513411e-03,5.513411e-03,5.513411e-03,5.513411e-03,5.513411e-03,5.513411e-03,5.513411e-03,5.513411e-03,5.513411e-03,5.513411e-03,5.513411e-03,5.513411e-03,5.513411e-03,5.513411e-03,5.513411e-03,5.513411e-03,5.513411e-03,5.513411e-03,5.513411e-03,5.513411e-03,5.513411e-03,5.513411e-03,5.513411e-03,5.513411e-03,5.513411e-03,5.513411e-03,5.513411e-03,5.513411e-03,5.513411e-03,5.513411e-03,5.513411e-03,5.513411e-03,5.513411e-03,5.513411e-03,5.513411e-03,5.513411e-03,5.513411e-03,5.513411e-03,5.513411e-03,5.513411e-03,5.513411e-03,5.513411e-03,5.513411e-03,5.513411e-03,5.513411e-03,5.513411e-03,5.513411e-03,5.513411e-03,5.513411e-03,5.513411e-03,5.513411e-03,5.513411e-03,5.513411e-03,5.513411e-03
2.462875e-02,2.460005e-02,2.456502e-02,2.453053e-02,2.449655e-02,2.446299e-02,2.442311e-02,2.438994e-02,2.435677e-02,2.431690e-02,2.428350e-02,2.424331e-02,2.421001e-02,2.417699e-02,2.413743e-02,2.410458e-02,2.407176e-02,2.403892e-02,2.401277e-02,2.397990e-02,2.395342e-02,2.392666e-02,2.389992e-02,2.387982e-02,2.386002e-02,2.383347e-02,2.381334e-02,2.379964e-02,2.377949e-02,2.375939e-02,2.374570e-02,2.372529e-02,2.371164e-02,2.369150e-02,2.367810e-02,2.366476e-02,2.364481e-02,2.363165e-02,2.361853e-02,2.359891e-02,2.358610e-02,2.357375e-02,2.355508e-02,2.354314e-02,2.352501e-02,2.351406e-02,2.350350e-02,2.348677e-02,2.347801e-02,2.347052e-02,2.345804e-02,2.345405e-02,2.345263e-02,2.345299e-02,2.345495e-02,2.345820e-02,2.346962e-02,2.347616e-02,2.348278e-02,2.349481e-02,2.349941e-02,2.350332e-02,2.351024e-02,2.350971e-02,2.351618e-02,2.351789e-02,2.352423e-02,2.352962e-02,2.352645e-02,2.353085e-02,2.353528e-02,2.353032e-02,2.353275e-02,2.353617e-02,2.353334e-02,2.353692e-02,2.354126e-02,2.355083e-02,2.355410e-02,2.356436e-02,2.357610e-02,2.358758e-02,2.361076e-02,2.363708e-02,2.366389e-02,2.370412e-02,2.375288e-02,2.380690e-02,2.387963e-02,2.396288e-02,2.406396e-02,2.417639e-02,2.431775e-02,2.448118e-02,2.467473e-02,2.489555e-02,2.516082e-02,2.546566e-02,2.581878e-02,2.622881e-02,2.669983e-02,2.723277e-02,2.783561e-02,2.852144e-02,2.929721e-02,3.015816e-02,3.112250e-02,3.219458e-02,3.337465e-02,3.465379e-02,3.605759e-02,3.758458e-02,3.922982e-02,4.099998e-02,4.287997e-02,4.480886e-02,4.678708e-02,4.877787e-02,5.073968e-02,5.263744e-02,5.442394e-02,5.605272e-02,5.750195e-02,5.871031e-02,5.963919e-02,6.026841e-02,6.057370e-02,6.061366e-02,6.038610e-02,5.992026e-02,5.926929e-02,5.847146e-02,5.758134e-02,5.653762e-02,5.544460e-02,5.430312e-02,5.315220e-02,5.199077e-02,5.087590e-02,4.978513e-02,4.876547e-02,4.776580e-02,4.681727e-02,4.597768e-02,4.518191e-02,4.448942e-02,4.384037e-02,4.328024e-02,4.274708e-02,4.226919e-02,4.184024e-02,4.142476e-02,4.104108e-02,4.067178e-02,4.031603e-02,3.996124e-02,3.960760e-02,3.928350e-02,3.894657e-02,3.862188e-02,3.831506e-02,3.801268e-02,3.766718e-02,3.730085e-02,3.690430e-02,3.647540e-02,3.602772e-02,3.553842e-02,3.504345e-02,3.453291e-02,3.402006e-02,3.350980e-02,3.301020e-02,3.253056e-02,3.207984e-02,3.164795e-02,3.124376e-02,3.086605e-02,3.052257e-02,3.019489e-02,2.988833e-02,2.959911e-02,2.933249e-02,2.907923e-02,2.884545e-02,2.861996e-02,2.841319e-02,2.822411e-02,2.804996e-02,2.788129e-02,2.773586e-02,2.760060e-02,2.747695e-02,2.735389e-02,2.725196e-02,2.715890e-02,2.707011e-02,2.698738e-02,2.690147e-02,2.681360e-02,2.671580e-02,2.661322e-02,2.650903e-02,2.639026e-02,2.625416e-02,2.611687e-02,2.596210e-02,2.579733e-02,2.562243e-02,2.544562e-02,2.526230e-02,2.508342e-02,2.490003e-02,2.472156e-02,2.454415e-02,2.437271e-02,2.421275e-02,2.406308e-02,2.392426e-02,2.379878e-02,2.368989e-02,2.358275e-02,2.349777e-02,2.342175e-02,2.336351e-02,2.330757e-02,2.325928e-02,2.322234e-02,2.319398e-02,2.316378e-02,2.312899e-02,2.309856e-02,2.305782e-02,2.299757e-02,2.293211e-02,2.284858e-02,2.275149e-02,2.262777e-02,2.250054e-02,2.236244e-02,2.222538e-02,2.207807e-02,2.193287e-02,2.178932e-02,2.165302e-02,2.152387e-02,2.141307e-02,2.130752e-02,2.121327e-02,2.114083e-02,2.107122e-02,2.101883e-02,2.096565e-02,2.092291e-02,2.087387e-02,2.082942e-02,2.077692e-02,2.072685e-02,2.066920e-02,2.061583e-02,2.055800e-02,2.050727e-02,2.045570e-02,2.041547e-02,2.038136e-02,2.034632e-02,2.032295e-02,2.029905e-02,2.028520e-02,2.026858e-02,2.026047e-02,2.024832e-02,2.024393e-02,2.023437e-02,2.023195e-02,2.022410e-02,2.022309e-02,2.021682e-02,2.021109e-02,2.021385e-02,2.021155e-02,2.022078e-02,2.022780e-02,2.024606e-02,2.028391e-02,2.034303e-02,2.043714e-02,2.059433e-02,2.082261e-02,2.116672e-02,2.165723e-02,2.234156e-02,2.325174e-02,2.444736e-02,2.595985e-02,2.778485e-02,2.997343e-02,3.252287e-02,3.543544e-02,3.866570e-02,4.222154e-02,4.606701e-02,5.014446e-02,5.441528e-02,5.887378e-02,6.347000e-02,6.821559e-02,7.308442e-02,7.808731e-02,8.330354e-02,8.860924e-02,9.404416e-02,9.964060e-02,1.054035e-01,1.113560e-01,1.174629e-01,1.237666e-01,1.302435e-01,1.368810e-01,1.437111e-01,1.509104e-01,1.580797e-01,1.654237e-01,1.728405e-01,1.804570e-01,1.881940e-01,1.960481e-01,2.039864e-01,2.119995e-01,2.200597e-01,2.281424e-01,2.362029e-01,2.443258e-01,2.524509e-01,2.603994e-01,2.682697e-01,2.760905e-01,2.837441e-01,2.911951e-01,2.985905e-01,3.057386e-01,3.124295e-01,3.190465e-01,3.252573e-01,3.313511e-01,3.370217e-01,3.425492e-01,3.476131e-01,3.524777e-01,3.569757e-01,3.612235e-01,3.653400e-01,3.695384e-01,3.739613e-01,3.783314e-01,3.829167e-01,3.874494e-01,3.920367e-01,3.968349e-01,4.015364e-01,4.064506e-01,4.110707e-01,4.158713e-01,4.206814e-01,4.253115e-01,4.300852e-01,4.348342e-01,4.395315e-01,4.439653e-01,4.484873e-01,4.529098e-01,4.571949e-01,4.613119e-01,4.652592e-01,4.689863e-01,4.724775e-01,4.757150e-01,4.786529e-01,4.812734e-01,4.835484e-01,4.854587e-01,4.866974e-01,4.881862e-01,4.896815e-01,4.911883e-01,4.927010e-01,4.942363e-01,4.957889e-01,4.970849e-01,4.986497e-01,5.002249e-01,5.015539e-01,5.031652e-01,5.045141e-01,5.058652e-01,5.072289e-01,5.086057e-01,5.102588e-01,5.116566e-01,5.130620e-01,5.144745e-01,5.158960e-01,5.173236e-01,5.187605e-01,5.199267e-01,5.213831e-01,5.228498e-01,5.243187e-01,5.258147e-01,5.270099e-01,5.285176e-01,5.297327e-01,5.309532e-01,5.324883e-01,5.337253e-01,5.349697e-01,5.362174e-01,5.374684e-01,5.387312e-01,5.400085e-01,5.412868e-01,5.425557e-01,5.438349e-01,5.448061e-01,5.461080e-01,5.473887e-01,5.483155e-01,5.496277e-01,5.509391e-01,5.522016e-01,5.531775e-01,5.541625e-01,5.554597e-01,5.564247e-01,5.574403e-01,5.588133e-01,5.598216e-01,5.608550e-01,5.619059e-01,5.632983e-01,5.643516e-01,5.654196e-01,5.664913e-01,5.675603e-01,5.686475e-01,5.697402e-01,5.708354e-01,5.719440e-01,5.730567e-01,5.741567e-01,5.752907e-01,5.764206e-01,5.771721e-01,5.783118e-01,5.790801e-01,5.802247e-01,5.813649e-01,5.821504e-01,5.833214e-01,5.840865e-01,5.852626e-01,5.860504e-01,5.872227e-01,5.880175e-01,5.888114e-01,5.895928e-01,5.907785e-01,5.915769e-01,5.923797e-01,5.932001e-01,5.944067e-01,5.951925e-01,5.959973e-01,5.968160e-01,5.976059e-01,5.984137e-01,5.992356e-01,6.000380e-01,6.008658e-01,6.016853e-01,6.024889e-01,6.028933e-01,6.037300e-01,6.045564e-01,6.053921e-01,6.058117e-01,6.066693e-01,6.075280e-01,6.083515e-01,6.087810e-01,6.096442e-01,6.104861e-01,6.109081e-01,6.113440e-01,6.122277e-01,6.126544e-01,6.134966e-01,6.139364e-01,6.148193e-01,6.152269e-01,6.156547e-01,6.160879e-01,6.164872e-01,6.168993e-01,6.173468e-01,6.177907e-01,6.182112e-01,6.185960e-01,6.190102e-01,6.194451e-01,6.198808e-01,6.202868e-01,6.206596e-01,6.210533e-01,6.214846e-01,6.219210e-01,6.222983e-01,6.225897e-01,6.229476e-01,6.233563e-01,6.237610e-01,6.240770e-01,6.242697e-01,6.245615e-01,6.248934e-01,6.252007e-01,6.254999e-01,6.257955e-01,6.260326e-01,6.261039e-01,6.262117e-01,6.264602e-01,6.266312e-01,6.268171e-01,6.270464e-01,6.271537e-01,6.270207e-01,6.269980e-01,6.271161e-01,6.272985e-01,6.272166e-01,6.267687e-01,6.266831e-01,6.267381e-01,6.266683e-01,6.265238e-01,6.263285e-01,6.262588e-01,6.262560e-01,6.256896e-01,6.244214e-01,6.237971e-01,6.234840e-01,6.228622e-01,6.221847e-01,6.215663e-01,6.211339e-01,6.207066e-01,6.204595e-01,6.202985e-01,6.199951e-01,6.195045e-01,6.195119e-01,6.198153e-01,6.200214e-01,6.202031e-01,6.204048e-01,6.206481e-01,6.210189e-01,6.212735e-01,6.216403e-01,6.219615e-01,6.222122e-01,6.225755e-01,6.228219e-01,6.231397e-01,6.235200e-01,6.240003e-01,6.243819e-01,6.248938e-01,6.253977e-01,6.259117e-01,6.263641e-01,6.269442e-01,6.274667e-01,6.280535e-01,6.285904e-01,6.292436e-01,6.299037e-01,6.304927e-01,6.311084e-01,6.318327e-01,6.325162e-01,6.331119e-01,6.337289e-01,6.344015e-01,6.350870e-01,6.357656e-01,6.365040e-01,6.371955e-01,6.378834e-01,6.385732e-01,6.393280e-01,6.399555e-01,6.406511e-01,6.413487e-01,6.421153e-01,6.428283e-01,6.435966e-01,6.443760e-01,6.451013e-01,6.458855e-01,6.466152e-01,6.473357e-01,6.480068e-01,6.488062e-01,6.494814e-01,6.501560e-01,6.508350e-01,6.516551e-01,6.524081e-01,6.531633e-01,6.539147e-01,6.546745e-01,6.554304e-01,6.561175e-01,6.568065e-01,6.574422e-01,6.582001e-01,6.589848e-01,6.596752e-01,6.601692e-01,6.606640e-01,6.612140e-01,6.618561e-01,6.624997e-01,6.631450e-01,6.637186e-01,6.643669e-01,6.649432e-01,6.655208e-01,6.660444e-01,6.666312e-01,6.671383e-01,6.675976e-01,6.680389e-01,6.684998e-01,6.690362e-01,6.695548e-01,6.700260e-01,6.704972e-01,6.708941e-01,6.713682e-01,6.717608e-01,6.722309e-01,6.725447e-01,6.729348e-01,6.732508e-01,6.735602e-01,6.738657e-01,6.742411e-01,6.746110e-01,6.749064e-01,6.751949e-01,6.754030e-01,6.756807e-01,6.758819e-01,6.761487e-01,6.764157e-01,6.765875e-01,6.767649e-01,6.769310e-01,6.770841e-01,6.772446e-01,6.773921e-01,6.775266e-01,6.775083e-01,6.775671e-01,6.776916e-01,6.778089e-01,6.779277e-01,6.778862e-01,6.778390e-01,6.777917e-01,6.777329e-01,6.777514e-01,6.776868e-01,6.776938e-01,6.776184e-01,6.775383e-01,6.773761e-01,6.772087e-01,6.771140e-01,6.770905e-01,6.769854e-01,6.767983e-01,6.765294e-01,6.762556e-01,6.759006e-01,6.757702e-01,6.756347e-01,6.754967e-01,6.752060e-01,6.749157e-01,6.747785e-01,6.746410e-01,6.744276e-01,6.741384e-01,6.737736e-01,6.735615e-01,6.734248e-01,6.732126e-01,6.728494e-01,6.725551e-01,6.724945e-01,6.725854e-01,6.725249e-01,6.721629e-01,6.718015e-01,6.715230e-01,6.712377e-01,6.708855e-01,6.703838e-01,6.698831e-01,6.695325e-01,6.692568e-01,6.686843e-01,6.677439e-01,6.667328e-01,6.659461e-01,6.651619e-01,6.640887e-01,6.623615e-01,6.604379e-01,6.587364e-01,6.571885e-01,6.557227e-01,6.541942e-01,6.523216e-01,6.497823e-01,6.465170e-01,6.433626e-01,6.411090e-01,6.391392e-01,6.366652e-01,6.333214e-01,6.298950e-01,6.275162e-01,6.258434e-01,6.243676e-01,6.226562e-01,6.206537e-01,6.188490e-01,6.170681e-01,6.152915e-01,6.141231e-01,6.135485e-01,6.129754e-01,6.124088e-01,6.118436e-01,6.112798e-01,6.107225e-01,6.101665e-01,6.101912e-01,6.096366e-01,6.096663e-01,6.096959e-01,6.097206e-01,6.091673e-01,6.091920e-01,6.092118e-01,6.092316e-01,6.086747e-01,6.081143e-01,6.081292e-01,6.081440e-01,6.081540e-01,6.081688e-01,6.081837e-01,6.076198e-01,6.076347e-01,6.076495e-01,6.076695e-01,6.071119e-01,6.071268e-01,6.065707e-01,6.065855e-01,6.066053e-01,6.066153e-01,6.060606e-01,6.060754e-01,6.060854e-01,6.061003e-01,6.055421e-01,6.055521e-01,6.055622e-01,6.055722e-01,6.055773e-01,6.055873e-01,6.055973e-01,6.061754e-01,6.061854e-01,6.061953e-01,6.062053e-01,6.062153e-01,6.062253e-01,6.060052e-01,6.065840e-01,6.065940e-01,6.066040e-01,6.066139e-01,6.069632e-01,6.069682e-01,6.075491e-01,6.075590e-01,6.073377e-01,6.073427e-01,6.079294e-01,6.082803e-01,6.082952e-01,6.086516e-01,6.086665e-01,6.086815e-01,6.084692e-01,6.084891e-01,6.088508e-01,6.088708e-01,6.086583e-01,6.086834e-01,6.090453e-01,6.088378e-01,6.094380e-01,6.092252e-01,6.092503e-01,6.096180e-01,6.096381e-01,6.100015e-01,6.097882e-01,6.098083e-01,6.095901e-01,6.096052e-01,6.099634e-01,6.097399e-01,6.103269e-01,6.101031e-01,6.104568e-01,6.104616e-01,6.102377e-01,6.105916e-01,6.106015e-01,6.103775e-01,6.107363e-01,6.107513e-01,6.111109e-01,6.108917e-01,6.109068e-01,6.106878e-01,6.107029e-01,6.104841e-01,6.102707e-01,6.108635e-01,6.106446e-01,6.104312e-01,6.110243e-01,6.108053e-01,6.108204e-01,6.106016e-01,6.103831e-01,6.103983e-01,6.101795e-01,6.101947e-01,6.099715e-01,6.094115e-01,6.091891e-01,6.086260e-01,6.084045e-01,6.078434e-01,6.076176e-01,6.076276e-01,6.068387e-01,6.068487e-01,6.062917e-01,6.055076e-01,6.049590e-01,6.044068e-01,6.041897e-01,6.036395e-01,6.030907e-01,6.028749e-01,6.023280e-01,6.017825e-01,6.012384e-01,6.004722e-01,5.999313e-01,5.993917e-01,5.988535e-01,5.977709e-01,5.972367e-01,5.961620e-01,5.956316e-01,5.953207e-01,5.938214e-01,5.935131e-01,5.926719e-01,5.918339e-01,5.904710e-01,5.894288e-01,5.880806e-01,5.870496e-01,5.860234e-01,5.852104e-01,5.836806e-01,5.826701e-01,5.811579e-01,5.798595e-01,5.783664e-01,5.768836e-01,5.754107e-01,5.739477e-01,5.725011e-01,5.703801e-01,5.686660e-01,5.665820e-01,5.651774e-01,5.637819e-01,5.621193e-01,5.604695e-01,5.580076e-01,5.557558e-01,5.535274e-01,5.519424e-01,5.501915e-01,5.487142e-01,5.465549e-01,5.438220e-01,5.411240e-01,5.387965e-01,5.364064e-01,5.346150e-01,5.328389e-01,5.316443e-01,5.298964e-01,5.281631e-01,5.262112e-01,5.237339e-01,5.209043e-01,5.179610e-01,5.152096e-01,5.129311e-01,5.115520e-01,5.093141e-01,5.077466e-01,5.056910e-01,5.040070e-01,5.019894e-01,5.004757e-01,4.984934e-01,4.970062e-01,4.949942e-01,4.938719e-01,4.928925e-01,4.916508e-01,4.897528e-01,4.873575e-01,4.854417e-01,4.835425e-01,4.812219e-01,4.791791e-01,4.765443e-01,4.738824e-01,4.708384e-01,4.671505e-01,4.629545e-01,4.594051e-01,4.546665e-01,4.492499e-01,4.446055e-01,4.390237e-01,4.334161e-01,4.269910e-01,4.223344e-01,4.150996e-01,4.077686e-01,3.998842e-01,3.934232e-01,3.845320e-01,3.759467e-01,3.676622e-01,3.585117e-01,3.520972e-01,3.432624e-01,3.350110e-01,3.271284e-01,3.184727e-01,3.102021e-01,3.046921e-01,2.982439e-01,2.900778e-01,2.833067e-01,2.767826e-01,2.714928e-01,2.655095e-01,2.597618e-01,2.543171e-01,2.498263e-01,2.461419e-01,2.418495e-01,2.377034e-01,2.343635e-01,2.304187e-01,2.272024e-01,2.240727e-01,2.210493e-01,2.186650e-01,2.163301e-01,2.139807e-01,2.116981e-01,2.094619e-01,2.077583e-01,2.061216e-01,2.044723e-01,2.028253e-01,2.012228e-01,2.001176e-01,1.985579e-01,1.970184e-01,1.959563e-01,1.949048e-01,1.943324e-01,1.933152e-01,1.923080e-01,1.917673e-01,1.907927e-01,1.902576e-01,1.897601e-01,1.892326e-01,1.887228e-01,1.882327e-01,1.877300e-01,1.872277e-01,1.867446e-01,1.866794e-01,1.862009e-01,1.861695e-01,1.861382e-01,1.861088e-01,1.856643e-01,1.856164e-01,1.856038e-01,1.855726e-01,1.859875e-01,1.859582e-01,1.859437e-01,1.858976e-01,1.862973e-01,1.862511e-01,1.866690e-01,1.870718e-01,1.875123e-01,1.874976e-01,1.878888e-01,1.887210e-01,1.891517e-01,1.895821e-01,1.904306e-01,1.912843e-01,1.921652e-01,1.934784e-01,1.943786e-01,1.953027e-01,1.966407e-01,1.975478e-01,1.989342e-01,2.003366e-01,2.012790e-01,2.032012e-01,2.041895e-01,2.056636e-01,2.071608e-01,2.082043e-01,2.102583e-01,2.112710e-01,2.128016e-01,2.143788e-01,2.159977e-01,2.170870e-01,2.187229e-01,2.203862e-01,2.215423e-01,2.238556e-01,2.250233e-01,2.268021e-01,2.286371e-01,2.304258e-01,2.317088e-01,2.335707e-01,2.355637e-01,2.375140e-01,2.388528e-01,2.408531e-01,2.429191e-01,2.442905e-01,2.464400e-01,2.479386e-01,2.501867e-01,2.516666e-01,2.531991e-01,2.555080e-01,2.570564e-01,2.586237e-01,2.610660e-01,2.626830e-01,2.643536e-01,2.660407e-01,2.677208e-01,2.702713e-01,2.712110e-01,2.738707e-01,2.757200e-01,2.766260e-01,2.784400e-01,2.812849e-01,2.823043e-01,2.842342e-01,2.861967e-01,2.881820e-01,2.902017e-01,2.912487e-01,2.933074e-01,2.953612e-01,2.963997e-01,2.985415e-01,2.996526e-01,3.017511e-01,3.039751e-01,3.050787e-01,3.073999e-01,3.085356e-01,3.107212e-01,3.118829e-01,3.142675e-01,3.154506e-01,3.166496e-01,3.190630e-01,3.203337e-01,3.215720e-01,3.240150e-01,3.253278e-01,3.266075e-01,3.278975e-01,3.305431e-01,3.318667e-01,3.332016e-01,3.345954e-01,3.359540e-01,3.373245e-01,3.388115e-01,3.401246e-01,3.410561e-01,3.423242e-01,3.435520e-01,3.448675e-01,3.460300e-01,3.474320e-01,3.484599e-01,3.500316e-01,3.510834e-01,3.523454e-01,3.533520e-01,3.545774e-01,3.558057e-01,3.570505e-01,3.581494e-01,3.594684e-01,3.607420e-01,3.616430e-01,3.631504e-01,3.639995e-01,3.652042e-01,3.663589e-01,3.673566e-01,3.684867e-01,3.697628e-01,3.710838e-01,3.720335e-01,3.732023e-01,3.743026e-01,3.753469e-01,3.760521e-01,3.771702e-01,3.780579e-01,3.794378e-01,3.805859e-01,3.817010e-01,3.831183e-01,3.841841e-01,3.849189e-01,3.858866e-01,3.867032e-01,3.876060e-01,3.886252e-01,3.896429e-01,3.903728e-01,3.913723e-01,3.922159e-01,3.932623e-01,3.941227e-01,3.948658e-01,3.952314e-01,3.962883e-01,3.966939e-01,3.974544e-01,3.981310e-01,3.990952e-01,3.997856e-01,4.005518e-01,4.010479e-01,4.017458e-01,4.022376e-01,4.031422e-01,4.034351e-01,4.042634e-01,4.050565e-01,4.057625e-01,4.066850e-01,4.071904e-01,4.077443e-01,4.084684e-01,4.087700e-01,4.094133e-01,4.097164e-01,4.103631e-01,4.103717e-01,4.111074e-01,4.115065e-01,4.122380e-01,4.124670e-01,4.129886e-01,4.133051e-01,4.138290e-01,4.138848e-01,4.144963e-01,4.148140e-01,4.154698e-01,4.158304e-01,4.164899e-01,4.167226e-01,4.174269e-01,4.173532e-01,4.181068e-01,4.181635e-01,4.183524e-01,4.184907e-01,4.188582e-01,4.185103e-01,4.187886e-01,4.184879e-01,4.187674e-01,4.183307e-01,4.182996e-01,4.181305e-01,4.182302e-01,4.178418e-01,4.177221e-01,4.174637e-01,4.175630e-01,4.171294e-01,4.172285e-01,4.167957e-01,4.166780e-01,4.166866e-01,4.178059e-01,4.173718e-01,4.173421e-01,4.169999e-01,4.166644e-01,4.162343e-01,4.159880e-01,4.156471e-01,4.154428e-01,4.150157e-01,4.146840e-01,4.139562e-01,4.137467e-01,4.134161e-01,4.129064e-01,4.124914e-01,4.121964e-01,4.113519e-01,4.112769e-01,4.106470e-01,4.103210e-01,4.099886e-01,4.097813e-01,4.090795e-01,4.087494e-01,4.080051e-01,4.076005e-01,4.071897e-01,4.063690e-01,4.057635e-01,4.052356e-01,4.043032e-01,4.039071e-01,4.033464e-01,4.028259e-01,4.021944e-01,4.016773e-01,4.008821e-01,4.005364e-01,3.997887e-01,3.990818e-01,3.983777e-01,3.979567e-01,3.972572e-01,3.969119e-01,3.962950e-01,3.959585e-01,3.950380e-01,3.946195e-01,3.937071e-01,3.931863e-01,3.926605e-01,3.920237e-01,3.913892e-01,3.909448e-01,3.901340e-01,3.899559e-01,3.893689e-01,3.888934e-01,3.883453e-01,3.882066e-01,3.877058e-01,3.874932e-01,3.866213e-01,3.863012e-01,3.862382e-01,3.854463e-01,3.849470e-01,3.844837e-01,3.838071e-01,3.831341e-01,3.825758e-01,3.821198e-01,3.812043e-01,3.803281e-01,3.796312e-01,3.787997e-01,3.777612e-01,3.770748e-01,3.762886e-01,3.752654e-01,3.740774e-01,3.731351e-01,3.726350e-01,3.716010e-01,3.705061e-01,3.694183e-01,3.685019e-01,3.678197e-01,3.666525e-01,3.658822e-01,3.652107e-01,3.646077e-01,3.637176e-01,3.629609e-01,3.623661e-01,3.618374e-01,3.612466e-01,3.605655e-01,3.600425e-01,3.598968e-01,3.599065e-01,3.591680e-01,3.588976e-01,3.585354e-01,3.581115e-01,3.581226e-01,3.579162e-01,3.575855e-01,3.573177e-01,3.570735e-01,3.568065e-01,3.563544e-01,3.560559e-01,3.555444e-01,3.551861e-01,3.547997e-01,3.546874e-01,3.545141e-01,3.542742e-01,3.544028e-01,3.543483e-01,3.543261e-01,3.541532e-01,3.542215e-01,3.542222e-01,3.543508e-01,3.546908e-01,3.547585e-01,3.549163e-01,3.552525e-01,3.554100e-01,3.557812e-01,3.558493e-01,3.561307e-01,3.561924e-01,3.562592e-01,3.562033e-01,3.561183e-01,3.560326e-01,3.558564e-01,3.557035e-01,3.557701e-01,3.557461e-01,3.560265e-01,3.557271e-01,3.556974e-01,3.555215e-01,3.554361e-01,3.556255e-01,3.554786e-01,3.553932e-01,3.554603e-01,3.553086e-01,3.553460e-01,3.552615e-01,3.550263e-01,3.545174e-01,3.543442e-01,3.539256e-01,3.536315e-01,3.525630e-01,3.520951e-01,3.514804e-01,3.507149e-01,3.500774e-01,3.494424e-01,3.484019e-01,3.474788e-01,3.464809e-01,3.452007e-01,3.439038e-01,3.422747e-01,3.402270e-01,3.390247e-01,3.377712e-01,3.364782e-01,3.338637e-01,3.312395e-01,3.299936e-01,3.275358e-01,3.238183e-01,3.213527e-01,3.190280e-01,3.155571e-01,3.121131e-01,3.087513e-01,3.054190e-01,3.021996e-01,2.969218e-01,2.938463e-01,2.868741e-01,2.820448e-01,2.765899e-01,2.722096e-01,2.662541e-01,2.614844e-01,2.553089e-01,2.496210e-01,2.412569e-01,2.346621e-01,2.284050e-01,2.212881e-01,2.151084e-01,2.076651e-01,2.011137e-01,1.908991e-01,1.835990e-01,1.764363e-01,1.697609e-01,1.618915e-01,1.555211e-01,1.456866e-01,1.388712e-01,1.325659e-01,1.265192e-01,1.203027e-01,1.128193e-01,1.071833e-01,1.023032e-01,9.764332e-02,9.305470e-02,8.763573e-02,8.378634e-02,8.040297e-02,7.733561e-02,7.471505e-02,7.089270e-02,6.869362e-02,6.667035e-02,6.459340e-02,6.248616e-02,6.048591e-02,5.920220e-02,5.795754e-02,5.675492e-02,5.559539e-02,5.447142e-02,5.390255e-02,5.284094e-02,5.230359e-02,5.129130e-02,5.078528e-02,5.028540e-02,4.980260e-02,4.932401e-02,4.885468e-02,4.839800e-02,4.838193e-02,4.792187e-02,4.790961e-02,4.746379e-02,4.744285e-02,4.743424e-02,4.742196e-02,4.698333e-02,4.697113e-02,4.696264e-02,4.695213e-02,4.736759e-02,4.736586e-02,4.735700e-02,4.734466e-02,4.776462e-02,4.776460e-02,4.819637e-02,4.819097e-02,4.862951e-02,4.907308e-02,4.906955e-02,4.952555e-02,4.998332e-02,5.044838e-02,5.093014e-02,5.092485e-02,5.140704e-02,5.190838e-02,5.240442e-02,5.291798e-02,5.342833e-02,5.395348e-02,5.449268e-02,5.503334e-02,5.558310e-02,5.614735e-02,5.671589e-02,5.729413e-02,5.788749e-02,5.848584e-02,5.908960e-02,5.971147e-02,6.097739e-02,6.097501e-02,6.229637e-02,6.297244e-02,6.297580e-02,6.414943e-02,6.485553e-02,6.572188e-02,6.631752e-02,6.736596e-02,6.798195e-02,6.852684e-02,6.956273e-02,7.028571e-02,7.119962e-02,7.187268e-02,7.298973e-02,7.359903e-02,7.466757e-02,7.540303e-02,7.605346e-02,7.717640e-02,7.794591e-02,7.902397e-02,7.971455e-02,8.082081e-02,8.154194e-02,8.258791e-02,8.343892e-02,8.440141e-02,8.516682e-02,8.629039e-02,8.708430e-02,8.812207e-02,8.893434e-02,9.001884e-02,9.075099e-02,9.186630e-02,9.273140e-02,9.335954e-02,9.452427e-02,9.571323e-02,9.650728e-02,9.759020e-02,9.841031e-02,9.951913e-02,1.002139e-01,1.013690e-01,1.020733e-01,1.031020e-01,1.038328e-01,1.050520e-01,1.057997e-01,1.068682e-01,1.076178e-01,1.087445e-01,1.093469e-01,1.104031e-01,1.111949e-01,1.121726e-01,1.133444e-01,1.139171e-01,1.149356e-01,1.155971e-01,1.167536e-01,1.171655e-01,1.182338e-01,1.192394e-01,1.199436e-01,1.207738e-01,1.214118e-01,1.225468e-01,1.229943e-01,1.240699e-01,1.249495e-01,1.256256e-01,1.265242e-01,1.269969e-01,1.280016e-01,1.291533e-01,1.296430e-01,1.305915e-01,1.310907e-01,1.318251e-01,1.328012e-01,1.333152e-01,1.343104e-01,1.349322e-01,1.357041e-01,1.364837e-01,1.370204e-01,1.378133e-01,1.389702e-01,1.392710e-01,1.404493e-01,1.407558e-01,1.419559e-01,1.429068e-01,1.433311e-01,1.442981e-01,1.452764e-01,1.459893e-01,1.468191e-01,1.478276e-01,1.485625e-01,1.493038e-01,1.504603e-01,1.509247e-01,1.518068e-01,1.528762e-01,1.534743e-01,1.542594e-01,1.554845e-01,1.559769e-01,1.569117e-01,1.577283e-01,1.583623e-01,1.593210e-01,1.601599e-01,1.606789e-01,1.616643e-01,1.625251e-01,1.631923e-01,1.637289e-01,1.647478e-01,1.656382e-01,1.663298e-01,1.668850e-01,1.679379e-01,1.685027e-01,1.692161e-01,1.701501e-01,1.708760e-01,1.714575e-01,1.721936e-01,1.731574e-01,1.739066e-01,1.745080e-01,1.752677e-01,1.762615e-01,1.766471e-01,1.778147e-01,1.784408e-01,1.792317e-01,1.796290e-01,1.804285e-01,1.810713e-01,1.818834e-01,1.827022e-01,1.829466e-01,1.837733e-01,1.846076e-01,1.850270e-01,1.857001e-01,1.861240e-01,1.869779e-01,1.874065e-01,1.882712e-01,1.891433e-01,1.900227e-01,1.902855e-01,1.911747e-01,1.916213e-01,1.925221e-01,1.929750e-01,1.934300e-01,1.941597e-01,1.946197e-01,1.950818e-01,1.960127e-01,1.964809e-01,1.969506e-01,1.972313e-01,1.981813e-01,1.986590e-01,1.991385e-01,1.994250e-01,1.999084e-01,2.003938e-01,2.006832e-01,2.011723e-01,2.016635e-01,2.021569e-01,2.026526e-01,2.031505e-01,2.034474e-01,2.034467e-01,2.039483e-01,2.044522e-01,2.049584e-01,2.054667e-01,2.059775e-01,2.064908e-01,2.064901e-01,2.070057e-01,2.075236e-01,2.080437e-01,2.080428e-01,2.085655e-01,2.090906e-01,2.090893e-01,2.096167e-01,2.101466e-01,2.101454e-01,2.108944e-01,2.108929e-01,2.114289e-01,2.114276e-01,2.121852e-01,2.121839e-01,2.127260e-01,2.129455e-01,2.134913e-01,2.134903e-01,2.142617e-01,2.142606e-01,2.144831e-01,2.150363e-01,2.158182e-01,2.160436e-01,2.166042e-01,2.168312e-01,2.168299e-01,2.176240e-01,2.176226e-01,2.184225e-01,2.186530e-01,2.186517e-01,2.194589e-01,2.194577e-01,2.196906e-01,2.199239e-01,2.199231e-01,2.201572e-01,2.203917e-01,2.203908e-01,2.206262e-01,2.206256e-01,2.214474e-01,2.214469e-01,2.216846e-01,2.219228e-01,2.219227e-01,2.221615e-01,2.221613e-01,2.224009e-01,2.224009e-01,2.226410e-01,2.226409e-01,2.228814e-01,2.228817e-01,2.231229e-01,2.231230e-01,2.231232e-01,2.233649e-01,2.227693e-01,2.227693e-01,2.227696e-01,2.230107e-01,2.230108e-01,2.230108e-01,2.230111e-01,2.230113e-01,2.227705e-01,2.221772e-01,2.221773e-01,2.219381e-01,2.216992e-01,2.208742e-01,2.208738e-01,2.206370e-01,2.201648e-01,2.193500e-01,2.191161e-01,2.186493e-01,2.178446e-01,2.173830e-01,2.171528e-01,2.161300e-01,2.156750e-01,2.146642e-01,2.142147e-01,2.129951e-01,2.125519e-01,2.113493e-01,2.109123e-01,2.099423e-01,2.092959e-01,2.083384e-01,2.071789e-01,2.067574e-01,2.056138e-01,2.046875e-01,2.040698e-01,2.031560e-01,2.020480e-01,2.016437e-01,2.005504e-01,2.001526e-01,1.992699e-01,1.981994e-01,1.973319e-01,1.964711e-01,1.956171e-01,1.952348e-01,1.943901e-01,1.935519e-01,1.925354e-01,1.917113e-01,1.915266e-01,1.907102e-01,1.900802e-01,1.888329e-01,1.882121e-01,1.874204e-01,1.872427e-01,1.866326e-01,1.860259e-01,1.854227e-01,1.846513e-01,1.840559e-01,1.834637e-01,1.827064e-01,1.819546e-01,1.809644e-01,1.803873e-01,1.792489e-01,1.785216e-01,1.779600e-01,1.774014e-01,1.762957e-01,1.757462e-01,1.751995e-01,1.746558e-01,1.737335e-01,1.730444e-01,1.721367e-01,1.716092e-01,1.710845e-01,1.705625e-01,1.696771e-01,1.691597e-01,1.682868e-01,1.679244e-01,1.670622e-01,1.667042e-01,1.659950e-01,1.657828e-01,1.650803e-01,1.647294e-01,1.641740e-01,1.639656e-01,1.629345e-01,1.628664e-01,1.621845e-01,1.616435e-01,1.613047e-01,1.609035e-01,1.605671e-01,1.599044e-01,1.590484e-01,1.587186e-01,1.581967e-01,1.575474e-01,1.569025e-01,1.567090e-01,1.556293e-01,1.549976e-01,1.546816e-01,1.540563e-01,1.533141e-01,1.526981e-01,1.522669e-01,1.510599e-01,1.506364e-01,1.500383e-01,1.494442e-01,1.487392e-01,1.475757e-01,1.472845e-01,1.465967e-01,1.460252e-01,1.454574e-01,1.448932e-01,1.440594e-01,1.436155e-01,1.430631e-01,1.426243e-01,1.420782e-01,1.411082e-01,1.409493e-01,1.402561e-01,1.397248e-01,1.391969e-01,1.387773e-01,1.378442e-01,1.374313e-01,1.371234e-01,1.366114e-01,1.362044e-01,1.350506e-01,1.346512e-01,1.342536e-01,1.338579e-01,1.329782e-01,1.324911e-01,1.320069e-01,1.312880e-01,1.309063e-01,1.300622e-01,1.295923e-01,1.288946e-01,1.285240e-01,1.274744e-01,1.273355e-01,1.266573e-01,1.259895e-01,1.256322e-01,1.246206e-01,1.241818e-01,1.235306e-01,1.231890e-01,1.221237e-01,1.216990e-01,1.211527e-01,1.207333e-01,1.197066e-01,1.192952e-01,1.186846e-01,1.182835e-01,1.172857e-01,1.166123e-01,1.160283e-01,1.157148e-01,1.147563e-01,1.143715e-01,1.138055e-01,1.134258e-01,1.124975e-01,4.880209e-03,4.880209e-03,4.880209e-03,4.880209e-03,4.880209e-03,4.880209e-03,4.880209e-03,4.880209e-03,4.880209e-03,4.880209e-03,4.880209e-03,4.880209e-03,4.880209e-03,4.880209e-03,4.880209e-03,4.880209e-03,4.880209e-03,4.880209e-03,4.880209e-03,4.880209e-03,4.880209e-03,4.880209e-03,4.880209e-03,4.880209e-03,4.880209e-03,4.880209e-03,4.880209e-03,4.880209e-03,4.880209e-03,4.880209e-03,4.880209e-03,4.880209e-03,4.880209e-03,4.880209e-03,4.880209e-03,4.880209e-03,4.880209e-03,4.880209e-03,4.880209e-03,4.880209e-03,4.880209e-03,4.880209e-03,4.880209e-03,4.880209e-03,4.880209e-03,4.880209e-03,4.880209e-03,4.880209e-03,4.880209e-03,4.880209e-03,4.880209e-03,4.880209e-03,4.880209e-03,4.880209e-03,4.880209e-03,4.880209e-03,4.880209e-03,4.880209e-03,4.880209e-03,4.880209e-03,4.880209e-03,4.880209e-03,4.880209e-03,4.880209e-03,4.880209e-03,4.880209e-03,4.880209e-03,4.880209e-03,4.880209e-03,4.880209e-03,4.880209e-03,4.880209e-03,4.880209e-03,4.880209e-03,4.880209e-03,4.880209e-03,4.880209e-03,4.880209e-03,4.880209e-03,4.880209e-03,4.880209e-03,4.880209e-03,4.880209e-03,4.880209e-03,4.880209e-03,4.880209e-03,4.880209e-03,4.880209e-03,4.880209e-03,4.880209e-03,4.880209e-03,4.880209e-03,4.880209e-03,4.880209e-03,4.880209e-03,4.880209e-03,4.880209e-03,4.880209e-03,4.880209e-03,4.880209e-03,4.880209e-03,4.880209e-03,4.880209e-03,4.880209e-03,4.880209e-03,4.880209e-03,4.880209e-03,4.880209e-03,4.880209e-03,4.880209e-03,4.880209e-03,4.880209e-03,4.880209e-03,4.880209e-03,4.880209e-03,4.880209e-03,4.880209e-03,4.880209e-03,4.880209e-03,4.880209e-03,4.880209e-03,4.880209e-03,4.880209e-03,4.880209e-03,4.880209e-03,4.880209e-03,4.880209e-03,4.880209e-03,4.880209e-03,4.880209e-03,4.880209e-03,4.880209e-03,4.880209e-03,4.880209e-03,4.880209e-03,4.880209e-03,4.880209e-03,4.880209e-03,4.880209e-03,4.880209e-03,4.880209e-03,4.880209e-03,4.880209e-03,4.880209e-03,4.880209e-03,4.880209e-03,4.880209e-03,4.880209e-03,4.880209e-03,4.880209e-03,4.880209e-03,4.880209e-03,4.880209e-03,4.880209e-03,4.880209e-03,4.880209e-03,4.880209e-03,4.880209e-03,4.880209e-03,4.880209e-03,4.880209e-03
6.054631e-02,6.063760e-02,6.078762e-02,6.090627e-02,6.100313e-02,6.120834e-02,6.145432e-02,6.168563e-02,6.193139e-02,6.221642e-02,6.250209e-02,6.269699e-02,6.289269e-02,6.308510e-02,6.325893e-02,6.346285e-02,6.366132e-02,6.383082e-02,6.400149e-02,6.416079e-02,6.426831e-02,6.432419e-02,6.438337e-02,6.442446e-02,6.455127e-02,6.469141e-02,6.483587e-02,6.492214e-02,6.504120e-02,6.518199e-02,6.522783e-02,6.524087e-02,6.528767e-02,6.536421e-02,6.548545e-02,6.559109e-02,6.567211e-02,6.578422e-02,6.588560e-02,6.598652e-02,6.611048e-02,6.634494e-02,6.662422e-02,6.683853e-02,6.713004e-02,6.746626e-02,6.778356e-02,6.808557e-02,6.850374e-02,6.898135e-02,6.954367e-02,7.015180e-02,7.078500e-02,7.141365e-02,7.204234e-02,7.264311e-02,7.323532e-02,7.383584e-02,7.440307e-02,7.496205e-02,7.549340e-02,7.602476e-02,7.652264e-02,7.699084e-02,7.749479e-02,7.797786e-02,7.843517e-02,7.887099e-02,7.927324e-02,7.963976e-02,7.999416e-02,8.026710e-02,8.048541e-02,8.066810e-02,8.080142e-02,8.094283e-02,8.106942e-02,8.121311e-02,8.134167e-02,8.150271e-02,8.168930e-02,8.195546e-02,8.226898e-02,8.264693e-02,8.308597e-02,8.362082e-02,8.422845e-02,8.486918e-02,8.561274e-02,8.642248e-02,8.729995e-02,8.818565e-02,8.912643e-02,9.012079e-02,9.111747e-02,9.215174e-02,9.322293e-02,9.435908e-02,9.548098e-02,9.665429e-02,9.789309e-02,9.910990e-02,1.003914e-01,1.016880e-01,1.030359e-01,1.044312e-01,1.058580e-01,1.073643e-01,1.089626e-01,1.105114e-01,1.121183e-01,1.137294e-01,1.153532e-01,1.171510e-01,1.189890e-01,1.207692e-01,1.226027e-01,1.244652e-01,1.263588e-01,1.282941e-01,1.302593e-01,1.321658e-01,1.341031e-01,1.359938e-01,1.378803e-01,1.396982e-01,1.414540e-01,1.432125e-01,1.449858e-01,1.466430e-01,1.483354e-01,1.499791e-01,1.517291e-01,1.533267e-01,1.549524e-01,1.565117e-01,1.581042e-01,1.595936e-01,1.611400e-01,1.626054e-01,1.642053e-01,1.655952e-01,1.669312e-01,1.684259e-01,1.698082e-01,1.713085e-01,1.726983e-01,1.742569e-01,1.756468e-01,1.771042e-01,1.786251e-01,1.800263e-01,1.813488e-01,1.828082e-01,1.841294e-01,1.852695e-01,1.861503e-01,1.871332e-01,1.879347e-01,1.886427e-01,1.893755e-01,1.902958e-01,1.910689e-01,1.919545e-01,1.928058e-01,1.937360e-01,1.946275e-01,1.953854e-01,1.962518e-01,1.971475e-01,1.979837e-01,1.987977e-01,1.995815e-01,2.004202e-01,2.012124e-01,2.019681e-01,2.027333e-01,2.035666e-01,2.043922e-01,2.052471e-01,2.060919e-01,2.070788e-01,2.080430e-01,2.090097e-01,2.099765e-01,2.110001e-01,2.120167e-01,2.129696e-01,2.139187e-01,2.148699e-01,2.158465e-01,2.167743e-01,2.177243e-01,2.185149e-01,2.194865e-01,2.204780e-01,2.214360e-01,2.224759e-01,2.235047e-01,2.245238e-01,2.253103e-01,2.262811e-01,2.272078e-01,2.280288e-01,2.285898e-01,2.293026e-01,2.299442e-01,2.302941e-01,2.308071e-01,2.312402e-01,2.316701e-01,2.318203e-01,2.321671e-01,2.324928e-01,2.325820e-01,2.328770e-01,2.329526e-01,2.332234e-01,2.335302e-01,2.336354e-01,2.339949e-01,2.341775e-01,2.346194e-01,2.348880e-01,2.354029e-01,2.357518e-01,2.361313e-01,2.367717e-01,2.372067e-01,2.378690e-01,2.382857e-01,2.388853e-01,2.391988e-01,2.393916e-01,2.397222e-01,2.396973e-01,2.397576e-01,2.394219e-01,2.389546e-01,2.385406e-01,2.378122e-01,2.369545e-01,2.362089e-01,2.351521e-01,2.340426e-01,2.328789e-01,2.319218e-01,2.308042e-01,2.297358e-01,2.290040e-01,2.281623e-01,2.274526e-01,2.267730e-01,2.262988e-01,2.255814e-01,2.247360e-01,2.237537e-01,2.226994e-01,2.212684e-01,2.195168e-01,2.175945e-01,2.153494e-01,2.131245e-01,2.105959e-01,2.080117e-01,2.055290e-01,2.029056e-01,2.005566e-01,1.983249e-01,1.965644e-01,1.947879e-01,1.934158e-01,1.923574e-01,1.914950e-01,1.907922e-01,1.905728e-01,1.903673e-01,1.906857e-01,1.913720e-01,1.927529e-01,1.946789e-01,1.978624e-01,2.015359e-01,2.066950e-01,2.122025e-01,2.188215e-01,2.259537e-01,2.334202e-01,2.411282e-01,2.493591e-01,2.574536e-01,2.654954e-01,2.734831e-01,2.816328e-01,2.892404e-01,2.964729e-01,3.033999e-01,3.103195e-01,3.165174e-01,3.222422e-01,3.276401e-01,3.330948e-01,3.377262e-01,3.420367e-01,3.460470e-01,3.497742e-01,3.532573e-01,3.565213e-01,3.596009e-01,3.630768e-01,3.659031e-01,3.685978e-01,3.711876e-01,3.736771e-01,3.760857e-01,3.784051e-01,3.806911e-01,3.828693e-01,3.849804e-01,3.869977e-01,3.896349e-01,3.915407e-01,3.933970e-01,3.950029e-01,3.967564e-01,3.984628e-01,4.001255e-01,4.018088e-01,4.033869e-01,4.049252e-01,4.064245e-01,4.079221e-01,4.093535e-01,4.107916e-01,4.121598e-01,4.135298e-01,4.148760e-01,4.161950e-01,4.174183e-01,4.186950e-01,4.199491e-01,4.210287e-01,4.221300e-01,4.231348e-01,4.242016e-01,4.251735e-01,4.262097e-01,4.271521e-01,4.281195e-01,4.290378e-01,4.300229e-01,4.308498e-01,4.316809e-01,4.325930e-01,4.334285e-01,4.343471e-01,4.351848e-01,4.360240e-01,4.369477e-01,4.377889e-01,4.387134e-01,4.394732e-01,4.403162e-01,4.411589e-01,4.419167e-01,4.427597e-01,4.435999e-01,4.444388e-01,4.451913e-01,4.460285e-01,4.468626e-01,4.476933e-01,4.485234e-01,4.493907e-01,4.502158e-01,4.510374e-01,4.518529e-01,4.526666e-01,4.534759e-01,4.542387e-01,4.550392e-01,4.556126e-01,4.563233e-01,4.569929e-01,4.576645e-01,4.583419e-01,4.589774e-01,4.596579e-01,4.602452e-01,4.609261e-01,4.616143e-01,4.622075e-01,4.628973e-01,4.634936e-01,4.641373e-01,4.647355e-01,4.653363e-01,4.660364e-01,4.666404e-01,4.672029e-01,4.678145e-01,4.683788e-01,4.689434e-01,4.695152e-01,4.699886e-01,4.705571e-01,4.711271e-01,4.717023e-01,4.722773e-01,4.727529e-01,4.733283e-01,4.738071e-01,4.743293e-01,4.749511e-01,4.754757e-01,4.760013e-01,4.765269e-01,4.770524e-01,4.775801e-01,4.781541e-01,4.786840e-01,4.792103e-01,4.797819e-01,4.802131e-01,4.807891e-01,4.813149e-01,4.817390e-01,4.822714e-01,4.828025e-01,4.832761e-01,4.836600e-01,4.840457e-01,4.844817e-01,4.848168e-01,4.851643e-01,4.856168e-01,4.859608e-01,4.862664e-01,4.866197e-01,4.870728e-01,4.874250e-01,4.877801e-01,4.881796e-01,4.885335e-01,4.889354e-01,4.893380e-01,4.897335e-01,4.901385e-01,4.905882e-01,4.909897e-01,4.914432e-01,4.918951e-01,4.922401e-01,4.926932e-01,4.930416e-01,4.934947e-01,4.939461e-01,4.942904e-01,4.947480e-01,4.950938e-01,4.955514e-01,4.959019e-01,4.963124e-01,4.966638e-01,4.969696e-01,4.972650e-01,4.976763e-01,4.979820e-01,4.982432e-01,4.985533e-01,4.989217e-01,4.991704e-01,4.994303e-01,4.996930e-01,4.999034e-01,5.001629e-01,5.004178e-01,5.006752e-01,5.009379e-01,5.011984e-01,5.014930e-01,5.016900e-01,5.019989e-01,5.023433e-01,5.026969e-01,5.029424e-01,5.033005e-01,5.036967e-01,5.040466e-01,5.043397e-01,5.046980e-01,5.050439e-01,5.053352e-01,5.055838e-01,5.059383e-01,5.061847e-01,5.065372e-01,5.067788e-01,5.071397e-01,5.073817e-01,5.075820e-01,5.077760e-01,5.079700e-01,5.081668e-01,5.083636e-01,5.085671e-01,5.087655e-01,5.089562e-01,5.091456e-01,5.093470e-01,5.095484e-01,5.097434e-01,5.099700e-01,5.102085e-01,5.104551e-01,5.106953e-01,5.109303e-01,5.111470e-01,5.113704e-01,5.116585e-01,5.118994e-01,5.121139e-01,5.123562e-01,5.125656e-01,5.127911e-01,5.130114e-01,5.132225e-01,5.134404e-01,5.136384e-01,5.137653e-01,5.139436e-01,5.140959e-01,5.142876e-01,5.144267e-01,5.145842e-01,5.147083e-01,5.147876e-01,5.148918e-01,5.149700e-01,5.151161e-01,5.152002e-01,5.152129e-01,5.153038e-01,5.153687e-01,5.154615e-01,5.155324e-01,5.155985e-01,5.156913e-01,5.157907e-01,5.158245e-01,5.156551e-01,5.156756e-01,5.157084e-01,5.157289e-01,5.157295e-01,5.157502e-01,5.158108e-01,5.158649e-01,5.159655e-01,5.161226e-01,5.162034e-01,5.162508e-01,5.164462e-01,5.166670e-01,5.169044e-01,5.170988e-01,5.172885e-01,5.174963e-01,5.177245e-01,5.178864e-01,5.180668e-01,5.182357e-01,5.183497e-01,5.184822e-01,5.185483e-01,5.186693e-01,5.188037e-01,5.189218e-01,5.190563e-01,5.192659e-01,5.194341e-01,5.196440e-01,5.198404e-01,5.201189e-01,5.203774e-01,5.206495e-01,5.209169e-01,5.212030e-01,5.215376e-01,5.218174e-01,5.221408e-01,5.224413e-01,5.227788e-01,5.230595e-01,5.233353e-01,5.236718e-01,5.239617e-01,5.242100e-01,5.245122e-01,5.248028e-01,5.250448e-01,5.252869e-01,5.255500e-01,5.257788e-01,5.260214e-01,5.262642e-01,5.265210e-01,5.267170e-01,5.269812e-01,5.272875e-01,5.275330e-01,5.278398e-01,5.280857e-01,5.283790e-01,5.286605e-01,5.290173e-01,5.292993e-01,5.295887e-01,5.298711e-01,5.301816e-01,5.304783e-01,5.307753e-01,5.310231e-01,5.313205e-01,5.315687e-01,5.318030e-01,5.320374e-01,5.322674e-01,5.324666e-01,5.327174e-01,5.329028e-01,5.330480e-01,5.331932e-01,5.333507e-01,5.335242e-01,5.336978e-01,5.338714e-01,5.340311e-01,5.342049e-01,5.343647e-01,5.345245e-01,5.346721e-01,5.348820e-01,5.350278e-01,5.352114e-01,5.353931e-01,5.355769e-01,5.357749e-01,5.359710e-01,5.361972e-01,5.364313e-01,5.366513e-01,5.369345e-01,5.371535e-01,5.374357e-01,5.376884e-01,5.379555e-01,5.382575e-01,5.385094e-01,5.388092e-01,5.390653e-01,5.393282e-01,5.396261e-01,5.398738e-01,5.401552e-01,5.404006e-01,5.406318e-01,5.408750e-01,5.411184e-01,5.412865e-01,5.414638e-01,5.416387e-01,5.417618e-01,5.419356e-01,5.420576e-01,5.421197e-01,5.422104e-01,5.423156e-01,5.424326e-01,5.424990e-01,5.426149e-01,5.426927e-01,5.427773e-01,5.428619e-01,5.429440e-01,5.430406e-01,5.431215e-01,5.432076e-01,5.432862e-01,5.433638e-01,5.434259e-01,5.434869e-01,5.435534e-01,5.436410e-01,5.437132e-01,5.437699e-01,5.438111e-01,5.438512e-01,5.438678e-01,5.439345e-01,5.440000e-01,5.440650e-01,5.441013e-01,5.441375e-01,5.441946e-01,5.442597e-01,5.443104e-01,5.443468e-01,5.443688e-01,5.444116e-01,5.444768e-01,5.445277e-01,5.445497e-01,5.445353e-01,5.446149e-01,5.447155e-01,5.447952e-01,5.448174e-01,5.448396e-01,5.449272e-01,5.449638e-01,5.450293e-01,5.450739e-01,5.451186e-01,5.451920e-01,5.452799e-01,5.453103e-01,5.452614e-01,5.452060e-01,5.451937e-01,5.451815e-01,5.451122e-01,5.448635e-01,5.446234e-01,5.443757e-01,5.441569e-01,5.439453e-01,5.437274e-01,5.433882e-01,5.429592e-01,5.423256e-01,5.417082e-01,5.412749e-01,5.408985e-01,5.404114e-01,5.397240e-01,5.390182e-01,5.385359e-01,5.382067e-01,5.379194e-01,5.375776e-01,5.371679e-01,5.368002e-01,5.364770e-01,5.361109e-01,5.359318e-01,5.358891e-01,5.358465e-01,5.358539e-01,5.358614e-01,5.358690e-01,5.359265e-01,5.359842e-01,5.361778e-01,5.362355e-01,5.364232e-01,5.366670e-01,5.368609e-01,5.369188e-01,5.371129e-01,5.372569e-01,5.374010e-01,5.374091e-01,5.373671e-01,5.374612e-01,5.375553e-01,5.375994e-01,5.376936e-01,5.377877e-01,5.376958e-01,5.377900e-01,5.378842e-01,5.379725e-01,5.379308e-01,5.380250e-01,5.379834e-01,5.380777e-01,5.382222e-01,5.382663e-01,5.382248e-01,5.383192e-01,5.383634e-01,5.384578e-01,5.383662e-01,5.384104e-01,5.384547e-01,5.384989e-01,5.384930e-01,5.385372e-01,5.385815e-01,5.387615e-01,5.388058e-01,5.388501e-01,5.388943e-01,5.389386e-01,5.389829e-01,5.389968e-01,5.391770e-01,5.392213e-01,5.392656e-01,5.393099e-01,5.394597e-01,5.394537e-01,5.396340e-01,5.396783e-01,5.396923e-01,5.396862e-01,5.399170e-01,5.400670e-01,5.401053e-01,5.403058e-01,5.404006e-01,5.404954e-01,5.406102e-01,5.407555e-01,5.410068e-01,5.411523e-01,5.412673e-01,5.414634e-01,5.417150e-01,5.418807e-01,5.422138e-01,5.423290e-01,5.425255e-01,5.427716e-01,5.429176e-01,5.431700e-01,5.432855e-01,5.434317e-01,5.434965e-01,5.435919e-01,5.437939e-01,5.438079e-01,5.439898e-01,5.440038e-01,5.441551e-01,5.441489e-01,5.441630e-01,5.443143e-01,5.443590e-01,5.443730e-01,5.445182e-01,5.446138e-01,5.448161e-01,5.448811e-01,5.449769e-01,5.450419e-01,5.451376e-01,5.452027e-01,5.453188e-01,5.455521e-01,5.456172e-01,5.457334e-01,5.459669e-01,5.460320e-01,5.461280e-01,5.461932e-01,5.462585e-01,5.463545e-01,5.463625e-01,5.464586e-01,5.464728e-01,5.464313e-01,5.464455e-01,5.463530e-01,5.463673e-01,5.462749e-01,5.462381e-01,5.462831e-01,5.461602e-01,5.462052e-01,5.461131e-01,5.459905e-01,5.458925e-01,5.458007e-01,5.458151e-01,5.457235e-01,5.456318e-01,5.456464e-01,5.455549e-01,5.454635e-01,5.453722e-01,5.452505e-01,5.451594e-01,5.450684e-01,5.449774e-01,5.447508e-01,5.446601e-01,5.444339e-01,5.443435e-01,5.442835e-01,5.439975e-01,5.439377e-01,5.437428e-01,5.435483e-01,5.432193e-01,5.429954e-01,5.426675e-01,5.424444e-01,5.422216e-01,5.420290e-01,5.416733e-01,5.414516e-01,5.410971e-01,5.407729e-01,5.404198e-01,5.400674e-01,5.397157e-01,5.393647e-01,5.390094e-01,5.384991e-01,5.380488e-01,5.375412e-01,5.371945e-01,5.368486e-01,5.364024e-01,5.359572e-01,5.353260e-01,5.347257e-01,5.341272e-01,5.336876e-01,5.332204e-01,5.328535e-01,5.322115e-01,5.314656e-01,5.307226e-01,5.300387e-01,5.293987e-01,5.289141e-01,5.284307e-01,5.281504e-01,5.277182e-01,5.272872e-01,5.267611e-01,5.260854e-01,5.252893e-01,5.244692e-01,5.236801e-01,5.230832e-01,5.227581e-01,5.221645e-01,5.217476e-01,5.211361e-01,5.206466e-01,5.200387e-01,5.195789e-01,5.189745e-01,5.185174e-01,5.178509e-01,5.173626e-01,5.169496e-01,5.164850e-01,5.158428e-01,5.149950e-01,5.143407e-01,5.136411e-01,5.128025e-01,5.120187e-01,5.109615e-01,5.099941e-01,5.088454e-01,5.074506e-01,5.058427e-01,5.044224e-01,5.024847e-01,5.002372e-01,4.982527e-01,4.958001e-01,4.932354e-01,4.901830e-01,4.878348e-01,4.843304e-01,4.807402e-01,4.768533e-01,4.735912e-01,4.690011e-01,4.645136e-01,4.600079e-01,4.549025e-01,4.512461e-01,4.460486e-01,4.410647e-01,4.361525e-01,4.306547e-01,4.252838e-01,4.216044e-01,4.172179e-01,4.115557e-01,4.067385e-01,4.020224e-01,3.980955e-01,3.936090e-01,3.891960e-01,3.849521e-01,3.813888e-01,3.784054e-01,3.749435e-01,3.715546e-01,3.687782e-01,3.655326e-01,3.628584e-01,3.602298e-01,3.576892e-01,3.556776e-01,3.537251e-01,3.517726e-01,3.498511e-01,3.479869e-01,3.465940e-01,3.452355e-01,3.438763e-01,3.425149e-01,3.412082e-01,3.403514e-01,3.390723e-01,3.378001e-01,3.369663e-01,3.361381e-01,3.357528e-01,3.349733e-01,3.341684e-01,3.337994e-01,3.330424e-01,3.326716e-01,3.323205e-01,3.319583e-01,3.316006e-01,3.312533e-01,3.309041e-01,3.305503e-01,3.301764e-01,3.302068e-01,3.298402e-01,3.298887e-01,3.299371e-01,3.299915e-01,3.296382e-01,3.296777e-01,3.297411e-01,3.297896e-01,3.302580e-01,3.303125e-01,3.304003e-01,3.304761e-01,3.309674e-01,3.310432e-01,3.315449e-01,3.320389e-01,3.325584e-01,3.326772e-01,3.331709e-01,3.340802e-01,3.346270e-01,3.351386e-01,3.360646e-01,3.369899e-01,3.379359e-01,3.392972e-01,3.402569e-01,3.411946e-01,3.425807e-01,3.435128e-01,3.449292e-01,3.463207e-01,3.472812e-01,3.491477e-01,3.501356e-01,3.515744e-01,3.530003e-01,3.540167e-01,3.559720e-01,3.569814e-01,3.584622e-01,3.599738e-01,3.615046e-01,3.625595e-01,3.641037e-01,3.656686e-01,3.667616e-01,3.688723e-01,3.699748e-01,3.716021e-01,3.732633e-01,3.749392e-01,3.760997e-01,3.777813e-01,3.795231e-01,3.812515e-01,3.824488e-01,3.841663e-01,3.859550e-01,3.871371e-01,3.889641e-01,3.902062e-01,3.920493e-01,3.932813e-01,3.945411e-01,3.963759e-01,3.976445e-01,3.989222e-01,4.008549e-01,4.021559e-01,4.034804e-01,4.048095e-01,4.061392e-01,4.081234e-01,4.088522e-01,4.108865e-01,4.122862e-01,4.130013e-01,4.143870e-01,4.164993e-01,4.172230e-01,4.186564e-01,4.200674e-01,4.215230e-01,4.229947e-01,4.237665e-01,4.252510e-01,4.267744e-01,4.275795e-01,4.291372e-01,4.300114e-01,4.315900e-01,4.332186e-01,4.341282e-01,4.357936e-01,4.366781e-01,4.382917e-01,4.391863e-01,4.408752e-01,4.417363e-01,4.426046e-01,4.442631e-01,4.451151e-01,4.459565e-01,4.475835e-01,4.484085e-01,4.492632e-01,4.500803e-01,4.517329e-01,4.525600e-01,4.533904e-01,4.542397e-01,4.550770e-01,4.559176e-01,4.567964e-01,4.575786e-01,4.581565e-01,4.589221e-01,4.596741e-01,4.604927e-01,4.612260e-01,4.620724e-01,4.627220e-01,4.637039e-01,4.643606e-01,4.651240e-01,4.658080e-01,4.665587e-01,4.673528e-01,4.681517e-01,4.688642e-01,4.696862e-01,4.705362e-01,4.711456e-01,4.720657e-01,4.726586e-01,4.734029e-01,4.741308e-01,4.747256e-01,4.753613e-01,4.761226e-01,4.768119e-01,4.773473e-01,4.779475e-01,4.785273e-01,4.790448e-01,4.794208e-01,4.799601e-01,4.804314e-01,4.811330e-01,4.816778e-01,4.822151e-01,4.829235e-01,4.834435e-01,4.838256e-01,4.842733e-01,4.846783e-01,4.851061e-01,4.856544e-01,4.862032e-01,4.865370e-01,4.870348e-01,4.874897e-01,4.880431e-01,4.885003e-01,4.889274e-01,4.891148e-01,4.896712e-01,4.899131e-01,4.902971e-01,4.906594e-01,4.911429e-01,4.915066e-01,4.918926e-01,4.921583e-01,4.925232e-01,4.927894e-01,4.932543e-01,4.934218e-01,4.938655e-01,4.942548e-01,4.946224e-01,4.950905e-01,4.953590e-01,4.956831e-01,4.960524e-01,4.962213e-01,4.965688e-01,4.967380e-01,4.970860e-01,4.971320e-01,4.975494e-01,4.977412e-01,4.981133e-01,4.982602e-01,4.985315e-01,4.987012e-01,4.989729e-01,4.990281e-01,4.992762e-01,4.993995e-01,4.997042e-01,4.998840e-01,5.001893e-01,5.002901e-01,5.006524e-01,5.006281e-01,5.009571e-01,5.010123e-01,5.011937e-01,5.012725e-01,5.014999e-01,5.014544e-01,5.016589e-01,5.015796e-01,5.018311e-01,5.017626e-01,5.018417e-01,5.018421e-01,5.020008e-01,5.018986e-01,5.019548e-01,5.018852e-01,5.020439e-01,5.019756e-01,5.021342e-01,5.020659e-01,5.021691e-01,5.022153e-01,5.026393e-01,5.025708e-01,5.026971e-01,5.027458e-01,5.027466e-01,5.027254e-01,5.027492e-01,5.027510e-01,5.028315e-01,5.028105e-01,5.028115e-01,5.026184e-01,5.026998e-01,5.026540e-01,5.025633e-01,5.024947e-01,5.025063e-01,5.021877e-01,5.023003e-01,5.020839e-01,5.019914e-01,5.018998e-01,5.018871e-01,5.016477e-01,5.015563e-01,5.012621e-01,5.011474e-01,5.010336e-01,5.007177e-01,5.005025e-01,5.003108e-01,4.999179e-01,4.998042e-01,4.995577e-01,4.993670e-01,4.990980e-01,4.989078e-01,4.985954e-01,4.984498e-01,4.981053e-01,4.978166e-01,4.975282e-01,4.973147e-01,4.970271e-01,4.968832e-01,4.966184e-01,4.964744e-01,4.960349e-01,4.958698e-01,4.954781e-01,4.952833e-01,4.950892e-01,4.948192e-01,4.945497e-01,4.943783e-01,4.940118e-01,4.940067e-01,4.937066e-01,4.934363e-01,4.931909e-01,4.930617e-01,4.927386e-01,4.925881e-01,4.920729e-01,4.918481e-01,4.917414e-01,4.912499e-01,4.909301e-01,4.906638e-01,4.902493e-01,4.898815e-01,4.895428e-01,4.893243e-01,4.888425e-01,4.884601e-01,4.881274e-01,4.876700e-01,4.871507e-01,4.868206e-01,4.864184e-01,4.859028e-01,4.852500e-01,4.847130e-01,4.844350e-01,4.838284e-01,4.832031e-01,4.825798e-01,4.820501e-01,4.815887e-01,4.808996e-01,4.804150e-01,4.799573e-01,4.795655e-01,4.790439e-01,4.785639e-01,4.781750e-01,4.778070e-01,4.774196e-01,4.770083e-01,4.766425e-01,4.765202e-01,4.764425e-01,4.760137e-01,4.758522e-01,4.756220e-01,4.753724e-01,4.753842e-01,4.752433e-01,4.750631e-01,4.749029e-01,4.747904e-01,4.746305e-01,4.744117e-01,4.742813e-01,4.740434e-01,4.738938e-01,4.736957e-01,4.736247e-01,4.735342e-01,4.734230e-01,4.735076e-01,4.735336e-01,4.735308e-01,4.734405e-01,4.735498e-01,4.735941e-01,4.736788e-01,4.738263e-01,4.738914e-01,4.740246e-01,4.742153e-01,4.743043e-01,4.745007e-01,4.745659e-01,4.746942e-01,4.747138e-01,4.746903e-01,4.746719e-01,4.746049e-01,4.744936e-01,4.743142e-01,4.741822e-01,4.741586e-01,4.740670e-01,4.741506e-01,4.739323e-01,4.738395e-01,4.736605e-01,4.735495e-01,4.735650e-01,4.734345e-01,4.733235e-01,4.733442e-01,4.732569e-01,4.731850e-01,4.731185e-01,4.730091e-01,4.727296e-01,4.726399e-01,4.723948e-01,4.722667e-01,4.717020e-01,4.714844e-01,4.711810e-01,4.707908e-01,4.704414e-01,4.700928e-01,4.695799e-01,4.690613e-01,4.684800e-01,4.678062e-01,4.670884e-01,4.661417e-01,4.649485e-01,4.642175e-01,4.634690e-01,4.627071e-01,4.610864e-01,4.594609e-01,4.586702e-01,4.570578e-01,4.546482e-01,4.530305e-01,4.514211e-01,4.490541e-01,4.466951e-01,4.443666e-01,4.420077e-01,4.396894e-01,4.359420e-01,4.336809e-01,4.286035e-01,4.249905e-01,4.208674e-01,4.174448e-01,4.127909e-01,4.088934e-01,4.038880e-01,3.991103e-01,3.920799e-01,3.863911e-01,3.809195e-01,3.745598e-01,3.688841e-01,3.620026e-01,3.557925e-01,3.459240e-01,3.386772e-01,3.313344e-01,3.243331e-01,3.159108e-01,3.089199e-01,2.979628e-01,2.900883e-01,2.826568e-01,2.753595e-01,2.677619e-01,2.584265e-01,2.512187e-01,2.448293e-01,2.386209e-01,2.324339e-01,2.250394e-01,2.196217e-01,2.147937e-01,2.103581e-01,2.064876e-01,2.008547e-01,1.975049e-01,1.943894e-01,1.911617e-01,1.878768e-01,1.847192e-01,1.826313e-01,1.806169e-01,1.786532e-01,1.767373e-01,1.748903e-01,1.739463e-01,1.721904e-01,1.713040e-01,1.696302e-01,1.688213e-01,1.680000e-01,1.672140e-01,1.664578e-01,1.657125e-01,1.649779e-01,1.649865e-01,1.642541e-01,1.642629e-01,1.635660e-01,1.635699e-01,1.635821e-01,1.636142e-01,1.629057e-01,1.629176e-01,1.629096e-01,1.629231e-01,1.636369e-01,1.636353e-01,1.636302e-01,1.636017e-01,1.643222e-01,1.643019e-01,1.650358e-01,1.650341e-01,1.657735e-01,1.665438e-01,1.665642e-01,1.673658e-01,1.681751e-01,1.689939e-01,1.698481e-01,1.699082e-01,1.707899e-01,1.716681e-01,1.725687e-01,1.734643e-01,1.743844e-01,1.753005e-01,1.762498e-01,1.771866e-01,1.781350e-01,1.790963e-01,1.800686e-01,1.810321e-01,1.820300e-01,1.830398e-01,1.840583e-01,1.850929e-01,1.871331e-01,1.871992e-01,1.893000e-01,1.904061e-01,1.904777e-01,1.923414e-01,1.934818e-01,1.948635e-01,1.958269e-01,1.974734e-01,1.984588e-01,1.993410e-01,2.009460e-01,2.021114e-01,2.035196e-01,2.045776e-01,2.062565e-01,2.072163e-01,2.088324e-01,2.099603e-01,2.109425e-01,2.126042e-01,2.137691e-01,2.153493e-01,2.163813e-01,2.179975e-01,2.190346e-01,2.205525e-01,2.217701e-01,2.231462e-01,2.242400e-01,2.258154e-01,2.269404e-01,2.283976e-01,2.295220e-01,2.310265e-01,2.320499e-01,2.336086e-01,2.348159e-01,2.357213e-01,2.373395e-01,2.389835e-01,2.401032e-01,2.415965e-01,2.427441e-01,2.442733e-01,2.452546e-01,2.468287e-01,2.478245e-01,2.492267e-01,2.502233e-01,2.518412e-01,2.528577e-01,2.542891e-01,2.553145e-01,2.567973e-01,2.576060e-01,2.590444e-01,2.601147e-01,2.614166e-01,2.629580e-01,2.637886e-01,2.651333e-01,2.660312e-01,2.675839e-01,2.682128e-01,2.696099e-01,2.709699e-01,2.719136e-01,2.730550e-01,2.739600e-01,2.754267e-01,2.760979e-01,2.775341e-01,2.787300e-01,2.796783e-01,2.808953e-01,2.815968e-01,2.828924e-01,2.844105e-01,2.851040e-01,2.863756e-01,2.871083e-01,2.881223e-01,2.894246e-01,2.901748e-01,2.914982e-01,2.923246e-01,2.934092e-01,2.945026e-01,2.953150e-01,2.964525e-01,2.979362e-01,2.984640e-01,2.999989e-01,3.005342e-01,3.020336e-01,3.032674e-01,3.038556e-01,3.050764e-01,3.062787e-01,3.071708e-01,3.081157e-01,3.093462e-01,3.102592e-01,3.111486e-01,3.124820e-01,3.130809e-01,3.141255e-01,3.154424e-01,3.161960e-01,3.171864e-01,3.186711e-01,3.193581e-01,3.204799e-01,3.215614e-01,3.223414e-01,3.234901e-01,3.245619e-01,3.252756e-01,3.264110e-01,3.274724e-01,3.282563e-01,3.289559e-01,3.301200e-01,3.312082e-01,3.319755e-01,3.326926e-01,3.338909e-01,3.346171e-01,3.354341e-01,3.365615e-01,3.373890e-01,3.381364e-01,3.390046e-01,3.401583e-01,3.410051e-01,3.417328e-01,3.425883e-01,3.437411e-01,3.441924e-01,3.454462e-01,3.461955e-01,3.470428e-01,3.474706e-01,3.483296e-01,3.490600e-01,3.499234e-01,3.507918e-01,3.511330e-01,3.520127e-01,3.528928e-01,3.533369e-01,3.541257e-01,3.545733e-01,3.554680e-01,3.559239e-01,3.568263e-01,3.577339e-01,3.586467e-01,3.590052e-01,3.599254e-01,3.604282e-01,3.613565e-01,3.618249e-01,3.622946e-01,3.631334e-01,3.635724e-01,3.640472e-01,3.649967e-01,3.654411e-01,3.658911e-01,3.662313e-01,3.671939e-01,3.676098e-01,3.680661e-01,3.684112e-01,3.688656e-01,3.692863e-01,3.696034e-01,3.700614e-01,3.704857e-01,3.709113e-01,3.713381e-01,3.717663e-01,3.720888e-01,3.719869e-01,3.724171e-01,3.728487e-01,3.732816e-01,3.737197e-01,3.741197e-01,3.745565e-01,3.744536e-01,3.748560e-01,3.752596e-01,3.756325e-01,3.754934e-01,3.758635e-01,3.761989e-01,3.760273e-01,3.763278e-01,3.766293e-01,3.764176e-01,3.768349e-01,3.765905e-01,3.768937e-01,3.766455e-01,3.770650e-01,3.768558e-01,3.771608e-01,3.770637e-01,3.773697e-01,3.771926e-01,3.776190e-01,3.774055e-01,3.773084e-01,3.776162e-01,3.780090e-01,3.778756e-01,3.781495e-01,3.780161e-01,3.777653e-01,3.781211e-01,3.778729e-01,3.782662e-01,3.781325e-01,3.778810e-01,3.783119e-01,3.780963e-01,3.780379e-01,3.779405e-01,3.777975e-01,3.777728e-01,3.777480e-01,3.776075e-01,3.776554e-01,3.775487e-01,3.781266e-01,3.780586e-01,3.781432e-01,3.782278e-01,3.782302e-01,3.783513e-01,3.783561e-01,3.785138e-01,3.785527e-01,3.787106e-01,3.787518e-01,3.789098e-01,3.789853e-01,3.791800e-01,3.792579e-01,3.793334e-01,3.795283e-01,3.790706e-01,3.791485e-01,3.792607e-01,3.794553e-01,3.795310e-01,3.796089e-01,3.797213e-01,3.797969e-01,3.797534e-01,3.792990e-01,3.793746e-01,3.793315e-01,3.792518e-01,3.786789e-01,3.787568e-01,3.786776e-01,3.784804e-01,3.779109e-01,3.778323e-01,3.776388e-01,3.770364e-01,3.768052e-01,3.767273e-01,3.759761e-01,3.757464e-01,3.750021e-01,3.747739e-01,3.739169e-01,3.736902e-01,3.728027e-01,3.725775e-01,3.718450e-01,3.715441e-01,3.708189e-01,3.700182e-01,3.698328e-01,3.690374e-01,3.683568e-01,3.680630e-01,3.673869e-01,3.666041e-01,3.664259e-01,3.656482e-01,3.654687e-01,3.648042e-01,3.639996e-01,3.633062e-01,3.626159e-01,3.619285e-01,3.617213e-01,3.610028e-01,3.603223e-01,3.595400e-01,3.588657e-01,3.587642e-01,3.580933e-01,3.575286e-01,3.564027e-01,3.558814e-01,3.552228e-01,3.551236e-01,3.545697e-01,3.539833e-01,3.534333e-01,3.527506e-01,3.522049e-01,3.516269e-01,3.509516e-01,3.502791e-01,3.492679e-01,3.487028e-01,3.475702e-01,3.469115e-01,3.463517e-01,3.457939e-01,3.447148e-01,3.441625e-01,3.436121e-01,3.430636e-01,3.420965e-01,3.414597e-01,3.405023e-01,3.399642e-01,3.394280e-01,3.388934e-01,3.379514e-01,3.374245e-01,3.365243e-01,3.360896e-01,3.351644e-01,3.347334e-01,3.339051e-01,3.335334e-01,3.327112e-01,3.322868e-01,3.315260e-01,3.311594e-01,3.299284e-01,3.296517e-01,3.288169e-01,3.280721e-01,3.276272e-01,3.269727e-01,3.264984e-01,3.256447e-01,3.245388e-01,3.240709e-01,3.233151e-01,3.224801e-01,3.216492e-01,3.212708e-01,3.199973e-01,3.191471e-01,3.186931e-01,3.178807e-01,3.169586e-01,3.161547e-01,3.156291e-01,3.140957e-01,3.135765e-01,3.127889e-01,3.120363e-01,3.111771e-01,3.097504e-01,3.093512e-01,3.085375e-01,3.078361e-01,3.071381e-01,3.064434e-01,3.054196e-01,3.048065e-01,3.041535e-01,3.035458e-01,3.028987e-01,3.016833e-01,3.014343e-01,3.005197e-01,2.998869e-01,2.992571e-01,2.987003e-01,2.975522e-01,2.970026e-01,2.965243e-01,2.959102e-01,2.953674e-01,2.939156e-01,2.934107e-01,2.928781e-01,2.923478e-01,2.912253e-01,2.906357e-01,2.900487e-01,2.891430e-01,2.886275e-01,2.875055e-01,2.869325e-01,2.860476e-01,2.855152e-01,2.841400e-01,2.838660e-01,2.830011e-01,2.821400e-01,2.816228e-01,2.802873e-01,2.797166e-01,2.788784e-01,2.783720e-01,2.770387e-01,2.764819e-01,2.757231e-01,2.751719e-01,2.738422e-01,2.732707e-01,2.724733e-01,2.719060e-01,2.706113e-01,2.697184e-01,2.689134e-01,2.683898e-01,2.670732e-01,2.665017e-01,2.656605e-01,2.650669e-01,2.637273e-01,1.474902e-02,1.474902e-02,1.474902e-02,1.474902e-02,1.474902e-02,1.474902e-02,1.474902e-02,1.474902e-02,1.474902e-02,1.474902e-02,1.474902e-02,1.474902e-02,1.474902e-02,1.474902e-02,1.474902e-02,1.474902e-02,1.474902e-02,1.474902e-02,1.474902e-02,1.474902e-02,1.474902e-02,1.474902e-02,1.474902e-02,1.474902e-02,1.474902e-02,1.474902e-02,1.474902e-02,1.474902e-02,1.474902e-02,1.474902e-02,1.474902e-02,1.474902e-02,1.474902e-02,1.474902e-02,1.474902e-02,1.474902e-02,1.474902e-02,1.474902e-02,1.474902e-02,1.474902e-02,1.474902e-02,1.474902e-02,1.474902e-02,1.474902e-02,1.474902e-02,1.474902e-02,1.474902e-02,1.474902e-02,1.474902e-02,1.474902e-02,1.474902e-02,1.474902e-02,1.474902e-02,1.474902e-02,1.474902e-02,1.474902e-02,1.474902e-02,1.474902e-02,1.474902e-02,1.474902e-02,1.474902e-02,1.474902e-02,1.474902e-02,1.474902e-02,1.474902e-02,1.474902e-02,1.474902e-02,1.474902e-02,1.474902e-02,1.474902e-02,1.474902e-02,1.474902e-02,1.474902e-02,1.474902e-02,1.474902e-02,1.474902e-02,1.474902e-02,1.474902e-02,1.474902e-02,1.474902e-02,1.474902e-02,1.474902e-02,1.474902e-02,1.474902e-02,1.474902e-02,1.474902e-02,1.474902e-02,1.474902e-02,1.474902e-02,1.474902e-02,1.474902e-02,1.474902e-02,1.474902e-02,1.474902e-02,1.474902e-02,1.474902e-02,1.474902e-02,1.474902e-02,1.474902e-02,1.474902e-02,1.474902e-02,1.474902e-02,1.474902e-02,1.474902e-02,1.474902e-02,1.474902e-02,1.474902e-02,1.474902e-02,1.474902e-02,1.474902e-02,1.474902e-02,1.474902e-02,1.474902e-02,1.474902e-02,1.474902e-02,1.474902e-02,1.474902e-02,1.474902e-02,1.474902e-02,1.474902e-02,1.474902e-02,1.474902e-02,1.474902e-02,1.474902e-02,1.474902e-02,1.474902e-02,1.474902e-02,1.474902e-02,1.474902e-02,1.474902e-02,1.474902e-02,1.474902e-02,1.474902e-02,1.474902e-02,1.474902e-02,1.474902e-02,1.474902e-02,1.474902e-02,1.474902e-02,1.474902e-02,1.474902e-02,1.474902e-02,1.474902e-02,1.474902e-02,1.474902e-02,1.474902e-02,1.474902e-02,1.474902e-02,1.474902e-02,1.474902e-02,1.474902e-02,1.474902e-02,1.474902e-02,1.474902e-02,1.474902e-02,1.474902e-02,1.474902e-02,1.474902e-02,1.474902e-02,1.474902e-02,1.474902e-02
3.481190e-02,3.480848e-02,3.480601e-02,3.480284e-02,3.479985e-02,3.484006e-02,3.492027e-02,3.496205e-02,3.504451e-02,3.512641e-02,3.520999e-02,3.528953e-02,3.541090e-02,3.553242e-02,3.565196e-02,3.577456e-02,3.589691e-02,3.601826e-02,3.614098e-02,3.630161e-02,3.642151e-02,3.653927e-02,3.669657e-02,3.681466e-02,3.697608e-02,3.713675e-02,3.729857e-02,3.745936e-02,3.762002e-02,3.782196e-02,3.802081e-02,3.821660e-02,3.845494e-02,3.869342e-02,3.893472e-02,3.917605e-02,3.941470e-02,3.965640e-02,3.993739e-02,4.017684e-02,4.041944e-02,4.066771e-02,4.091685e-02,4.112508e-02,4.137560e-02,4.158998e-02,4.180436e-02,4.197714e-02,4.219781e-02,4.238312e-02,4.257200e-02,4.276712e-02,4.292590e-02,4.308553e-02,4.324552e-02,4.340598e-02,4.356834e-02,4.373155e-02,4.385290e-02,4.401604e-02,4.417642e-02,4.433786e-02,4.449796e-02,4.465487e-02,4.481676e-02,4.497705e-02,4.513698e-02,4.529618e-02,4.545178e-02,4.560652e-02,4.575841e-02,4.590382e-02,4.600637e-02,4.614648e-02,4.624162e-02,4.637627e-02,4.650981e-02,4.664702e-02,4.678180e-02,4.695853e-02,4.713880e-02,4.736594e-02,4.760075e-02,4.784113e-02,4.813017e-02,4.847065e-02,4.878115e-02,4.909884e-02,4.947228e-02,4.985641e-02,5.021332e-02,5.057733e-02,5.099413e-02,5.138146e-02,5.178017e-02,5.219001e-02,5.261494e-02,5.305354e-02,5.346605e-02,5.393537e-02,5.442188e-02,5.492359e-02,5.544424e-02,5.594340e-02,5.650504e-02,5.708703e-02,5.769178e-02,5.833767e-02,5.902719e-02,5.976870e-02,6.050142e-02,6.129572e-02,6.208119e-02,6.298626e-02,6.393560e-02,6.489278e-02,6.593654e-02,6.699142e-02,6.809534e-02,6.925431e-02,7.046930e-02,7.169767e-02,7.298336e-02,7.428802e-02,7.560449e-02,7.693500e-02,7.831477e-02,7.969880e-02,8.113907e-02,8.247145e-02,8.390538e-02,8.526141e-02,8.668554e-02,8.804450e-02,8.946281e-02,9.085097e-02,9.230183e-02,9.363812e-02,9.508501e-02,9.643469e-02,9.788731e-02,9.928490e-02,1.006469e-01,1.021087e-01,1.035907e-01,1.050554e-01,1.065232e-01,1.080823e-01,1.095378e-01,1.110505e-01,1.124888e-01,1.138534e-01,1.150932e-01,1.164460e-01,1.175600e-01,1.183631e-01,1.187348e-01,1.190030e-01,1.191732e-01,1.191583e-01,1.192080e-01,1.192205e-01,1.192142e-01,1.191487e-01,1.190457e-01,1.188880e-01,1.186924e-01,1.184274e-01,1.181634e-01,1.178628e-01,1.174997e-01,1.171263e-01,1.167537e-01,1.164377e-01,1.160901e-01,1.157212e-01,1.154287e-01,1.151591e-01,1.149201e-01,1.147071e-01,1.145202e-01,1.143437e-01,1.141865e-01,1.140593e-01,1.139948e-01,1.139017e-01,1.138387e-01,1.137941e-01,1.137742e-01,1.137283e-01,1.137567e-01,1.137580e-01,1.138274e-01,1.138511e-01,1.139132e-01,1.139918e-01,1.140328e-01,1.141132e-01,1.142028e-01,1.142879e-01,1.143412e-01,1.143943e-01,1.144278e-01,1.144482e-01,1.144183e-01,1.144248e-01,1.143586e-01,1.142382e-01,1.141154e-01,1.139173e-01,1.137583e-01,1.135277e-01,1.133499e-01,1.131079e-01,1.128477e-01,1.126219e-01,1.123881e-01,1.121368e-01,1.119535e-01,1.117939e-01,1.116875e-01,1.115940e-01,1.115532e-01,1.115296e-01,1.115479e-01,1.115867e-01,1.116503e-01,1.117604e-01,1.118673e-01,1.120002e-01,1.121089e-01,1.122168e-01,1.122798e-01,1.122521e-01,1.122322e-01,1.121341e-01,1.119870e-01,1.117458e-01,1.114487e-01,1.110948e-01,1.107282e-01,1.103154e-01,1.098841e-01,1.094142e-01,1.089392e-01,1.084589e-01,1.080092e-01,1.075854e-01,1.071979e-01,1.068909e-01,1.066212e-01,1.064133e-01,1.061905e-01,1.059892e-01,1.057668e-01,1.055043e-01,1.052002e-01,1.048224e-01,1.043824e-01,1.038128e-01,1.032407e-01,1.025864e-01,1.018830e-01,1.011967e-01,1.005235e-01,9.987001e-02,9.924488e-02,9.871867e-02,9.824492e-02,9.791367e-02,9.758641e-02,9.740343e-02,9.723939e-02,9.718959e-02,9.718100e-02,9.725815e-02,9.736565e-02,9.758950e-02,9.790770e-02,9.837037e-02,9.893308e-02,9.982278e-02,1.008521e-01,1.022918e-01,1.038822e-01,1.058638e-01,1.080662e-01,1.105605e-01,1.133002e-01,1.163085e-01,1.195858e-01,1.230360e-01,1.267385e-01,1.306127e-01,1.346016e-01,1.386454e-01,1.427636e-01,1.469134e-01,1.510317e-01,1.550022e-01,1.589557e-01,1.628236e-01,1.664648e-01,1.699946e-01,1.733772e-01,1.766048e-01,1.796863e-01,1.826292e-01,1.854522e-01,1.882504e-01,1.909307e-01,1.935129e-01,1.960218e-01,1.984497e-01,2.008192e-01,2.031084e-01,2.054021e-01,2.075679e-01,2.096729e-01,2.116629e-01,2.137562e-01,2.156197e-01,2.174320e-01,2.191510e-01,2.208427e-01,2.224756e-01,2.240520e-01,2.255728e-01,2.270350e-01,2.284410e-01,2.297914e-01,2.311467e-01,2.323974e-01,2.336633e-01,2.349187e-01,2.360777e-01,2.371969e-01,2.382692e-01,2.392838e-01,2.402800e-01,2.412336e-01,2.421127e-01,2.429178e-01,2.436670e-01,2.444070e-01,2.450956e-01,2.457773e-01,2.464098e-01,2.469717e-01,2.475577e-01,2.481333e-01,2.486830e-01,2.492294e-01,2.497953e-01,2.503415e-01,2.509029e-01,2.514515e-01,2.519945e-01,2.525520e-01,2.530911e-01,2.536478e-01,2.541653e-01,2.546956e-01,2.552220e-01,2.557277e-01,2.562413e-01,2.567535e-01,2.572602e-01,2.577444e-01,2.582347e-01,2.587221e-01,2.592019e-01,2.596702e-01,2.601994e-01,2.606508e-01,2.610930e-01,2.615292e-01,2.619516e-01,2.623633e-01,2.626982e-01,2.630874e-01,2.633742e-01,2.637406e-01,2.640415e-01,2.643426e-01,2.646406e-01,2.648767e-01,2.651792e-01,2.654639e-01,2.657663e-01,2.660658e-01,2.663514e-01,2.666551e-01,2.669412e-01,2.672900e-01,2.675763e-01,2.678630e-01,2.681641e-01,2.684513e-01,2.686725e-01,2.689568e-01,2.691782e-01,2.693995e-01,2.696180e-01,2.698222e-01,2.700441e-01,2.702661e-01,2.704848e-01,2.707075e-01,2.709119e-01,2.711345e-01,2.713393e-01,2.716105e-01,2.719000e-01,2.721715e-01,2.724432e-01,2.727149e-01,2.729866e-01,2.732586e-01,2.735975e-01,2.738699e-01,2.741416e-01,2.744802e-01,2.747346e-01,2.750739e-01,2.753455e-01,2.755945e-01,2.758672e-01,2.761397e-01,2.763431e-01,2.765301e-01,2.767174e-01,2.768551e-01,2.769745e-01,2.770959e-01,2.772362e-01,2.773570e-01,2.774119e-01,2.775342e-01,2.776743e-01,2.777963e-01,2.779188e-01,2.781081e-01,2.782303e-01,2.784200e-01,2.786098e-01,2.788026e-01,2.789928e-01,2.792500e-01,2.794395e-01,2.796973e-01,2.799548e-01,2.801934e-01,2.804511e-01,2.806903e-01,2.809481e-01,2.812056e-01,2.814483e-01,2.817069e-01,2.819457e-01,2.822042e-01,2.824439e-01,2.826348e-01,2.828747e-01,2.830471e-01,2.832222e-01,2.834132e-01,2.835857e-01,2.836910e-01,2.838642e-01,2.839883e-01,2.840957e-01,2.842007e-01,2.843061e-01,2.843431e-01,2.844480e-01,2.845563e-01,2.846609e-01,2.847663e-01,2.848713e-01,2.850461e-01,2.851995e-01,2.853724e-01,2.856154e-01,2.858557e-01,2.860771e-01,2.863181e-01,2.866298e-01,2.868695e-01,2.871589e-01,2.874001e-01,2.876436e-01,2.879328e-01,2.881550e-01,2.883999e-01,2.886218e-01,2.888622e-01,2.890876e-01,2.893295e-01,2.895507e-01,2.897050e-01,2.898625e-01,2.900158e-01,2.901695e-01,2.903276e-01,2.904825e-01,2.906365e-01,2.907893e-01,2.909462e-01,2.911007e-01,2.912553e-01,2.914088e-01,2.916321e-01,2.918531e-01,2.920754e-01,2.923011e-01,2.925216e-01,2.927391e-01,2.929621e-01,2.932517e-01,2.934732e-01,2.936949e-01,2.939771e-01,2.941980e-01,2.944172e-01,2.946355e-01,2.948568e-01,2.950748e-01,2.952940e-01,2.954370e-01,2.956486e-01,2.957999e-01,2.960137e-01,2.961628e-01,2.963107e-01,2.964575e-01,2.965925e-01,2.967316e-01,2.968104e-01,2.969563e-01,2.970967e-01,2.972208e-01,2.973579e-01,2.974345e-01,2.975717e-01,2.977100e-01,2.978429e-01,2.979802e-01,2.981231e-01,2.983113e-01,2.984103e-01,2.985964e-01,2.987284e-01,2.989145e-01,2.991018e-01,2.992879e-01,2.994806e-01,2.996767e-01,2.998760e-01,3.001496e-01,3.003502e-01,3.005408e-01,3.008209e-01,3.010402e-01,3.013272e-01,3.015421e-01,3.017607e-01,3.019779e-01,3.022030e-01,3.023520e-01,3.025086e-01,3.026632e-01,3.027436e-01,3.028317e-01,3.028435e-01,3.029295e-01,3.030178e-01,3.030383e-01,3.031266e-01,3.032880e-01,3.033773e-01,3.035387e-01,3.036980e-01,3.039269e-01,3.041572e-01,3.043897e-01,3.046168e-01,3.048517e-01,3.051554e-01,3.053847e-01,3.056865e-01,3.059239e-01,3.062282e-01,3.064578e-01,3.066911e-01,3.069954e-01,3.072311e-01,3.073945e-01,3.076324e-01,3.078682e-01,3.080352e-01,3.082022e-01,3.083681e-01,3.085329e-01,3.087001e-01,3.088673e-01,3.090367e-01,3.091351e-01,3.093012e-01,3.095398e-01,3.097074e-01,3.099461e-01,3.101138e-01,3.103504e-01,3.105850e-01,3.108931e-01,3.111279e-01,3.113593e-01,3.115941e-01,3.118336e-01,3.120709e-01,3.123082e-01,3.124764e-01,3.127138e-01,3.128821e-01,3.130481e-01,3.132141e-01,3.133746e-01,3.134737e-01,3.136422e-01,3.137391e-01,3.138292e-01,3.139194e-01,3.140117e-01,3.141064e-01,3.142012e-01,3.142960e-01,3.143885e-01,3.144833e-01,3.145759e-01,3.146684e-01,3.147589e-01,3.149209e-01,3.150112e-01,3.151689e-01,3.153265e-01,3.154842e-01,3.156443e-01,3.158042e-01,3.160350e-01,3.162624e-01,3.164876e-01,3.167845e-01,3.170096e-01,3.173064e-01,3.175985e-01,3.178930e-01,3.182547e-01,3.185469e-01,3.189083e-01,3.192060e-01,3.195001e-01,3.198615e-01,3.201532e-01,3.205120e-01,3.208035e-01,3.210927e-01,3.213838e-01,3.216751e-01,3.218973e-01,3.221163e-01,3.223348e-01,3.224833e-01,3.227017e-01,3.228501e-01,3.229318e-01,3.230751e-01,3.232207e-01,3.233682e-01,3.234458e-01,3.235932e-01,3.237393e-01,3.238816e-01,3.240239e-01,3.241658e-01,3.243101e-01,3.244518e-01,3.245993e-01,3.247406e-01,3.248818e-01,3.250205e-01,3.251590e-01,3.253033e-01,3.254462e-01,3.255865e-01,3.257244e-01,3.258597e-01,3.259948e-01,3.261310e-01,3.262705e-01,3.264098e-01,3.265490e-01,3.266835e-01,3.268180e-01,3.269609e-01,3.271002e-01,3.272371e-01,3.273717e-01,3.275040e-01,3.276446e-01,3.277840e-01,3.279210e-01,3.280533e-01,3.281178e-01,3.282596e-01,3.284097e-01,3.285515e-01,3.286839e-01,3.288164e-01,3.290214e-01,3.291562e-01,3.293627e-01,3.295607e-01,3.297588e-01,3.299617e-01,3.301669e-01,3.303627e-01,3.305506e-01,3.307323e-01,3.309212e-01,3.311100e-01,3.312895e-01,3.313774e-01,3.315286e-01,3.316166e-01,3.317093e-01,3.318081e-01,3.319009e-01,3.319115e-01,3.319690e-01,3.319304e-01,3.318943e-01,3.318888e-01,3.318926e-01,3.318778e-01,3.318343e-01,3.317822e-01,3.317677e-01,3.317789e-01,3.317971e-01,3.318060e-01,3.318033e-01,3.318077e-01,3.318863e-01,3.318907e-01,3.319886e-01,3.321098e-01,3.322309e-01,3.324223e-01,3.326137e-01,3.328051e-01,3.330668e-01,3.333285e-01,3.336136e-01,3.338754e-01,3.341646e-01,3.345202e-01,3.348055e-01,3.350675e-01,3.353529e-01,3.355681e-01,3.357832e-01,3.359751e-01,3.360965e-01,3.362414e-01,3.363863e-01,3.364608e-01,3.366057e-01,3.367507e-01,3.368018e-01,3.369468e-01,3.370918e-01,3.372409e-01,3.373625e-01,3.375076e-01,3.376292e-01,3.377743e-01,3.379899e-01,3.380645e-01,3.381862e-01,3.383313e-01,3.384060e-01,3.385512e-01,3.386024e-01,3.386771e-01,3.387518e-01,3.388265e-01,3.388307e-01,3.389054e-01,3.389801e-01,3.390783e-01,3.391530e-01,3.392277e-01,3.393025e-01,3.393772e-01,3.394520e-01,3.394477e-01,3.395459e-01,3.396207e-01,3.396954e-01,3.397702e-01,3.397895e-01,3.397937e-01,3.398919e-01,3.399667e-01,3.399625e-01,3.399667e-01,3.401356e-01,3.401549e-01,3.402339e-01,3.403238e-01,3.404693e-01,3.406147e-01,3.407518e-01,3.409679e-01,3.411285e-01,3.413447e-01,3.414818e-01,3.417687e-01,3.419293e-01,3.421372e-01,3.424476e-01,3.425849e-01,3.428719e-01,3.430370e-01,3.432534e-01,3.434142e-01,3.435516e-01,3.437681e-01,3.438348e-01,3.439806e-01,3.440708e-01,3.440668e-01,3.441654e-01,3.441615e-01,3.441811e-01,3.441856e-01,3.441818e-01,3.442014e-01,3.442766e-01,3.442729e-01,3.442971e-01,3.444429e-01,3.445334e-01,3.446004e-01,3.447463e-01,3.448134e-01,3.449593e-01,3.450265e-01,3.451643e-01,3.453336e-01,3.454008e-01,3.455388e-01,3.457080e-01,3.457753e-01,3.459213e-01,3.459886e-01,3.460560e-01,3.462019e-01,3.462033e-01,3.463493e-01,3.463460e-01,3.464687e-01,3.464656e-01,3.465176e-01,3.465145e-01,3.465666e-01,3.464929e-01,3.465682e-01,3.465420e-01,3.466173e-01,3.466694e-01,3.466434e-01,3.467002e-01,3.467523e-01,3.467496e-01,3.468017e-01,3.468539e-01,3.468512e-01,3.469034e-01,3.469556e-01,3.470079e-01,3.469821e-01,3.470344e-01,3.470866e-01,3.471389e-01,3.471681e-01,3.472203e-01,3.472495e-01,3.473018e-01,3.474319e-01,3.473056e-01,3.474357e-01,3.475427e-01,3.476497e-01,3.477337e-01,3.477629e-01,3.478469e-01,3.478761e-01,3.479054e-01,3.480125e-01,3.480187e-01,3.480480e-01,3.480543e-01,3.481382e-01,3.481446e-01,3.481509e-01,3.481573e-01,3.481638e-01,3.481751e-01,3.480813e-01,3.481423e-01,3.480488e-01,3.480555e-01,3.480623e-01,3.481233e-01,3.481843e-01,3.480684e-01,3.480297e-01,3.479911e-01,3.480521e-01,3.480364e-01,3.479669e-01,3.478582e-01,3.477209e-01,3.475840e-01,3.475998e-01,3.474099e-01,3.473191e-01,3.472285e-01,3.473067e-01,3.472867e-01,3.472669e-01,3.473003e-01,3.472360e-01,3.471497e-01,3.469886e-01,3.469033e-01,3.467131e-01,3.466428e-01,3.464541e-01,3.464368e-01,3.462537e-01,3.460931e-01,3.459110e-01,3.458251e-01,3.456440e-01,3.455587e-01,3.455033e-01,3.456935e-01,3.460273e-01,3.462143e-01,3.459634e-01,3.457429e-01,3.456876e-01,3.455628e-01,3.453434e-01,3.452704e-01,3.450845e-01,3.447719e-01,3.442970e-01,3.437150e-01,3.430876e-01,3.424365e-01,3.417541e-01,3.410124e-01,3.403862e-01,3.397986e-01,3.393803e-01,3.389298e-01,3.387415e-01,3.381210e-01,3.373455e-01,3.363097e-01,3.353341e-01,3.339538e-01,3.325238e-01,3.312726e-01,3.298749e-01,3.288425e-01,3.274603e-01,3.262844e-01,3.249922e-01,3.236608e-01,3.222255e-01,3.214026e-01,3.202286e-01,3.187236e-01,3.174082e-01,3.159961e-01,3.148780e-01,3.134984e-01,3.120254e-01,3.107351e-01,3.096166e-01,3.084960e-01,3.072454e-01,3.060096e-01,3.049876e-01,3.037501e-01,3.026663e-01,3.015948e-01,3.006461e-01,2.998488e-01,2.991216e-01,2.982697e-01,2.974656e-01,2.967323e-01,2.960963e-01,2.955565e-01,2.949407e-01,2.942788e-01,2.937293e-01,2.933147e-01,2.927841e-01,2.922510e-01,2.918495e-01,2.914517e-01,2.912324e-01,2.909437e-01,2.905968e-01,2.904253e-01,2.901855e-01,2.900087e-01,2.899148e-01,2.897489e-01,2.896162e-01,2.895250e-01,2.894028e-01,2.892730e-01,2.891237e-01,2.890936e-01,2.889540e-01,2.890040e-01,2.890541e-01,2.891128e-01,2.890453e-01,2.890560e-01,2.891546e-01,2.892050e-01,2.894520e-01,2.895110e-01,2.896614e-01,2.897414e-01,2.900094e-01,2.900894e-01,2.903971e-01,2.906654e-01,2.910220e-01,2.912332e-01,2.914708e-01,2.918583e-01,2.922369e-01,2.925466e-01,2.929444e-01,2.933342e-01,2.937740e-01,2.942860e-01,2.947279e-01,2.951420e-01,2.956258e-01,2.959599e-01,2.964873e-01,2.969464e-01,2.972918e-01,2.978778e-01,2.982673e-01,2.987321e-01,2.991458e-01,2.995724e-01,3.001774e-01,3.004870e-01,3.008730e-01,3.013119e-01,3.017867e-01,3.021425e-01,3.025763e-01,3.030201e-01,3.034224e-01,3.040354e-01,3.043960e-01,3.048809e-01,3.054209e-01,3.058904e-01,3.063364e-01,3.067911e-01,3.074205e-01,3.079242e-01,3.083392e-01,3.087746e-01,3.093294e-01,3.096388e-01,3.102350e-01,3.106871e-01,3.112810e-01,3.116335e-01,3.120432e-01,3.125242e-01,3.128890e-01,3.132548e-01,3.138531e-01,3.142216e-01,3.146398e-01,3.150508e-01,3.154226e-01,3.159332e-01,3.162595e-01,3.168318e-01,3.173000e-01,3.175294e-01,3.178996e-01,3.185299e-01,3.187982e-01,3.192229e-01,3.195932e-01,3.200208e-01,3.204582e-01,3.207438e-01,3.211751e-01,3.216288e-01,3.219208e-01,3.224286e-01,3.228472e-01,3.233089e-01,3.238855e-01,3.243102e-01,3.249426e-01,3.253123e-01,3.257258e-01,3.260964e-01,3.266805e-01,3.269789e-01,3.272860e-01,3.277541e-01,3.280428e-01,3.282861e-01,3.286368e-01,3.288617e-01,3.291061e-01,3.292852e-01,3.296745e-01,3.298545e-01,3.300347e-01,3.302623e-01,3.304431e-01,3.306241e-01,3.309084e-01,3.311294e-01,3.312059e-01,3.313633e-01,3.314731e-01,3.315354e-01,3.317507e-01,3.318774e-01,3.320681e-01,3.322778e-01,3.324770e-01,3.327414e-01,3.329508e-01,3.331674e-01,3.334422e-01,3.337254e-01,3.339920e-01,3.343245e-01,3.346749e-01,3.348684e-01,3.352189e-01,3.353554e-01,3.356725e-01,3.359407e-01,3.361257e-01,3.364178e-01,3.365798e-01,3.368313e-01,3.368845e-01,3.371195e-01,3.372887e-01,3.373416e-01,3.374267e-01,3.375297e-01,3.376322e-01,3.378778e-01,3.379895e-01,3.382598e-01,3.385148e-01,3.387355e-01,3.388133e-01,3.390759e-01,3.392130e-01,3.394173e-01,3.396472e-01,3.398695e-01,3.400570e-01,3.403890e-01,3.405945e-01,3.408258e-01,3.410396e-01,3.413551e-01,3.415759e-01,3.418003e-01,3.419191e-01,3.421762e-01,3.423654e-01,3.426409e-01,3.428384e-01,3.430887e-01,3.432686e-01,3.434665e-01,3.436387e-01,3.438551e-01,3.440095e-01,3.441651e-01,3.444248e-01,3.446158e-01,3.448330e-01,3.450062e-01,3.450828e-01,3.452822e-01,3.454373e-01,3.455755e-01,3.457308e-01,3.458690e-01,3.459447e-01,3.462124e-01,3.464375e-01,3.466299e-01,3.467318e-01,3.469061e-01,3.470699e-01,3.472443e-01,3.471545e-01,3.473229e-01,3.474189e-01,3.474819e-01,3.474722e-01,3.475353e-01,3.475693e-01,3.475266e-01,3.474802e-01,3.476052e-01,3.475152e-01,3.474499e-01,3.474142e-01,3.474727e-01,3.473015e-01,3.472985e-01,3.472944e-01,3.473595e-01,3.471279e-01,3.470458e-01,3.469991e-01,3.468745e-01,3.468100e-01,3.466680e-01,3.464934e-01,3.463702e-01,3.461430e-01,3.460209e-01,3.457950e-01,3.457236e-01,3.457993e-01,3.465717e-01,3.463454e-01,3.463340e-01,3.463044e-01,3.462156e-01,3.460593e-01,3.460314e-01,3.459359e-01,3.458072e-01,3.456533e-01,3.455676e-01,3.452711e-01,3.451369e-01,3.449857e-01,3.447095e-01,3.445012e-01,3.442443e-01,3.439278e-01,3.436986e-01,3.434012e-01,3.431878e-01,3.429664e-01,3.427054e-01,3.423627e-01,3.421434e-01,3.418909e-01,3.416247e-01,3.413508e-01,3.410443e-01,3.407640e-01,3.405320e-01,3.402674e-01,3.400062e-01,3.398707e-01,3.396410e-01,3.394595e-01,3.392309e-01,3.389315e-01,3.388228e-01,3.386729e-01,3.384301e-01,3.381880e-01,3.379598e-01,3.377188e-01,3.376030e-01,3.374171e-01,3.373105e-01,3.371472e-01,3.369784e-01,3.368816e-01,3.368259e-01,3.367615e-01,3.367349e-01,3.367085e-01,3.366979e-01,3.366647e-01,3.367894e-01,3.369077e-01,3.369224e-01,3.369496e-01,3.370872e-01,3.372021e-01,3.372864e-01,3.373607e-01,3.374828e-01,3.376748e-01,3.378031e-01,3.379096e-01,3.379244e-01,3.380150e-01,3.381718e-01,3.382334e-01,3.383143e-01,3.384011e-01,3.384620e-01,3.384729e-01,3.386137e-01,3.385925e-01,3.386034e-01,3.386523e-01,3.386313e-01,3.385283e-01,3.384952e-01,3.384562e-01,3.384610e-01,3.384120e-01,3.383630e-01,3.383300e-01,3.383007e-01,3.382895e-01,3.383639e-01,3.383345e-01,3.384249e-01,3.383918e-01,3.384663e-01,3.385567e-01,3.387011e-01,3.387917e-01,3.389864e-01,3.391312e-01,3.394286e-01,3.396765e-01,3.398178e-01,3.400077e-01,3.402360e-01,3.404101e-01,3.407923e-01,3.410378e-01,3.411739e-01,3.413650e-01,3.414537e-01,3.416450e-01,3.416714e-01,3.417142e-01,3.416857e-01,3.416736e-01,3.417550e-01,3.419625e-01,3.421152e-01,3.422041e-01,3.423896e-01,3.424100e-01,3.425792e-01,3.427322e-01,3.429295e-01,3.429961e-01,3.431821e-01,3.433734e-01,3.435044e-01,3.435964e-01,3.438460e-01,3.438714e-01,3.439688e-01,3.441000e-01,3.442368e-01,3.442925e-01,3.442903e-01,3.442435e-01,3.442915e-01,3.442728e-01,3.442933e-01,3.442099e-01,3.442077e-01,3.442448e-01,3.443150e-01,3.442239e-01,3.442522e-01,3.442728e-01,3.442540e-01,3.443638e-01,3.442892e-01,3.442704e-01,3.443353e-01,3.443186e-01,3.444120e-01,3.444602e-01,3.445587e-01,3.444615e-01,3.446161e-01,3.447848e-01,3.448272e-01,3.449489e-01,3.451373e-01,3.453090e-01,3.454553e-01,3.457230e-01,3.459910e-01,3.461798e-01,3.464057e-01,3.466803e-01,3.466723e-01,3.467606e-01,3.466830e-01,3.467273e-01,3.468049e-01,3.468174e-01,3.467824e-01,3.465136e-01,3.461896e-01,3.460794e-01,3.458015e-01,3.453035e-01,3.449075e-01,3.445653e-01,3.440603e-01,3.434933e-01,3.429374e-01,3.422630e-01,3.416362e-01,3.406490e-01,3.399843e-01,3.385770e-01,3.374320e-01,3.363724e-01,3.354077e-01,3.340878e-01,3.330742e-01,3.317866e-01,3.308557e-01,3.290343e-01,3.274357e-01,3.259206e-01,3.240744e-01,3.222906e-01,3.201500e-01,3.179833e-01,3.146846e-01,3.120809e-01,3.093734e-01,3.067163e-01,3.035762e-01,3.007379e-01,2.964979e-01,2.932199e-01,2.899798e-01,2.866804e-01,2.831309e-01,2.789017e-01,2.753741e-01,2.721209e-01,2.689314e-01,2.657042e-01,2.619319e-01,2.589718e-01,2.562709e-01,2.537613e-01,2.514421e-01,2.482828e-01,2.461933e-01,2.442001e-01,2.420687e-01,2.399860e-01,2.379437e-01,2.364329e-01,2.350096e-01,2.336128e-01,2.322188e-01,2.309243e-01,2.301126e-01,2.289145e-01,2.282053e-01,2.270787e-01,2.265328e-01,2.259285e-01,2.254013e-01,2.249506e-01,2.245182e-01,2.240835e-01,2.240620e-01,2.236005e-01,2.235599e-01,2.232063e-01,2.231478e-01,2.231339e-01,2.231900e-01,2.227921e-01,2.227983e-01,2.227350e-01,2.227539e-01,2.231252e-01,2.231124e-01,2.230937e-01,2.229994e-01,2.233600e-01,2.233098e-01,2.237118e-01,2.237187e-01,2.240781e-01,2.245238e-01,2.245943e-01,2.250871e-01,2.255902e-01,2.260970e-01,2.266780e-01,2.268372e-01,2.274668e-01,2.280842e-01,2.287085e-01,2.293069e-01,2.299252e-01,2.305394e-01,2.312020e-01,2.318108e-01,2.324240e-01,2.330342e-01,2.336563e-01,2.342316e-01,2.348552e-01,2.354912e-01,2.361007e-01,2.367224e-01,2.377992e-01,2.379790e-01,2.390980e-01,2.397670e-01,2.399812e-01,2.409708e-01,2.415952e-01,2.423680e-01,2.429943e-01,2.438664e-01,2.444422e-01,2.449948e-01,2.458882e-01,2.465738e-01,2.473479e-01,2.479724e-01,2.488255e-01,2.493853e-01,2.502036e-01,2.508863e-01,2.514432e-01,2.522360e-01,2.528661e-01,2.536533e-01,2.541679e-01,2.549066e-01,2.553654e-01,2.560743e-01,2.566109e-01,2.571506e-01,2.576106e-01,2.582544e-01,2.587210e-01,2.592973e-01,2.596716e-01,2.602993e-01,2.607346e-01,2.613721e-01,2.617897e-01,2.621757e-01,2.628325e-01,2.634942e-01,2.639318e-01,2.644765e-01,2.649182e-01,2.654542e-01,2.658063e-01,2.663943e-01,2.667016e-01,2.671662e-01,2.674436e-01,2.679611e-01,2.682165e-01,2.685685e-01,2.687521e-01,2.692041e-01,2.692597e-01,2.693350e-01,2.695197e-01,2.697781e-01,2.701108e-01,2.699750e-01,2.702343e-01,2.703466e-01,2.704317e-01,2.702221e-01,2.704815e-01,2.704929e-01,2.706051e-01,2.705428e-01,2.704072e-01,2.706664e-01,2.704574e-01,2.704690e-01,2.704073e-01,2.702728e-01,2.702117e-01,2.700054e-01,2.701895e-01,2.702015e-01,2.699398e-01,2.698796e-01,2.696753e-01,2.695438e-01,2.694845e-01,2.692822e-01,2.692235e-01,2.692626e-01,2.691887e-01,2.691152e-01,2.689808e-01,2.689640e-01,2.692003e-01,2.689869e-01,2.692785e-01,2.690659e-01,2.692458e-01,2.694112e-01,2.693801e-01,2.694897e-01,2.695438e-01,2.695274e-01,2.697025e-01,2.697567e-01,2.697402e-01,2.696680e-01,2.699608e-01,2.698733e-01,2.701516e-01,2.702619e-01,2.705352e-01,2.705744e-01,2.710375e-01,2.710609e-01,2.713974e-01,2.715483e-01,2.718136e-01,2.721612e-01,2.722562e-01,2.722791e-01,2.725616e-01,2.726007e-01,2.728210e-01,2.727875e-01,2.730711e-01,2.731101e-01,2.732653e-01,2.732315e-01,2.735257e-01,2.734917e-01,2.737036e-01,2.737426e-01,2.739547e-01,2.739303e-01,2.741988e-01,2.742378e-01,2.744505e-01,2.743598e-01,2.745727e-01,2.745652e-01,2.747048e-01,2.749358e-01,2.748446e-01,2.750021e-01,2.750858e-01,2.752536e-01,2.751058e-01,2.752638e-01,2.754222e-01,2.752562e-01,2.754243e-01,2.755830e-01,2.756673e-01,2.755753e-01,2.756596e-01,2.758187e-01,2.759132e-01,2.760727e-01,2.762326e-01,2.763929e-01,2.762248e-01,2.763850e-01,2.765366e-01,2.766973e-01,2.767827e-01,2.768682e-01,2.767847e-01,2.768136e-01,2.768992e-01,2.770607e-01,2.770899e-01,2.771291e-01,2.769027e-01,2.770644e-01,2.770370e-01,2.770763e-01,2.768497e-01,2.768789e-01,2.768515e-01,2.765783e-01,2.766075e-01,2.765801e-01,2.765527e-01,2.765253e-01,2.764980e-01,2.762245e-01,2.760644e-01,2.760370e-01,2.760095e-01,2.759821e-01,2.759647e-01,2.758807e-01,2.758534e-01,2.756932e-01,2.756092e-01,2.755252e-01,2.753943e-01,2.751773e-01,2.750365e-01,2.748390e-01,2.745750e-01,2.743207e-01,2.740663e-01,2.737356e-01,2.737385e-01,2.733607e-01,2.731062e-01,2.727185e-01,2.727218e-01,2.724004e-01,2.721459e-01,2.720730e-01,2.718184e-01,2.715439e-01,2.715581e-01,2.712264e-01,2.711544e-01,2.708997e-01,2.708583e-01,2.707304e-01,2.704187e-01,2.702911e-01,2.699015e-01,2.697951e-01,2.694149e-01,2.693661e-01,2.692398e-01,2.688494e-01,2.688591e-01,2.685255e-01,2.685240e-01,2.684561e-01,2.682367e-01,2.682838e-01,2.683315e-01,2.681214e-01,2.682844e-01,2.681220e-01,2.683656e-01,2.682701e-01,2.684923e-01,2.687154e-01,2.687250e-01,2.690066e-01,2.690260e-01,2.693662e-01,2.694335e-01,2.697749e-01,2.698520e-01,2.701946e-01,2.703198e-01,2.707214e-01,2.708564e-01,2.709817e-01,2.713848e-01,2.714276e-01,2.715628e-01,2.717461e-01,2.721505e-01,2.722761e-01,2.724115e-01,2.725950e-01,2.727207e-01,2.725670e-01,2.726196e-01,2.727452e-01,2.725925e-01,2.723829e-01,2.721500e-01,2.722852e-01,2.720776e-01,2.715976e-01,2.713696e-01,2.711659e-01,2.707037e-01,2.704232e-01,2.698999e-01,2.697019e-01,2.691062e-01,2.685928e-01,2.680161e-01,2.675106e-01,2.666789e-01,2.661829e-01,2.653101e-01,2.648234e-01,2.642673e-01,2.636010e-01,2.630646e-01,2.623404e-01,2.619311e-01,2.612205e-01,2.607503e-01,2.601220e-01,2.596608e-01,2.589772e-01,2.586013e-01,2.579303e-01,2.575524e-01,2.571122e-01,2.564034e-01,2.559170e-01,2.554342e-01,2.549550e-01,2.545512e-01,2.540238e-01,2.535548e-01,2.528837e-01,2.524230e-01,2.522287e-01,2.517729e-01,2.515210e-01,2.510111e-01,2.508258e-01,2.503805e-01,2.501928e-01,2.499475e-01,2.496491e-01,2.494059e-01,2.489166e-01,2.486761e-01,2.483826e-01,2.479001e-01,2.474207e-01,2.470761e-01,2.467975e-01,2.462164e-01,2.457475e-01,2.454646e-01,2.451827e-01,2.446664e-01,2.443874e-01,2.441093e-01,2.438322e-01,2.435031e-01,2.430509e-01,2.427251e-01,2.424528e-01,2.421814e-01,2.419109e-01,2.415899e-01,2.413301e-01,2.410644e-01,2.409691e-01,2.406521e-01,2.405571e-01,2.404116e-01,2.404342e-01,2.402887e-01,2.401938e-01,2.401657e-01,2.401883e-01,2.399393e-01,2.401324e-01,2.399337e-01,2.399057e-01,2.397578e-01,2.399007e-01,2.396996e-01,2.394393e-01,2.393607e-01,2.391598e-01,2.390787e-01,2.388274e-01,2.385762e-01,2.385455e-01,2.380662e-01,2.377629e-01,2.375628e-01,2.373129e-01,2.368344e-01,2.365853e-01,2.362196e-01,2.358117e-01,2.354478e-01,2.352005e-01,2.350060e-01,2.345872e-01,2.342968e-01,2.341517e-01,2.337882e-01,2.336480e-01,2.335080e-01,2.333682e-01,2.331726e-01,2.331937e-01,2.331067e-01,2.331277e-01,2.330408e-01,2.330190e-01,2.331318e-01,2.331052e-01,2.330182e-01,2.329314e-01,2.330048e-01,2.330355e-01,2.331089e-01,2.333433e-01,2.332561e-01,2.333298e-01,2.332602e-01,2.333864e-01,2.334602e-01,2.335340e-01,2.335121e-01,2.334248e-01,2.333375e-01,2.331503e-01,2.332239e-01,2.331413e-01,2.330544e-01,2.328678e-01,2.328886e-01,2.327670e-01,2.327828e-01,2.325964e-01,2.324020e-01,2.324225e-01,2.323013e-01,2.321628e-01,2.319774e-01,2.319894e-01,2.317627e-01,2.316249e-01,2.315981e-01,2.314605e-01,2.311750e-01,2.309857e-01,2.308025e-01,2.306054e-01,2.303307e-01,2.298899e-01,2.296485e-01,2.295627e-01,2.291784e-01,2.289393e-01,2.285950e-01,2.283045e-01,2.278191e-01,2.595067e-02,2.595067e-02,2.595067e-02,2.595067e-02,2.595067e-02,2.595067e-02,2.595067e-02,2.595067e-02,2.595067e-02,2.595067e-02,2.595067e-02,2.595067e-02,2.595067e-02,2.595067e-02,2.595067e-02,2.595067e-02,2.595067e-02,2.595067e-02,2.595067e-02,2.595067e-02,2.595067e-02,2.595067e-02,2.595067e-02,2.595067e-02,2.595067e-02,2.595067e-02,2.595067e-02,2.595067e-02,2.595067e-02,2.595067e-02,2.595067e-02,2.595067e-02,2.595067e-02,2.595067e-02,2.595067e-02,2.595067e-02,2.595067e-02,2.595067e-02,2.595067e-02,2.595067e-02,2.595067e-02,2.595067e-02,2.595067e-02,2.595067e-02,2.595067e-02,2.595067e-02,2.595067e-02,2.595067e-02,2.595067e-02,2.595067e-02,2.595067e-02,2.595067e-02,2.595067e-02,2.595067e-02,2.595067e-02,2.595067e-02,2.595067e-02,2.595067e-02,2.595067e-02,2.595067e-02,2.595067e-02,2.595067e-02,2.595067e-02,2.595067e-02,2.595067e-02,2.595067e-02,2.595067e-02,2.595067e-02,2.595067e-02,2.595067e-02,2.595067e-02,2.595067e-02,2.595067e-02,2.595067e-02,2.595067e-02,2.595067e-02,2.595067e-02,2.595067e-02,2.595067e-02,2.595067e-02,2.595067e-02,2.595067e-02,2.595067e-02,2.595067e-02,2.595067e-02,2.595067e-02,2.595067e-02,2.595067e-02,2.595067e-02,2.595067e-02,2.595067e-02,2.595067e-02,2.595067e-02,2.595067e-02,2.595067e-02,2.595067e-02,2.595067e-02,2.595067e-02,2.595067e-02,2.595067e-02,2.595067e-02,2.595067e-02,2.595067e-02,2.595067e-02,2.595067e-02,2.595067e-02,2.595067e-02,2.595067e-02,2.595067e-02,2.595067e-02,2.595067e-02,2.595067e-02,2.595067e-02,2.595067e-02,2.595067e-02,2.595067e-02,2.595067e-02,2.595067e-02,2.595067e-02,2.595067e-02,2.595067e-02,2.595067e-02,2.595067e-02,2.595067e-02,2.595067e-02,2.595067e-02,2.595067e-02,2.595067e-02,2.595067e-02,2.595067e-02,2.595067e-02,2.595067e-02,2.595067e-02,2.595067e-02,2.595067e-02,2.595067e-02,2.595067e-02,2.595067e-02,2.595067e-02,2.595067e-02,2.595067e-02,2.595067e-02,2.595067e-02,2.595067e-02,2.595067e-02,2.595067e-02,2.595067e-02,2.595067e-02,2.595067e-02,2.595067e-02,2.595067e-02,2.595067e-02,2.595067e-02,2.595067e-02,2.595067e-02,2.595067e-02,2.595067e-02,2.595067e-02,2.595067e-02,2.595067e-02,2.595067e-02
2.105730e-02,2.103420e-02,2.100546e-02,2.097681e-02,2.094823e-02,2.091991e-02,2.088614e-02,2.085790e-02,2.082984e-02,2.079610e-02,2.076801e-02,2.073422e-02,2.070633e-02,2.067849e-02,2.064500e-02,2.061721e-02,2.058943e-02,2.056166e-02,2.053957e-02,2.051197e-02,2.048982e-02,2.046761e-02,2.044557e-02,2.042904e-02,2.041275e-02,2.039078e-02,2.037444e-02,2.036371e-02,2.034736e-02,2.033119e-02,2.032064e-02,2.030439e-02,2.029401e-02,2.027801e-02,2.026769e-02,2.025738e-02,2.024142e-02,2.023115e-02,2.022106e-02,2.020517e-02,2.019498e-02,2.018490e-02,2.016923e-02,2.015907e-02,2.014352e-02,2.013358e-02,2.012373e-02,2.010814e-02,2.009869e-02,2.008937e-02,2.007480e-02,2.006634e-02,2.005834e-02,2.005081e-02,2.004370e-02,2.003699e-02,2.003639e-02,2.003070e-02,2.002496e-02,2.002495e-02,2.001923e-02,2.001353e-02,2.001272e-02,2.000612e-02,2.000546e-02,1.999969e-02,1.999913e-02,1.999841e-02,1.999157e-02,1.999056e-02,1.998944e-02,1.998189e-02,1.997986e-02,1.997816e-02,1.997065e-02,1.996877e-02,1.996705e-02,1.996688e-02,1.996114e-02,1.996130e-02,1.996206e-02,1.995947e-02,1.996427e-02,1.997027e-02,1.997354e-02,1.998527e-02,2.000012e-02,2.001373e-02,2.003824e-02,2.006377e-02,2.010002e-02,2.013818e-02,2.019152e-02,2.025078e-02,2.032688e-02,2.041248e-02,2.052125e-02,2.064540e-02,2.079344e-02,2.097296e-02,2.117999e-02,2.142196e-02,2.170205e-02,2.202832e-02,2.240984e-02,2.284101e-02,2.333625e-02,2.390466e-02,2.454862e-02,2.527239e-02,2.608631e-02,2.699686e-02,2.800923e-02,2.914275e-02,3.039497e-02,3.172800e-02,3.316269e-02,3.468414e-02,3.627877e-02,3.792802e-02,3.961012e-02,4.128119e-02,4.293476e-02,4.451142e-02,4.598861e-02,4.731702e-02,4.849336e-02,4.946981e-02,5.026391e-02,5.084110e-02,5.125566e-02,5.146401e-02,5.153378e-02,5.141975e-02,5.120621e-02,5.086385e-02,5.045184e-02,4.993569e-02,4.940887e-02,4.882618e-02,4.824456e-02,4.765349e-02,4.705868e-02,4.652658e-02,4.601569e-02,4.555857e-02,4.512839e-02,4.474905e-02,4.438406e-02,4.404396e-02,4.371751e-02,4.338505e-02,4.305616e-02,4.272310e-02,4.236776e-02,4.197212e-02,4.153186e-02,4.108554e-02,4.061860e-02,4.014482e-02,3.968370e-02,3.920436e-02,3.868698e-02,3.813317e-02,3.754703e-02,3.691758e-02,3.626993e-02,3.558795e-02,3.489730e-02,3.419236e-02,3.349459e-02,3.280912e-02,3.214621e-02,3.151405e-02,3.092299e-02,3.036432e-02,2.984588e-02,2.936205e-02,2.892233e-02,2.850706e-02,2.812121e-02,2.775494e-02,2.741739e-02,2.710078e-02,2.680843e-02,2.652807e-02,2.627207e-02,2.603814e-02,2.582331e-02,2.561758e-02,2.543812e-02,2.527188e-02,2.512014e-02,2.497480e-02,2.484837e-02,2.473235e-02,2.462187e-02,2.451624e-02,2.440969e-02,2.430179e-02,2.418780e-02,2.406574e-02,2.394169e-02,2.380560e-02,2.365544e-02,2.350097e-02,2.333026e-02,2.315214e-02,2.296274e-02,2.277107e-02,2.257508e-02,2.238609e-02,2.219219e-02,2.200260e-02,2.181732e-02,2.163797e-02,2.147214e-02,2.131525e-02,2.117031e-02,2.104154e-02,2.092826e-02,2.081985e-02,2.073148e-02,2.065404e-02,2.059218e-02,2.053533e-02,2.048632e-02,2.044731e-02,2.041755e-02,2.038553e-02,2.035055e-02,2.031769e-02,2.027619e-02,2.021626e-02,2.014933e-02,2.006615e-02,1.996862e-02,1.984730e-02,1.972197e-02,1.958525e-02,1.945030e-02,1.930641e-02,1.916404e-02,1.902443e-02,1.889212e-02,1.876697e-02,1.865853e-02,1.855673e-02,1.846603e-02,1.839543e-02,1.832889e-02,1.827836e-02,1.822772e-02,1.818617e-02,1.813967e-02,1.809689e-02,1.804711e-02,1.799876e-02,1.794408e-02,1.789265e-02,1.783782e-02,1.778911e-02,1.774005e-02,1.770149e-02,1.766886e-02,1.763600e-02,1.761376e-02,1.759177e-02,1.757879e-02,1.756405e-02,1.755668e-02,1.754635e-02,1.754263e-02,1.753485e-02,1.753324e-02,1.752714e-02,1.752694e-02,1.752243e-02,1.751859e-02,1.752212e-02,1.752149e-02,1.753134e-02,1.753978e-02,1.755917e-02,1.759644e-02,1.765456e-02,1.774551e-02,1.789521e-02,1.811191e-02,1.843609e-02,1.889711e-02,1.953799e-02,2.039017e-02,2.150689e-02,2.292189e-02,2.463228e-02,2.668774e-02,2.908166e-02,3.183155e-02,3.489160e-02,3.827435e-02,4.193153e-02,4.584070e-02,4.995379e-02,5.426727e-02,5.873521e-02,6.336899e-02,6.814530e-02,7.307634e-02,7.818986e-02,8.346439e-02,8.889388e-02,9.451403e-02,1.003305e-01,1.063718e-01,1.126028e-01,1.190730e-01,1.257586e-01,1.326520e-01,1.397895e-01,1.471942e-01,1.547673e-01,1.625777e-01,1.705846e-01,1.788005e-01,1.872042e-01,1.957949e-01,2.045045e-01,2.133877e-01,2.223835e-01,2.314625e-01,2.405723e-01,2.498100e-01,2.591049e-01,2.682942e-01,2.773785e-01,2.864433e-01,2.953369e-01,3.040830e-01,3.127129e-01,3.210477e-01,3.289841e-01,3.367508e-01,3.440947e-01,3.511910e-01,3.578328e-01,3.641704e-01,3.699942e-01,3.754158e-01,3.804523e-01,3.850107e-01,3.896194e-01,3.943255e-01,3.991738e-01,4.040709e-01,4.090932e-01,4.141615e-01,4.192832e-01,4.245102e-01,4.297336e-01,4.350483e-01,4.402760e-01,4.455508e-01,4.508072e-01,4.559729e-01,4.611218e-01,4.661956e-01,4.711611e-01,4.759390e-01,4.805973e-01,4.850756e-01,4.893236e-01,4.933081e-01,4.970230e-01,5.004023e-01,5.034259e-01,5.060673e-01,5.082822e-01,5.100466e-01,5.113250e-01,5.121135e-01,5.124955e-01,5.129562e-01,5.134036e-01,5.138519e-01,5.143024e-01,5.147590e-01,5.152313e-01,5.156131e-01,5.160662e-01,5.165287e-01,5.169199e-01,5.173971e-01,5.177900e-01,5.181857e-01,5.185730e-01,5.189682e-01,5.194303e-01,5.198270e-01,5.202168e-01,5.206167e-01,5.210007e-01,5.213782e-01,5.217654e-01,5.220861e-01,5.224656e-01,5.228457e-01,5.232212e-01,5.236173e-01,5.239189e-01,5.243017e-01,5.246117e-01,5.249228e-01,5.253082e-01,5.256203e-01,5.259330e-01,5.262387e-01,5.265376e-01,5.268442e-01,5.271668e-01,5.274744e-01,5.277528e-01,5.280398e-01,5.282664e-01,5.285690e-01,5.288190e-01,5.289519e-01,5.292323e-01,5.294981e-01,5.296662e-01,5.298340e-01,5.300093e-01,5.301995e-01,5.303218e-01,5.305193e-01,5.308001e-01,5.309679e-01,5.311651e-01,5.313859e-01,5.316527e-01,5.318589e-01,5.320805e-01,5.323031e-01,5.325100e-01,5.327407e-01,5.329716e-01,5.331925e-01,5.334315e-01,5.336717e-01,5.338807e-01,5.341367e-01,5.343777e-01,5.345344e-01,5.347758e-01,5.349481e-01,5.351824e-01,5.354016e-01,5.355792e-01,5.358296e-01,5.359720e-01,5.362151e-01,5.363809e-01,5.366004e-01,5.367665e-01,5.369241e-01,5.370555e-01,5.372680e-01,5.374181e-01,5.375674e-01,5.377411e-01,5.379532e-01,5.380610e-01,5.381951e-01,5.383449e-01,5.384471e-01,5.385737e-01,5.387129e-01,5.388241e-01,5.389665e-01,5.390934e-01,5.391949e-01,5.392521e-01,5.393958e-01,5.395219e-01,5.396590e-01,5.397331e-01,5.398939e-01,5.400527e-01,5.401589e-01,5.402421e-01,5.403954e-01,5.405143e-01,5.405820e-01,5.406643e-01,5.408305e-01,5.408972e-01,5.410039e-01,5.410832e-01,5.412372e-01,5.412726e-01,5.413305e-01,5.413931e-01,5.414116e-01,5.414459e-01,5.415243e-01,5.415981e-01,5.416403e-01,5.416352e-01,5.416663e-01,5.417244e-01,5.417824e-01,5.418010e-01,5.417780e-01,5.417819e-01,5.418333e-01,5.418893e-01,5.418696e-01,5.417393e-01,5.416926e-01,5.417136e-01,5.417255e-01,5.416236e-01,5.413685e-01,5.412353e-01,5.411527e-01,5.410386e-01,5.409135e-01,5.407838e-01,5.405804e-01,5.400654e-01,5.397013e-01,5.395602e-01,5.392751e-01,5.390563e-01,5.388408e-01,5.384747e-01,5.378635e-01,5.373392e-01,5.370363e-01,5.368149e-01,5.362211e-01,5.352323e-01,5.346377e-01,5.342623e-01,5.337388e-01,5.330775e-01,5.324053e-01,5.318861e-01,5.314489e-01,5.303398e-01,5.283470e-01,5.271794e-01,5.263832e-01,5.252261e-01,5.240079e-01,5.228632e-01,5.219409e-01,5.210285e-01,5.203287e-01,5.197810e-01,5.190202e-01,5.180432e-01,5.176500e-01,5.175967e-01,5.174799e-01,5.172853e-01,5.171607e-01,5.170370e-01,5.170606e-01,5.169924e-01,5.170080e-01,5.170166e-01,5.169404e-01,5.169480e-01,5.168638e-01,5.168644e-01,5.169354e-01,5.170698e-01,5.171408e-01,5.173611e-01,5.175674e-01,5.177881e-01,5.179382e-01,5.182320e-01,5.184615e-01,5.187622e-01,5.190500e-01,5.194228e-01,5.198044e-01,5.201008e-01,5.204764e-01,5.209233e-01,5.213721e-01,5.216708e-01,5.220407e-01,5.224269e-01,5.228704e-01,5.233005e-01,5.237531e-01,5.241993e-01,5.246380e-01,5.250774e-01,5.255851e-01,5.259530e-01,5.263950e-01,5.268379e-01,5.273554e-01,5.278581e-01,5.283722e-01,5.289019e-01,5.294167e-01,5.299488e-01,5.304659e-01,5.309254e-01,5.313783e-01,5.319239e-01,5.323788e-01,5.328291e-01,5.332858e-01,5.338954e-01,5.344304e-01,5.349667e-01,5.354952e-01,5.360340e-01,5.365649e-01,5.370200e-01,5.374759e-01,5.379197e-01,5.384458e-01,5.390522e-01,5.395028e-01,5.397904e-01,5.400782e-01,5.403743e-01,5.408195e-01,5.412655e-01,5.417124e-01,5.420813e-01,5.425296e-01,5.428997e-01,5.432704e-01,5.436336e-01,5.440149e-01,5.443077e-01,5.446024e-01,5.448257e-01,5.451210e-01,5.454966e-01,5.458007e-01,5.461115e-01,5.464180e-01,5.466446e-01,5.469607e-01,5.471869e-01,5.475029e-01,5.476572e-01,5.478923e-01,5.480558e-01,5.482097e-01,5.483718e-01,5.486098e-01,5.488427e-01,5.490037e-01,5.491550e-01,5.492335e-01,5.493833e-01,5.494520e-01,5.496004e-01,5.497488e-01,5.498090e-01,5.498655e-01,5.499203e-01,5.499644e-01,5.500185e-01,5.500618e-01,5.500989e-01,5.499777e-01,5.499380e-01,5.499781e-01,5.500081e-01,5.500474e-01,5.499276e-01,5.498026e-01,5.496777e-01,5.495512e-01,5.495060e-01,5.493788e-01,5.493366e-01,5.492080e-01,5.490790e-01,5.488683e-01,5.486572e-01,5.485310e-01,5.484802e-01,5.483481e-01,5.481347e-01,5.478404e-01,5.475457e-01,5.471752e-01,5.470403e-01,5.469049e-01,5.467692e-01,5.464735e-01,5.461784e-01,5.460480e-01,5.459129e-01,5.456983e-01,5.454043e-01,5.450313e-01,5.448225e-01,5.446883e-01,5.444750e-01,5.441038e-01,5.438024e-01,5.437479e-01,5.438562e-01,5.438018e-01,5.434319e-01,5.430626e-01,5.427823e-01,5.424927e-01,5.421399e-01,5.416264e-01,5.411141e-01,5.407586e-01,5.404815e-01,5.398945e-01,5.389280e-01,5.378839e-01,5.370742e-01,5.362676e-01,5.351603e-01,5.333709e-01,5.313813e-01,5.296226e-01,5.280248e-01,5.265176e-01,5.249427e-01,5.230114e-01,5.203958e-01,5.170339e-01,5.137928e-01,5.114827e-01,5.094668e-01,5.069370e-01,5.035253e-01,5.000328e-01,4.976142e-01,4.959171e-01,4.944219e-01,4.926888e-01,4.906623e-01,4.888387e-01,4.870462e-01,4.852549e-01,4.840814e-01,4.835082e-01,4.829367e-01,4.823738e-01,4.818125e-01,4.812529e-01,4.807017e-01,4.801522e-01,4.801877e-01,4.796397e-01,4.796832e-01,4.797257e-01,4.797613e-01,4.792146e-01,4.792502e-01,4.792789e-01,4.793076e-01,4.787554e-01,4.781980e-01,4.782198e-01,4.782416e-01,4.782565e-01,4.782783e-01,4.783001e-01,4.777374e-01,4.777592e-01,4.777809e-01,4.778109e-01,4.772565e-01,4.772783e-01,4.767255e-01,4.767472e-01,4.767758e-01,4.767908e-01,4.762395e-01,4.762613e-01,4.762762e-01,4.762980e-01,4.757414e-01,4.757564e-01,4.757714e-01,4.757863e-01,4.757945e-01,4.758094e-01,4.758244e-01,4.764109e-01,4.764259e-01,4.764408e-01,4.764558e-01,4.764708e-01,4.764857e-01,4.761874e-01,4.767747e-01,4.767896e-01,4.768046e-01,4.768196e-01,4.770939e-01,4.771020e-01,4.776916e-01,4.777066e-01,4.774065e-01,4.774146e-01,4.780119e-01,4.782876e-01,4.783107e-01,4.785937e-01,4.786156e-01,4.786376e-01,4.783501e-01,4.783790e-01,4.786690e-01,4.786980e-01,4.784105e-01,4.784464e-01,4.787365e-01,4.784561e-01,4.790701e-01,4.787822e-01,4.788183e-01,4.791169e-01,4.791460e-01,4.794370e-01,4.791488e-01,4.791780e-01,4.788832e-01,4.789053e-01,4.791889e-01,4.788871e-01,4.794810e-01,4.791788e-01,4.794557e-01,4.794637e-01,4.791617e-01,4.794385e-01,4.794536e-01,4.791516e-01,4.794364e-01,4.794585e-01,4.797427e-01,4.794474e-01,4.794696e-01,4.791748e-01,4.791969e-01,4.789026e-01,4.786157e-01,4.792152e-01,4.789209e-01,4.786340e-01,4.792335e-01,4.789392e-01,4.789614e-01,4.786676e-01,4.783742e-01,4.783964e-01,4.781045e-01,4.781267e-01,4.778272e-01,4.772763e-01,4.769782e-01,4.764227e-01,4.761259e-01,4.755730e-01,4.752706e-01,4.752857e-01,4.744260e-01,4.744411e-01,4.738930e-01,4.730394e-01,4.725035e-01,4.719610e-01,4.716712e-01,4.711310e-01,4.705923e-01,4.703046e-01,4.697683e-01,4.692335e-01,4.687001e-01,4.678693e-01,4.673398e-01,4.668117e-01,4.662851e-01,4.652212e-01,4.646990e-01,4.636439e-01,4.631259e-01,4.629004e-01,4.612766e-01,4.610534e-01,4.603052e-01,4.595599e-01,4.582978e-01,4.572773e-01,4.560300e-01,4.550215e-01,4.540183e-01,4.532972e-01,4.518006e-01,4.508142e-01,4.493369e-01,4.481405e-01,4.466839e-01,4.452383e-01,4.438038e-01,4.423802e-01,4.409762e-01,4.388471e-01,4.372504e-01,4.351630e-01,4.338038e-01,4.324544e-01,4.309117e-01,4.293819e-01,4.269410e-01,4.247701e-01,4.226248e-01,4.211626e-01,4.194808e-01,4.180038e-01,4.159321e-01,4.132566e-01,4.106205e-01,4.084573e-01,4.060681e-01,4.043098e-01,4.025691e-01,4.014393e-01,3.997312e-01,3.980397e-01,3.961971e-01,3.938081e-01,3.910920e-01,3.882246e-01,3.855952e-01,3.833160e-01,3.819327e-01,3.797024e-01,3.781978e-01,3.761930e-01,3.745376e-01,3.725764e-01,3.711315e-01,3.692102e-01,3.677947e-01,3.659417e-01,3.650849e-01,3.644037e-01,3.633915e-01,3.615560e-01,3.593097e-01,3.575514e-01,3.558090e-01,3.536416e-01,3.518134e-01,3.494444e-01,3.469368e-01,3.440484e-01,3.405490e-01,3.366042e-01,3.332576e-01,3.288928e-01,3.239413e-01,3.197330e-01,3.147731e-01,3.099004e-01,3.043774e-01,3.004788e-01,2.942372e-01,2.878808e-01,2.809974e-01,2.753583e-01,2.676413e-01,2.601999e-01,2.531304e-01,2.453814e-01,2.399728e-01,2.326008e-01,2.257937e-01,2.193149e-01,2.122622e-01,2.055417e-01,2.011242e-01,1.959490e-01,1.894363e-01,1.840705e-01,1.789102e-01,1.747650e-01,1.700821e-01,1.655982e-01,1.613922e-01,1.579381e-01,1.550981e-01,1.518013e-01,1.486311e-01,1.460896e-01,1.430832e-01,1.406368e-01,1.382652e-01,1.359887e-01,1.341932e-01,1.324402e-01,1.306637e-01,1.289497e-01,1.272759e-01,1.259902e-01,1.247674e-01,1.235266e-01,1.222878e-01,1.210902e-01,1.202539e-01,1.190912e-01,1.179481e-01,1.171494e-01,1.163602e-01,1.159170e-01,1.151599e-01,1.144110e-01,1.139975e-01,1.132790e-01,1.128727e-01,1.125022e-01,1.121005e-01,1.117179e-01,1.113539e-01,1.109753e-01,1.105993e-01,1.102411e-01,1.101773e-01,1.098210e-01,1.097895e-01,1.097579e-01,1.097259e-01,1.094042e-01,1.093570e-01,1.093410e-01,1.093096e-01,1.095997e-01,1.095678e-01,1.095526e-01,1.095051e-01,1.097807e-01,1.097331e-01,1.100258e-01,1.103038e-01,1.106150e-01,1.105999e-01,1.108639e-01,1.114445e-01,1.117455e-01,1.120479e-01,1.126393e-01,1.132366e-01,1.138563e-01,1.147799e-01,1.154148e-01,1.160735e-01,1.170114e-01,1.176503e-01,1.186295e-01,1.196229e-01,1.202876e-01,1.216549e-01,1.223594e-01,1.234095e-01,1.244756e-01,1.252297e-01,1.266999e-01,1.274164e-01,1.285035e-01,1.296294e-01,1.307944e-01,1.315755e-01,1.327499e-01,1.339441e-01,1.347827e-01,1.364615e-01,1.373052e-01,1.385983e-01,1.399393e-01,1.412294e-01,1.421773e-01,1.435307e-01,1.450115e-01,1.464416e-01,1.474288e-01,1.489009e-01,1.504305e-01,1.514389e-01,1.530442e-01,1.541734e-01,1.558641e-01,1.569693e-01,1.581220e-01,1.598598e-01,1.610205e-01,1.621969e-01,1.640528e-01,1.652709e-01,1.665400e-01,1.678249e-01,1.690961e-01,1.710315e-01,1.717627e-01,1.737955e-01,1.752250e-01,1.759152e-01,1.773016e-01,1.794994e-01,1.802999e-01,1.817925e-01,1.833111e-01,1.848515e-01,1.864202e-01,1.872390e-01,1.888431e-01,1.904344e-01,1.912405e-01,1.929155e-01,1.937917e-01,1.954153e-01,1.971624e-01,1.980260e-01,1.998665e-01,2.007562e-01,2.024453e-01,2.033575e-01,2.052449e-01,2.061765e-01,2.071206e-01,2.090235e-01,2.100405e-01,2.110185e-01,2.129368e-01,2.139904e-01,2.150047e-01,2.160273e-01,2.181440e-01,2.191962e-01,2.202584e-01,2.213844e-01,2.224677e-01,2.235614e-01,2.247812e-01,2.258473e-01,2.265767e-01,2.275927e-01,2.285606e-01,2.295834e-01,2.305170e-01,2.316265e-01,2.324536e-01,2.337018e-01,2.345492e-01,2.355842e-01,2.363798e-01,2.373693e-01,2.383628e-01,2.393702e-01,2.402603e-01,2.413477e-01,2.423818e-01,2.430952e-01,2.443384e-01,2.449918e-01,2.459908e-01,2.469310e-01,2.477434e-01,2.487027e-01,2.497239e-01,2.508402e-01,2.515956e-01,2.525899e-01,2.535093e-01,2.543628e-01,2.549401e-01,2.558754e-01,2.566030e-01,2.577762e-01,2.587389e-01,2.597183e-01,2.609269e-01,2.618476e-01,2.624534e-01,2.633166e-01,2.640126e-01,2.648025e-01,2.656684e-01,2.665336e-01,2.671830e-01,2.680798e-01,2.688034e-01,2.696961e-01,2.704352e-01,2.711009e-01,2.714525e-01,2.723567e-01,2.726961e-01,2.733781e-01,2.739671e-01,2.748205e-01,2.754225e-01,2.761118e-01,2.765523e-01,2.771620e-01,2.775991e-01,2.783829e-01,2.786541e-01,2.793505e-01,2.800668e-01,2.806856e-01,2.814874e-01,2.819386e-01,2.823814e-01,2.830176e-01,2.832981e-01,2.838418e-01,2.841240e-01,2.846709e-01,2.846798e-01,2.853285e-01,2.857185e-01,2.863632e-01,2.865587e-01,2.870267e-01,2.873223e-01,2.877928e-01,2.877893e-01,2.883592e-01,2.886554e-01,2.892112e-01,2.894916e-01,2.900507e-01,2.902492e-01,2.907936e-01,2.907060e-01,2.913719e-01,2.913681e-01,2.914505e-01,2.915417e-01,2.918287e-01,2.914291e-01,2.916136e-01,2.913344e-01,2.915208e-01,2.910204e-01,2.909170e-01,2.907229e-01,2.907033e-01,2.903247e-01,2.901207e-01,2.898248e-01,2.898054e-01,2.893113e-01,2.892920e-01,2.887997e-01,2.886000e-01,2.886089e-01,2.898134e-01,2.893193e-01,2.892192e-01,2.888314e-01,2.884494e-01,2.879622e-01,2.876818e-01,2.872963e-01,2.870001e-01,2.865181e-01,2.861425e-01,2.853855e-01,2.850867e-01,2.847131e-01,2.841404e-01,2.836730e-01,2.832799e-01,2.824577e-01,2.822486e-01,2.816059e-01,2.812398e-01,2.808683e-01,2.805754e-01,2.798533e-01,2.794856e-01,2.787791e-01,2.783280e-01,2.778721e-01,2.770823e-01,2.764700e-01,2.759452e-01,2.750920e-01,2.746533e-01,2.741513e-01,2.736355e-01,2.730545e-01,2.725430e-01,2.717841e-01,2.714595e-01,2.708096e-01,2.701476e-01,2.694890e-01,2.690818e-01,2.684285e-01,2.681060e-01,2.675429e-01,2.672286e-01,2.664447e-01,2.660427e-01,2.652675e-01,2.648077e-01,2.643436e-01,2.638127e-01,2.632840e-01,2.629078e-01,2.622388e-01,2.620984e-01,2.616725e-01,2.613135e-01,2.608760e-01,2.608289e-01,2.604921e-01,2.603643e-01,2.597292e-01,2.595360e-01,2.595697e-01,2.590185e-01,2.586807e-01,2.583300e-01,2.578494e-01,2.573722e-01,2.569656e-01,2.566212e-01,2.559280e-01,2.552266e-01,2.546684e-01,2.540626e-01,2.532304e-01,2.526810e-01,2.520714e-01,2.512523e-01,2.503006e-01,2.495656e-01,2.491653e-01,2.483763e-01,2.475192e-01,2.466681e-01,2.459542e-01,2.454455e-01,2.445497e-01,2.439897e-01,2.434890e-01,2.430622e-01,2.423689e-01,2.418187e-01,2.413977e-01,2.410473e-01,2.406289e-01,2.401566e-01,2.398097e-01,2.397834e-01,2.398806e-01,2.393430e-01,2.391803e-01,2.389618e-01,2.386757e-01,2.387748e-01,2.386808e-01,2.384512e-01,2.382898e-01,2.381120e-01,2.379509e-01,2.375882e-01,2.373490e-01,2.369212e-01,2.366165e-01,2.363243e-01,2.362870e-01,2.361833e-01,2.360086e-01,2.361474e-01,2.360869e-01,2.361045e-01,2.360009e-01,2.360746e-01,2.360760e-01,2.362149e-01,2.365408e-01,2.366135e-01,2.367413e-01,2.370654e-01,2.371923e-01,2.375091e-01,2.375824e-01,2.378446e-01,2.379120e-01,2.379827e-01,2.379200e-01,2.378690e-01,2.378166e-01,2.377087e-01,2.375845e-01,2.376550e-01,2.376700e-01,2.379310e-01,2.376883e-01,2.376986e-01,2.375908e-01,2.375385e-01,2.377436e-01,2.376240e-01,2.375717e-01,2.376436e-01,2.375208e-01,2.376030e-01,2.375521e-01,2.373800e-01,2.369505e-01,2.368461e-01,2.365603e-01,2.363230e-01,2.354945e-01,2.351518e-01,2.346902e-01,2.341067e-01,2.336605e-01,2.332160e-01,2.324100e-01,2.317317e-01,2.310091e-01,2.299750e-01,2.289609e-01,2.276620e-01,2.260588e-01,2.251373e-01,2.241589e-01,2.231333e-01,2.210444e-01,2.189356e-01,2.179507e-01,2.160088e-01,2.130476e-01,2.110781e-01,2.092505e-01,2.065134e-01,2.037905e-01,2.011380e-01,1.985017e-01,1.959734e-01,1.918219e-01,1.894092e-01,1.839523e-01,1.801768e-01,1.759638e-01,1.725943e-01,1.680211e-01,1.644081e-01,1.597316e-01,1.555015e-01,1.492379e-01,1.443218e-01,1.396853e-01,1.344427e-01,1.299139e-01,1.244902e-01,1.197369e-01,1.124117e-01,1.072203e-01,1.021811e-01,9.752867e-02,9.210507e-02,8.774993e-02,8.112178e-02,7.659124e-02,7.244160e-02,6.850795e-02,6.450901e-02,5.977478e-02,5.625635e-02,5.325135e-02,5.041864e-02,4.766511e-02,4.446947e-02,4.223189e-02,4.028987e-02,3.855326e-02,3.708356e-02,3.497486e-02,3.377750e-02,3.268473e-02,3.157584e-02,3.046373e-02,2.942034e-02,2.875671e-02,2.811661e-02,2.750320e-02,2.691846e-02,2.635473e-02,2.606684e-02,2.554391e-02,2.527613e-02,2.478375e-02,2.453594e-02,2.429167e-02,2.405981e-02,2.382910e-02,2.360406e-02,2.338831e-02,2.337683e-02,2.315726e-02,2.314972e-02,2.293912e-02,2.292466e-02,2.291945e-02,2.291060e-02,2.270421e-02,2.269524e-02,2.268995e-02,2.268205e-02,2.287100e-02,2.286992e-02,2.286285e-02,2.285342e-02,2.304486e-02,2.304466e-02,2.324323e-02,2.323831e-02,2.344235e-02,2.364794e-02,2.364439e-02,2.385923e-02,2.407337e-02,2.429184e-02,2.452234e-02,2.451804e-02,2.474719e-02,2.498965e-02,2.522702e-02,2.547667e-02,2.572255e-02,2.597754e-02,2.624295e-02,2.650728e-02,2.677716e-02,2.705760e-02,2.733901e-02,2.762620e-02,2.792458e-02,2.822441e-02,2.852729e-02,2.884321e-02,2.948630e-02,2.948394e-02,3.016371e-02,3.051215e-02,3.051382e-02,3.112177e-02,3.149023e-02,3.194323e-02,3.225711e-02,3.280966e-02,3.313753e-02,3.342693e-02,3.398076e-02,3.436724e-02,3.486138e-02,3.522488e-02,3.583103e-02,3.616203e-02,3.674715e-02,3.715219e-02,3.751068e-02,3.812984e-02,3.855804e-02,3.915841e-02,3.954245e-02,4.016040e-02,4.056610e-02,4.115491e-02,4.163492e-02,4.217721e-02,4.261039e-02,4.325201e-02,4.370428e-02,4.429738e-02,4.476069e-02,4.538629e-02,4.580893e-02,4.645615e-02,4.695460e-02,4.731767e-02,4.799668e-02,4.869218e-02,4.915510e-02,4.979096e-02,5.027151e-02,5.092254e-02,5.132924e-02,5.201317e-02,5.242467e-02,5.303479e-02,5.346472e-02,5.419123e-02,5.463163e-02,5.526416e-02,5.570278e-02,5.637845e-02,5.672843e-02,5.734260e-02,5.780900e-02,5.838964e-02,5.909000e-02,5.940779e-02,6.001533e-02,6.040401e-02,6.108111e-02,6.129975e-02,6.193975e-02,6.252454e-02,6.294063e-02,6.341724e-02,6.377478e-02,6.445815e-02,6.469745e-02,6.532605e-02,6.583302e-02,6.621351e-02,6.673196e-02,6.698555e-02,6.758927e-02,6.826509e-02,6.852820e-02,6.907705e-02,6.934573e-02,6.976059e-02,7.032593e-02,7.060278e-02,7.117950e-02,7.154452e-02,7.198180e-02,7.242352e-02,7.271120e-02,7.316077e-02,7.385991e-02,7.400107e-02,7.471390e-02,7.485785e-02,7.558377e-02,7.615431e-02,7.639459e-02,7.697502e-02,7.756246e-02,7.798332e-02,7.850058e-02,7.910756e-02,7.954252e-02,7.998116e-02,8.070789e-02,8.097245e-02,8.152730e-02,8.217403e-02,8.254877e-02,8.301614e-02,8.379043e-02,8.407289e-02,8.466396e-02,8.515218e-02,8.555316e-02,8.615878e-02,8.666116e-02,8.696009e-02,8.758511e-02,8.810111e-02,8.852247e-02,8.883195e-02,8.947970e-02,9.001458e-02,9.045400e-02,9.077493e-02,9.144387e-02,9.177078e-02,9.222513e-02,9.278789e-02,9.325074e-02,9.358601e-02,9.405601e-02,9.463773e-02,9.511626e-02,9.546529e-02,9.595090e-02,9.654958e-02,9.679549e-02,9.754345e-02,9.790771e-02,9.841412e-02,9.866777e-02,9.917845e-02,9.955277e-02,1.000737e-01,1.005993e-01,1.007169e-01,1.012459e-01,1.017820e-01,1.020507e-01,1.024441e-01,1.027158e-01,1.032652e-01,1.035384e-01,1.040954e-01,1.046574e-01,1.052246e-01,1.053519e-01,1.059255e-01,1.062115e-01,1.067932e-01,1.070850e-01,1.073782e-01,1.078053e-01,1.081014e-01,1.083994e-01,1.090018e-01,1.093036e-01,1.096049e-01,1.097412e-01,1.103564e-01,1.106643e-01,1.109722e-01,1.111115e-01,1.114235e-01,1.117366e-01,1.118752e-01,1.121910e-01,1.125079e-01,1.128264e-01,1.131464e-01,1.134680e-01,1.136105e-01,1.136072e-01,1.139311e-01,1.142566e-01,1.145838e-01,1.149107e-01,1.152406e-01,1.155727e-01,1.155694e-01,1.159027e-01,1.162376e-01,1.165719e-01,1.165682e-01,1.169061e-01,1.172451e-01,1.172392e-01,1.175795e-01,1.179215e-01,1.179168e-01,1.184522e-01,1.184453e-01,1.187918e-01,1.187866e-01,1.193290e-01,1.193226e-01,1.196737e-01,1.198646e-01,1.202185e-01,1.202143e-01,1.207665e-01,1.207618e-01,1.209559e-01,1.213154e-01,1.218760e-01,1.220728e-01,1.224377e-01,1.226360e-01,1.226308e-01,1.232033e-01,1.231965e-01,1.237742e-01,1.239765e-01,1.239713e-01,1.245559e-01,1.245512e-01,1.247552e-01,1.249608e-01,1.249571e-01,1.251644e-01,1.253723e-01,1.253671e-01,1.255767e-01,1.255736e-01,1.261738e-01,1.261697e-01,1.263822e-01,1.265953e-01,1.265938e-01,1.268081e-01,1.268050e-01,1.270205e-01,1.270195e-01,1.272357e-01,1.272331e-01,1.274500e-01,1.274495e-01,1.276675e-01,1.276655e-01,1.276651e-01,1.278838e-01,1.274837e-01,1.274817e-01,1.274818e-01,1.277000e-01,1.276995e-01,1.276974e-01,1.276975e-01,1.276970e-01,1.274777e-01,1.270779e-01,1.270774e-01,1.268598e-01,1.266423e-01,1.260337e-01,1.260314e-01,1.258162e-01,1.253887e-01,1.247900e-01,1.245782e-01,1.241559e-01,1.235663e-01,1.231508e-01,1.229435e-01,1.221591e-01,1.217514e-01,1.209776e-01,1.205763e-01,1.196199e-01,1.192260e-01,1.182868e-01,1.179001e-01,1.171681e-01,1.165993e-01,1.158783e-01,1.149831e-01,1.146143e-01,1.137350e-01,1.130454e-01,1.125090e-01,1.118315e-01,1.109869e-01,1.106363e-01,1.098064e-01,1.094641e-01,1.088162e-01,1.080079e-01,1.073735e-01,1.067452e-01,1.061228e-01,1.057957e-01,1.051817e-01,1.045739e-01,1.038159e-01,1.032208e-01,1.030640e-01,1.024758e-01,1.020440e-01,1.011921e-01,1.007665e-01,1.001991e-01,1.000494e-01,9.963379e-02,9.922051e-02,9.881037e-02,9.825999e-02,9.785613e-02,9.745449e-02,9.691608e-02,9.638239e-02,9.574061e-02,9.534945e-02,9.458409e-02,9.407062e-02,9.369325e-02,9.331826e-02,9.257901e-02,9.221102e-02,9.184531e-02,9.148188e-02,9.089096e-02,9.040876e-02,8.982875e-02,8.947775e-02,8.912888e-02,8.878213e-02,8.821842e-02,8.787366e-02,8.731929e-02,8.710068e-02,8.655356e-02,8.633788e-02,8.591296e-02,8.581389e-02,8.539294e-02,8.518166e-02,8.487772e-02,8.478039e-02,8.416350e-02,8.417850e-02,8.376950e-02,8.347324e-02,8.326878e-02,8.308410e-02,8.288070e-02,8.248477e-02,8.200023e-02,8.180087e-02,8.151486e-02,8.112530e-02,8.073860e-02,8.064777e-02,7.997759e-02,7.959898e-02,7.940841e-02,7.903425e-02,7.856650e-02,7.819848e-02,7.791434e-02,7.719891e-02,7.692035e-02,7.656415e-02,7.621080e-02,7.576929e-02,7.508109e-02,7.490699e-02,7.447759e-02,7.413931e-02,7.380337e-02,7.346976e-02,7.298005e-02,7.274051e-02,7.241457e-02,7.217783e-02,7.185570e-02,7.130790e-02,7.123718e-02,7.085102e-02,7.053790e-02,7.022689e-02,7.000120e-02,6.947525e-02,6.925321e-02,6.911384e-02,6.881228e-02,6.859339e-02,6.793774e-02,6.772335e-02,6.750966e-02,6.729697e-02,6.680140e-02,6.651500e-02,6.623045e-02,6.580897e-02,6.560428e-02,6.513176e-02,6.485615e-02,6.444795e-02,6.424930e-02,6.365580e-02,6.359137e-02,6.319518e-02,6.280729e-02,6.261616e-02,6.204555e-02,6.178914e-02,6.140992e-02,6.122971e-02,6.061187e-02,6.036436e-02,6.006405e-02,5.981988e-02,5.922795e-02,5.898863e-02,5.863524e-02,5.840416e-02,5.782911e-02,5.742430e-02,5.708949e-02,5.692323e-02,5.637447e-02,5.615203e-02,5.582807e-02,5.560859e-02,5.507873e-02,4.219704e-03,4.219704e-03,4.219704e-03,4.219704e-03,4.219704e-03,4.219704e-03,4.219704e-03,4.219704e-03,4.219704e-03,4.219704e-03,4.219704e-03,4.219704e-03,4.219704e-03,4.219704e-03,4.219704e-03,4.219704e-03,4.219704e-03,4.219704e-03,4.219704e-03,4.219704e-03,4.219704e-03,4.219704e-03,4.219704e-03,4.219704e-03,4.219704e-03,4.219704e-03,4.219704e-03,4.219704e-03,4.219704e-03,4.219704e-03,4.219704e-03,4.219704e-03,4.219704e-03,4.219704e-03,4.219704e-03,4.219704e-03,4.219704e-03,4.219704e-03,4.219704e-03,4.219704e-03,4.219704e-03,4.219704e-03,4.219704e-03,4.219704e-03,4.219704e-03,4.219704e-03,4.219704e-03,4.219704e-03,4.219704e-03,4.219704e-03,4.219704e-03,4.219704e-03,4.219704e-03,4.219704e-03,4.219704e-03,4.219704e-03,4.219704e-03,4.219704e-03,4.219704e-03,4.219704e-03,4.219704e-03,4.219704e-03,4.219704e-03,4.219704e-03,4.219704e-03,4.219704e-03,4.219704e-03,4.219704e-03,4.219704e-03,4.219704e-03,4.219704e-03,4.219704e-03,4.219704e-03,4.219704e-03,4.219704e-03,4.219704e-03,4.219704e-03,4.219704e-03,4.219704e-03,4.219704e-03,4.219704e-03,4.219704e-03,4.219704e-03,4.219704e-03,4.219704e-03,4.219704e-03,4.219704e-03,4.219704e-03,4.219704e-03,4.219704e-03,4.219704e-03,4.219704e-03,4.219704e-03,4.219704e-03,4.219704e-03,4.219704e-03,4.219704e-03,4.219704e-03,4.219704e-03,4.219704e-03,4.219704e-03,4.219704e-03,4.219704e-03,4.219704e-03,4.219704e-03,4.219704e-03,4.219704e-03,4.219704e-03,4.219704e-03,4.219704e-03,4.219704e-03,4.219704e-03,4.219704e-03,4.219704e-03,4.219704e-03,4.219704e-03,4.219704e-03,4.219704e-03,4.219704e-03,4.219704e-03,4.219704e-03,4.219704e-03,4.219704e-03,4.219704e-03,4.219704e-03,4.219704e-03,4.219704e-03,4.219704e-03,4.219704e-03,4.219704e-03,4.219704e-03,4.219704e-03,4.219704e-03,4.219704e-03,4.219704e-03,4.219704e-03,4.219704e-03,4.219704e-03,4.219704e-03,4.219704e-03,4.219704e-03,4.219704e-03,4.219704e-03,4.219704e-03,4.219704e-03,4.219704e-03,4.219704e-03,4.219704e-03,4.219704e-03,4.219704e-03,4.219704e-03,4.219704e-03,4.219704e-03,4.219704e-03,4.219704e-03,4.219704e-03,4.219704e-03,4.219704e-03,4.219704e-03,4.219704e-03,4.219704e-03
2.814236e-02,2.811104e-02,2.807220e-02,2.803366e-02,2.799549e-02,2.795783e-02,2.791303e-02,2.787573e-02,2.783858e-02,2.779380e-02,2.775638e-02,2.771124e-02,2.767408e-02,2.763725e-02,2.759297e-02,2.755634e-02,2.751974e-02,2.748311e-02,2.745408e-02,2.741756e-02,2.738815e-02,2.735838e-02,2.732875e-02,2.730654e-02,2.728481e-02,2.725539e-02,2.723321e-02,2.721828e-02,2.719603e-02,2.717399e-02,2.715915e-02,2.713661e-02,2.712189e-02,2.709984e-02,2.708550e-02,2.707124e-02,2.704947e-02,2.703548e-02,2.702170e-02,2.700046e-02,2.698704e-02,2.697437e-02,2.695458e-02,2.694231e-02,2.692319e-02,2.691220e-02,2.690158e-02,2.688372e-02,2.687502e-02,2.686738e-02,2.685372e-02,2.684912e-02,2.684646e-02,2.684498e-02,2.684460e-02,2.684482e-02,2.685351e-02,2.685573e-02,2.685775e-02,2.686609e-02,2.686606e-02,2.686534e-02,2.686933e-02,2.686504e-02,2.686853e-02,2.686572e-02,2.686903e-02,2.687155e-02,2.686516e-02,2.686706e-02,2.686922e-02,2.686147e-02,2.686165e-02,2.686279e-02,2.685644e-02,2.685751e-02,2.685922e-02,2.686467e-02,2.686282e-02,2.686890e-02,2.687618e-02,2.688050e-02,2.689606e-02,2.691431e-02,2.692976e-02,2.695763e-02,2.699191e-02,2.702624e-02,2.707648e-02,2.713071e-02,2.720071e-02,2.727411e-02,2.736981e-02,2.747797e-02,2.760762e-02,2.775136e-02,2.792707e-02,2.812674e-02,2.835503e-02,2.862248e-02,2.892829e-02,2.926544e-02,2.964967e-02,3.008449e-02,3.057793e-02,3.111827e-02,3.172134e-02,3.238603e-02,3.310720e-02,3.388005e-02,3.473241e-02,3.565716e-02,3.664485e-02,3.768980e-02,3.879210e-02,3.991507e-02,4.106304e-02,4.220156e-02,4.331864e-02,4.438716e-02,4.538732e-02,4.630616e-02,4.711975e-02,4.780670e-02,4.834762e-02,4.873113e-02,4.890360e-02,4.897931e-02,4.891112e-02,4.871799e-02,4.842102e-02,4.808371e-02,4.772411e-02,4.723070e-02,4.670116e-02,4.613591e-02,4.555147e-02,4.494857e-02,4.436313e-02,4.378264e-02,4.325886e-02,4.268273e-02,4.212833e-02,4.166176e-02,4.118688e-02,4.079814e-02,4.040411e-02,4.008812e-02,3.975878e-02,3.946417e-02,3.921712e-02,3.895369e-02,3.871279e-02,3.847187e-02,3.823996e-02,3.800947e-02,3.778214e-02,3.759390e-02,3.737207e-02,3.715601e-02,3.694821e-02,3.675771e-02,3.651955e-02,3.628362e-02,3.602590e-02,3.574270e-02,3.544812e-02,3.510369e-02,3.476955e-02,3.442163e-02,3.406997e-02,3.371794e-02,3.337143e-02,3.303665e-02,3.272339e-02,3.241888e-02,3.213289e-02,3.186383e-02,3.162112e-02,3.138567e-02,3.116465e-02,3.095415e-02,3.076230e-02,3.057685e-02,3.040810e-02,3.024146e-02,3.008831e-02,2.995091e-02,2.982429e-02,2.969845e-02,2.959259e-02,2.949411e-02,2.940436e-02,2.930458e-02,2.923066e-02,2.916327e-02,2.909889e-02,2.904129e-02,2.897866e-02,2.891434e-02,2.883541e-02,2.875929e-02,2.868414e-02,2.859522e-02,2.848600e-02,2.838452e-02,2.826620e-02,2.813590e-02,2.800063e-02,2.786525e-02,2.772178e-02,2.757808e-02,2.743321e-02,2.729342e-02,2.714907e-02,2.701140e-02,2.688026e-02,2.676106e-02,2.665030e-02,2.654617e-02,2.645923e-02,2.636758e-02,2.629978e-02,2.623567e-02,2.619177e-02,2.614420e-02,2.610299e-02,2.607461e-02,2.605207e-02,2.602928e-02,2.599928e-02,2.597816e-02,2.594493e-02,2.589291e-02,2.584149e-02,2.577122e-02,2.569195e-02,2.558449e-02,2.547538e-02,2.535876e-02,2.524174e-02,2.511324e-02,2.498783e-02,2.486091e-02,2.473961e-02,2.462387e-02,2.452684e-02,2.443078e-02,2.434439e-02,2.428007e-02,2.421534e-02,2.416770e-02,2.411750e-02,2.407902e-02,2.403210e-02,2.399041e-02,2.393938e-02,2.389192e-02,2.383463e-02,2.378163e-02,2.372250e-02,2.367031e-02,2.361564e-02,2.357215e-02,2.353421e-02,2.349419e-02,2.346638e-02,2.343755e-02,2.341992e-02,2.339949e-02,2.338854e-02,2.337351e-02,2.336750e-02,2.335601e-02,2.335286e-02,2.334401e-02,2.334308e-02,2.333678e-02,2.333156e-02,2.333684e-02,2.333695e-02,2.335185e-02,2.336478e-02,2.339202e-02,2.344087e-02,2.351229e-02,2.361892e-02,2.378786e-02,2.402282e-02,2.436754e-02,2.484707e-02,2.550677e-02,2.637347e-02,2.750938e-02,2.893532e-02,3.064811e-02,3.269566e-02,3.509146e-02,3.780237e-02,4.079740e-02,4.407568e-02,4.764113e-02,5.135875e-02,5.522331e-02,5.922391e-02,6.330976e-02,6.748979e-02,7.173556e-02,7.605231e-02,8.061929e-02,8.510562e-02,8.964666e-02,9.426245e-02,9.895554e-02,1.037351e-01,1.085724e-01,1.134913e-01,1.184712e-01,1.234951e-01,1.285823e-01,1.341430e-01,1.393297e-01,1.445523e-01,1.496351e-01,1.548656e-01,1.600892e-01,1.653019e-01,1.705290e-01,1.756744e-01,1.807669e-01,1.857940e-01,1.907348e-01,1.956359e-01,2.004689e-01,2.050848e-01,2.096594e-01,2.141539e-01,2.185166e-01,2.226661e-01,2.268187e-01,2.308228e-01,2.344331e-01,2.380594e-01,2.414020e-01,2.447587e-01,2.478341e-01,2.509273e-01,2.537309e-01,2.565410e-01,2.591086e-01,2.616752e-01,2.639930e-01,2.663406e-01,2.688763e-01,2.712862e-01,2.738824e-01,2.763498e-01,2.788334e-01,2.815056e-01,2.840263e-01,2.867398e-01,2.891081e-01,2.916565e-01,2.942060e-01,2.965655e-01,2.990967e-01,3.016200e-01,3.041261e-01,3.064114e-01,3.088589e-01,3.112785e-01,3.136568e-01,3.159842e-01,3.182677e-01,3.204843e-01,3.226344e-01,3.247158e-01,3.267115e-01,3.286189e-01,3.304275e-01,3.321372e-01,3.333286e-01,3.347664e-01,3.362121e-01,3.376705e-01,3.391385e-01,3.406230e-01,3.421258e-01,3.433862e-01,3.449089e-01,3.464440e-01,3.477389e-01,3.493068e-01,3.506238e-01,3.519497e-01,3.532855e-01,3.546337e-01,3.562577e-01,3.576294e-01,3.590083e-01,3.603990e-01,3.617982e-01,3.632069e-01,3.646259e-01,3.657756e-01,3.672167e-01,3.686695e-01,3.701295e-01,3.716104e-01,3.728005e-01,3.742998e-01,3.755100e-01,3.767305e-01,3.782652e-01,3.795045e-01,3.807524e-01,3.820068e-01,3.832677e-01,3.845396e-01,3.858270e-01,3.871168e-01,3.884070e-01,3.897109e-01,3.906982e-01,3.920228e-01,3.933389e-01,3.943139e-01,3.956555e-01,3.970021e-01,3.983260e-01,3.993391e-01,4.003600e-01,4.017123e-01,4.027270e-01,4.037709e-01,4.051765e-01,4.062243e-01,4.072849e-01,4.083613e-01,4.097962e-01,4.108819e-01,4.119787e-01,4.130846e-01,4.141890e-01,4.153101e-01,4.164377e-01,4.175712e-01,4.187145e-01,4.198676e-01,4.210141e-01,4.221860e-01,4.233597e-01,4.241473e-01,4.253328e-01,4.261338e-01,4.273286e-01,4.285254e-01,4.293434e-01,4.305632e-01,4.313747e-01,4.326043e-01,4.334324e-01,4.346632e-01,4.354999e-01,4.363340e-01,4.371642e-01,4.384152e-01,4.392586e-01,4.401022e-01,4.409612e-01,4.422325e-01,4.430749e-01,4.439285e-01,4.447916e-01,4.456373e-01,4.464988e-01,4.473705e-01,4.482333e-01,4.491117e-01,4.499878e-01,4.508628e-01,4.513066e-01,4.522018e-01,4.530990e-01,4.540026e-01,4.544631e-01,4.553820e-01,4.563090e-01,4.572144e-01,4.576890e-01,4.586192e-01,4.595411e-01,4.600148e-01,4.604920e-01,4.614411e-01,4.619153e-01,4.628454e-01,4.633290e-01,4.642846e-01,4.647524e-01,4.652269e-01,4.657054e-01,4.661659e-01,4.666338e-01,4.671220e-01,4.676083e-01,4.680827e-01,4.685386e-01,4.690114e-01,4.694956e-01,4.699808e-01,4.704506e-01,4.709088e-01,4.713783e-01,4.718687e-01,4.723632e-01,4.728259e-01,4.732429e-01,4.736969e-01,4.741837e-01,4.746639e-01,4.750973e-01,4.754691e-01,4.758907e-01,4.763340e-01,4.767648e-01,4.771922e-01,4.776179e-01,4.780129e-01,4.783625e-01,4.786877e-01,4.790602e-01,4.794209e-01,4.797602e-01,4.801485e-01,4.804710e-01,4.806365e-01,4.808879e-01,4.811868e-01,4.815263e-01,4.817465e-01,4.817392e-01,4.819572e-01,4.822227e-01,4.824243e-01,4.826106e-01,4.827428e-01,4.829450e-01,4.831848e-01,4.831157e-01,4.826736e-01,4.825697e-01,4.826347e-01,4.825309e-01,4.823947e-01,4.822911e-01,4.822919e-01,4.822952e-01,4.824006e-01,4.825347e-01,4.826078e-01,4.825738e-01,4.828296e-01,4.832498e-01,4.835946e-01,4.839461e-01,4.842838e-01,4.846717e-01,4.851333e-01,4.854975e-01,4.859525e-01,4.863558e-01,4.867137e-01,4.871628e-01,4.875136e-01,4.879114e-01,4.883456e-01,4.888590e-01,4.892950e-01,4.898124e-01,4.903202e-01,4.908399e-01,4.913246e-01,4.918894e-01,4.924213e-01,4.929911e-01,4.935060e-01,4.941152e-01,4.947348e-01,4.953084e-01,4.958765e-01,4.965293e-01,4.971377e-01,4.977176e-01,4.982829e-01,4.989141e-01,4.995200e-01,5.001167e-01,5.007818e-01,5.013927e-01,5.019961e-01,5.026011e-01,5.032442e-01,5.038141e-01,5.044239e-01,5.050352e-01,5.056868e-01,5.062735e-01,5.069271e-01,5.075935e-01,5.081944e-01,5.088644e-01,5.094686e-01,5.101029e-01,5.106804e-01,5.113672e-01,5.119479e-01,5.125289e-01,5.131125e-01,5.137776e-01,5.144044e-01,5.150329e-01,5.156533e-01,5.162852e-01,5.169088e-01,5.174934e-01,5.180795e-01,5.186057e-01,5.192254e-01,5.198370e-01,5.204188e-01,5.208583e-01,5.212986e-01,5.218010e-01,5.223259e-01,5.228520e-01,5.233793e-01,5.238659e-01,5.243953e-01,5.248839e-01,5.253735e-01,5.258017e-01,5.263036e-01,5.267538e-01,5.271526e-01,5.275724e-01,5.279725e-01,5.284158e-01,5.288805e-01,5.292936e-01,5.297072e-01,5.300786e-01,5.304980e-01,5.308643e-01,5.312787e-01,5.316011e-01,5.319672e-01,5.322951e-01,5.326125e-01,5.329285e-01,5.332773e-01,5.336203e-01,5.339248e-01,5.342186e-01,5.344673e-01,5.347489e-01,5.349872e-01,5.352565e-01,5.355261e-01,5.357279e-01,5.359365e-01,5.361323e-01,5.363106e-01,5.365002e-01,5.366723e-01,5.368264e-01,5.368975e-01,5.370126e-01,5.371589e-01,5.372940e-01,5.374338e-01,5.374786e-01,5.375172e-01,5.375557e-01,5.375812e-01,5.376509e-01,5.376698e-01,5.377261e-01,5.377327e-01,5.377340e-01,5.376853e-01,5.376307e-01,5.376147e-01,5.376367e-01,5.376093e-01,5.375319e-01,5.374045e-01,5.372713e-01,5.370880e-01,5.370312e-01,5.369685e-01,5.369028e-01,5.367492e-01,5.365957e-01,5.365300e-01,5.364645e-01,5.363552e-01,5.362020e-01,5.360052e-01,5.358959e-01,5.358307e-01,5.357218e-01,5.355254e-01,5.353617e-01,5.353404e-01,5.354063e-01,5.353849e-01,5.351890e-01,5.349932e-01,5.348525e-01,5.347006e-01,5.345164e-01,5.342456e-01,5.339752e-01,5.337918e-01,5.336519e-01,5.333390e-01,5.328104e-01,5.322400e-01,5.317999e-01,5.313608e-01,5.307512e-01,5.297482e-01,5.286332e-01,5.276393e-01,5.267338e-01,5.258743e-01,5.249758e-01,5.238621e-01,5.223512e-01,5.203888e-01,5.184835e-01,5.171181e-01,5.159214e-01,5.144115e-01,5.123585e-01,5.102445e-01,5.087718e-01,5.077346e-01,5.068178e-01,5.057511e-01,5.044985e-01,5.033667e-01,5.022520e-01,5.011317e-01,5.004012e-01,5.000473e-01,4.996940e-01,4.993507e-01,4.990080e-01,4.986659e-01,4.983337e-01,4.980021e-01,4.980418e-01,4.977106e-01,4.977522e-01,4.978013e-01,4.978410e-01,4.975104e-01,4.975501e-01,4.975804e-01,4.976107e-01,4.972710e-01,4.969224e-01,4.969433e-01,4.969641e-01,4.969756e-01,4.969964e-01,4.970173e-01,4.966599e-01,4.966807e-01,4.967016e-01,4.967245e-01,4.963770e-01,4.963979e-01,4.960509e-01,4.960718e-01,4.961021e-01,4.961136e-01,4.957672e-01,4.957880e-01,4.957995e-01,4.958204e-01,4.954651e-01,4.954766e-01,4.954881e-01,4.954995e-01,4.955015e-01,4.955130e-01,4.955245e-01,4.959026e-01,4.959141e-01,4.959255e-01,4.959370e-01,4.959484e-01,4.959599e-01,4.955586e-01,4.959367e-01,4.959482e-01,4.959596e-01,4.959711e-01,4.959365e-01,4.959384e-01,4.963171e-01,4.963285e-01,4.959267e-01,4.959287e-01,4.963167e-01,4.962820e-01,4.962954e-01,4.962703e-01,4.962913e-01,4.963122e-01,4.959297e-01,4.959602e-01,4.959446e-01,4.959751e-01,4.955932e-01,4.956333e-01,4.956178e-01,4.952461e-01,4.956519e-01,4.952707e-01,4.953108e-01,4.952975e-01,4.953281e-01,4.953127e-01,4.949323e-01,4.949629e-01,4.945736e-01,4.945946e-01,4.945699e-01,4.941719e-01,4.945473e-01,4.941494e-01,4.941153e-01,4.941174e-01,4.937202e-01,4.936862e-01,4.936978e-01,4.933015e-01,4.932697e-01,4.932907e-01,4.932663e-01,4.928803e-01,4.929013e-01,4.925160e-01,4.925370e-01,4.921524e-01,4.917779e-01,4.921586e-01,4.917747e-01,4.914009e-01,4.917810e-01,4.913978e-01,4.914188e-01,4.910364e-01,4.906546e-01,4.906755e-01,4.902873e-01,4.903082e-01,4.899184e-01,4.895834e-01,4.891949e-01,4.888517e-01,4.884646e-01,4.881226e-01,4.877275e-01,4.877391e-01,4.870022e-01,4.870138e-01,4.866742e-01,4.859410e-01,4.856054e-01,4.852680e-01,4.848874e-01,4.845512e-01,4.842155e-01,4.838368e-01,4.835023e-01,4.831683e-01,4.828348e-01,4.821147e-01,4.817829e-01,4.814516e-01,4.811208e-01,4.804493e-01,4.801201e-01,4.794518e-01,4.791241e-01,4.791782e-01,4.777534e-01,4.778072e-01,4.775244e-01,4.772420e-01,4.766248e-01,4.759673e-01,4.753538e-01,4.747003e-01,4.740488e-01,4.737711e-01,4.727931e-01,4.721475e-01,4.711770e-01,4.705771e-01,4.696138e-01,4.686547e-01,4.677000e-01,4.667496e-01,4.658065e-01,4.641917e-01,4.632965e-01,4.617006e-01,4.607768e-01,4.598571e-01,4.589801e-01,4.581068e-01,4.562451e-01,4.547397e-01,4.532451e-01,4.523954e-01,4.512145e-01,4.500031e-01,4.485346e-01,4.464655e-01,4.444170e-01,4.430307e-01,4.409804e-01,4.395466e-01,4.381229e-01,4.373058e-01,4.359046e-01,4.345131e-01,4.331653e-01,4.312524e-01,4.290905e-01,4.266547e-01,4.245415e-01,4.223857e-01,4.210525e-01,4.189341e-01,4.176556e-01,4.158477e-01,4.143039e-01,4.125266e-01,4.112831e-01,4.095331e-01,4.083087e-01,4.068833e-01,4.067692e-01,4.069293e-01,4.065530e-01,4.048395e-01,4.029368e-01,4.015508e-01,4.001692e-01,3.983123e-01,3.969824e-01,3.952072e-01,3.929267e-01,3.902034e-01,3.868521e-01,3.831347e-01,3.798984e-01,3.759332e-01,3.714597e-01,3.676972e-01,3.634926e-01,3.596392e-01,3.553679e-01,3.526564e-01,3.474929e-01,3.419371e-01,3.355306e-01,3.301157e-01,3.226081e-01,3.151156e-01,3.081491e-01,3.004382e-01,2.949535e-01,2.875229e-01,2.807018e-01,2.740597e-01,2.667978e-01,2.596714e-01,2.550867e-01,2.495341e-01,2.424722e-01,2.365901e-01,2.307885e-01,2.261652e-01,2.208174e-01,2.156170e-01,2.107826e-01,2.067810e-01,2.033948e-01,1.994345e-01,1.956090e-01,1.925401e-01,1.888222e-01,1.857584e-01,1.827806e-01,1.799429e-01,1.776721e-01,1.754517e-01,1.731202e-01,1.708931e-01,1.687161e-01,1.669779e-01,1.653681e-01,1.636884e-01,1.619905e-01,1.603698e-01,1.591830e-01,1.576093e-01,1.560623e-01,1.549290e-01,1.538097e-01,1.531266e-01,1.520722e-01,1.510293e-01,1.504083e-01,1.494264e-01,1.488171e-01,1.482932e-01,1.476907e-01,1.471333e-01,1.466192e-01,1.460675e-01,1.455202e-01,1.450147e-01,1.448587e-01,1.443559e-01,1.442787e-01,1.442015e-01,1.441233e-01,1.437028e-01,1.435875e-01,1.435483e-01,1.434717e-01,1.438147e-01,1.437368e-01,1.436993e-01,1.435837e-01,1.438893e-01,1.437734e-01,1.441186e-01,1.444262e-01,1.448122e-01,1.447751e-01,1.450449e-01,1.457067e-01,1.460597e-01,1.464146e-01,1.470862e-01,1.477641e-01,1.484873e-01,1.495429e-01,1.502813e-01,1.510680e-01,1.521120e-01,1.528295e-01,1.539381e-01,1.550605e-01,1.558015e-01,1.573472e-01,1.581528e-01,1.593287e-01,1.605184e-01,1.613999e-01,1.630425e-01,1.638028e-01,1.649545e-01,1.661696e-01,1.674506e-01,1.682978e-01,1.695562e-01,1.708310e-01,1.717608e-01,1.735914e-01,1.744937e-01,1.758887e-01,1.773588e-01,1.786830e-01,1.797455e-01,1.811575e-01,1.828224e-01,1.843366e-01,1.853994e-01,1.869497e-01,1.885865e-01,1.896295e-01,1.913706e-01,1.926332e-01,1.944882e-01,1.956548e-01,1.969014e-01,1.987601e-01,1.999737e-01,2.012005e-01,2.032039e-01,2.044664e-01,2.058150e-01,2.071784e-01,2.084855e-01,2.104706e-01,2.112941e-01,2.134060e-01,2.149388e-01,2.156374e-01,2.170407e-01,2.193381e-01,2.202239e-01,2.217640e-01,2.233238e-01,2.249034e-01,2.265053e-01,2.273598e-01,2.289918e-01,2.305605e-01,2.313540e-01,2.330426e-01,2.339464e-01,2.354856e-01,2.372317e-01,2.380715e-01,2.399482e-01,2.408061e-01,2.423324e-01,2.432062e-01,2.450593e-01,2.459470e-01,2.468430e-01,2.486442e-01,2.496562e-01,2.505754e-01,2.523210e-01,2.533589e-01,2.543035e-01,2.552525e-01,2.572707e-01,2.582404e-01,2.592170e-01,2.603083e-01,2.612996e-01,2.622979e-01,2.635266e-01,2.645536e-01,2.651552e-01,2.660761e-01,2.668899e-01,2.676925e-01,2.685311e-01,2.694638e-01,2.702046e-01,2.712567e-01,2.720097e-01,2.729918e-01,2.736350e-01,2.745089e-01,2.753878e-01,2.762749e-01,2.770569e-01,2.780764e-01,2.789826e-01,2.795403e-01,2.806903e-01,2.811267e-01,2.820604e-01,2.828738e-01,2.835734e-01,2.845345e-01,2.853441e-01,2.864345e-01,2.870120e-01,2.879957e-01,2.888480e-01,2.895702e-01,2.900576e-01,2.909187e-01,2.915319e-01,2.926645e-01,2.935436e-01,2.945826e-01,2.957412e-01,2.966568e-01,2.971639e-01,2.981038e-01,2.987590e-01,2.995643e-01,3.003608e-01,3.011580e-01,3.018457e-01,3.028174e-01,3.034957e-01,3.043123e-01,3.050004e-01,3.057083e-01,3.061519e-01,3.069789e-01,3.072576e-01,3.079755e-01,3.085406e-01,3.094006e-01,3.099741e-01,3.107009e-01,3.111411e-01,3.117208e-01,3.121604e-01,3.128830e-01,3.131862e-01,3.137556e-01,3.145029e-01,3.150913e-01,3.158270e-01,3.162779e-01,3.165550e-01,3.171541e-01,3.174653e-01,3.179060e-01,3.182187e-01,3.186614e-01,3.186683e-01,3.192788e-01,3.197608e-01,3.203684e-01,3.205246e-01,3.209885e-01,3.213103e-01,3.217764e-01,3.215991e-01,3.222282e-01,3.225485e-01,3.229957e-01,3.231319e-01,3.235806e-01,3.237359e-01,3.239997e-01,3.238386e-01,3.244572e-01,3.242769e-01,3.240818e-01,3.240664e-01,3.242071e-01,3.235437e-01,3.235167e-01,3.232081e-01,3.231849e-01,3.223594e-01,3.220193e-01,3.216951e-01,3.213379e-01,3.208687e-01,3.203675e-01,3.198791e-01,3.195258e-01,3.187184e-01,3.183676e-01,3.175659e-01,3.170783e-01,3.170850e-01,3.188593e-01,3.180552e-01,3.177275e-01,3.170970e-01,3.164684e-01,3.156795e-01,3.152152e-01,3.145908e-01,3.139541e-01,3.131773e-01,3.125636e-01,3.114962e-01,3.108686e-01,3.102601e-01,3.093440e-01,3.085885e-01,3.078167e-01,3.067937e-01,3.061668e-01,3.052871e-01,3.046960e-01,3.041042e-01,3.034982e-01,3.024889e-01,3.019053e-01,3.010651e-01,3.003445e-01,2.996246e-01,2.986530e-01,2.978167e-01,2.971240e-01,2.961836e-01,2.954851e-01,2.949582e-01,2.942781e-01,2.936191e-01,2.929448e-01,2.920139e-01,2.916229e-01,2.909878e-01,2.902042e-01,2.894247e-01,2.889025e-01,2.881296e-01,2.877458e-01,2.871116e-01,2.867328e-01,2.860002e-01,2.854900e-01,2.847663e-01,2.842802e-01,2.837932e-01,2.833223e-01,2.828528e-01,2.824994e-01,2.819205e-01,2.818145e-01,2.816203e-01,2.814091e-01,2.810733e-01,2.812320e-01,2.811657e-01,2.811965e-01,2.809010e-01,2.809460e-01,2.812325e-01,2.810646e-01,2.809961e-01,2.807858e-01,2.806042e-01,2.804257e-01,2.802325e-01,2.800261e-01,2.796091e-01,2.790558e-01,2.786133e-01,2.783256e-01,2.776632e-01,2.772249e-01,2.768017e-01,2.761459e-01,2.753810e-01,2.748513e-01,2.745270e-01,2.740140e-01,2.733813e-01,2.727513e-01,2.722309e-01,2.719364e-01,2.713259e-01,2.710493e-01,2.707571e-01,2.705873e-01,2.700745e-01,2.698001e-01,2.696314e-01,2.695810e-01,2.694125e-01,2.692600e-01,2.692097e-01,2.694899e-01,2.698733e-01,2.696019e-01,2.696461e-01,2.697034e-01,2.696425e-01,2.700315e-01,2.701945e-01,2.701201e-01,2.701644e-01,2.700749e-01,2.701191e-01,2.698076e-01,2.696018e-01,2.691734e-01,2.688507e-01,2.686593e-01,2.688076e-01,2.688384e-01,2.687496e-01,2.689895e-01,2.688762e-01,2.690116e-01,2.690424e-01,2.691674e-01,2.691701e-01,2.694107e-01,2.698726e-01,2.699957e-01,2.701057e-01,2.705707e-01,2.706784e-01,2.710116e-01,2.711356e-01,2.714832e-01,2.716031e-01,2.717222e-01,2.716041e-01,2.716193e-01,2.716317e-01,2.716576e-01,2.715483e-01,2.716674e-01,2.717999e-01,2.721463e-01,2.719316e-01,2.720626e-01,2.720885e-01,2.721010e-01,2.724616e-01,2.723534e-01,2.723659e-01,2.724883e-01,2.723812e-01,2.726351e-01,2.726503e-01,2.725610e-01,2.721209e-01,2.721522e-01,2.720883e-01,2.718791e-01,2.712737e-01,2.710950e-01,2.708105e-01,2.704191e-01,2.702680e-01,2.701170e-01,2.695215e-01,2.691598e-01,2.688139e-01,2.678827e-01,2.670867e-01,2.659699e-01,2.646880e-01,2.640205e-01,2.632413e-01,2.623552e-01,2.604816e-01,2.585227e-01,2.576615e-01,2.559536e-01,2.532195e-01,2.513551e-01,2.497199e-01,2.472037e-01,2.446327e-01,2.421106e-01,2.395373e-01,2.371055e-01,2.330027e-01,2.305993e-01,2.250789e-01,2.211683e-01,2.169066e-01,2.134744e-01,2.087238e-01,2.050839e-01,2.002405e-01,1.960599e-01,1.894313e-01,1.841225e-01,1.790626e-01,1.732620e-01,1.681753e-01,1.619808e-01,1.564247e-01,1.478162e-01,1.415939e-01,1.355353e-01,1.298885e-01,1.232763e-01,1.178699e-01,1.096006e-01,1.038835e-01,9.857847e-02,9.351067e-02,8.828360e-02,8.209698e-02,7.742809e-02,7.341425e-02,6.961890e-02,6.590099e-02,6.157421e-02,5.852709e-02,5.586672e-02,5.347915e-02,5.144716e-02,4.853628e-02,4.686712e-02,4.533788e-02,4.377428e-02,4.221346e-02,4.074496e-02,3.979942e-02,3.888792e-02,3.801441e-02,3.717907e-02,3.637640e-02,3.594999e-02,3.520749e-02,3.481477e-02,3.411432e-02,3.375617e-02,3.340167e-02,3.306792e-02,3.273810e-02,3.241806e-02,3.211077e-02,3.208547e-02,3.176884e-02,3.174733e-02,3.144988e-02,3.141625e-02,3.140131e-02,3.138314e-02,3.109219e-02,3.107402e-02,3.105918e-02,3.104400e-02,3.130034e-02,3.129732e-02,3.128477e-02,3.126597e-02,3.152371e-02,3.152348e-02,3.179545e-02,3.178896e-02,3.206317e-02,3.234267e-02,3.233968e-02,3.263138e-02,3.292215e-02,3.321858e-02,3.353450e-02,3.352878e-02,3.384113e-02,3.417679e-02,3.449818e-02,3.483967e-02,3.517019e-02,3.551878e-02,3.588113e-02,3.624002e-02,3.660622e-02,3.698624e-02,3.736756e-02,3.775645e-02,3.815996e-02,3.856536e-02,3.896976e-02,3.939351e-02,4.025002e-02,4.024957e-02,4.115842e-02,4.162652e-02,4.163710e-02,4.244542e-02,4.293045e-02,4.353321e-02,4.395953e-02,4.469024e-02,4.512502e-02,4.551183e-02,4.625165e-02,4.675948e-02,4.741547e-02,4.789868e-02,4.870113e-02,4.913694e-02,4.990239e-02,5.044575e-02,5.092398e-02,5.173152e-02,5.229188e-02,5.308072e-02,5.357787e-02,5.437468e-02,5.489818e-02,5.565883e-02,5.627705e-02,5.696081e-02,5.751145e-02,5.832990e-02,5.890285e-02,5.965070e-02,6.022504e-02,6.102159e-02,6.155712e-02,6.236773e-02,6.297564e-02,6.342102e-02,6.426658e-02,6.513071e-02,6.569267e-02,6.646532e-02,6.704621e-02,6.782715e-02,6.830566e-02,6.913582e-02,6.960411e-02,7.032461e-02,7.081871e-02,7.168528e-02,7.218159e-02,7.289874e-02,7.336732e-02,7.415991e-02,7.451525e-02,7.511735e-02,7.560930e-02,7.623688e-02,7.700540e-02,7.723335e-02,7.788291e-02,7.826821e-02,7.891456e-02,7.901344e-02,7.968743e-02,8.021105e-02,8.061526e-02,8.100472e-02,8.125248e-02,8.195762e-02,8.206307e-02,8.261224e-02,8.301753e-02,8.327546e-02,8.368607e-02,8.379532e-02,8.438273e-02,8.495728e-02,8.506886e-02,8.549394e-02,8.560721e-02,8.587850e-02,8.631022e-02,8.642533e-02,8.686154e-02,8.715970e-02,8.743960e-02,8.772098e-02,8.783509e-02,8.811912e-02,8.875708e-02,8.871158e-02,8.935703e-02,8.931110e-02,8.996259e-02,9.045030e-02,9.059650e-02,9.108928e-02,9.158586e-02,9.191043e-02,9.243149e-02,9.293999e-02,9.327242e-02,9.360626e-02,9.433151e-02,9.448772e-02,9.503849e-02,9.557087e-02,9.593905e-02,9.628967e-02,9.705039e-02,9.721526e-02,9.779247e-02,9.815524e-02,9.854435e-02,9.912995e-02,9.950024e-02,9.967205e-02,1.002724e-01,1.006491e-01,1.010494e-01,1.012251e-01,1.018407e-01,1.022270e-01,1.026414e-01,1.028217e-01,1.034487e-01,1.036314e-01,1.040557e-01,1.044558e-01,1.048856e-01,1.050683e-01,1.055029e-01,1.059120e-01,1.063517e-01,1.065422e-01,1.069861e-01,1.073999e-01,1.076226e-01,1.083018e-01,1.084981e-01,1.089547e-01,1.091821e-01,1.096393e-01,1.098390e-01,1.103049e-01,1.107739e-01,1.107401e-01,1.112081e-01,1.116834e-01,1.119203e-01,1.121277e-01,1.123661e-01,1.128496e-01,1.130866e-01,1.135751e-01,1.140671e-01,1.145625e-01,1.145271e-01,1.150257e-01,1.152712e-01,1.157752e-01,1.160266e-01,1.162789e-01,1.164958e-01,1.167491e-01,1.170040e-01,1.175205e-01,1.177774e-01,1.180315e-01,1.179939e-01,1.185176e-01,1.187774e-01,1.190351e-01,1.189971e-01,1.192595e-01,1.195221e-01,1.194792e-01,1.197434e-01,1.200079e-01,1.202732e-01,1.205396e-01,1.208069e-01,1.207635e-01,1.207574e-01,1.210256e-01,1.212948e-01,1.215650e-01,1.218324e-01,1.221038e-01,1.223770e-01,1.223709e-01,1.226443e-01,1.229187e-01,1.231897e-01,1.231828e-01,1.234585e-01,1.237344e-01,1.237230e-01,1.239992e-01,1.242764e-01,1.242680e-01,1.248701e-01,1.248571e-01,1.251376e-01,1.251283e-01,1.257374e-01,1.257251e-01,1.260088e-01,1.263305e-01,1.266165e-01,1.266088e-01,1.272261e-01,1.272175e-01,1.275444e-01,1.278350e-01,1.284614e-01,1.287928e-01,1.290872e-01,1.294212e-01,1.294117e-01,1.300539e-01,1.300407e-01,1.306889e-01,1.310298e-01,1.310202e-01,1.316773e-01,1.316685e-01,1.320117e-01,1.323592e-01,1.323521e-01,1.327028e-01,1.330551e-01,1.330443e-01,1.333998e-01,1.333936e-01,1.340740e-01,1.340650e-01,1.344259e-01,1.347885e-01,1.347848e-01,1.351499e-01,1.351426e-01,1.355102e-01,1.355075e-01,1.358767e-01,1.358704e-01,1.362413e-01,1.362394e-01,1.366129e-01,1.366075e-01,1.366057e-01,1.369809e-01,1.366441e-01,1.366386e-01,1.366377e-01,1.370132e-01,1.370113e-01,1.370059e-01,1.370050e-01,1.370031e-01,1.366239e-01,1.362845e-01,1.362826e-01,1.359063e-01,1.355308e-01,1.348293e-01,1.348237e-01,1.344526e-01,1.337182e-01,1.330312e-01,1.326677e-01,1.319445e-01,1.312707e-01,1.305621e-01,1.302089e-01,1.292020e-01,1.285107e-01,1.275200e-01,1.268425e-01,1.255449e-01,1.248835e-01,1.236160e-01,1.229702e-01,1.220486e-01,1.211035e-01,1.201991e-01,1.190057e-01,1.183972e-01,1.172312e-01,1.163756e-01,1.154971e-01,1.146608e-01,1.135509e-01,1.129800e-01,1.118947e-01,1.113409e-01,1.105500e-01,1.094995e-01,1.087278e-01,1.079644e-01,1.072091e-01,1.066846e-01,1.059421e-01,1.052080e-01,1.042336e-01,1.035174e-01,1.032680e-01,1.025618e-01,1.021023e-01,1.011975e-01,1.007428e-01,1.000624e-01,9.982517e-02,9.938387e-02,9.894486e-02,9.850933e-02,9.785074e-02,9.742238e-02,9.699621e-02,9.635269e-02,9.571557e-02,9.510879e-02,9.469246e-02,9.388308e-02,9.327018e-02,9.287071e-02,9.247376e-02,9.169316e-02,9.130366e-02,9.091660e-02,9.053195e-02,8.997344e-02,8.939816e-02,8.885003e-02,8.847825e-02,8.810874e-02,8.774150e-02,8.720835e-02,8.684122e-02,8.631663e-02,8.614556e-02,8.562662e-02,8.545751e-02,8.512667e-02,8.514050e-02,8.481140e-02,8.464455e-02,8.449775e-02,8.451134e-02,8.402605e-02,8.421868e-02,8.389410e-02,8.374908e-02,8.358458e-02,8.361766e-02,8.345297e-02,8.313759e-02,8.283852e-02,8.267601e-02,8.253339e-02,8.221757e-02,8.190350e-02,8.191562e-02,8.128618e-02,8.097679e-02,8.081942e-02,8.051308e-02,8.004685e-02,7.974480e-02,7.942603e-02,7.884267e-02,7.852920e-02,7.823547e-02,7.794382e-02,7.750017e-02,7.693314e-02,7.678731e-02,7.635398e-02,7.607302e-02,7.579355e-02,7.551556e-02,7.511027e-02,7.498663e-02,7.471341e-02,7.459067e-02,7.431951e-02,7.393483e-02,7.395133e-02,7.369948e-02,7.343299e-02,7.316789e-02,7.304912e-02,7.267442e-02,7.255676e-02,7.258297e-02,7.232222e-02,7.220532e-02,7.171068e-02,7.159561e-02,7.148034e-02,7.136532e-02,7.100252e-02,7.074986e-02,7.049850e-02,7.012639e-02,7.001438e-02,6.966704e-02,6.942124e-02,6.905742e-02,6.894736e-02,6.848453e-02,6.849238e-02,6.813558e-02,6.778752e-02,6.768026e-02,6.722984e-02,6.699593e-02,6.665048e-02,6.655175e-02,6.598778e-02,6.576012e-02,6.554737e-02,6.532188e-02,6.477886e-02,6.455681e-02,6.422966e-02,6.401643e-02,6.348358e-02,6.304690e-02,6.273670e-02,6.263960e-02,6.212901e-02,6.191967e-02,6.161699e-02,6.140975e-02,6.091342e-02,5.595606e-03,5.595606e-03,5.595606e-03,5.595606e-03,5.595606e-03,5.595606e-03,5.595606e-03,5.595606e-03,5.595606e-03,5.595606e-03,5.595606e-03,5.595606e-03,5.595606e-03,5.595606e-03,5.595606e-03,5.595606e-03,5.595606e-03,5.595606e-03,5.595606e-03,5.595606e-03,5.595606e-03,5.595606e-03,5.595606e-03,5.595606e-03,5.595606e-03,5.595606e-03,5.595606e-03,5.595606e-03,5.595606e-03,5.595606e-03,5.595606e-03,5.595606e-03,5.595606e-03,5.595606e-03,5.595606e-03,5.595606e-03,5.595606e-03,5.595606e-03,5.595606e-03,5.595606e-03,5.595606e-03,5.595606e-03,5.595606e-03,5.595606e-03,5.595606e-03,5.595606e-03,5.595606e-03,5.595606e-03,5.595606e-03,5.595606e-03,5.595606e-03,5.595606e-03,5.595606e-03,5.595606e-03,5.595606e-03,5.595606e-03,5.595606e-03,5.595606e-03,5.595606e-03,5.595606e-03,5.595606e-03,5.595606e-03,5.595606e-03,5.595606e-03,5.595606e-03,5.595606e-03,5.595606e-03,5.595606e-03,5.595606e-03,5.595606e-03,5.595606e-03,5.595606e-03,5.595606e-03,5.595606e-03,5.595606e-03,5.595606e-03,5.595606e-03,5.595606e-03,5.595606e-03,5.595606e-03,5.595606e-03,5.595606e-03,5.595606e-03,5.595606e-03,5.595606e-03,5.595606e-03,5.595606e-03,5.595606e-03,5.595606e-03,5.595606e-03,5.595606e-03,5.595606e-03,5.595606e-03,5.595606e-03,5.595606e-03,5.595606e-03,5.595606e-03,5.595606e-03,5.595606e-03,5.595606e-03,5.595606e-03,5.595606e-03,5.595606e-03,5.595606e-03,5.595606e-03,5.595606e-03,5.595606e-03,5.595606e-03,5.595606e-03,5.595606e-03,5.595606e-03,5.595606e-03,5.595606e-03,5.595606e-03,5.595606e-03,5.595606e-03,5.595606e-03,5.595606e-03,5.595606e-03,5.595606e-03,5.595606e-03,5.595606e-03,5.595606e-03,5.595606e-03,5.595606e-03,5.595606e-03,5.595606e-03,5.595606e-03,5.595606e-03,5.595606e-03,5.595606e-03,5.595606e-03,5.595606e-03,5.595606e-03,5.595606e-03,5.595606e-03,5.595606e-03,5.595606e-03,5.595606e-03,5.595606e-03,5.595606e-03,5.595606e-03,5.595606e-03,5.595606e-03,5.595606e-03,5.595606e-03,5.595606e-03,5.595606e-03,5.595606e-03,5.595606e-03,5.595606e-03,5.595606e-03,5.595606e-03,5.595606e-03,5.595606e-03,5.595606e-03,5.595606e-03,5.595606e-03,5.595606e-03,5.595606e-03,5.595606e-03
1.429775e-02,1.428810e-02,1.427606e-02,1.426403e-02,1.425202e-02,1.424823e-02,1.425027e-02,1.424650e-02,1.425094e-02,1.425298e-02,1.425741e-02,1.425944e-02,1.427209e-02,1.428474e-02,1.429501e-02,1.430767e-02,1.432033e-02,1.433300e-02,1.434806e-02,1.436892e-02,1.438396e-02,1.439900e-02,1.442223e-02,1.443965e-02,1.446529e-02,1.448852e-02,1.451414e-02,1.454214e-02,1.456776e-02,1.460157e-02,1.463777e-02,1.467156e-02,1.471596e-02,1.475796e-02,1.480237e-02,1.484677e-02,1.488878e-02,1.493319e-02,1.498580e-02,1.502783e-02,1.507225e-02,1.511670e-02,1.515877e-02,1.519504e-02,1.523714e-02,1.527348e-02,1.530984e-02,1.533564e-02,1.537213e-02,1.540052e-02,1.542664e-02,1.545531e-02,1.547600e-02,1.549688e-02,1.551793e-02,1.553913e-02,1.556291e-02,1.558451e-02,1.559798e-02,1.562198e-02,1.564354e-02,1.566507e-02,1.568867e-02,1.570981e-02,1.573339e-02,1.575479e-02,1.577840e-02,1.580193e-02,1.582288e-02,1.584635e-02,1.586984e-02,1.589064e-02,1.590573e-02,1.592916e-02,1.594205e-02,1.596551e-02,1.598907e-02,1.601327e-02,1.603514e-02,1.606767e-02,1.610042e-02,1.613978e-02,1.618224e-02,1.622519e-02,1.627494e-02,1.633630e-02,1.639079e-02,1.644468e-02,1.651115e-02,1.657804e-02,1.664129e-02,1.670535e-02,1.678420e-02,1.685802e-02,1.693918e-02,1.702504e-02,1.712169e-02,1.722657e-02,1.733480e-02,1.746645e-02,1.761335e-02,1.777677e-02,1.796060e-02,1.816043e-02,1.839685e-02,1.865978e-02,1.895683e-02,1.929096e-02,1.966299e-02,2.008138e-02,2.053938e-02,2.105623e-02,2.161389e-02,2.223162e-02,2.289912e-02,2.359943e-02,2.434088e-02,2.509138e-02,2.584505e-02,2.658706e-02,2.729907e-02,2.796432e-02,2.856888e-02,2.909004e-02,2.949893e-02,2.979995e-02,2.997039e-02,3.004715e-02,3.001963e-02,2.988216e-02,2.968235e-02,2.942725e-02,2.914275e-02,2.878569e-02,2.840996e-02,2.801884e-02,2.762508e-02,2.722119e-02,2.684477e-02,2.647079e-02,2.613778e-02,2.580424e-02,2.549254e-02,2.522386e-02,2.497803e-02,2.476197e-02,2.456753e-02,2.441479e-02,2.426062e-02,2.414118e-02,2.403286e-02,2.393447e-02,2.384779e-02,2.377218e-02,2.370236e-02,2.363448e-02,2.356907e-02,2.351491e-02,2.346376e-02,2.340833e-02,2.336757e-02,2.332018e-02,2.326757e-02,2.320279e-02,2.313050e-02,2.304766e-02,2.296165e-02,2.286270e-02,2.276611e-02,2.266623e-02,2.255984e-02,2.245655e-02,2.235870e-02,2.227634e-02,2.219615e-02,2.211405e-02,2.204951e-02,2.199265e-02,2.194677e-02,2.190523e-02,2.187025e-02,2.183937e-02,2.181598e-02,2.179607e-02,2.179092e-02,2.177881e-02,2.177196e-02,2.177107e-02,2.177426e-02,2.176988e-02,2.178049e-02,2.178562e-02,2.180205e-02,2.180898e-02,2.182237e-02,2.183788e-02,2.184628e-02,2.186505e-02,2.188243e-02,2.189951e-02,2.191417e-02,2.192831e-02,2.194326e-02,2.195459e-02,2.196196e-02,2.197905e-02,2.198337e-02,2.198653e-02,2.198721e-02,2.198055e-02,2.198008e-02,2.197337e-02,2.197359e-02,2.196782e-02,2.196236e-02,2.195761e-02,2.195628e-02,2.194923e-02,2.195276e-02,2.195891e-02,2.196860e-02,2.197738e-02,2.199180e-02,2.200779e-02,2.202853e-02,2.204837e-02,2.206966e-02,2.209325e-02,2.211947e-02,2.214434e-02,2.216822e-02,2.219429e-02,2.221834e-02,2.222943e-02,2.224921e-02,2.226564e-02,2.227989e-02,2.228815e-02,2.229726e-02,2.230486e-02,2.232232e-02,2.233708e-02,2.235265e-02,2.236879e-02,2.238648e-02,2.240568e-02,2.242954e-02,2.245300e-02,2.247840e-02,2.250872e-02,2.253808e-02,2.257151e-02,2.259522e-02,2.262202e-02,2.264645e-02,2.267312e-02,2.269724e-02,2.272338e-02,2.274704e-02,2.276483e-02,2.278878e-02,2.281540e-02,2.283226e-02,2.286044e-02,2.288942e-02,2.291667e-02,2.294699e-02,2.297552e-02,2.300688e-02,2.304434e-02,2.307628e-02,2.311418e-02,2.314647e-02,2.318460e-02,2.322524e-02,2.326352e-02,2.330427e-02,2.334268e-02,2.338930e-02,2.343037e-02,2.346912e-02,2.351077e-02,2.355039e-02,2.359933e-02,2.364404e-02,2.368960e-02,2.373987e-02,2.380079e-02,2.387174e-02,2.395483e-02,2.407460e-02,2.422864e-02,2.444266e-02,2.472088e-02,2.508723e-02,2.554754e-02,2.612320e-02,2.682312e-02,2.765303e-02,2.859869e-02,2.968283e-02,3.089327e-02,3.219905e-02,3.360865e-02,3.511104e-02,3.668931e-02,3.834582e-02,4.007083e-02,4.186703e-02,4.377443e-02,4.573492e-02,4.776300e-02,4.987053e-02,5.205703e-02,5.433239e-02,5.668087e-02,5.913116e-02,6.164874e-02,6.424163e-02,6.690751e-02,6.977437e-02,7.259064e-02,7.548267e-02,7.839363e-02,8.139857e-02,8.445200e-02,8.755082e-02,9.068538e-02,9.384161e-02,9.701160e-02,1.001845e-01,1.033580e-01,1.065311e-01,1.097120e-01,1.128217e-01,1.158892e-01,1.189283e-01,1.218961e-01,1.247646e-01,1.276183e-01,1.303742e-01,1.329276e-01,1.354442e-01,1.377919e-01,1.401102e-01,1.422566e-01,1.443686e-01,1.462980e-01,1.481574e-01,1.498900e-01,1.515565e-01,1.531422e-01,1.547484e-01,1.564490e-01,1.581048e-01,1.598479e-01,1.615522e-01,1.632659e-01,1.650649e-01,1.668056e-01,1.686358e-01,1.703167e-01,1.720728e-01,1.738265e-01,1.754938e-01,1.772215e-01,1.789406e-01,1.806392e-01,1.822266e-01,1.838598e-01,1.854639e-01,1.870244e-01,1.885290e-01,1.900123e-01,1.914008e-01,1.927207e-01,1.939724e-01,1.951351e-01,1.962091e-01,1.971602e-01,1.980373e-01,1.986378e-01,1.993662e-01,2.000707e-01,2.007799e-01,2.014877e-01,2.021802e-01,2.029063e-01,2.035269e-01,2.042591e-01,2.049913e-01,2.056247e-01,2.063739e-01,2.070152e-01,2.076820e-01,2.083297e-01,2.089821e-01,2.097453e-01,2.104060e-01,2.110412e-01,2.117037e-01,2.123455e-01,2.129899e-01,2.136334e-01,2.141687e-01,2.148237e-01,2.154827e-01,2.161388e-01,2.168077e-01,2.173549e-01,2.180289e-01,2.185830e-01,2.191690e-01,2.198830e-01,2.204753e-01,2.210705e-01,2.216674e-01,2.222662e-01,2.228690e-01,2.235068e-01,2.241156e-01,2.247227e-01,2.253640e-01,2.258488e-01,2.264980e-01,2.271118e-01,2.275824e-01,2.282064e-01,2.288311e-01,2.294125e-01,2.298724e-01,2.303353e-01,2.308969e-01,2.313242e-01,2.317655e-01,2.323491e-01,2.327892e-01,2.332050e-01,2.336573e-01,2.342479e-01,2.347016e-01,2.351596e-01,2.356507e-01,2.361097e-01,2.366059e-01,2.371039e-01,2.376075e-01,2.381108e-01,2.386478e-01,2.391498e-01,2.396937e-01,2.402370e-01,2.406316e-01,2.411787e-01,2.415786e-01,2.421280e-01,2.426770e-01,2.430870e-01,2.436452e-01,2.440465e-01,2.446072e-01,2.450152e-01,2.455430e-01,2.459537e-01,2.463315e-01,2.467105e-01,2.472434e-01,2.476232e-01,2.479711e-01,2.483573e-01,2.488637e-01,2.492121e-01,2.495614e-01,2.499145e-01,2.502266e-01,2.505772e-01,2.509359e-01,2.512855e-01,2.516419e-01,2.519963e-01,2.523850e-01,2.526121e-01,2.530056e-01,2.534352e-01,2.538632e-01,2.541292e-01,2.545637e-01,2.550374e-01,2.554638e-01,2.557679e-01,2.562053e-01,2.566420e-01,2.569450e-01,2.572173e-01,2.576657e-01,2.579361e-01,2.583703e-01,2.586487e-01,2.590941e-01,2.593605e-01,2.595974e-01,2.598401e-01,2.600700e-01,2.603032e-01,2.605500e-01,2.607917e-01,2.610275e-01,2.612543e-01,2.614930e-01,2.617330e-01,2.619733e-01,2.622060e-01,2.624699e-01,2.627351e-01,2.630101e-01,2.632909e-01,2.635525e-01,2.637922e-01,2.640534e-01,2.643591e-01,2.646285e-01,2.648796e-01,2.651304e-01,2.653756e-01,2.656271e-01,2.658725e-01,2.661202e-01,2.663629e-01,2.665951e-01,2.667564e-01,2.669512e-01,2.671450e-01,2.673564e-01,2.675343e-01,2.677252e-01,2.678889e-01,2.679803e-01,2.681063e-01,2.682312e-01,2.684045e-01,2.685196e-01,2.685292e-01,2.686391e-01,2.687479e-01,2.688560e-01,2.689548e-01,2.690301e-01,2.691383e-01,2.692682e-01,2.692823e-01,2.690856e-01,2.690833e-01,2.691311e-01,2.691289e-01,2.691157e-01,2.691135e-01,2.691605e-01,2.692129e-01,2.693090e-01,2.694624e-01,2.695476e-01,2.695782e-01,2.697828e-01,2.700268e-01,2.702792e-01,2.704909e-01,2.707062e-01,2.709348e-01,2.712022e-01,2.713919e-01,2.716222e-01,2.718343e-01,2.719870e-01,2.721805e-01,2.722958e-01,2.724709e-01,2.726630e-01,2.728475e-01,2.730400e-01,2.733041e-01,2.735253e-01,2.737901e-01,2.740384e-01,2.743536e-01,2.746576e-01,2.749790e-01,2.752767e-01,2.756162e-01,2.759945e-01,2.763129e-01,2.766735e-01,2.770326e-01,2.774116e-01,2.777324e-01,2.780569e-01,2.784399e-01,2.787829e-01,2.790828e-01,2.794465e-01,2.797914e-01,2.800981e-01,2.804053e-01,2.807256e-01,2.810163e-01,2.813251e-01,2.816344e-01,2.819620e-01,2.822313e-01,2.825550e-01,2.829235e-01,2.832335e-01,2.836034e-01,2.839146e-01,2.842678e-01,2.846015e-01,2.850136e-01,2.853485e-01,2.856792e-01,2.860153e-01,2.863884e-01,2.867440e-01,2.871002e-01,2.874171e-01,2.877746e-01,2.880927e-01,2.883929e-01,2.886936e-01,2.889693e-01,2.892493e-01,2.895679e-01,2.898302e-01,2.900349e-01,2.902398e-01,2.904658e-01,2.907086e-01,2.909518e-01,2.911952e-01,2.914203e-01,2.916644e-01,2.918899e-01,2.921158e-01,2.923209e-01,2.925879e-01,2.927957e-01,2.930233e-01,2.932533e-01,2.934813e-01,2.937286e-01,2.939785e-01,2.942527e-01,2.945228e-01,2.947740e-01,2.950836e-01,2.953332e-01,2.956414e-01,2.959092e-01,2.961966e-01,2.965040e-01,2.967705e-01,2.970743e-01,2.973609e-01,2.976412e-01,2.979415e-01,2.982008e-01,2.984778e-01,2.987332e-01,2.989692e-01,2.992206e-01,2.994723e-01,2.996630e-01,2.998515e-01,3.000358e-01,3.001763e-01,3.003586e-01,3.004970e-01,3.005960e-01,3.006908e-01,3.008052e-01,3.009351e-01,3.010232e-01,3.011509e-01,3.012415e-01,3.013254e-01,3.014093e-01,3.014889e-01,3.015882e-01,3.016656e-01,3.017650e-01,3.018383e-01,3.019098e-01,3.019595e-01,3.020073e-01,3.020776e-01,3.021610e-01,3.022228e-01,3.022629e-01,3.022813e-01,3.022976e-01,3.022968e-01,3.023487e-01,3.023987e-01,3.024476e-01,3.024570e-01,3.024665e-01,3.025200e-01,3.025690e-01,3.025983e-01,3.026079e-01,3.025977e-01,3.026316e-01,3.026807e-01,3.027101e-01,3.027000e-01,3.026678e-01,3.027366e-01,3.028495e-01,3.029184e-01,3.029085e-01,3.028986e-01,3.029503e-01,3.029602e-01,3.029970e-01,3.029898e-01,3.029827e-01,3.030150e-01,3.030670e-01,3.030403e-01,3.029205e-01,3.027766e-01,3.026917e-01,3.026070e-01,3.024445e-01,3.020654e-01,3.016712e-01,3.012949e-01,3.009584e-01,3.006473e-01,3.003130e-01,2.998429e-01,2.992256e-01,2.983624e-01,2.975238e-01,2.969333e-01,2.964200e-01,2.957607e-01,2.948526e-01,2.939089e-01,2.932626e-01,2.928186e-01,2.924305e-01,2.919717e-01,2.914251e-01,2.909344e-01,2.904914e-01,2.900047e-01,2.897361e-01,2.896446e-01,2.895534e-01,2.895018e-01,2.894503e-01,2.893990e-01,2.893873e-01,2.893757e-01,2.895398e-01,2.895283e-01,2.896985e-01,2.899023e-01,2.900666e-01,2.900551e-01,2.902195e-01,2.903443e-01,2.904692e-01,2.904182e-01,2.903277e-01,2.904130e-01,2.904983e-01,2.905441e-01,2.906295e-01,2.907149e-01,2.905848e-01,2.906702e-01,2.907556e-01,2.908473e-01,2.907569e-01,2.908424e-01,2.907522e-01,2.908376e-01,2.909626e-01,2.910085e-01,2.909184e-01,2.910038e-01,2.910497e-01,2.911352e-01,2.910056e-01,2.910515e-01,2.910974e-01,2.911433e-01,2.911496e-01,2.911955e-01,2.912414e-01,2.914630e-01,2.915089e-01,2.915549e-01,2.916008e-01,2.916468e-01,2.916928e-01,2.915257e-01,2.917474e-01,2.917934e-01,2.918394e-01,2.918854e-01,2.918940e-01,2.919003e-01,2.921223e-01,2.921683e-01,2.920010e-01,2.920073e-01,2.922691e-01,2.922777e-01,2.923301e-01,2.923785e-01,2.924644e-01,2.925503e-01,2.924625e-01,2.925882e-01,2.926764e-01,2.928022e-01,2.927145e-01,2.928801e-01,2.929684e-01,2.929207e-01,2.932624e-01,2.931747e-01,2.933404e-01,2.934354e-01,2.935614e-01,2.936499e-01,2.935624e-01,2.936884e-01,2.935612e-01,2.936473e-01,2.936961e-01,2.935293e-01,2.937514e-01,2.935846e-01,2.935936e-01,2.936001e-01,2.934337e-01,2.934427e-01,2.934891e-01,2.933229e-01,2.933386e-01,2.934247e-01,2.934736e-01,2.933476e-01,2.934337e-01,2.933078e-01,2.933939e-01,2.932683e-01,2.931826e-01,2.934431e-01,2.933176e-01,2.932321e-01,2.934925e-01,2.933672e-01,2.934533e-01,2.933283e-01,2.932034e-01,2.932895e-01,2.931320e-01,2.932180e-01,2.930540e-01,2.929667e-01,2.928031e-01,2.926766e-01,2.925136e-01,2.923875e-01,2.921855e-01,2.922318e-01,2.918979e-01,2.919442e-01,2.918189e-01,2.914864e-01,2.913686e-01,2.912442e-01,2.910837e-01,2.909597e-01,2.908358e-01,2.906761e-01,2.905526e-01,2.904294e-01,2.903063e-01,2.899787e-01,2.898562e-01,2.897339e-01,2.896118e-01,2.893220e-01,2.892005e-01,2.889119e-01,2.887908e-01,2.888724e-01,2.881813e-01,2.882626e-01,2.881778e-01,2.880930e-01,2.878428e-01,2.875580e-01,2.873090e-01,2.870256e-01,2.867430e-01,2.866597e-01,2.862147e-01,2.859341e-01,2.854919e-01,2.852477e-01,2.848081e-01,2.843702e-01,2.839339e-01,2.834992e-01,2.830738e-01,2.822918e-01,2.818968e-01,2.811225e-01,2.806982e-01,2.802755e-01,2.798874e-01,2.795006e-01,2.785880e-01,2.778672e-01,2.771507e-01,2.767729e-01,2.762136e-01,2.756251e-01,2.748854e-01,2.738591e-01,2.728413e-01,2.721854e-01,2.711509e-01,2.704431e-01,2.697396e-01,2.693910e-01,2.687296e-01,2.680722e-01,2.674485e-01,2.665201e-01,2.654612e-01,2.642463e-01,2.632082e-01,2.621223e-01,2.614745e-01,2.604053e-01,2.597955e-01,2.588661e-01,2.580737e-01,2.571583e-01,2.565326e-01,2.556295e-01,2.550124e-01,2.543000e-01,2.542901e-01,2.544657e-01,2.543371e-01,2.534187e-01,2.524105e-01,2.517147e-01,2.509905e-01,2.500033e-01,2.493153e-01,2.483605e-01,2.471346e-01,2.456319e-01,2.437891e-01,2.417416e-01,2.399200e-01,2.377150e-01,2.352330e-01,2.331389e-01,2.308204e-01,2.287133e-01,2.263643e-01,2.248750e-01,2.220205e-01,2.189272e-01,2.153357e-01,2.122737e-01,2.080196e-01,2.037752e-01,1.998410e-01,1.954778e-01,1.923703e-01,1.881545e-01,1.843060e-01,1.805235e-01,1.764145e-01,1.723658e-01,1.697793e-01,1.666150e-01,1.625969e-01,1.592425e-01,1.559247e-01,1.532802e-01,1.502191e-01,1.472266e-01,1.444612e-01,1.421673e-01,1.401981e-01,1.379212e-01,1.357223e-01,1.339546e-01,1.318375e-01,1.300847e-01,1.283820e-01,1.267784e-01,1.254948e-01,1.242565e-01,1.229552e-01,1.217098e-01,1.205091e-01,1.195531e-01,1.186738e-01,1.177570e-01,1.168226e-01,1.159494e-01,1.153197e-01,1.144788e-01,1.136474e-01,1.130480e-01,1.124565e-01,1.121169e-01,1.115786e-01,1.110318e-01,1.107287e-01,1.102327e-01,1.099305e-01,1.096797e-01,1.093867e-01,1.091152e-01,1.088697e-01,1.086068e-01,1.083407e-01,1.080852e-01,1.080256e-01,1.077771e-01,1.077649e-01,1.077528e-01,1.077456e-01,1.075409e-01,1.075057e-01,1.075219e-01,1.075101e-01,1.077370e-01,1.077299e-01,1.077562e-01,1.077408e-01,1.079598e-01,1.079442e-01,1.081873e-01,1.084078e-01,1.086813e-01,1.087226e-01,1.089260e-01,1.093463e-01,1.096149e-01,1.098645e-01,1.102967e-01,1.107272e-01,1.111909e-01,1.118352e-01,1.123082e-01,1.127902e-01,1.134330e-01,1.138726e-01,1.145546e-01,1.152239e-01,1.156835e-01,1.165932e-01,1.170919e-01,1.177929e-01,1.184926e-01,1.190314e-01,1.200042e-01,1.204747e-01,1.211594e-01,1.218885e-01,1.226515e-01,1.231745e-01,1.239231e-01,1.246875e-01,1.252606e-01,1.263379e-01,1.268938e-01,1.277241e-01,1.286062e-01,1.294149e-01,1.300619e-01,1.309073e-01,1.319010e-01,1.328080e-01,1.334607e-01,1.343656e-01,1.353463e-01,1.359688e-01,1.370061e-01,1.377627e-01,1.388581e-01,1.395483e-01,1.402939e-01,1.413651e-01,1.420893e-01,1.428213e-01,1.439966e-01,1.447494e-01,1.455547e-01,1.463619e-01,1.471408e-01,1.483004e-01,1.488098e-01,1.500525e-01,1.509609e-01,1.513928e-01,1.522206e-01,1.535737e-01,1.541011e-01,1.550111e-01,1.559202e-01,1.568530e-01,1.578056e-01,1.583313e-01,1.592943e-01,1.602440e-01,1.607439e-01,1.617666e-01,1.623609e-01,1.633036e-01,1.643801e-01,1.649478e-01,1.661042e-01,1.666701e-01,1.676027e-01,1.681781e-01,1.693184e-01,1.698745e-01,1.704429e-01,1.715290e-01,1.721403e-01,1.727014e-01,1.737302e-01,1.743352e-01,1.749108e-01,1.754677e-01,1.766321e-01,1.772004e-01,1.777725e-01,1.784073e-01,1.789875e-01,1.795716e-01,1.802893e-01,1.808945e-01,1.812472e-01,1.817791e-01,1.822524e-01,1.827064e-01,1.832207e-01,1.837611e-01,1.842121e-01,1.848424e-01,1.853078e-01,1.859011e-01,1.863212e-01,1.868554e-01,1.874072e-01,1.879714e-01,1.884761e-01,1.891134e-01,1.897115e-01,1.900836e-01,1.907954e-01,1.910931e-01,1.916823e-01,1.922054e-01,1.926410e-01,1.932286e-01,1.937207e-01,1.943662e-01,1.946956e-01,1.952803e-01,1.957769e-01,1.961781e-01,1.964696e-01,1.969473e-01,1.973099e-01,1.979704e-01,1.984654e-01,1.990788e-01,1.997613e-01,2.003065e-01,2.006006e-01,2.011656e-01,2.015495e-01,2.020322e-01,2.025277e-01,2.030158e-01,2.034321e-01,2.040392e-01,2.044603e-01,2.049672e-01,2.054017e-01,2.058705e-01,2.061739e-01,2.066789e-01,2.068764e-01,2.073345e-01,2.076921e-01,2.082304e-01,2.086007e-01,2.090561e-01,2.093515e-01,2.097254e-01,2.100126e-01,2.104670e-01,2.106775e-01,2.110389e-01,2.115142e-01,2.118853e-01,2.123472e-01,2.126409e-01,2.128311e-01,2.132162e-01,2.134316e-01,2.137207e-01,2.139369e-01,2.142272e-01,2.142646e-01,2.146819e-01,2.150086e-01,2.153908e-01,2.155203e-01,2.158218e-01,2.160515e-01,2.163544e-01,2.162565e-01,2.166324e-01,2.168357e-01,2.170950e-01,2.171804e-01,2.174404e-01,2.175438e-01,2.176853e-01,2.176038e-01,2.179663e-01,2.178668e-01,2.177776e-01,2.177697e-01,2.178835e-01,2.175162e-01,2.175285e-01,2.173821e-01,2.174225e-01,2.169569e-01,2.167864e-01,2.166239e-01,2.164366e-01,2.161927e-01,2.159246e-01,2.156371e-01,2.154522e-01,2.149970e-01,2.148136e-01,2.143616e-01,2.141268e-01,2.141642e-01,2.152993e-01,2.148457e-01,2.147078e-01,2.144097e-01,2.140954e-01,2.136756e-01,2.134605e-01,2.131401e-01,2.128140e-01,2.124008e-01,2.120945e-01,2.114853e-01,2.111559e-01,2.108274e-01,2.103035e-01,2.098854e-01,2.094431e-01,2.088409e-01,2.084890e-01,2.079679e-01,2.076247e-01,2.072729e-01,2.069067e-01,2.063147e-01,2.059679e-01,2.054761e-01,2.050540e-01,2.046240e-01,2.040519e-01,2.035648e-01,2.031568e-01,2.026087e-01,2.021998e-01,2.018980e-01,2.014973e-01,2.011231e-01,2.007258e-01,2.001775e-01,1.999610e-01,1.995980e-01,1.991391e-01,1.986825e-01,1.983623e-01,1.979096e-01,1.976890e-01,1.973208e-01,1.971114e-01,1.966933e-01,1.963954e-01,1.960057e-01,1.957589e-01,1.955032e-01,1.952622e-01,1.950219e-01,1.948474e-01,1.945533e-01,1.945480e-01,1.944806e-01,1.943747e-01,1.942156e-01,1.943310e-01,1.943270e-01,1.943642e-01,1.942215e-01,1.942723e-01,1.944661e-01,1.944016e-01,1.943879e-01,1.942822e-01,1.942041e-01,1.941509e-01,1.940690e-01,1.939886e-01,1.937937e-01,1.935329e-01,1.933121e-01,1.931961e-01,1.928495e-01,1.926306e-01,1.924258e-01,1.920825e-01,1.916536e-01,1.913646e-01,1.911876e-01,1.909133e-01,1.905650e-01,1.902181e-01,1.899338e-01,1.897615e-01,1.894308e-01,1.892965e-01,1.891254e-01,1.890523e-01,1.887719e-01,1.886387e-01,1.885661e-01,1.885667e-01,1.884941e-01,1.884585e-01,1.884591e-01,1.886775e-01,1.889327e-01,1.888235e-01,1.888958e-01,1.889810e-01,1.889929e-01,1.892971e-01,1.894434e-01,1.894423e-01,1.895149e-01,1.894912e-01,1.895639e-01,1.894154e-01,1.893279e-01,1.891066e-01,1.889463e-01,1.888722e-01,1.890048e-01,1.890643e-01,1.890409e-01,1.892212e-01,1.891817e-01,1.893017e-01,1.893613e-01,1.894927e-01,1.895169e-01,1.896979e-01,1.899896e-01,1.900974e-01,1.901924e-01,1.905002e-01,1.905711e-01,1.907778e-01,1.908863e-01,1.911068e-01,1.911815e-01,1.912416e-01,1.911765e-01,1.911993e-01,1.911977e-01,1.912092e-01,1.911232e-01,1.911832e-01,1.912564e-01,1.914533e-01,1.913149e-01,1.913785e-01,1.913900e-01,1.913884e-01,1.915988e-01,1.915221e-01,1.915204e-01,1.916053e-01,1.915433e-01,1.916920e-01,1.917149e-01,1.917003e-01,1.914490e-01,1.915095e-01,1.915116e-01,1.914221e-01,1.911367e-01,1.910984e-01,1.909986e-01,1.908279e-01,1.908159e-01,1.908040e-01,1.905459e-01,1.904024e-01,1.902819e-01,1.897942e-01,1.893953e-01,1.887724e-01,1.880943e-01,1.877515e-01,1.873293e-01,1.868479e-01,1.857666e-01,1.846295e-01,1.841304e-01,1.831269e-01,1.815164e-01,1.804013e-01,1.794168e-01,1.779147e-01,1.763663e-01,1.748546e-01,1.732869e-01,1.717979e-01,1.693293e-01,1.678608e-01,1.645310e-01,1.621378e-01,1.595766e-01,1.574850e-01,1.546036e-01,1.523809e-01,1.494626e-01,1.469573e-01,1.429621e-01,1.397500e-01,1.367035e-01,1.331953e-01,1.300997e-01,1.263665e-01,1.229914e-01,1.177995e-01,1.140411e-01,1.103589e-01,1.069188e-01,1.029133e-01,9.961865e-02,9.464139e-02,9.116177e-02,8.793277e-02,8.483490e-02,8.165177e-02,7.790773e-02,7.506161e-02,7.259482e-02,7.026161e-02,6.798281e-02,6.534986e-02,6.346040e-02,6.180656e-02,6.031768e-02,5.903075e-02,5.722681e-02,5.615614e-02,5.517080e-02,5.415795e-02,5.315819e-02,5.221113e-02,5.157608e-02,5.097371e-02,5.039337e-02,4.983164e-02,4.930182e-02,4.901173e-02,4.852335e-02,4.826284e-02,4.780773e-02,4.758666e-02,4.735814e-02,4.714845e-02,4.695343e-02,4.676429e-02,4.657952e-02,4.657505e-02,4.638678e-02,4.638128e-02,4.621434e-02,4.620409e-02,4.620299e-02,4.621229e-02,4.603988e-02,4.604008e-02,4.602996e-02,4.603219e-02,4.619729e-02,4.619524e-02,4.619025e-02,4.617194e-02,4.633754e-02,4.632831e-02,4.650304e-02,4.650219e-02,4.667436e-02,4.686224e-02,4.687290e-02,4.707409e-02,4.727772e-02,4.748467e-02,4.770978e-02,4.773710e-02,4.797219e-02,4.820960e-02,4.844979e-02,4.869004e-02,4.893536e-02,4.918296e-02,4.944480e-02,4.969818e-02,4.995586e-02,5.021842e-02,5.048498e-02,5.074656e-02,5.102282e-02,5.130349e-02,5.158290e-02,5.187061e-02,5.242516e-02,5.245741e-02,5.303965e-02,5.335692e-02,5.339667e-02,5.391973e-02,5.424225e-02,5.463996e-02,5.493152e-02,5.540562e-02,5.569732e-02,5.596406e-02,5.644353e-02,5.679213e-02,5.721642e-02,5.754060e-02,5.804603e-02,5.834118e-02,5.882921e-02,5.918947e-02,5.950025e-02,6.000644e-02,6.037132e-02,6.086644e-02,6.118682e-02,6.168499e-02,6.200619e-02,6.248268e-02,6.286393e-02,6.328257e-02,6.362291e-02,6.411734e-02,6.447047e-02,6.492642e-02,6.526846e-02,6.575356e-02,6.608437e-02,6.658266e-02,6.695393e-02,6.724109e-02,6.776397e-02,6.829759e-02,6.865270e-02,6.912650e-02,6.949259e-02,6.997511e-02,7.028035e-02,7.079269e-02,7.109072e-02,7.153251e-02,7.183494e-02,7.235632e-02,7.265922e-02,7.309022e-02,7.337477e-02,7.385209e-02,7.405870e-02,7.440951e-02,7.470714e-02,7.508393e-02,7.554288e-02,7.567914e-02,7.606822e-02,7.630292e-02,7.668283e-02,7.674327e-02,7.714589e-02,7.745354e-02,7.769866e-02,7.792783e-02,7.807437e-02,7.849417e-02,7.855770e-02,7.887901e-02,7.911649e-02,7.926825e-02,7.950847e-02,7.957375e-02,7.992389e-02,8.025860e-02,8.031294e-02,8.056067e-02,8.062779e-02,8.078626e-02,8.103735e-02,8.110529e-02,8.135865e-02,8.154022e-02,8.171513e-02,8.189080e-02,8.197535e-02,8.216452e-02,8.255385e-02,8.254075e-02,8.294640e-02,8.293298e-02,8.331754e-02,8.361989e-02,8.371329e-02,8.400617e-02,8.428882e-02,8.447237e-02,8.477098e-02,8.506008e-02,8.524784e-02,8.542389e-02,8.584617e-02,8.593241e-02,8.626687e-02,8.658145e-02,8.682941e-02,8.703957e-02,8.751979e-02,8.763587e-02,8.799829e-02,8.824062e-02,8.849521e-02,8.886860e-02,8.910261e-02,8.922266e-02,8.958596e-02,8.981075e-02,9.006527e-02,9.017466e-02,9.054672e-02,9.077685e-02,9.102061e-02,9.113247e-02,9.151716e-02,9.163031e-02,9.189271e-02,9.213045e-02,9.239601e-02,9.251518e-02,9.279660e-02,9.303940e-02,9.331066e-02,9.341495e-02,9.368865e-02,9.392693e-02,9.407396e-02,9.446923e-02,9.457653e-02,9.484424e-02,9.498075e-02,9.525515e-02,9.535085e-02,9.562378e-02,9.589853e-02,9.587373e-02,9.615425e-02,9.643256e-02,9.657448e-02,9.668745e-02,9.683025e-02,9.711313e-02,9.726157e-02,9.754737e-02,9.783513e-02,9.812485e-02,9.809868e-02,9.839020e-02,9.855719e-02,9.885180e-02,9.900204e-02,9.915280e-02,9.927717e-02,9.941477e-02,9.956701e-02,9.986866e-02,1.000083e-01,1.001529e-01,1.001112e-01,1.004169e-01,1.005442e-01,1.006909e-01,1.006488e-01,1.007913e-01,1.009201e-01,1.008680e-01,1.010115e-01,1.011411e-01,1.012713e-01,1.014019e-01,1.015331e-01,1.014804e-01,1.014419e-01,1.015734e-01,1.017054e-01,1.018379e-01,1.019756e-01,1.020947e-01,1.022288e-01,1.021900e-01,1.023101e-01,1.024306e-01,1.025418e-01,1.024884e-01,1.025953e-01,1.026882e-01,1.026248e-01,1.027035e-01,1.027826e-01,1.026998e-01,1.029766e-01,1.028837e-01,1.029640e-01,1.028664e-01,1.031462e-01,1.030677e-01,1.031492e-01,1.032664e-01,1.033489e-01,1.032801e-01,1.035702e-01,1.034865e-01,1.036060e-01,1.036904e-01,1.039705e-01,1.040777e-01,1.041492e-01,1.042575e-01,1.041582e-01,1.044246e-01,1.043299e-01,1.046135e-01,1.047249e-01,1.046250e-01,1.049273e-01,1.048422e-01,1.049903e-01,1.051193e-01,1.050640e-01,1.052238e-01,1.053844e-01,1.053339e-01,1.055255e-01,1.054852e-01,1.058579e-01,1.058376e-01,1.060470e-01,1.062573e-01,1.062624e-01,1.064890e-01,1.064991e-01,1.067420e-01,1.067624e-01,1.070065e-01,1.070320e-01,1.072772e-01,1.073130e-01,1.075748e-01,1.076158e-01,1.076517e-01,1.079149e-01,1.077632e-01,1.078042e-01,1.078555e-01,1.081192e-01,1.081552e-01,1.081964e-01,1.082478e-01,1.082838e-01,1.080916e-01,1.079452e-01,1.079812e-01,1.077906e-01,1.075856e-01,1.072124e-01,1.072532e-01,1.070508e-01,1.066285e-01,1.062636e-01,1.060657e-01,1.056575e-01,1.052854e-01,1.048642e-01,1.046725e-01,1.040844e-01,1.036739e-01,1.031029e-01,1.027009e-01,1.019375e-01,1.015455e-01,1.007863e-01,1.004040e-01,9.986770e-02,9.931924e-02,9.880031e-02,9.811415e-02,9.776859e-02,9.709889e-02,9.661587e-02,9.610788e-02,9.563633e-02,9.500005e-02,9.468392e-02,9.406237e-02,9.374966e-02,9.330493e-02,9.269067e-02,9.224391e-02,9.180205e-02,9.136500e-02,9.106328e-02,9.062069e-02,9.019630e-02,8.962762e-02,8.921384e-02,8.907072e-02,8.866284e-02,8.840289e-02,8.788477e-02,8.764678e-02,8.725391e-02,8.711800e-02,8.686849e-02,8.660749e-02,8.636130e-02,8.596850e-02,8.572646e-02,8.547298e-02,8.508911e-02,8.470908e-02,8.435545e-02,8.411390e-02,8.362598e-02,8.326025e-02,8.302245e-02,8.278611e-02,8.232758e-02,8.209560e-02,8.186503e-02,8.163588e-02,8.131005e-02,8.096650e-02,8.064664e-02,8.042495e-02,8.020460e-02,7.998556e-02,7.967426e-02,7.946112e-02,7.916681e-02,7.906515e-02,7.876185e-02,7.866126e-02,7.847059e-02,7.846764e-02,7.827789e-02,7.817851e-02,7.808602e-02,7.808290e-02,7.779391e-02,7.789833e-02,7.769888e-02,7.760725e-02,7.749708e-02,7.751244e-02,7.739012e-02,7.717813e-02,7.700043e-02,7.687940e-02,7.677700e-02,7.657041e-02,7.636483e-02,7.634880e-02,7.595424e-02,7.573948e-02,7.562151e-02,7.542041e-02,7.510556e-02,7.490697e-02,7.469198e-02,7.431925e-02,7.410744e-02,7.391370e-02,7.373286e-02,7.344322e-02,7.310869e-02,7.300929e-02,7.273730e-02,7.257411e-02,7.241171e-02,7.225011e-02,7.201202e-02,7.194315e-02,7.179565e-02,7.172721e-02,7.158075e-02,7.137707e-02,7.139271e-02,7.125173e-02,7.110761e-02,7.096422e-02,7.090915e-02,7.072183e-02,7.066723e-02,7.069969e-02,7.055836e-02,7.050407e-02,7.023716e-02,7.019516e-02,7.014158e-02,7.008810e-02,6.989484e-02,6.975752e-02,6.962088e-02,6.940465e-02,6.935253e-02,6.915089e-02,6.901712e-02,6.880525e-02,6.874267e-02,6.848040e-02,6.847321e-02,6.826502e-02,6.805660e-02,6.799537e-02,6.773952e-02,6.760072e-02,6.739859e-02,6.733692e-02,6.702170e-02,6.688624e-02,6.676466e-02,6.663035e-02,6.631036e-02,6.616684e-02,6.597453e-02,6.583103e-02,6.552145e-02,6.523938e-02,6.504062e-02,6.496234e-02,6.463832e-02,6.449098e-02,6.427463e-02,6.411763e-02,6.378000e-02,6.802168e-03,6.802168e-03,6.802168e-03,6.802168e-03,6.802168e-03,6.802168e-03,6.802168e-03,6.802168e-03,6.802168e-03,6.802168e-03,6.802168e-03,6.802168e-03,6.802168e-03,6.802168e-03,6.802168e-03,6.802168e-03,6.802168e-03,6.802168e-03,6.802168e-03,6.802168e-03,6.802168e-03,6.802168e-03,6.802168e-03,6.802168e-03,6.802168e-03,6.802168e-03,6.802168e-03,6.802168e-03,6.802168e-03,6.802168e-03,6.802168e-03,6.802168e-03,6.802168e-03,6.802168e-03,6.802168e-03,6.802168e-03,6.802168e-03,6.802168e-03,6.802168e-03,6.802168e-03,6.802168e-03,6.802168e-03,6.802168e-03,6.802168e-03,6.802168e-03,6.802168e-03,6.802168e-03,6.802168e-03,6.802168e-03,6.802168e-03,6.802168e-03,6.802168e-03,6.802168e-03,6.802168e-03,6.802168e-03,6.802168e-03,6.802168e-03,6.802168e-03,6.802168e-03,6.802168e-03,6.802168e-03,6.802168e-03,6.802168e-03,6.802168e-03,6.802168e-03,6.802168e-03,6.802168e-03,6.802168e-03,6.802168e-03,6.802168e-03,6.802168e-03,6.802168e-03,6.802168e-03,6.802168e-03,6.802168e-03,6.802168e-03,6.802168e-03,6.802168e-03,6.802168e-03,6.802168e-03,6.802168e-03,6.802168e-03,6.802168e-03,6.802168e-03,6.802168e-03,6.802168e-03,6.802168e-03,6.802168e-03,6.802168e-03,6.802168e-03,6.802168e-03,6.802168e-03,6.802168e-03,6.802168e-03,6.802168e-03,6.802168e-03,6.802168e-03,6.802168e-03,6.802168e-03,6.802168e-03,6.802168e-03,6.802168e-03,6.802168e-03,6.802168e-03,6.802168e-03,6.802168e-03,6.802168e-03,6.802168e-03,6.802168e-03,6.802168e-03,6.802168e-03,6.802168e-03,6.802168e-03,6.802168e-03,6.802168e-03,6.802168e-03,6.802168e-03,6.802168e-03,6.802168e-03,6.802168e-03,6.802168e-03,6.802168e-03,6.802168e-03,6.802168e-03,6.802168e-03,6.802168e-03,6.802168e-03,6.802168e-03,6.802168e-03,6.802168e-03,6.802168e-03,6.802168e-03,6.802168e-03,6.802168e-03,6.802168e-03,6.802168e-03,6.802168e-03,6.802168e-03,6.802168e-03,6.802168e-03,6.802168e-03,6.802168e-03,6.802168e-03,6.802168e-03,6.802168e-03,6.802168e-03,6.802168e-03,6.802168e-03,6.802168e-03,6.802168e-03,6.802168e-03,6.802168e-03,6.802168e-03,6.802168e-03,6.802168e-03,6.802168e-03,6.802168e-03,6.802168e-03,6.802168e-03,6.802168e-03,6.802168e-03
3.358995e-02,3.356577e-02,3.354022e-02,3.351455e-02,3.349011e-02,3.349134e-02,3.351076e-02,3.351534e-02,3.354045e-02,3.356213e-02,3.358812e-02,3.360505e-02,3.364764e-02,3.369125e-02,3.372980e-02,3.377535e-02,3.382075e-02,3.386483e-02,3.391386e-02,3.397666e-02,3.402110e-02,3.406191e-02,3.412223e-02,3.416692e-02,3.423658e-02,3.430207e-02,3.437146e-02,3.444180e-02,3.450983e-02,3.459897e-02,3.468663e-02,3.476741e-02,3.487457e-02,3.497928e-02,3.509085e-02,3.520271e-02,3.530864e-02,3.542189e-02,3.555425e-02,3.566254e-02,3.577840e-02,3.590229e-02,3.602502e-02,3.612996e-02,3.625514e-02,3.636904e-02,3.648338e-02,3.657329e-02,3.669730e-02,3.680832e-02,3.692205e-02,3.704795e-02,3.716050e-02,3.727485e-02,3.738994e-02,3.750599e-02,3.762787e-02,3.774846e-02,3.784632e-02,3.796857e-02,3.808385e-02,3.820027e-02,3.831624e-02,3.842480e-02,3.854349e-02,3.865804e-02,3.877389e-02,3.888832e-02,3.899393e-02,3.910114e-02,3.920424e-02,3.929431e-02,3.936383e-02,3.944898e-02,3.950496e-02,3.958294e-02,3.965932e-02,3.974239e-02,3.981907e-02,3.992125e-02,4.002845e-02,4.016435e-02,4.031496e-02,4.047393e-02,4.066388e-02,4.089438e-02,4.112118e-02,4.135879e-02,4.164388e-02,4.194547e-02,4.225053e-02,4.256726e-02,4.292868e-02,4.328778e-02,4.367027e-02,4.407184e-02,4.450336e-02,4.495796e-02,4.542020e-02,4.593547e-02,4.648011e-02,4.705664e-02,4.766749e-02,4.829529e-02,4.898641e-02,4.971541e-02,5.048771e-02,5.132991e-02,5.224503e-02,5.320985e-02,5.421207e-02,5.527410e-02,5.637442e-02,5.762241e-02,5.894972e-02,6.029111e-02,6.172921e-02,6.322824e-02,6.480596e-02,6.646499e-02,6.820544e-02,6.996149e-02,7.179380e-02,7.364090e-02,7.553377e-02,7.742010e-02,7.935999e-02,8.127564e-02,8.324510e-02,8.511319e-02,8.705671e-02,8.888913e-02,9.077878e-02,9.258537e-02,9.444622e-02,9.623249e-02,9.807256e-02,9.976642e-02,1.015477e-01,1.032132e-01,1.049392e-01,1.066058e-01,1.082031e-01,1.099079e-01,1.115948e-01,1.132932e-01,1.149650e-01,1.167113e-01,1.183654e-01,1.200451e-01,1.216470e-01,1.231541e-01,1.245139e-01,1.259841e-01,1.271751e-01,1.280007e-01,1.283259e-01,1.285278e-01,1.285787e-01,1.284385e-01,1.283207e-01,1.281885e-01,1.279886e-01,1.277173e-01,1.273707e-01,1.269740e-01,1.265041e-01,1.259481e-01,1.253490e-01,1.247013e-01,1.239860e-01,1.232405e-01,1.224791e-01,1.217617e-01,1.210356e-01,1.203086e-01,1.196405e-01,1.190250e-01,1.184541e-01,1.179215e-01,1.174209e-01,1.169748e-01,1.165513e-01,1.161635e-01,1.158185e-01,1.154895e-01,1.152000e-01,1.149229e-01,1.146792e-01,1.144409e-01,1.142721e-01,1.140999e-01,1.139818e-01,1.138606e-01,1.137854e-01,1.137379e-01,1.136755e-01,1.136427e-01,1.136133e-01,1.135722e-01,1.134862e-01,1.133797e-01,1.132361e-01,1.130417e-01,1.127696e-01,1.124800e-01,1.121094e-01,1.116564e-01,1.111717e-01,1.106132e-01,1.100579e-01,1.094509e-01,1.088544e-01,1.082141e-01,1.075560e-01,1.069344e-01,1.063190e-01,1.057153e-01,1.051734e-01,1.046834e-01,1.042721e-01,1.038936e-01,1.035983e-01,1.033476e-01,1.031604e-01,1.030183e-01,1.029188e-01,1.028860e-01,1.028663e-01,1.028711e-01,1.028456e-01,1.028077e-01,1.027025e-01,1.024860e-01,1.022150e-01,1.018180e-01,1.013190e-01,1.006620e-01,9.991185e-02,9.905013e-02,9.813096e-02,9.712943e-02,9.608818e-02,9.499724e-02,9.390323e-02,9.280633e-02,9.176214e-02,9.077371e-02,8.985209e-02,8.906619e-02,8.835158e-02,8.774784e-02,8.716825e-02,8.662280e-02,8.604870e-02,8.541557e-02,8.471299e-02,8.389127e-02,8.297708e-02,8.191297e-02,8.080139e-02,7.957342e-02,7.831662e-02,7.706363e-02,7.584464e-02,7.466130e-02,7.354329e-02,7.258238e-02,7.171366e-02,7.101535e-02,7.037767e-02,6.991076e-02,6.951485e-02,6.924510e-02,6.903922e-02,6.894932e-02,6.890896e-02,6.902875e-02,6.924025e-02,6.969966e-02,7.029561e-02,7.136835e-02,7.264970e-02,7.450347e-02,7.665850e-02,7.943926e-02,8.260515e-02,8.629751e-02,9.044664e-02,9.515043e-02,1.003461e-01,1.059882e-01,1.121103e-01,1.186875e-01,1.256192e-01,1.327784e-01,1.402158e-01,1.478263e-01,1.555565e-01,1.632251e-01,1.709282e-01,1.785500e-01,1.859667e-01,1.931969e-01,2.002312e-01,2.070288e-01,2.136136e-01,2.199800e-01,2.261595e-01,2.322613e-01,2.381664e-01,2.439077e-01,2.495286e-01,2.550239e-01,2.604242e-01,2.656889e-01,2.708972e-01,2.759485e-01,2.808767e-01,2.856621e-01,2.904926e-01,2.950262e-01,2.994441e-01,3.036883e-01,3.078345e-01,3.118416e-01,3.157124e-01,3.194370e-01,3.230177e-01,3.264508e-01,3.297337e-01,3.329021e-01,3.359093e-01,3.388273e-01,3.416114e-01,3.442147e-01,3.467001e-01,3.490440e-01,3.512509e-01,3.533634e-01,3.553443e-01,3.571557e-01,3.588487e-01,3.604049e-01,3.618917e-01,3.632541e-01,3.645531e-01,3.657341e-01,3.668032e-01,3.678316e-01,3.687982e-01,3.697200e-01,3.706458e-01,3.715911e-01,3.725154e-01,3.734601e-01,3.743761e-01,3.752874e-01,3.762170e-01,3.771140e-01,3.780246e-01,3.788796e-01,3.797462e-01,3.805995e-01,3.814138e-01,3.822383e-01,3.830424e-01,3.838273e-01,3.845684e-01,3.853127e-01,3.860319e-01,3.867241e-01,3.873923e-01,3.880800e-01,3.886911e-01,3.892707e-01,3.898140e-01,3.903255e-01,3.908007e-01,3.911883e-01,3.915878e-01,3.918621e-01,3.922165e-01,3.925199e-01,3.928235e-01,3.931322e-01,3.933896e-01,3.936989e-01,3.939782e-01,3.942832e-01,3.945950e-01,3.948767e-01,3.951874e-01,3.954695e-01,3.958054e-01,3.960865e-01,3.963694e-01,3.966816e-01,3.969650e-01,3.971983e-01,3.974871e-01,3.977192e-01,3.979499e-01,3.981873e-01,3.983956e-01,3.986268e-01,3.988582e-01,3.990931e-01,3.993281e-01,3.995323e-01,3.997644e-01,3.999705e-01,4.002257e-01,4.005074e-01,4.007630e-01,4.010188e-01,4.012731e-01,4.015260e-01,4.017806e-01,4.020880e-01,4.023430e-01,4.025917e-01,4.028914e-01,4.031188e-01,4.034221e-01,4.036648e-01,4.038762e-01,4.041258e-01,4.043722e-01,4.045478e-01,4.047134e-01,4.048807e-01,4.050121e-01,4.051184e-01,4.052414e-01,4.053930e-01,4.055095e-01,4.055832e-01,4.057115e-01,4.058599e-01,4.059850e-01,4.061135e-01,4.062916e-01,4.064168e-01,4.065967e-01,4.067768e-01,4.069499e-01,4.071318e-01,4.073634e-01,4.075388e-01,4.077741e-01,4.080061e-01,4.082095e-01,4.084417e-01,4.086487e-01,4.088795e-01,4.091070e-01,4.093107e-01,4.095452e-01,4.097459e-01,4.099790e-01,4.101849e-01,4.103632e-01,4.105694e-01,4.107239e-01,4.108681e-01,4.110450e-01,4.111980e-01,4.113011e-01,4.114593e-01,4.115865e-01,4.116757e-01,4.117755e-01,4.118787e-01,4.119216e-01,4.120198e-01,4.121160e-01,4.122108e-01,4.123124e-01,4.124107e-01,4.125486e-01,4.126713e-01,4.128232e-01,4.130166e-01,4.132171e-01,4.133936e-01,4.135995e-01,4.138503e-01,4.140443e-01,4.142730e-01,4.144775e-01,4.146698e-01,4.148954e-01,4.150742e-01,4.152770e-01,4.154525e-01,4.156471e-01,4.158207e-01,4.160258e-01,4.161945e-01,4.163181e-01,4.164380e-01,4.165529e-01,4.166713e-01,4.167947e-01,4.169218e-01,4.170421e-01,4.171519e-01,4.172650e-01,4.173888e-01,4.175126e-01,4.176277e-01,4.177793e-01,4.179416e-01,4.181144e-01,4.182836e-01,4.184408e-01,4.185736e-01,4.187202e-01,4.189369e-01,4.191013e-01,4.192358e-01,4.193915e-01,4.195192e-01,4.196627e-01,4.197992e-01,4.199287e-01,4.200617e-01,4.201738e-01,4.201726e-01,4.202532e-01,4.203275e-01,4.204257e-01,4.204825e-01,4.205457e-01,4.205704e-01,4.205434e-01,4.205367e-01,4.205237e-01,4.205841e-01,4.205566e-01,4.204427e-01,4.204187e-01,4.203885e-01,4.203793e-01,4.203348e-01,4.202909e-01,4.202818e-01,4.202868e-01,4.201914e-01,4.198355e-01,4.197234e-01,4.196425e-01,4.195309e-01,4.193993e-01,4.192882e-01,4.192289e-01,4.191668e-01,4.191593e-01,4.192328e-01,4.192054e-01,4.191295e-01,4.192402e-01,4.193873e-01,4.195638e-01,4.196766e-01,4.198011e-01,4.199311e-01,4.200926e-01,4.201848e-01,4.202942e-01,4.204008e-01,4.204407e-01,4.204979e-01,4.204856e-01,4.205399e-01,4.206115e-01,4.206534e-01,4.207250e-01,4.208832e-01,4.209920e-01,4.211504e-01,4.212916e-01,4.215225e-01,4.217334e-01,4.219617e-01,4.221902e-01,4.224360e-01,4.227345e-01,4.229661e-01,4.232622e-01,4.235259e-01,4.238397e-01,4.240720e-01,4.243161e-01,4.246158e-01,4.248777e-01,4.250898e-01,4.253547e-01,4.256171e-01,4.258267e-01,4.260365e-01,4.262668e-01,4.264594e-01,4.266695e-01,4.268798e-01,4.271077e-01,4.272800e-01,4.275112e-01,4.277926e-01,4.280183e-01,4.283001e-01,4.285261e-01,4.287906e-01,4.290525e-01,4.293883e-01,4.296505e-01,4.299160e-01,4.301786e-01,4.304768e-01,4.307576e-01,4.310385e-01,4.312662e-01,4.315475e-01,4.317755e-01,4.319858e-01,4.321962e-01,4.324071e-01,4.325820e-01,4.328258e-01,4.329830e-01,4.331016e-01,4.332202e-01,4.333418e-01,4.334964e-01,4.336511e-01,4.338058e-01,4.339426e-01,4.340975e-01,4.342344e-01,4.343714e-01,4.345056e-01,4.346965e-01,4.348156e-01,4.349857e-01,4.351407e-01,4.353110e-01,4.354994e-01,4.356727e-01,4.358937e-01,4.361182e-01,4.363248e-01,4.366033e-01,4.368097e-01,4.370882e-01,4.373302e-01,4.375905e-01,4.378866e-01,4.381287e-01,4.384245e-01,4.386811e-01,4.389409e-01,4.392366e-01,4.394781e-01,4.397552e-01,4.399963e-01,4.402193e-01,4.404601e-01,4.407009e-01,4.408651e-01,4.410331e-01,4.412005e-01,4.413132e-01,4.414804e-01,4.415928e-01,4.416471e-01,4.417222e-01,4.418158e-01,4.419271e-01,4.419839e-01,4.420950e-01,4.421657e-01,4.422395e-01,4.423133e-01,4.423866e-01,4.424782e-01,4.425512e-01,4.426390e-01,4.427114e-01,4.427837e-01,4.428374e-01,4.428908e-01,4.429591e-01,4.430487e-01,4.431198e-01,4.431722e-01,4.432062e-01,4.432398e-01,4.432516e-01,4.433215e-01,4.433911e-01,4.434606e-01,4.434934e-01,4.435263e-01,4.435926e-01,4.436622e-01,4.437135e-01,4.437465e-01,4.437612e-01,4.438093e-01,4.438790e-01,4.439304e-01,4.439453e-01,4.439237e-01,4.440118e-01,4.441332e-01,4.442212e-01,4.442362e-01,4.442512e-01,4.443393e-01,4.443727e-01,4.444395e-01,4.444729e-01,4.445064e-01,4.445765e-01,4.446648e-01,4.446802e-01,4.446017e-01,4.445083e-01,4.444696e-01,4.444311e-01,4.443201e-01,4.439920e-01,4.436652e-01,4.433389e-01,4.430495e-01,4.427762e-01,4.424883e-01,4.420576e-01,4.415044e-01,4.407043e-01,4.399259e-01,4.393794e-01,4.389049e-01,4.382922e-01,4.374367e-01,4.365531e-01,4.359496e-01,4.355371e-01,4.351773e-01,4.347499e-01,4.342387e-01,4.337802e-01,4.333747e-01,4.329190e-01,4.326863e-01,4.326226e-01,4.325590e-01,4.325486e-01,4.325383e-01,4.325280e-01,4.325710e-01,4.326141e-01,4.328250e-01,4.328682e-01,4.330780e-01,4.333423e-01,4.335535e-01,4.335968e-01,4.338082e-01,4.339664e-01,4.341247e-01,4.341150e-01,4.340522e-01,4.341574e-01,4.342626e-01,4.343146e-01,4.344199e-01,4.345251e-01,4.344093e-01,4.345145e-01,4.346198e-01,4.347240e-01,4.346615e-01,4.347668e-01,4.347044e-01,4.348098e-01,4.349684e-01,4.350205e-01,4.349583e-01,4.350637e-01,4.351159e-01,4.352213e-01,4.351059e-01,4.351581e-01,4.352103e-01,4.352626e-01,4.352616e-01,4.353138e-01,4.353660e-01,4.355859e-01,4.356382e-01,4.356904e-01,4.357427e-01,4.357950e-01,4.358472e-01,4.357974e-01,4.360174e-01,4.360697e-01,4.361220e-01,4.361743e-01,4.362923e-01,4.362912e-01,4.365115e-01,4.365638e-01,4.365138e-01,4.365128e-01,4.367865e-01,4.369046e-01,4.369559e-01,4.371275e-01,4.372334e-01,4.373393e-01,4.373962e-01,4.375557e-01,4.377810e-01,4.379406e-01,4.379976e-01,4.382108e-01,4.384363e-01,4.385470e-01,4.389291e-01,4.389862e-01,4.391998e-01,4.394248e-01,4.395848e-01,4.398110e-01,4.398682e-01,4.400283e-01,4.400319e-01,4.401383e-01,4.403109e-01,4.402607e-01,4.404826e-01,4.404324e-01,4.405513e-01,4.405503e-01,4.405001e-01,4.406190e-01,4.406718e-01,4.406216e-01,4.407395e-01,4.408462e-01,4.410190e-01,4.410226e-01,4.411293e-01,4.411331e-01,4.412398e-01,4.412436e-01,4.413012e-01,4.415771e-01,4.415809e-01,4.416386e-01,4.419147e-01,4.419185e-01,4.420254e-01,4.420293e-01,4.420332e-01,4.421402e-01,4.420893e-01,4.421963e-01,4.421464e-01,4.420845e-01,4.420348e-01,4.419192e-01,4.418696e-01,4.417542e-01,4.416510e-01,4.417040e-01,4.414866e-01,4.415396e-01,4.414248e-01,4.412080e-01,4.410928e-01,4.409785e-01,4.409298e-01,4.408157e-01,4.407018e-01,4.406533e-01,4.405396e-01,4.404261e-01,4.403127e-01,4.400983e-01,4.399854e-01,4.398725e-01,4.397598e-01,4.394819e-01,4.393696e-01,4.390925e-01,4.389807e-01,4.389693e-01,4.384930e-01,4.384818e-01,4.383066e-01,4.381317e-01,4.377934e-01,4.375198e-01,4.371831e-01,4.369108e-01,4.366390e-01,4.364665e-01,4.360339e-01,4.357640e-01,4.353336e-01,4.350022e-01,4.345741e-01,4.341472e-01,4.337215e-01,4.332971e-01,4.328742e-01,4.321982e-01,4.317167e-01,4.310457e-01,4.306289e-01,4.302134e-01,4.297382e-01,4.292646e-01,4.284500e-01,4.277330e-01,4.270193e-01,4.265541e-01,4.259978e-01,4.255028e-01,4.247478e-01,4.238061e-01,4.228699e-01,4.221200e-01,4.212514e-01,4.206243e-01,4.199997e-01,4.196639e-01,4.190944e-01,4.185273e-01,4.179060e-01,4.170559e-01,4.160676e-01,4.149993e-01,4.140246e-01,4.131659e-01,4.126770e-01,4.118264e-01,4.112882e-01,4.104801e-01,4.098136e-01,4.090133e-01,4.084363e-01,4.076432e-01,4.070715e-01,4.063149e-01,4.059732e-01,4.057631e-01,4.053905e-01,4.045645e-01,4.035587e-01,4.028194e-01,4.020350e-01,4.010449e-01,4.002185e-01,3.990904e-01,3.979124e-01,3.964910e-01,3.947578e-01,3.927915e-01,3.910455e-01,3.887859e-01,3.861991e-01,3.839579e-01,3.813095e-01,3.786838e-01,3.756323e-01,3.734278e-01,3.698686e-01,3.661543e-01,3.620321e-01,3.585534e-01,3.536901e-01,3.489060e-01,3.442614e-01,3.390542e-01,3.353398e-01,3.301648e-01,3.253113e-01,3.205391e-01,3.152784e-01,3.101347e-01,3.067135e-01,3.025984e-01,2.973359e-01,2.929005e-01,2.885499e-01,2.849935e-01,2.809190e-01,2.769214e-01,2.731498e-01,2.700015e-01,2.673350e-01,2.642579e-01,2.612656e-01,2.588332e-01,2.559723e-01,2.536121e-01,2.513052e-01,2.491073e-01,2.473602e-01,2.456762e-01,2.439559e-01,2.422851e-01,2.406757e-01,2.394426e-01,2.382713e-01,2.370767e-01,2.358721e-01,2.347369e-01,2.339650e-01,2.328612e-01,2.317679e-01,2.310250e-01,2.302895e-01,2.299169e-01,2.292433e-01,2.285457e-01,2.282026e-01,2.275653e-01,2.272231e-01,2.269217e-01,2.265876e-01,2.262703e-01,2.259738e-01,2.256642e-01,2.253518e-01,2.250298e-01,2.250191e-01,2.247034e-01,2.247305e-01,2.247577e-01,2.247894e-01,2.245084e-01,2.245170e-01,2.245674e-01,2.245947e-01,2.249675e-01,2.249992e-01,2.250755e-01,2.251186e-01,2.255040e-01,2.255470e-01,2.259524e-01,2.263401e-01,2.267716e-01,2.268784e-01,2.272541e-01,2.279617e-01,2.284099e-01,2.288246e-01,2.295467e-01,2.302691e-01,2.310209e-01,2.320829e-01,2.328478e-01,2.336028e-01,2.346761e-01,2.354032e-01,2.365165e-01,2.376056e-01,2.383587e-01,2.398250e-01,2.406165e-01,2.417509e-01,2.428715e-01,2.437041e-01,2.452561e-01,2.460436e-01,2.471928e-01,2.483838e-01,2.496070e-01,2.504513e-01,2.516741e-01,2.529165e-01,2.538118e-01,2.555159e-01,2.564070e-01,2.577254e-01,2.590918e-01,2.604288e-01,2.614076e-01,2.627655e-01,2.642446e-01,2.656655e-01,2.666681e-01,2.680794e-01,2.695782e-01,2.705517e-01,2.721068e-01,2.731919e-01,2.747848e-01,2.758280e-01,2.769178e-01,2.784908e-01,2.795743e-01,2.806677e-01,2.823616e-01,2.834811e-01,2.846442e-01,2.858122e-01,2.869642e-01,2.886821e-01,2.893638e-01,2.911574e-01,2.924251e-01,2.930563e-01,2.942717e-01,2.961749e-01,2.968610e-01,2.981512e-01,2.994238e-01,3.007407e-01,3.020777e-01,3.027959e-01,3.041477e-01,3.055188e-01,3.062476e-01,3.076798e-01,3.085045e-01,3.099107e-01,3.114195e-01,3.122557e-01,3.138306e-01,3.146473e-01,3.160720e-01,3.169006e-01,3.184831e-01,3.192788e-01,3.200852e-01,3.216186e-01,3.224359e-01,3.232197e-01,3.247020e-01,3.254972e-01,3.262979e-01,3.270627e-01,3.286323e-01,3.294101e-01,3.301922e-01,3.310196e-01,3.318107e-01,3.326063e-01,3.334961e-01,3.342701e-01,3.347914e-01,3.355172e-01,3.362040e-01,3.369194e-01,3.376223e-01,3.384007e-01,3.390221e-01,3.399321e-01,3.405658e-01,3.413299e-01,3.419600e-01,3.426857e-01,3.434506e-01,3.442252e-01,3.449178e-01,3.457452e-01,3.465725e-01,3.471351e-01,3.480603e-01,3.485744e-01,3.493318e-01,3.500449e-01,3.506295e-01,3.513184e-01,3.520317e-01,3.527791e-01,3.532695e-01,3.539326e-01,3.545372e-01,3.550513e-01,3.554279e-01,3.559951e-01,3.564658e-01,3.572293e-01,3.578093e-01,3.584499e-01,3.592291e-01,3.598240e-01,3.602062e-01,3.607678e-01,3.612100e-01,3.617170e-01,3.623072e-01,3.628937e-01,3.633097e-01,3.639262e-01,3.644215e-01,3.650207e-01,3.655244e-01,3.660306e-01,3.663029e-01,3.669028e-01,3.671548e-01,3.676257e-01,3.680322e-01,3.686044e-01,3.690183e-01,3.694886e-01,3.698045e-01,3.702210e-01,3.705328e-01,3.710514e-01,3.712638e-01,3.717228e-01,3.722049e-01,3.726213e-01,3.731456e-01,3.734620e-01,3.737618e-01,3.741867e-01,3.744023e-01,3.747659e-01,3.749820e-01,3.753466e-01,3.753974e-01,3.758714e-01,3.761566e-01,3.765813e-01,3.767410e-01,3.770629e-01,3.772862e-01,3.776090e-01,3.775961e-01,3.779369e-01,3.781149e-01,3.784338e-01,3.785893e-01,3.789091e-01,3.790239e-01,3.793214e-01,3.792670e-01,3.796521e-01,3.796387e-01,3.797129e-01,3.797590e-01,3.799618e-01,3.797559e-01,3.798944e-01,3.797759e-01,3.799607e-01,3.796910e-01,3.796600e-01,3.795830e-01,3.795932e-01,3.794114e-01,3.793168e-01,3.791302e-01,3.791406e-01,3.788732e-01,3.788836e-01,3.786170e-01,3.785695e-01,3.786207e-01,3.794634e-01,3.791961e-01,3.792121e-01,3.791015e-01,3.789500e-01,3.787305e-01,3.786429e-01,3.784875e-01,3.783778e-01,3.781599e-01,3.780105e-01,3.775817e-01,3.774685e-01,3.772743e-01,3.769506e-01,3.766951e-01,3.764750e-01,3.759660e-01,3.758539e-01,3.754485e-01,3.752120e-01,3.749709e-01,3.747696e-01,3.743110e-01,3.740714e-01,3.736317e-01,3.733375e-01,3.730387e-01,3.725416e-01,3.721505e-01,3.718155e-01,3.712840e-01,3.709946e-01,3.706837e-01,3.703520e-01,3.699882e-01,3.696581e-01,3.691724e-01,3.689676e-01,3.685642e-01,3.681408e-01,3.677187e-01,3.674127e-01,3.669926e-01,3.667857e-01,3.664255e-01,3.662249e-01,3.657340e-01,3.654712e-01,3.650275e-01,3.647793e-01,3.645262e-01,3.642370e-01,3.639485e-01,3.637542e-01,3.633790e-01,3.633803e-01,3.631710e-01,3.629540e-01,3.627253e-01,3.627148e-01,3.625244e-01,3.624575e-01,3.620769e-01,3.619742e-01,3.620200e-01,3.616968e-01,3.615023e-01,3.612880e-01,3.610023e-01,3.607614e-01,3.605182e-01,3.603497e-01,3.599637e-01,3.596032e-01,3.592904e-01,3.589628e-01,3.584715e-01,3.581616e-01,3.578175e-01,3.573306e-01,3.567129e-01,3.562404e-01,3.559806e-01,3.554760e-01,3.549197e-01,3.543655e-01,3.539006e-01,3.535337e-01,3.529509e-01,3.525958e-01,3.522320e-01,3.519646e-01,3.515073e-01,3.511558e-01,3.508904e-01,3.506775e-01,3.504131e-01,3.501591e-01,3.499474e-01,3.500002e-01,3.500947e-01,3.497900e-01,3.497396e-01,3.496563e-01,3.495216e-01,3.497018e-01,3.497031e-01,3.496015e-01,3.495515e-01,3.494771e-01,3.494272e-01,3.492235e-01,3.491043e-01,3.488502e-01,3.486804e-01,3.485291e-01,3.485635e-01,3.485470e-01,3.484736e-01,3.486243e-01,3.486222e-01,3.486893e-01,3.486728e-01,3.488155e-01,3.488584e-01,3.490092e-01,3.492520e-01,3.493521e-01,3.494849e-01,3.497654e-01,3.498555e-01,3.500811e-01,3.501814e-01,3.503744e-01,3.504258e-01,3.504401e-01,3.503946e-01,3.503676e-01,3.502975e-01,3.501944e-01,3.500670e-01,3.500812e-01,3.500624e-01,3.502122e-01,3.500064e-01,3.499817e-01,3.498787e-01,3.498086e-01,3.499252e-01,3.498038e-01,3.497337e-01,3.497908e-01,3.497067e-01,3.497390e-01,3.497120e-01,3.496440e-01,3.493467e-01,3.493300e-01,3.491909e-01,3.490724e-01,3.485977e-01,3.484577e-01,3.482348e-01,3.479237e-01,3.477202e-01,3.475172e-01,3.470923e-01,3.467206e-01,3.463240e-01,3.456809e-01,3.450588e-01,3.441812e-01,3.431352e-01,3.425320e-01,3.418774e-01,3.411841e-01,3.396711e-01,3.381274e-01,3.374055e-01,3.359375e-01,3.336897e-01,3.321629e-01,3.307067e-01,3.285429e-01,3.263620e-01,3.242204e-01,3.220292e-01,3.199059e-01,3.164544e-01,3.143800e-01,3.097266e-01,3.064031e-01,3.027182e-01,2.996760e-01,2.955353e-01,2.921714e-01,2.878395e-01,2.838721e-01,2.778865e-01,2.730647e-01,2.684699e-01,2.631638e-01,2.584530e-01,2.527859e-01,2.476753e-01,2.397065e-01,2.339055e-01,2.281127e-01,2.226518e-01,2.161939e-01,2.108633e-01,2.026964e-01,1.969012e-01,1.914853e-01,1.862281e-01,1.808184e-01,1.743246e-01,1.693551e-01,1.650001e-01,1.608259e-01,1.567234e-01,1.519318e-01,1.484400e-01,1.453621e-01,1.425715e-01,1.401368e-01,1.366970e-01,1.346396e-01,1.327338e-01,1.307749e-01,1.288186e-01,1.269530e-01,1.257003e-01,1.245070e-01,1.233503e-01,1.222283e-01,1.211630e-01,1.205953e-01,1.196061e-01,1.190906e-01,1.181661e-01,1.177253e-01,1.172667e-01,1.168451e-01,1.164521e-01,1.160678e-01,1.156925e-01,1.156981e-01,1.153194e-01,1.153258e-01,1.149846e-01,1.149838e-01,1.149948e-01,1.150273e-01,1.146701e-01,1.146806e-01,1.146696e-01,1.146822e-01,1.150399e-01,1.150376e-01,1.150303e-01,1.149962e-01,1.153568e-01,1.153346e-01,1.157075e-01,1.157046e-01,1.160792e-01,1.164835e-01,1.165053e-01,1.169408e-01,1.173796e-01,1.178247e-01,1.183063e-01,1.183708e-01,1.188763e-01,1.193768e-01,1.198936e-01,1.204030e-01,1.209314e-01,1.214528e-01,1.220070e-01,1.225409e-01,1.230828e-01,1.236350e-01,1.241930e-01,1.247367e-01,1.253139e-01,1.258976e-01,1.264838e-01,1.270844e-01,1.282353e-01,1.283057e-01,1.295036e-01,1.301537e-01,1.302318e-01,1.313043e-01,1.319739e-01,1.327850e-01,1.333690e-01,1.343337e-01,1.349286e-01,1.354669e-01,1.364245e-01,1.371350e-01,1.379846e-01,1.386319e-01,1.396326e-01,1.402240e-01,1.412010e-01,1.419040e-01,1.425095e-01,1.435104e-01,1.442343e-01,1.451996e-01,1.458333e-01,1.468163e-01,1.474480e-01,1.483806e-01,1.491239e-01,1.499549e-01,1.506231e-01,1.515889e-01,1.522799e-01,1.531731e-01,1.538494e-01,1.547842e-01,1.554232e-01,1.563998e-01,1.571401e-01,1.577114e-01,1.587300e-01,1.597678e-01,1.604735e-01,1.614131e-01,1.621391e-01,1.630992e-01,1.637174e-01,1.647188e-01,1.653386e-01,1.662249e-01,1.668420e-01,1.678635e-01,1.684900e-01,1.693741e-01,1.699919e-01,1.709321e-01,1.714010e-01,1.722342e-01,1.728818e-01,1.736799e-01,1.746343e-01,1.750699e-01,1.758964e-01,1.764321e-01,1.773361e-01,1.776366e-01,1.784968e-01,1.792726e-01,1.798365e-01,1.804678e-01,1.809435e-01,1.818480e-01,1.821688e-01,1.829884e-01,1.836497e-01,1.841479e-01,1.848204e-01,1.851549e-01,1.859429e-01,1.868087e-01,1.871250e-01,1.878268e-01,1.881754e-01,1.887064e-01,1.894238e-01,1.897800e-01,1.905081e-01,1.909831e-01,1.915626e-01,1.921463e-01,1.925453e-01,1.931641e-01,1.940717e-01,1.942824e-01,1.952309e-01,1.954442e-01,1.963495e-01,1.970915e-01,1.974043e-01,1.981276e-01,1.988292e-01,1.993288e-01,1.999338e-01,2.006533e-01,2.011656e-01,2.016527e-01,2.025219e-01,2.028283e-01,2.035192e-01,2.043031e-01,2.048139e-01,2.053840e-01,2.063833e-01,2.067633e-01,2.075168e-01,2.081638e-01,2.086939e-01,2.094668e-01,2.100978e-01,2.104929e-01,2.112488e-01,2.118628e-01,2.123883e-01,2.127635e-01,2.135397e-01,2.141702e-01,2.146766e-01,2.150616e-01,2.158623e-01,2.162524e-01,2.168016e-01,2.174560e-01,2.180125e-01,2.184154e-01,2.190082e-01,2.196787e-01,2.202490e-01,2.206276e-01,2.212040e-01,2.218642e-01,2.221730e-01,2.230059e-01,2.233968e-01,2.239604e-01,2.242454e-01,2.248183e-01,2.251867e-01,2.257622e-01,2.263414e-01,2.264582e-01,2.270460e-01,2.276338e-01,2.279311e-01,2.283448e-01,2.286445e-01,2.292430e-01,2.295498e-01,2.301543e-01,2.307630e-01,2.313758e-01,2.314993e-01,2.321171e-01,2.324653e-01,2.330895e-01,2.334053e-01,2.337222e-01,2.341673e-01,2.344551e-01,2.347756e-01,2.354159e-01,2.357079e-01,2.360053e-01,2.361033e-01,2.367532e-01,2.370180e-01,2.373201e-01,2.374199e-01,2.377193e-01,2.379876e-01,2.380605e-01,2.383624e-01,2.386333e-01,2.389051e-01,2.391781e-01,2.394520e-01,2.395270e-01,2.394344e-01,2.397097e-01,2.399862e-01,2.402637e-01,2.405466e-01,2.407938e-01,2.410745e-01,2.409813e-01,2.412305e-01,2.414807e-01,2.417037e-01,2.415776e-01,2.417971e-01,2.419849e-01,2.418301e-01,2.419860e-01,2.421428e-01,2.419506e-01,2.423216e-01,2.421006e-01,2.422594e-01,2.420339e-01,2.424084e-01,2.422197e-01,2.423805e-01,2.424033e-01,2.425654e-01,2.424049e-01,2.427896e-01,2.425959e-01,2.426200e-01,2.427847e-01,2.431412e-01,2.431338e-01,2.432683e-01,2.432615e-01,2.430335e-01,2.433580e-01,2.431338e-01,2.434938e-01,2.434885e-01,2.432596e-01,2.436561e-01,2.434602e-01,2.435264e-01,2.435555e-01,2.434261e-01,2.435221e-01,2.436185e-01,2.434929e-01,2.436563e-01,2.435600e-01,2.440973e-01,2.440382e-01,2.442367e-01,2.444357e-01,2.444396e-01,2.446726e-01,2.446805e-01,2.449476e-01,2.449852e-01,2.452529e-01,2.452944e-01,2.455628e-01,2.456341e-01,2.459368e-01,2.460121e-01,2.460835e-01,2.463870e-01,2.460775e-01,2.461528e-01,2.462579e-01,2.465614e-01,2.466328e-01,2.467083e-01,2.468135e-01,2.468850e-01,2.467242e-01,2.464193e-01,2.464907e-01,2.463311e-01,2.461382e-01,2.456026e-01,2.456778e-01,2.454866e-01,2.450680e-01,2.445395e-01,2.443509e-01,2.439416e-01,2.433866e-01,2.429445e-01,2.427594e-01,2.419577e-01,2.415220e-01,2.407341e-01,2.403037e-01,2.393070e-01,2.388828e-01,2.378675e-01,2.374495e-01,2.366898e-01,2.361018e-01,2.353564e-01,2.344416e-01,2.340709e-01,2.331691e-01,2.324756e-01,2.319147e-01,2.312310e-01,2.303574e-01,2.300073e-01,2.291458e-01,2.287974e-01,2.281377e-01,2.272626e-01,2.265826e-01,2.259075e-01,2.252375e-01,2.248763e-01,2.241822e-01,2.235245e-01,2.226924e-01,2.220455e-01,2.218710e-01,2.212300e-01,2.207688e-01,2.198505e-01,2.194305e-01,2.188071e-01,2.186388e-01,2.181911e-01,2.177146e-01,2.172714e-01,2.166321e-01,2.161943e-01,2.157278e-01,2.150991e-01,2.144747e-01,2.137504e-01,2.132987e-01,2.123936e-01,2.117871e-01,2.113420e-01,2.108991e-01,2.100472e-01,2.096105e-01,2.091758e-01,2.087432e-01,2.080631e-01,2.074850e-01,2.068145e-01,2.063930e-01,2.059734e-01,2.055557e-01,2.048997e-01,2.044893e-01,2.038709e-01,2.036068e-01,2.029653e-01,2.027038e-01,2.022102e-01,2.020623e-01,2.015721e-01,2.013143e-01,2.009381e-01,2.007915e-01,2.000515e-01,2.000439e-01,1.995348e-01,1.991649e-01,1.988839e-01,1.986522e-01,1.983431e-01,1.978112e-01,1.972273e-01,1.969219e-01,1.965320e-01,1.960112e-01,1.954931e-01,1.953232e-01,1.944631e-01,1.939239e-01,1.936271e-01,1.931208e-01,1.924596e-01,1.919592e-01,1.915418e-01,1.906070e-01,1.901951e-01,1.897061e-01,1.892480e-01,1.886410e-01,1.877938e-01,1.875415e-01,1.869744e-01,1.865587e-01,1.861452e-01,1.857337e-01,1.851328e-01,1.848418e-01,1.844653e-01,1.841767e-01,1.838036e-01,1.831746e-01,1.831024e-01,1.826349e-01,1.822697e-01,1.819064e-01,1.816552e-01,1.810730e-01,1.808248e-01,1.806861e-01,1.803310e-01,1.800854e-01,1.793140e-01,1.790999e-01,1.788587e-01,1.786184e-01,1.780349e-01,1.776934e-01,1.773537e-01,1.768193e-01,1.765860e-01,1.759914e-01,1.756599e-01,1.751380e-01,1.748829e-01,1.741408e-01,1.740232e-01,1.735127e-01,1.730054e-01,1.727572e-01,1.720367e-01,1.716965e-01,1.712025e-01,1.709598e-01,1.701918e-01,1.698603e-01,1.694712e-01,1.691429e-01,1.683687e-01,1.680187e-01,1.675501e-01,1.672036e-01,1.664513e-01,1.658527e-01,1.653717e-01,1.650945e-01,1.643115e-01,1.639527e-01,1.634306e-01,1.630488e-01,1.622335e-01,1.600781e-02,1.600781e-02,1.600781e-02,1.600781e-02,1.600781e-02,1.600781e-02,1.600781e-02,1.600781e-02,1.600781e-02,1.600781e-02,1.600781e-02,1.600781e-02,1.600781e-02,1.600781e-02,1.600781e-02,1.600781e-02,1.600781e-02,1.600781e-02,1.600781e-02,1.600781e-02,1.600781e-02,1.600781e-02,1.600781e-02,1.600781e-02,1.600781e-02,1.600781e-02,1.600781e-02,1.600781e-02,1.600781e-02,1.600781e-02,1.600781e-02,1.600781e-02,1.600781e-02,1.600781e-02,1.600781e-02,1.600781e-02,1.600781e-02,1.600781e-02,1.600781e-02,1.600781e-02,1.600781e-02,1.600781e-02,1.600781e-02,1.600781e-02,1.600781e-02,1.600781e-02,1.600781e-02,1.600781e-02,1.600781e-02,1.600781e-02,1.600781e-02,1.600781e-02,1.600781e-02,1.600781e-02,1.600781e-02,1.600781e-02,1.600781e-02,1.600781e-02,1.600781e-02,1.600781e-02,1.600781e-02,1.600781e-02,1.600781e-02,1.600781e-02,1.600781e-02,1.600781e-02,1.600781e-02,1.600781e-02,1.600781e-02,1.600781e-02,1.600781e-02,1.600781e-02,1.600781e-02,1.600781e-02,1.600781e-02,1.600781e-02,1.600781e-02,1.600781e-02,1.600781e-02,1.600781e-02,1.600781e-02,1.600781e-02,1.600781e-02,1.600781e-02,1.600781e-02,1.600781e-02,1.600781e-02,1.600781e-02,1.600781e-02,1.600781e-02,1.600781e-02,1.600781e-02,1.600781e-02,1.600781e-02,1.600781e-02,1.600781e-02,1.600781e-02,1.600781e-02,1.600781e-02,1.600781e-02,1.600781e-02,1.600781e-02,1.600781e-02,1.600781e-02,1.600781e-02,1.600781e-02,1.600781e-02,1.600781e-02,1.600781e-02,1.600781e-02,1.600781e-02,1.600781e-02,1.600781e-02,1.600781e-02,1.600781e-02,1.600781e-02,1.600781e-02,1.600781e-02,1.600781e-02,1.600781e-02,1.600781e-02,1.600781e-02,1.600781e-02,1.600781e-02,1.600781e-02,1.600781e-02,1.600781e-02,1.600781e-02,1.600781e-02,1.600781e-02,1.600781e-02,1.600781e-02,1.600781e-02,1.600781e-02,1.600781e-02,1.600781e-02,1.600781e-02,1.600781e-02,1.600781e-02,1.600781e-02,1.600781e-02,1.600781e-02,1.600781e-02,1.600781e-02,1.600781e-02,1.600781e-02,1.600781e-02,1.600781e-02,1.600781e-02,1.600781e-02,1.600781e-02,1.600781e-02,1.600781e-02,1.600781e-02,1.600781e-02,1.600781e-02,1.600781e-02,1.600781e-02,1.600781e-02,1.600781e-02,1.600781e-02
3.398544e-02,3.396122e-02,3.393117e-02,3.390119e-02,3.387133e-02,3.385890e-02,3.385783e-02,3.384562e-02,3.385059e-02,3.384965e-02,3.385460e-02,3.385341e-02,3.387541e-02,3.389754e-02,3.391374e-02,3.393602e-02,3.395831e-02,3.398055e-02,3.400875e-02,3.404805e-02,3.407595e-02,3.410361e-02,3.414836e-02,3.418190e-02,3.423289e-02,3.427793e-02,3.432880e-02,3.438536e-02,3.443614e-02,3.450412e-02,3.457765e-02,3.464511e-02,3.473573e-02,3.482059e-02,3.491152e-02,3.500248e-02,3.508746e-02,3.517856e-02,3.528675e-02,3.537199e-02,3.546336e-02,3.555530e-02,3.564160e-02,3.571661e-02,3.580323e-02,3.587906e-02,3.595501e-02,3.600805e-02,3.608504e-02,3.614567e-02,3.620130e-02,3.626378e-02,3.631021e-02,3.635718e-02,3.640465e-02,3.645249e-02,3.650671e-02,3.655575e-02,3.658768e-02,3.664259e-02,3.669144e-02,3.674053e-02,3.679472e-02,3.684274e-02,3.689752e-02,3.694682e-02,3.700156e-02,3.705617e-02,3.710427e-02,3.715810e-02,3.721163e-02,3.725776e-02,3.729210e-02,3.734314e-02,3.737063e-02,3.742069e-02,3.747063e-02,3.752214e-02,3.756756e-02,3.763612e-02,3.770562e-02,3.778901e-02,3.788043e-02,3.797379e-02,3.808149e-02,3.821560e-02,3.833675e-02,3.845590e-02,3.860368e-02,3.875163e-02,3.889417e-02,3.903621e-02,3.920828e-02,3.936625e-02,3.953713e-02,3.971177e-02,3.990303e-02,4.010148e-02,4.029510e-02,4.052526e-02,4.076750e-02,4.102381e-02,4.129948e-02,4.157848e-02,4.190198e-02,4.224324e-02,4.261036e-02,4.301173e-02,4.344542e-02,4.392225e-02,4.442007e-02,4.496644e-02,4.553296e-02,4.617355e-02,4.686486e-02,4.757530e-02,4.835146e-02,4.915145e-02,4.999828e-02,5.088384e-02,5.181000e-02,5.275439e-02,5.372899e-02,5.471065e-02,5.570028e-02,5.667765e-02,5.764819e-02,5.861221e-02,5.958012e-02,6.047358e-02,6.138658e-02,6.225153e-02,6.314310e-02,6.394628e-02,6.475448e-02,6.551584e-02,6.627743e-02,6.695433e-02,6.766184e-02,6.830248e-02,6.898953e-02,6.958518e-02,7.014224e-02,7.076754e-02,7.135341e-02,7.196856e-02,7.254261e-02,7.318793e-02,7.374634e-02,7.432929e-02,7.490492e-02,7.540975e-02,7.586312e-02,7.633401e-02,7.670721e-02,7.695456e-02,7.704131e-02,7.711984e-02,7.710099e-02,7.700032e-02,7.690290e-02,7.681016e-02,7.665061e-02,7.647967e-02,7.626872e-02,7.601672e-02,7.573138e-02,7.535885e-02,7.499947e-02,7.460940e-02,7.418327e-02,7.374494e-02,7.330407e-02,7.289241e-02,7.248183e-02,7.206777e-02,7.169636e-02,7.135110e-02,7.103921e-02,7.074502e-02,7.047260e-02,7.022009e-02,6.998896e-02,6.977628e-02,6.960019e-02,6.941975e-02,6.926412e-02,6.912627e-02,6.900893e-02,6.888520e-02,6.880994e-02,6.873117e-02,6.868811e-02,6.861150e-02,6.858587e-02,6.857492e-02,6.855237e-02,6.855148e-02,6.855003e-02,6.854346e-02,6.849553e-02,6.845744e-02,6.840650e-02,6.833109e-02,6.819817e-02,6.808899e-02,6.792999e-02,6.771753e-02,6.750547e-02,6.725619e-02,6.701194e-02,6.672498e-02,6.646482e-02,6.618054e-02,6.587307e-02,6.559812e-02,6.531643e-02,6.505097e-02,6.482335e-02,6.460843e-02,6.444700e-02,6.428324e-02,6.417836e-02,6.408104e-02,6.403258e-02,6.398766e-02,6.396329e-02,6.398430e-02,6.400237e-02,6.404173e-02,6.405364e-02,6.407801e-02,6.405780e-02,6.397494e-02,6.389181e-02,6.373771e-02,6.355041e-02,6.327490e-02,6.296356e-02,6.261640e-02,6.224710e-02,6.184170e-02,6.143462e-02,6.100150e-02,6.057388e-02,6.015212e-02,5.977207e-02,5.940866e-02,5.907855e-02,5.881966e-02,5.858142e-02,5.839449e-02,5.820643e-02,5.804451e-02,5.786336e-02,5.766722e-02,5.744434e-02,5.719190e-02,5.690224e-02,5.656210e-02,5.622067e-02,5.585642e-02,5.548508e-02,5.514087e-02,5.482218e-02,5.452671e-02,5.426600e-02,5.405541e-02,5.388363e-02,5.377122e-02,5.367058e-02,5.362178e-02,5.358583e-02,5.358614e-02,5.360652e-02,5.364852e-02,5.370506e-02,5.379024e-02,5.390863e-02,5.407119e-02,5.426188e-02,5.456919e-02,5.493413e-02,5.547922e-02,5.613438e-02,5.702114e-02,5.810841e-02,5.946899e-02,6.110392e-02,6.308647e-02,6.542293e-02,6.811120e-02,7.119144e-02,7.467987e-02,7.850916e-02,8.261929e-02,8.704247e-02,9.175630e-02,9.664885e-02,1.016352e-01,1.067644e-01,1.120269e-01,1.171954e-01,1.223362e-01,1.274335e-01,1.324465e-01,1.373923e-01,1.422565e-01,1.470569e-01,1.520211e-01,1.567664e-01,1.614540e-01,1.661129e-01,1.707422e-01,1.753601e-01,1.799360e-01,1.845237e-01,1.890541e-01,1.935436e-01,1.979835e-01,2.028135e-01,2.071778e-01,2.115010e-01,2.156274e-01,2.198213e-01,2.239455e-01,2.279998e-01,2.320106e-01,2.359002e-01,2.396984e-01,2.434000e-01,2.470221e-01,2.505446e-01,2.540067e-01,2.573041e-01,2.605210e-01,2.636523e-01,2.666679e-01,2.695094e-01,2.723379e-01,2.750499e-01,2.774783e-01,2.798789e-01,2.820808e-01,2.842874e-01,2.863027e-01,2.883280e-01,2.901626e-01,2.919725e-01,2.936541e-01,2.953398e-01,2.968543e-01,2.983787e-01,3.000141e-01,3.015598e-01,3.032137e-01,3.047771e-01,3.063425e-01,3.080155e-01,3.095866e-01,3.112663e-01,3.127288e-01,3.142935e-01,3.158518e-01,3.172908e-01,3.188270e-01,3.203524e-01,3.218626e-01,3.232401e-01,3.247095e-01,3.261587e-01,3.275821e-01,3.289758e-01,3.303769e-01,3.317070e-01,3.330008e-01,3.342570e-01,3.354694e-01,3.366367e-01,3.377192e-01,3.387876e-01,3.395397e-01,3.404600e-01,3.413475e-01,3.422397e-01,3.431357e-01,3.440011e-01,3.449089e-01,3.456865e-01,3.466015e-01,3.475213e-01,3.483111e-01,3.492417e-01,3.500392e-01,3.508770e-01,3.516813e-01,3.524896e-01,3.534404e-01,3.542569e-01,3.550387e-01,3.558622e-01,3.566508e-01,3.574425e-01,3.582381e-01,3.588937e-01,3.596957e-01,3.605015e-01,3.613104e-01,3.621249e-01,3.627933e-01,3.636136e-01,3.642883e-01,3.650042e-01,3.658735e-01,3.665955e-01,3.673202e-01,3.680470e-01,3.687760e-01,3.695084e-01,3.702840e-01,3.710221e-01,3.717606e-01,3.725420e-01,3.731309e-01,3.739188e-01,3.746658e-01,3.752533e-01,3.760080e-01,3.767643e-01,3.774755e-01,3.780341e-01,3.785950e-01,3.792751e-01,3.797952e-01,3.803232e-01,3.810177e-01,3.815468e-01,3.820397e-01,3.825765e-01,3.832787e-01,3.838180e-01,3.843601e-01,3.849445e-01,3.854887e-01,3.860773e-01,3.866677e-01,3.872580e-01,3.878526e-01,3.884901e-01,3.890857e-01,3.897284e-01,3.903717e-01,3.908425e-01,3.914892e-01,3.919637e-01,3.926131e-01,3.932632e-01,3.937407e-01,3.943969e-01,3.948749e-01,3.955340e-01,3.960165e-01,3.966351e-01,3.971201e-01,3.975634e-01,3.980038e-01,3.986278e-01,3.990736e-01,3.994783e-01,3.999281e-01,4.005158e-01,4.009180e-01,4.013251e-01,4.017345e-01,4.020980e-01,4.025069e-01,4.029161e-01,4.033252e-01,4.037382e-01,4.041506e-01,4.046021e-01,4.048724e-01,4.053313e-01,4.058303e-01,4.063333e-01,4.066499e-01,4.071568e-01,4.077055e-01,4.082095e-01,4.085722e-01,4.090824e-01,4.095883e-01,4.099513e-01,4.102730e-01,4.107858e-01,4.111069e-01,4.116179e-01,4.119391e-01,4.124563e-01,4.127765e-01,4.130557e-01,4.133335e-01,4.136095e-01,4.138874e-01,4.141675e-01,4.144498e-01,4.147294e-01,4.150046e-01,4.152813e-01,4.155633e-01,4.158457e-01,4.161245e-01,4.164408e-01,4.167625e-01,4.170893e-01,4.174144e-01,4.177350e-01,4.180449e-01,4.183610e-01,4.187305e-01,4.190556e-01,4.193673e-01,4.197106e-01,4.200198e-01,4.203368e-01,4.206511e-01,4.209620e-01,4.212754e-01,4.215790e-01,4.218487e-01,4.221393e-01,4.223862e-01,4.226852e-01,4.229246e-01,4.231868e-01,4.234311e-01,4.236335e-01,4.238645e-01,4.240514e-01,4.242943e-01,4.245155e-01,4.246786e-01,4.249024e-01,4.250821e-01,4.252937e-01,4.255076e-01,4.257034e-01,4.259154e-01,4.261334e-01,4.263269e-01,4.263964e-01,4.265819e-01,4.267599e-01,4.269456e-01,4.271210e-01,4.273069e-01,4.275171e-01,4.277251e-01,4.279599e-01,4.282338e-01,4.284584e-01,4.286612e-01,4.289726e-01,4.292814e-01,4.296051e-01,4.298983e-01,4.301765e-01,4.304784e-01,4.307945e-01,4.310380e-01,4.313085e-01,4.315582e-01,4.317562e-01,4.319812e-01,4.321333e-01,4.323375e-01,4.325501e-01,4.327486e-01,4.329616e-01,4.332377e-01,4.334702e-01,4.337468e-01,4.340154e-01,4.343500e-01,4.346740e-01,4.350067e-01,4.353210e-01,4.356628e-01,4.360516e-01,4.363885e-01,4.367567e-01,4.371084e-01,4.374858e-01,4.378243e-01,4.381472e-01,4.385390e-01,4.388711e-01,4.391593e-01,4.395138e-01,4.398470e-01,4.401333e-01,4.404200e-01,4.407184e-01,4.409971e-01,4.412846e-01,4.415724e-01,4.418691e-01,4.420967e-01,4.423970e-01,4.427420e-01,4.430178e-01,4.433635e-01,4.436399e-01,4.439776e-01,4.442935e-01,4.446882e-01,4.450048e-01,4.453249e-01,4.456421e-01,4.459770e-01,4.463036e-01,4.466305e-01,4.469099e-01,4.472374e-01,4.475173e-01,4.477887e-01,4.480603e-01,4.483130e-01,4.485458e-01,4.488132e-01,4.490377e-01,4.492220e-01,4.494064e-01,4.496136e-01,4.498160e-01,4.500185e-01,4.502212e-01,4.504152e-01,4.506182e-01,4.508124e-01,4.510067e-01,4.511784e-01,4.514214e-01,4.516072e-01,4.518187e-01,4.520443e-01,4.522561e-01,4.524770e-01,4.527120e-01,4.529692e-01,4.532302e-01,4.534823e-01,4.537901e-01,4.540403e-01,4.543462e-01,4.546319e-01,4.549269e-01,4.552595e-01,4.555436e-01,4.558721e-01,4.561572e-01,4.564440e-01,4.567685e-01,4.570443e-01,4.573555e-01,4.576270e-01,4.578895e-01,4.581567e-01,4.584240e-01,4.586246e-01,4.588315e-01,4.590338e-01,4.591847e-01,4.593848e-01,4.595334e-01,4.596266e-01,4.597523e-01,4.598872e-01,4.600265e-01,4.601166e-01,4.602537e-01,4.603663e-01,4.604805e-01,4.605946e-01,4.607041e-01,4.608228e-01,4.609300e-01,4.610402e-01,4.611430e-01,4.612439e-01,4.613335e-01,4.614211e-01,4.615121e-01,4.616138e-01,4.617045e-01,4.617838e-01,4.618519e-01,4.619179e-01,4.619686e-01,4.620487e-01,4.621267e-01,4.622036e-01,4.622621e-01,4.623206e-01,4.623937e-01,4.624707e-01,4.625385e-01,4.625971e-01,4.626465e-01,4.627105e-01,4.627875e-01,4.628554e-01,4.629049e-01,4.629139e-01,4.630002e-01,4.631011e-01,4.631874e-01,4.632370e-01,4.632866e-01,4.633951e-01,4.634539e-01,4.635494e-01,4.636304e-01,4.637114e-01,4.638108e-01,4.639195e-01,4.639914e-01,4.640136e-01,4.640304e-01,4.640749e-01,4.641194e-01,4.641272e-01,4.640028e-01,4.639009e-01,4.637769e-01,4.636714e-01,4.635716e-01,4.634665e-01,4.632663e-01,4.630249e-01,4.626346e-01,4.622544e-01,4.619926e-01,4.617674e-01,4.614704e-01,4.610447e-01,4.606055e-01,4.603108e-01,4.601151e-01,4.599465e-01,4.597424e-01,4.594940e-01,4.592728e-01,4.590979e-01,4.588774e-01,4.587950e-01,4.588014e-01,4.588078e-01,4.588633e-01,4.589188e-01,4.589744e-01,4.590790e-01,4.591838e-01,4.593771e-01,4.594819e-01,4.596724e-01,4.599151e-01,4.601088e-01,4.602138e-01,4.604075e-01,4.605521e-01,4.606968e-01,4.607527e-01,4.607594e-01,4.608550e-01,4.609505e-01,4.609968e-01,4.610924e-01,4.611880e-01,4.611455e-01,4.612411e-01,4.613367e-01,4.614294e-01,4.614363e-01,4.615319e-01,4.615388e-01,4.616345e-01,4.617795e-01,4.618259e-01,4.618329e-01,4.619286e-01,4.619751e-01,4.620709e-01,4.620285e-01,4.620749e-01,4.621214e-01,4.621679e-01,4.621650e-01,4.622114e-01,4.622579e-01,4.623932e-01,4.624396e-01,4.624861e-01,4.625326e-01,4.625791e-01,4.626256e-01,4.624452e-01,4.625804e-01,4.626269e-01,4.626734e-01,4.627200e-01,4.626284e-01,4.626255e-01,4.627608e-01,4.628073e-01,4.626270e-01,4.626241e-01,4.628088e-01,4.627174e-01,4.627610e-01,4.627191e-01,4.628151e-01,4.629111e-01,4.628302e-01,4.629756e-01,4.629834e-01,4.631289e-01,4.630482e-01,4.632432e-01,4.632512e-01,4.632202e-01,4.635037e-01,4.634233e-01,4.636185e-01,4.636239e-01,4.637696e-01,4.637779e-01,4.636978e-01,4.638436e-01,4.637142e-01,4.638105e-01,4.637695e-01,4.635910e-01,4.637259e-01,4.635475e-01,4.634574e-01,4.634548e-01,4.632768e-01,4.631869e-01,4.632337e-01,4.630562e-01,4.629639e-01,4.630601e-01,4.630200e-01,4.628923e-01,4.629885e-01,4.628610e-01,4.629572e-01,4.628299e-01,4.627522e-01,4.629358e-01,4.628088e-01,4.627313e-01,4.629148e-01,4.627881e-01,4.628843e-01,4.627578e-01,4.626315e-01,4.627277e-01,4.625499e-01,4.626461e-01,4.624709e-01,4.624803e-01,4.623054e-01,4.622656e-01,4.620911e-01,4.620514e-01,4.618280e-01,4.618749e-01,4.616146e-01,4.616615e-01,4.616220e-01,4.613623e-01,4.613208e-01,4.612816e-01,4.611086e-01,4.610695e-01,4.610305e-01,4.608579e-01,4.608190e-01,4.607801e-01,4.607412e-01,4.604836e-01,4.604449e-01,4.604062e-01,4.603676e-01,4.602436e-01,4.602050e-01,4.600812e-01,4.600428e-01,4.602224e-01,4.596634e-01,4.598427e-01,4.599368e-01,4.600310e-01,4.600401e-01,4.599167e-01,4.599258e-01,4.598026e-01,4.596795e-01,4.597736e-01,4.595657e-01,4.594430e-01,4.592357e-01,4.592449e-01,4.590379e-01,4.588313e-01,4.586250e-01,4.584190e-01,4.582114e-01,4.577076e-01,4.576333e-01,4.571313e-01,4.569275e-01,4.567239e-01,4.566503e-01,4.565768e-01,4.559953e-01,4.556274e-01,4.552604e-01,4.551878e-01,4.549043e-01,4.544934e-01,4.540808e-01,4.534263e-01,4.527744e-01,4.525405e-01,4.517659e-01,4.512819e-01,4.507994e-01,4.506522e-01,4.502195e-01,4.497881e-01,4.494823e-01,4.488937e-01,4.482281e-01,4.473633e-01,4.467040e-01,4.458038e-01,4.452637e-01,4.443716e-01,4.439568e-01,4.432220e-01,4.425671e-01,4.418383e-01,4.413838e-01,4.406602e-01,4.402089e-01,4.398010e-01,4.401959e-01,4.408323e-01,4.410814e-01,4.403132e-01,4.395903e-01,4.391842e-01,4.387327e-01,4.380163e-01,4.376839e-01,4.371570e-01,4.361832e-01,4.349070e-01,4.333071e-01,4.315762e-01,4.299592e-01,4.281823e-01,4.262114e-01,4.245776e-01,4.229655e-01,4.217548e-01,4.205150e-01,4.200355e-01,4.182974e-01,4.161686e-01,4.133645e-01,4.108248e-01,4.072274e-01,4.034263e-01,4.000505e-01,3.962614e-01,3.934676e-01,3.897362e-01,3.864109e-01,3.829699e-01,3.792385e-01,3.753227e-01,3.729568e-01,3.698214e-01,3.657584e-01,3.622779e-01,3.586323e-01,3.557661e-01,3.522689e-01,3.487044e-01,3.454741e-01,3.427344e-01,3.402113e-01,3.372527e-01,3.343525e-01,3.320015e-01,3.290453e-01,3.265235e-01,3.240462e-01,3.217395e-01,3.198308e-01,3.179825e-01,3.158958e-01,3.139261e-01,3.120190e-01,3.103895e-01,3.089501e-01,3.073643e-01,3.057123e-01,3.041962e-01,3.030146e-01,3.015368e-01,3.000737e-01,2.989336e-01,2.978049e-01,2.970680e-01,2.960658e-01,2.950415e-01,2.943986e-01,2.934957e-01,2.928585e-01,2.923724e-01,2.917462e-01,2.911928e-01,2.907151e-01,2.901715e-01,2.896270e-01,2.891260e-01,2.889063e-01,2.884128e-01,2.883367e-01,2.882607e-01,2.881887e-01,2.878364e-01,2.876905e-01,2.876897e-01,2.876146e-01,2.879561e-01,2.878848e-01,2.879110e-01,2.878003e-01,2.881022e-01,2.879915e-01,2.883641e-01,2.886668e-01,2.891157e-01,2.891727e-01,2.894095e-01,2.899926e-01,2.904045e-01,2.907821e-01,2.913742e-01,2.919646e-01,2.926339e-01,2.935152e-01,2.941915e-01,2.949093e-01,2.957343e-01,2.963105e-01,2.972187e-01,2.980967e-01,2.986864e-01,2.998736e-01,3.005478e-01,3.014471e-01,3.023240e-01,3.030844e-01,3.043143e-01,3.048503e-01,3.056173e-01,3.064730e-01,3.074108e-01,3.080395e-01,3.089055e-01,3.097808e-01,3.105026e-01,3.117943e-01,3.124418e-01,3.134191e-01,3.144926e-01,3.153494e-01,3.161809e-01,3.171005e-01,3.183724e-01,3.193941e-01,3.201638e-01,3.211598e-01,3.222911e-01,3.229509e-01,3.241832e-01,3.251272e-01,3.264405e-01,3.272082e-01,3.280779e-01,3.292845e-01,3.300713e-01,3.308622e-01,3.322241e-01,3.330265e-01,3.339309e-01,3.348368e-01,3.356530e-01,3.368599e-01,3.374950e-01,3.388218e-01,3.398593e-01,3.403023e-01,3.411441e-01,3.426069e-01,3.432296e-01,3.441925e-01,3.451290e-01,3.461039e-01,3.470888e-01,3.476592e-01,3.486500e-01,3.495788e-01,3.500820e-01,3.511284e-01,3.517867e-01,3.526554e-01,3.537549e-01,3.543444e-01,3.555669e-01,3.561281e-01,3.569044e-01,3.574694e-01,3.585988e-01,3.591275e-01,3.596612e-01,3.606505e-01,3.612638e-01,3.617658e-01,3.626115e-01,3.631937e-01,3.637014e-01,3.641722e-01,3.652272e-01,3.657025e-01,3.661791e-01,3.667743e-01,3.672541e-01,3.677351e-01,3.684580e-01,3.690171e-01,3.692366e-01,3.696721e-01,3.699888e-01,3.702278e-01,3.706596e-01,3.710265e-01,3.714084e-01,3.718647e-01,3.722515e-01,3.728100e-01,3.731125e-01,3.735510e-01,3.740267e-01,3.745066e-01,3.749381e-01,3.755441e-01,3.760671e-01,3.763242e-01,3.769844e-01,3.771143e-01,3.776765e-01,3.781145e-01,3.784630e-01,3.790679e-01,3.793899e-01,3.800118e-01,3.801904e-01,3.807639e-01,3.812054e-01,3.814791e-01,3.816905e-01,3.820941e-01,3.823578e-01,3.829878e-01,3.833973e-01,3.840602e-01,3.846993e-01,3.852354e-01,3.854485e-01,3.860691e-01,3.864184e-01,3.869067e-01,3.873543e-01,3.878004e-01,3.882388e-01,3.889101e-01,3.893060e-01,3.897591e-01,3.901592e-01,3.906832e-01,3.910608e-01,3.915155e-01,3.916705e-01,3.921591e-01,3.925068e-01,3.930524e-01,3.934038e-01,3.938945e-01,3.941921e-01,3.945453e-01,3.948416e-01,3.952515e-01,3.954931e-01,3.957618e-01,3.962603e-01,3.966149e-01,3.970282e-01,3.973280e-01,3.973990e-01,3.977574e-01,3.980018e-01,3.982170e-01,3.984618e-01,3.986774e-01,3.987215e-01,3.991242e-01,3.995169e-01,3.998768e-01,3.999797e-01,4.002834e-01,4.005322e-01,4.008366e-01,4.006054e-01,4.010136e-01,4.012206e-01,4.013943e-01,4.013660e-01,4.015398e-01,4.016006e-01,4.015386e-01,4.013956e-01,4.017159e-01,4.014835e-01,4.012050e-01,4.011177e-01,4.011319e-01,4.005928e-01,4.004615e-01,4.003034e-01,4.002150e-01,3.995348e-01,3.992041e-01,3.989599e-01,3.985431e-01,3.982440e-01,3.977734e-01,3.973471e-01,3.969349e-01,3.962694e-01,3.958603e-01,3.951996e-01,3.947805e-01,3.948243e-01,3.963757e-01,3.957137e-01,3.954342e-01,3.950002e-01,3.945280e-01,3.939162e-01,3.935866e-01,3.931174e-01,3.925679e-01,3.919648e-01,3.915033e-01,3.906738e-01,3.901318e-01,3.896352e-01,3.888686e-01,3.882421e-01,3.875347e-01,3.867664e-01,3.861199e-01,3.854100e-01,3.848884e-01,3.843661e-01,3.837660e-01,3.829391e-01,3.824231e-01,3.818079e-01,3.811696e-01,3.805314e-01,3.797960e-01,3.791162e-01,3.785631e-01,3.779134e-01,3.772907e-01,3.769450e-01,3.763994e-01,3.759340e-01,3.753919e-01,3.746801e-01,3.743909e-01,3.740035e-01,3.734203e-01,3.728392e-01,3.723925e-01,3.718151e-01,3.715286e-01,3.710749e-01,3.707925e-01,3.703671e-01,3.699636e-01,3.695796e-01,3.692926e-01,3.690035e-01,3.687873e-01,3.685714e-01,3.684022e-01,3.681437e-01,3.681783e-01,3.682715e-01,3.682537e-01,3.681570e-01,3.684217e-01,3.685969e-01,3.687438e-01,3.688238e-01,3.690430e-01,3.694279e-01,3.696272e-01,3.698008e-01,3.697828e-01,3.699099e-01,3.700763e-01,3.701336e-01,3.701548e-01,3.701552e-01,3.700030e-01,3.698585e-01,3.699781e-01,3.697405e-01,3.695963e-01,3.695246e-01,3.692879e-01,3.689662e-01,3.688095e-01,3.686736e-01,3.685890e-01,3.683866e-01,3.681844e-01,3.680286e-01,3.679973e-01,3.678671e-01,3.679464e-01,3.679151e-01,3.680404e-01,3.678847e-01,3.679640e-01,3.680893e-01,3.683325e-01,3.684580e-01,3.686947e-01,3.689387e-01,3.694334e-01,3.699368e-01,3.700563e-01,3.703156e-01,3.706480e-01,3.708613e-01,3.714477e-01,3.718290e-01,3.719704e-01,3.722322e-01,3.722980e-01,3.725602e-01,3.724608e-01,3.724086e-01,3.721889e-01,3.720167e-01,3.720379e-01,3.723466e-01,3.725353e-01,3.726011e-01,3.728845e-01,3.728060e-01,3.730423e-01,3.732315e-01,3.734344e-01,3.734741e-01,3.737585e-01,3.741726e-01,3.743364e-01,3.744263e-01,3.748792e-01,3.749294e-01,3.751495e-01,3.753141e-01,3.756092e-01,3.757317e-01,3.758168e-01,3.756966e-01,3.757736e-01,3.758107e-01,3.759224e-01,3.758344e-01,3.759195e-01,3.760795e-01,3.763359e-01,3.762019e-01,3.763598e-01,3.764721e-01,3.765093e-01,3.768418e-01,3.767555e-01,3.767929e-01,3.769187e-01,3.768703e-01,3.771551e-01,3.772327e-01,3.773021e-01,3.770352e-01,3.772282e-01,3.774462e-01,3.773916e-01,3.773342e-01,3.774706e-01,3.775587e-01,3.775960e-01,3.778835e-01,3.781714e-01,3.781540e-01,3.783426e-01,3.786093e-01,3.782543e-01,3.780996e-01,3.776822e-01,3.773620e-01,3.772918e-01,3.770962e-01,3.767802e-01,3.759458e-01,3.749942e-01,3.746406e-01,3.738981e-01,3.725696e-01,3.715956e-01,3.708271e-01,3.696009e-01,3.682643e-01,3.669407e-01,3.654738e-01,3.641304e-01,3.618070e-01,3.603835e-01,3.571096e-01,3.546277e-01,3.521267e-01,3.500338e-01,3.470603e-01,3.449025e-01,3.419348e-01,3.397024e-01,3.354939e-01,3.319390e-01,3.285007e-01,3.244139e-01,3.206547e-01,3.159661e-01,3.114666e-01,3.044443e-01,2.990761e-01,2.937159e-01,2.885592e-01,2.824377e-01,2.771302e-01,2.689408e-01,2.629622e-01,2.571672e-01,2.514249e-01,2.452489e-01,2.378439e-01,2.318990e-01,2.265773e-01,2.214150e-01,2.161926e-01,2.099907e-01,2.053847e-01,2.012257e-01,1.973875e-01,1.939772e-01,1.891016e-01,1.861023e-01,1.832778e-01,1.802842e-01,1.772983e-01,1.744058e-01,1.724068e-01,1.704811e-01,1.686049e-01,1.667592e-01,1.649992e-01,1.639617e-01,1.623117e-01,1.613698e-01,1.597880e-01,1.589744e-01,1.581336e-01,1.573594e-01,1.566308e-01,1.559272e-01,1.552342e-01,1.551615e-01,1.544308e-01,1.543461e-01,1.537075e-01,1.535924e-01,1.535392e-01,1.535204e-01,1.528712e-01,1.528317e-01,1.527582e-01,1.527334e-01,1.532942e-01,1.532794e-01,1.532477e-01,1.531651e-01,1.537156e-01,1.536942e-01,1.542955e-01,1.542935e-01,1.548575e-01,1.554776e-01,1.555127e-01,1.561629e-01,1.568179e-01,1.574797e-01,1.582040e-01,1.582674e-01,1.590033e-01,1.597762e-01,1.605113e-01,1.612673e-01,1.620008e-01,1.627713e-01,1.635740e-01,1.643442e-01,1.651229e-01,1.659115e-01,1.667074e-01,1.674899e-01,1.683050e-01,1.691279e-01,1.699217e-01,1.707447e-01,1.723096e-01,1.723962e-01,1.740389e-01,1.749284e-01,1.750576e-01,1.764913e-01,1.773466e-01,1.784226e-01,1.792368e-01,1.804913e-01,1.812605e-01,1.819702e-01,1.832484e-01,1.841349e-01,1.852399e-01,1.860784e-01,1.873763e-01,1.881164e-01,1.893247e-01,1.902561e-01,1.910487e-01,1.922765e-01,1.931631e-01,1.943721e-01,1.951244e-01,1.962809e-01,1.970261e-01,1.981283e-01,1.990001e-01,1.999072e-01,2.006569e-01,2.017536e-01,2.025199e-01,2.034954e-01,2.041928e-01,2.052485e-01,2.059578e-01,2.069982e-01,2.077190e-01,2.082878e-01,2.093557e-01,2.104362e-01,2.111159e-01,2.120230e-01,2.127141e-01,2.136040e-01,2.141419e-01,2.151128e-01,2.155911e-01,2.163729e-01,2.168659e-01,2.178039e-01,2.182694e-01,2.189422e-01,2.193070e-01,2.201299e-01,2.203329e-01,2.206240e-01,2.209950e-01,2.215091e-01,2.221686e-01,2.220373e-01,2.225568e-01,2.227913e-01,2.230904e-01,2.228140e-01,2.233374e-01,2.234933e-01,2.237298e-01,2.237411e-01,2.236075e-01,2.241348e-01,2.238555e-01,2.240119e-01,2.240232e-01,2.238893e-01,2.239006e-01,2.236223e-01,2.240037e-01,2.241603e-01,2.238549e-01,2.238662e-01,2.235882e-01,2.234552e-01,2.234665e-01,2.231899e-01,2.232012e-01,2.232924e-01,2.231863e-01,2.230804e-01,2.228325e-01,2.227535e-01,2.231567e-01,2.227653e-01,2.231945e-01,2.228034e-01,2.231798e-01,2.234404e-01,2.233879e-01,2.236226e-01,2.238314e-01,2.238964e-01,2.243054e-01,2.245159e-01,2.245814e-01,2.246206e-01,2.252048e-01,2.251246e-01,2.255916e-01,2.258315e-01,2.261814e-01,2.262746e-01,2.269486e-01,2.269201e-01,2.274216e-01,2.275690e-01,2.279230e-01,2.284298e-01,2.285514e-01,2.285220e-01,2.290035e-01,2.290988e-01,2.294317e-01,2.293750e-01,2.298604e-01,2.299563e-01,2.302638e-01,2.302066e-01,2.306969e-01,2.306393e-01,2.309758e-01,2.310726e-01,2.314104e-01,2.313535e-01,2.317191e-01,2.318164e-01,2.321565e-01,2.320709e-01,2.324118e-01,2.324837e-01,2.326687e-01,2.331420e-01,2.330556e-01,2.333725e-01,2.335320e-01,2.338516e-01,2.337374e-01,2.340566e-01,2.343769e-01,2.341298e-01,2.344515e-01,2.347731e-01,2.349349e-01,2.348468e-01,2.350087e-01,2.353322e-01,2.354961e-01,2.358211e-01,2.361473e-01,2.364746e-01,2.362221e-01,2.365496e-01,2.367429e-01,2.370721e-01,2.372377e-01,2.374036e-01,2.373145e-01,2.374530e-01,2.376192e-01,2.379514e-01,2.380910e-01,2.382319e-01,2.379472e-01,2.382807e-01,2.383933e-01,2.385348e-01,2.382491e-01,2.383893e-01,2.385021e-01,2.381897e-01,2.383300e-01,2.384428e-01,2.385559e-01,2.386693e-01,2.387828e-01,2.384689e-01,2.383871e-01,2.385004e-01,2.386139e-01,2.387276e-01,2.388427e-01,2.389292e-01,2.390436e-01,2.389614e-01,2.390483e-01,2.391353e-01,2.391958e-01,2.390857e-01,2.391453e-01,2.391772e-01,2.390402e-01,2.390444e-01,2.390488e-01,2.388828e-01,2.393237e-01,2.391306e-01,2.391355e-01,2.389413e-01,2.393853e-01,2.392196e-01,2.392251e-01,2.394995e-01,2.395056e-01,2.393666e-01,2.398175e-01,2.396502e-01,2.399283e-01,2.399356e-01,2.403641e-01,2.406182e-01,2.405985e-01,2.408545e-01,2.406579e-01,2.410650e-01,2.408689e-01,2.413070e-01,2.415683e-01,2.413708e-01,2.418423e-01,2.416728e-01,2.419949e-01,2.422896e-01,2.421765e-01,2.425296e-01,2.428844e-01,2.427717e-01,2.431853e-01,2.431003e-01,2.437009e-01,2.436450e-01,2.440918e-01,2.445406e-01,2.445413e-01,2.450209e-01,2.450223e-01,2.455329e-01,2.455624e-01,2.460754e-01,2.461056e-01,2.466209e-01,2.466794e-01,2.472261e-01,2.472853e-01,2.473439e-01,2.478932e-01,2.477596e-01,2.478189e-01,2.479066e-01,2.484578e-01,2.485166e-01,2.485761e-01,2.486639e-01,2.487228e-01,2.482885e-01,2.481555e-01,2.482143e-01,2.477827e-01,2.473243e-01,2.467073e-01,2.467664e-01,2.463129e-01,2.453826e-01,2.447781e-01,2.443336e-01,2.434220e-01,2.428011e-01,2.418741e-01,2.414424e-01,2.403493e-01,2.394438e-01,2.383718e-01,2.374834e-01,2.359939e-01,2.351257e-01,2.336423e-01,2.327938e-01,2.317885e-01,2.305689e-01,2.295860e-01,2.282355e-01,2.274592e-01,2.261385e-01,2.252262e-01,2.240873e-01,2.231948e-01,2.219326e-01,2.212071e-01,2.199717e-01,2.192618e-01,2.184151e-01,2.171905e-01,2.163366e-01,2.154904e-01,2.146520e-01,2.139563e-01,2.131055e-01,2.122884e-01,2.111422e-01,2.103426e-01,2.100101e-01,2.092204e-01,2.087640e-01,2.078586e-01,2.074343e-01,2.066673e-01,2.063482e-01,2.059063e-01,2.054411e-01,2.050037e-01,2.042320e-01,2.038005e-01,2.033457e-01,2.025879e-01,2.018365e-01,2.012737e-01,2.008303e-01,1.999523e-01,1.992222e-01,1.987894e-01,1.983585e-01,1.975288e-01,1.971039e-01,1.966810e-01,1.962600e-01,1.957307e-01,1.950344e-01,1.945124e-01,1.941014e-01,1.936923e-01,1.932851e-01,1.927732e-01,1.923689e-01,1.918869e-01,1.917559e-01,1.912528e-01,1.911227e-01,1.908885e-01,1.910002e-01,1.907662e-01,1.906366e-01,1.906440e-01,1.907554e-01,1.903935e-01,1.907704e-01,1.905119e-01,1.905193e-01,1.903651e-01,1.906384e-01,1.904593e-01,1.901778e-01,1.900813e-01,1.899028e-01,1.898855e-01,1.896037e-01,1.893224e-01,1.894080e-01,1.887633e-01,1.884595e-01,1.882827e-01,1.880043e-01,1.874448e-01,1.871684e-01,1.867363e-01,1.862389e-01,1.858106e-01,1.855380e-01,1.852901e-01,1.847689e-01,1.843273e-01,1.841798e-01,1.836886e-01,1.834692e-01,1.832504e-01,1.830320e-01,1.827199e-01,1.827474e-01,1.825542e-01,1.825815e-01,1.823886e-01,1.822491e-01,1.823975e-01,1.823292e-01,1.821369e-01,1.819450e-01,1.819960e-01,1.818811e-01,1.819321e-01,1.822262e-01,1.820340e-01,1.820851e-01,1.818511e-01,1.819260e-01,1.819770e-01,1.820280e-01,1.818890e-01,1.816976e-01,1.815068e-01,1.811982e-01,1.812487e-01,1.810888e-01,1.808993e-01,1.805929e-01,1.806190e-01,1.803651e-01,1.804604e-01,1.801552e-01,1.798530e-01,1.798786e-01,1.796266e-01,1.794163e-01,1.791147e-01,1.791418e-01,1.786820e-01,1.784739e-01,1.784077e-01,1.782001e-01,1.777239e-01,1.774942e-01,1.771991e-01,1.769726e-01,1.765012e-01,1.759363e-01,1.756249e-01,1.756007e-01,1.750916e-01,1.748441e-01,1.744889e-01,1.742192e-01,1.736700e-01,1.453081e-02,1.453081e-02,1.453081e-02,1.453081e-02,1.453081e-02,1.453081e-02,1.453081e-02,1.453081e-02,1.453081e-02,1.453081e-02,1.453081e-02,1.453081e-02,1.453081e-02,1.453081e-02,1.453081e-02,1.453081e-02,1.453081e-02,1.453081e-02,1.453081e-02,1.453081e-02,1.453081e-02,1.453081e-02,1.453081e-02,1.453081e-02,1.453081e-02,1.453081e-02,1.453081e-02,1.453081e-02,1.453081e-02,1.453081e-02,1.453081e-02,1.453081e-02,1.453081e-02,1.453081e-02,1.453081e-02,1.453081e-02,1.453081e-02,1.453081e-02,1.453081e-02,1.453081e-02,1.453081e-02,1.453081e-02,1.453081e-02,1.453081e-02,1.453081e-02,1.453081e-02,1.453081e-02,1.453081e-02,1.453081e-02,1.453081e-02,1.453081e-02,1.453081e-02,1.453081e-02,1.453081e-02,1.453081e-02,1.453081e-02,1.453081e-02,1.453081e-02,1.453081e-02,1.453081e-02,1.453081e-02,1.453081e-02,1.453081e-02,1.453081e-02,1.453081e-02,1.453081e-02,1.453081e-02,1.453081e-02,1.453081e-02,1.453081e-02,1.453081e-02,1.453081e-02,1.453081e-02,1.453081e-02,1.453081e-02,1.453081e-02,1.453081e-02,1.453081e-02,1.453081e-02,1.453081e-02,1.453081e-02,1.453081e-02,1.453081e-02,1.453081e-02,1.453081e-02,1.453081e-02,1.453081e-02,1.453081e-02,1.453081e-02,1.453081e-02,1.453081e-02,1.453081e-02,1.453081e-02,1.453081e-02,1.453081e-02,1.453081e-02,1.453081e-02,1.453081e-02,1.453081e-02,1.453081e-02,1.453081e-02,1.453081e-02,1.453081e-02,1.453081e-02,1.453081e-02,1.453081e-02,1.453081e-02,1.453081e-02,1.453081e-02,1.453081e-02,1.453081e-02,1.453081e-02,1.453081e-02,1.453081e-02,1.453081e-02,1.453081e-02,1.453081e-02,1.453081e-02,1.453081e-02,1.453081e-02,1.453081e-02,1.453081e-02,1.453081e-02,1.453081e-02,1.453081e-02,1.453081e-02,1.453081e-02,1.453081e-02,1.453081e-02,1.453081e-02,1.453081e-02,1.453081e-02,1.453081e-02,1.453081e-02,1.453081e-02,1.453081e-02,1.453081e-02,1.453081e-02,1.453081e-02,1.453081e-02,1.453081e-02,1.453081e-02,1.453081e-02,1.453081e-02,1.453081e-02,1.453081e-02,1.453081e-02,1.453081e-02,1.453081e-02,1.453081e-02,1.453081e-02,1.453081e-02,1.453081e-02,1.453081e-02,1.453081e-02,1.453081e-02,1.453081e-02,1.453081e-02,1.453081e-02,1.453081e-02,1.453081e-02
3.081406e-02,3.078016e-02,3.073859e-02,3.069725e-02,3.065625e-02,3.061733e-02,3.057217e-02,3.053375e-02,3.049678e-02,3.045184e-02,3.041484e-02,3.036935e-02,3.033352e-02,3.029793e-02,3.025435e-02,3.021905e-02,3.018376e-02,3.014838e-02,3.012108e-02,3.008697e-02,3.005913e-02,3.003085e-02,3.000392e-02,2.998364e-02,2.996531e-02,2.993896e-02,2.992045e-02,2.990955e-02,2.989094e-02,2.987381e-02,2.986408e-02,2.984611e-02,2.983776e-02,2.982165e-02,2.981379e-02,2.980600e-02,2.979012e-02,2.978257e-02,2.977635e-02,2.976088e-02,2.975376e-02,2.974752e-02,2.973371e-02,2.972640e-02,2.971308e-02,2.970698e-02,2.970110e-02,2.968602e-02,2.968173e-02,2.967726e-02,2.966616e-02,2.966459e-02,2.966334e-02,2.966298e-02,2.966333e-02,2.966437e-02,2.967416e-02,2.967715e-02,2.967868e-02,2.968960e-02,2.969233e-02,2.969547e-02,2.970529e-02,2.970675e-02,2.971756e-02,2.972118e-02,2.973196e-02,2.974256e-02,2.974417e-02,2.975344e-02,2.976196e-02,2.976035e-02,2.976445e-02,2.976918e-02,2.976375e-02,2.976695e-02,2.976992e-02,2.977550e-02,2.977280e-02,2.977958e-02,2.978783e-02,2.979391e-02,2.981137e-02,2.983161e-02,2.985071e-02,2.988469e-02,2.992365e-02,2.996154e-02,3.001807e-02,3.007678e-02,3.015118e-02,3.022745e-02,3.032500e-02,3.042750e-02,3.055099e-02,3.068336e-02,3.084233e-02,3.101487e-02,3.120916e-02,3.143697e-02,3.168680e-02,3.196660e-02,3.227924e-02,3.262827e-02,3.302628e-02,3.346060e-02,3.394320e-02,3.449048e-02,3.510257e-02,3.576999e-02,3.650498e-02,3.730301e-02,3.817470e-02,3.916343e-02,4.025240e-02,4.138778e-02,4.262125e-02,4.394608e-02,4.536865e-02,4.688162e-02,4.848687e-02,5.013630e-02,5.186306e-02,5.361653e-02,5.543039e-02,5.723564e-02,5.907394e-02,6.087810e-02,6.270289e-02,6.445139e-02,6.621641e-02,6.787619e-02,6.955000e-02,7.112224e-02,7.270475e-02,7.418514e-02,7.566836e-02,7.700500e-02,7.836803e-02,7.961853e-02,8.087154e-02,8.204669e-02,8.314068e-02,8.431481e-02,8.543762e-02,8.658650e-02,8.768270e-02,8.881755e-02,8.987798e-02,9.090847e-02,9.188024e-02,9.273073e-02,9.345546e-02,9.418235e-02,9.467857e-02,9.487791e-02,9.470016e-02,9.440514e-02,9.394230e-02,9.333372e-02,9.269622e-02,9.202310e-02,9.125196e-02,9.041406e-02,8.949502e-02,8.849161e-02,8.742156e-02,8.625429e-02,8.504984e-02,8.379202e-02,8.250959e-02,8.121640e-02,7.993324e-02,7.868876e-02,7.749327e-02,7.634301e-02,7.525666e-02,7.423329e-02,7.328394e-02,7.238186e-02,7.153146e-02,7.072606e-02,6.996691e-02,6.925320e-02,6.858036e-02,6.793967e-02,6.735162e-02,6.679985e-02,6.629107e-02,6.580866e-02,6.538566e-02,6.499117e-02,6.463381e-02,6.429437e-02,6.400430e-02,6.374269e-02,6.349265e-02,6.324944e-02,6.300902e-02,6.276073e-02,6.248119e-02,6.217936e-02,6.185451e-02,6.149111e-02,6.106802e-02,6.061819e-02,6.011610e-02,5.955999e-02,5.897290e-02,5.835329e-02,5.771971e-02,5.707906e-02,5.642739e-02,5.576635e-02,5.510262e-02,5.446820e-02,5.385525e-02,5.327142e-02,5.272649e-02,5.223404e-02,5.180464e-02,5.140218e-02,5.106984e-02,5.077753e-02,5.053867e-02,5.033343e-02,5.016207e-02,5.003941e-02,4.993603e-02,4.984371e-02,4.973246e-02,4.961576e-02,4.945294e-02,4.921903e-02,4.893421e-02,4.856234e-02,4.811722e-02,4.756002e-02,4.694851e-02,4.626408e-02,4.554331e-02,4.477204e-02,4.398503e-02,4.318132e-02,4.239074e-02,4.161371e-02,4.088907e-02,4.020902e-02,3.958232e-02,3.905177e-02,3.856754e-02,3.816032e-02,3.777804e-02,3.742474e-02,3.705611e-02,3.666679e-02,3.624122e-02,3.576628e-02,3.524991e-02,3.468735e-02,3.410370e-02,3.349129e-02,3.289095e-02,3.231563e-02,3.177987e-02,3.127649e-02,3.082836e-02,3.045162e-02,3.012974e-02,2.986554e-02,2.964285e-02,2.946877e-02,2.933204e-02,2.922436e-02,2.914357e-02,2.908957e-02,2.905656e-02,2.906076e-02,2.908554e-02,2.919049e-02,2.933007e-02,2.962407e-02,2.999462e-02,3.058047e-02,3.134035e-02,3.241618e-02,3.376577e-02,3.550429e-02,3.763586e-02,4.027960e-02,4.343156e-02,4.713483e-02,5.141163e-02,5.631393e-02,6.179288e-02,6.774758e-02,7.423964e-02,8.118124e-02,8.854585e-02,9.618166e-02,1.041209e-01,1.122579e-01,1.205067e-01,1.288005e-01,1.371453e-01,1.454713e-01,1.538059e-01,1.621224e-01,1.704507e-01,1.788968e-01,1.873219e-01,1.957680e-01,2.042914e-01,2.128923e-01,2.216099e-01,2.303841e-01,2.392822e-01,2.482556e-01,2.572914e-01,2.664235e-01,2.758029e-01,2.850462e-01,2.943522e-01,3.036164e-01,3.129369e-01,3.222388e-01,3.315148e-01,3.407103e-01,3.498386e-01,3.588546e-01,3.677310e-01,3.764259e-01,3.850220e-01,3.934659e-01,4.015958e-01,4.094710e-01,4.171507e-01,4.245234e-01,4.315889e-01,4.384497e-01,4.449543e-01,4.509742e-01,4.567914e-01,4.621773e-01,4.673448e-01,4.720931e-01,4.766163e-01,4.807122e-01,4.845431e-01,4.880606e-01,4.912993e-01,4.944469e-01,4.976262e-01,5.009078e-01,5.041408e-01,5.074658e-01,5.107330e-01,5.140018e-01,5.173491e-01,5.206106e-01,5.239404e-01,5.270852e-01,5.302787e-01,5.334322e-01,5.364522e-01,5.394959e-01,5.424725e-01,5.453707e-01,5.480927e-01,5.508005e-01,5.533999e-01,5.558752e-01,5.582167e-01,5.604281e-01,5.624697e-01,5.643428e-01,5.660353e-01,5.675365e-01,5.688348e-01,5.699056e-01,5.707678e-01,5.713020e-01,5.719528e-01,5.725895e-01,5.732279e-01,5.738710e-01,5.745030e-01,5.751528e-01,5.756980e-01,5.763450e-01,5.769989e-01,5.775505e-01,5.782088e-01,5.787632e-01,5.793344e-01,5.798894e-01,5.804478e-01,5.811115e-01,5.816728e-01,5.822210e-01,5.827885e-01,5.833372e-01,5.838850e-01,5.844399e-01,5.848902e-01,5.854417e-01,5.859945e-01,5.865502e-01,5.871098e-01,5.875588e-01,5.881166e-01,5.885696e-01,5.890363e-01,5.896102e-01,5.900790e-01,5.905486e-01,5.910170e-01,5.914841e-01,5.919543e-01,5.924428e-01,5.929149e-01,5.933791e-01,5.938594e-01,5.942237e-01,5.947102e-01,5.951690e-01,5.955107e-01,5.959801e-01,5.964458e-01,5.968703e-01,5.972080e-01,5.975484e-01,5.979683e-01,5.982808e-01,5.986162e-01,5.990650e-01,5.993924e-01,5.997160e-01,6.000602e-01,6.005071e-01,6.008479e-01,6.011937e-01,6.015534e-01,6.018957e-01,6.022587e-01,6.026224e-01,6.029792e-01,6.033462e-01,6.037273e-01,6.040862e-01,6.044731e-01,6.048560e-01,6.051238e-01,6.055077e-01,6.057808e-01,6.061635e-01,6.065421e-01,6.068134e-01,6.072023e-01,6.074680e-01,6.078557e-01,6.081291e-01,6.084969e-01,6.087710e-01,6.090292e-01,6.092752e-01,6.096423e-01,6.098991e-01,6.101421e-01,6.104064e-01,6.107612e-01,6.109877e-01,6.112270e-01,6.114714e-01,6.116876e-01,6.119252e-01,6.121622e-01,6.123955e-01,6.126386e-01,6.128771e-01,6.131172e-01,6.132555e-01,6.135137e-01,6.137757e-01,6.140462e-01,6.142042e-01,6.144823e-01,6.147693e-01,6.150313e-01,6.152066e-01,6.154836e-01,6.157452e-01,6.159163e-01,6.160779e-01,6.163547e-01,6.165118e-01,6.167757e-01,6.169319e-01,6.172108e-01,6.173587e-01,6.174996e-01,6.176369e-01,6.177657e-01,6.178995e-01,6.180418e-01,6.181879e-01,6.183244e-01,6.184463e-01,6.185743e-01,6.187159e-01,6.188575e-01,6.189870e-01,6.191128e-01,6.192522e-01,6.194063e-01,6.195569e-01,6.196892e-01,6.197873e-01,6.199062e-01,6.200656e-01,6.202081e-01,6.203100e-01,6.203839e-01,6.204761e-01,6.205893e-01,6.206928e-01,6.207876e-01,6.208862e-01,6.209565e-01,6.209391e-01,6.209640e-01,6.210297e-01,6.210792e-01,6.211203e-01,6.211772e-01,6.211811e-01,6.211029e-01,6.210614e-01,6.210606e-01,6.211055e-01,6.210357e-01,6.208346e-01,6.207687e-01,6.207434e-01,6.206899e-01,6.205958e-01,6.204933e-01,6.204399e-01,6.204074e-01,6.201752e-01,6.196409e-01,6.193850e-01,6.192307e-01,6.189753e-01,6.186923e-01,6.184375e-01,6.182559e-01,6.180710e-01,6.179626e-01,6.179046e-01,6.177686e-01,6.175633e-01,6.175659e-01,6.176759e-01,6.177636e-01,6.178252e-01,6.178959e-01,6.179818e-01,6.181130e-01,6.181941e-01,6.183083e-01,6.184105e-01,6.184746e-01,6.185716e-01,6.186184e-01,6.187035e-01,6.188130e-01,6.189449e-01,6.190545e-01,6.192301e-01,6.193919e-01,6.195678e-01,6.197193e-01,6.199406e-01,6.201341e-01,6.203523e-01,6.205621e-01,6.208052e-01,6.210659e-01,6.212884e-01,6.215376e-01,6.218062e-01,6.220805e-01,6.223039e-01,6.225365e-01,6.227990e-01,6.230568e-01,6.233008e-01,6.235712e-01,6.238297e-01,6.240708e-01,6.243121e-01,6.245822e-01,6.247990e-01,6.250409e-01,6.252830e-01,6.255503e-01,6.257877e-01,6.260593e-01,6.263453e-01,6.266013e-01,6.268878e-01,6.271443e-01,6.274062e-01,6.276561e-01,6.279617e-01,6.282121e-01,6.284668e-01,6.287176e-01,6.290193e-01,6.292959e-01,6.295729e-01,6.298319e-01,6.301094e-01,6.303690e-01,6.306033e-01,6.308378e-01,6.310643e-01,6.313064e-01,6.315800e-01,6.317970e-01,6.319504e-01,6.321039e-01,6.322700e-01,6.324749e-01,6.326799e-01,6.328851e-01,6.330647e-01,6.332701e-01,6.334499e-01,6.336298e-01,6.337972e-01,6.339959e-01,6.341504e-01,6.343109e-01,6.344583e-01,6.346190e-01,6.348056e-01,6.349791e-01,6.351541e-01,6.353338e-01,6.354878e-01,6.356852e-01,6.358382e-01,6.360346e-01,6.361781e-01,6.363476e-01,6.365088e-01,6.366512e-01,6.368101e-01,6.369715e-01,6.371365e-01,6.372932e-01,6.374311e-01,6.375594e-01,6.376949e-01,6.378045e-01,6.379376e-01,6.380708e-01,6.381515e-01,6.382384e-01,6.383228e-01,6.383869e-01,6.384700e-01,6.385328e-01,6.385704e-01,6.385784e-01,6.386126e-01,6.386703e-01,6.387089e-01,6.387654e-01,6.387634e-01,6.387650e-01,6.387666e-01,6.387657e-01,6.387909e-01,6.387888e-01,6.388065e-01,6.388019e-01,6.387963e-01,6.387634e-01,6.387294e-01,6.387156e-01,6.387316e-01,6.387204e-01,6.386819e-01,6.386163e-01,6.385495e-01,6.384506e-01,6.384337e-01,6.384157e-01,6.383970e-01,6.383263e-01,6.382557e-01,6.382322e-01,6.382137e-01,6.381692e-01,6.380986e-01,6.380021e-01,6.379528e-01,6.379344e-01,6.378900e-01,6.377936e-01,6.377041e-01,6.377117e-01,6.377665e-01,6.377741e-01,6.376779e-01,6.375818e-01,6.375309e-01,6.374608e-01,6.373792e-01,6.372507e-01,6.371223e-01,6.370458e-01,6.369952e-01,6.368411e-01,6.365534e-01,6.362450e-01,6.360144e-01,6.357839e-01,6.354510e-01,6.348685e-01,6.342298e-01,6.336503e-01,6.331231e-01,6.326182e-01,6.320934e-01,6.314244e-01,6.305240e-01,6.293323e-01,6.281712e-01,6.273387e-01,6.266083e-01,6.256823e-01,6.244119e-01,6.231027e-01,6.221900e-01,6.215479e-01,6.209802e-01,6.203172e-01,6.195354e-01,6.188283e-01,6.181381e-01,6.174352e-01,6.169905e-01,6.167849e-01,6.165794e-01,6.163920e-01,6.162048e-01,6.160178e-01,6.158487e-01,6.156799e-01,6.157482e-01,6.155796e-01,6.156451e-01,6.157314e-01,6.157999e-01,6.156314e-01,6.156999e-01,6.157506e-01,6.158014e-01,6.156152e-01,6.154113e-01,6.154442e-01,6.154771e-01,6.154922e-01,6.155251e-01,6.155580e-01,6.153365e-01,6.153694e-01,6.154024e-01,6.154325e-01,6.152291e-01,6.152621e-01,6.150588e-01,6.150918e-01,6.151426e-01,6.151577e-01,6.149547e-01,6.149877e-01,6.150028e-01,6.150358e-01,6.148151e-01,6.148302e-01,6.148453e-01,6.148604e-01,6.148576e-01,6.148727e-01,6.148879e-01,6.151388e-01,6.151539e-01,6.151690e-01,6.151841e-01,6.151992e-01,6.152144e-01,6.149245e-01,6.151753e-01,6.151904e-01,6.152056e-01,6.152207e-01,6.151665e-01,6.151637e-01,6.154147e-01,6.154298e-01,6.151398e-01,6.151370e-01,6.154058e-01,6.153517e-01,6.153639e-01,6.153278e-01,6.153609e-01,6.153940e-01,6.151403e-01,6.151914e-01,6.151734e-01,6.152246e-01,6.149712e-01,6.150404e-01,6.150225e-01,6.147875e-01,6.150920e-01,6.148390e-01,6.149083e-01,6.148877e-01,6.149391e-01,6.149214e-01,6.146688e-01,6.147201e-01,6.144498e-01,6.144831e-01,6.144475e-01,6.141596e-01,6.144093e-01,6.141214e-01,6.140679e-01,6.140652e-01,6.137778e-01,6.137244e-01,6.137397e-01,6.134528e-01,6.133969e-01,6.134301e-01,6.133949e-01,6.131265e-01,6.131598e-01,6.128917e-01,6.129250e-01,6.126572e-01,6.124077e-01,6.126735e-01,6.124061e-01,6.121570e-01,6.124225e-01,6.121555e-01,6.121888e-01,6.119221e-01,6.116558e-01,6.116891e-01,6.114026e-01,6.114359e-01,6.111523e-01,6.109547e-01,6.106718e-01,6.104568e-01,6.101745e-01,6.099600e-01,6.096604e-01,6.096758e-01,6.091654e-01,6.091808e-01,6.089673e-01,6.084585e-01,6.082433e-01,6.080308e-01,6.077516e-01,6.075395e-01,6.073276e-01,6.070493e-01,6.068379e-01,6.066267e-01,6.064157e-01,6.059127e-01,6.057024e-01,6.054923e-01,6.052824e-01,6.048478e-01,6.046386e-01,6.042053e-01,6.039966e-01,6.040778e-01,6.030678e-01,6.031487e-01,6.030065e-01,6.028645e-01,6.024999e-01,6.020707e-01,6.017074e-01,6.012797e-01,6.008528e-01,6.007122e-01,6.000660e-01,5.996414e-01,5.989982e-01,5.986398e-01,5.979993e-01,5.973607e-01,5.967238e-01,5.960886e-01,5.954536e-01,5.943284e-01,5.937627e-01,5.926454e-01,5.920213e-01,5.913989e-01,5.908403e-01,5.902830e-01,5.889720e-01,5.879387e-01,5.869100e-01,5.863621e-01,5.855474e-01,5.846750e-01,5.836443e-01,5.821655e-01,5.806958e-01,5.797578e-01,5.782443e-01,5.771987e-01,5.761578e-01,5.755923e-01,5.745743e-01,5.735607e-01,5.726092e-01,5.712141e-01,5.696337e-01,5.678154e-01,5.662580e-01,5.645998e-01,5.635740e-01,5.619350e-01,5.609759e-01,5.595805e-01,5.583779e-01,5.569984e-01,5.560454e-01,5.546800e-01,5.537368e-01,5.526705e-01,5.527029e-01,5.529825e-01,5.527964e-01,5.514365e-01,5.499592e-01,5.489108e-01,5.478534e-01,5.463995e-01,5.454050e-01,5.440547e-01,5.422310e-01,5.400184e-01,5.372754e-01,5.342326e-01,5.315451e-01,5.282912e-01,5.246085e-01,5.215011e-01,5.180657e-01,5.149691e-01,5.115436e-01,5.094383e-01,5.051851e-01,5.005059e-01,4.949753e-01,4.902215e-01,4.835537e-01,4.767777e-01,4.704543e-01,4.633706e-01,4.582625e-01,4.512928e-01,4.448508e-01,4.384737e-01,4.314353e-01,4.244002e-01,4.198687e-01,4.142829e-01,4.070952e-01,4.010318e-01,3.949556e-01,3.900852e-01,3.843714e-01,3.787425e-01,3.734831e-01,3.690879e-01,3.653107e-01,3.608626e-01,3.565319e-01,3.530355e-01,3.487546e-01,3.451903e-01,3.417044e-01,3.383748e-01,3.356878e-01,3.330517e-01,3.302484e-01,3.275624e-01,3.249278e-01,3.227971e-01,3.208309e-01,3.187607e-01,3.166500e-01,3.146383e-01,3.131473e-01,3.111859e-01,3.092473e-01,3.078102e-01,3.063872e-01,3.055101e-01,3.041742e-01,3.028462e-01,3.020497e-01,3.008043e-01,3.000162e-01,2.993487e-01,2.985716e-01,2.978534e-01,2.971960e-01,2.964876e-01,2.957799e-01,2.951280e-01,2.949138e-01,2.942686e-01,2.941678e-01,2.940670e-01,2.939690e-01,2.934368e-01,2.932809e-01,2.932391e-01,2.931389e-01,2.935807e-01,2.934830e-01,2.934426e-01,2.932936e-01,2.936842e-01,2.935348e-01,2.939820e-01,2.943745e-01,2.948833e-01,2.948467e-01,2.951879e-01,2.960218e-01,2.964839e-01,2.969404e-01,2.977874e-01,2.986367e-01,2.995520e-01,3.008651e-01,3.017948e-01,3.027827e-01,3.040686e-01,3.049514e-01,3.063178e-01,3.076895e-01,3.085976e-01,3.104753e-01,3.114641e-01,3.128850e-01,3.143182e-01,3.153948e-01,3.173646e-01,3.182682e-01,3.196224e-01,3.210596e-01,3.225753e-01,3.235792e-01,3.250512e-01,3.265410e-01,3.276417e-01,3.297751e-01,3.308274e-01,3.324435e-01,3.341534e-01,3.356652e-01,3.369039e-01,3.385126e-01,3.404395e-01,3.421620e-01,3.433787e-01,3.451242e-01,3.469779e-01,3.481460e-01,3.501124e-01,3.515489e-01,3.536382e-01,3.549352e-01,3.563307e-01,3.583872e-01,3.597262e-01,3.610762e-01,3.632870e-01,3.646663e-01,3.661464e-01,3.676358e-01,3.690513e-01,3.711861e-01,3.720997e-01,3.743712e-01,3.760299e-01,3.767790e-01,3.782689e-01,3.807215e-01,3.816805e-01,3.833122e-01,3.849566e-01,3.866194e-01,3.883021e-01,3.892081e-01,3.909118e-01,3.925388e-01,3.933649e-01,3.951203e-01,3.960759e-01,3.976467e-01,3.994519e-01,4.003252e-01,4.022675e-01,4.031509e-01,4.046730e-01,4.055680e-01,4.074538e-01,4.083509e-01,4.092563e-01,4.110570e-01,4.120801e-01,4.129959e-01,4.147076e-01,4.157431e-01,4.166770e-01,4.176075e-01,4.195919e-01,4.205369e-01,4.214865e-01,4.225601e-01,4.235199e-01,4.244845e-01,4.257001e-01,4.267043e-01,4.272665e-01,4.281486e-01,4.289113e-01,4.296444e-01,4.304507e-01,4.313218e-01,4.320316e-01,4.330189e-01,4.337384e-01,4.346890e-01,4.352920e-01,4.361218e-01,4.369605e-01,4.378062e-01,4.385522e-01,4.395355e-01,4.404013e-01,4.409173e-01,4.420175e-01,4.424015e-01,4.432983e-01,4.440651e-01,4.447191e-01,4.456486e-01,4.463835e-01,4.474226e-01,4.479348e-01,4.488731e-01,4.496713e-01,4.503245e-01,4.507695e-01,4.515657e-01,4.521239e-01,4.531898e-01,4.539985e-01,4.549951e-01,4.560793e-01,4.569426e-01,4.573990e-01,4.583013e-01,4.589087e-01,4.596690e-01,4.604084e-01,4.611475e-01,4.618001e-01,4.627318e-01,4.633624e-01,4.641149e-01,4.647524e-01,4.654340e-01,4.658736e-01,4.666324e-01,4.668856e-01,4.675664e-01,4.680921e-01,4.688968e-01,4.694284e-01,4.701148e-01,4.705284e-01,4.710640e-01,4.714769e-01,4.721366e-01,4.724295e-01,4.729338e-01,4.736340e-01,4.741749e-01,4.748429e-01,4.752631e-01,4.754897e-01,4.760376e-01,4.763357e-01,4.767244e-01,4.770234e-01,4.774133e-01,4.774264e-01,4.779900e-01,4.784552e-01,4.790082e-01,4.791494e-01,4.795779e-01,4.798829e-01,4.803128e-01,4.801160e-01,4.806993e-01,4.809945e-01,4.813781e-01,4.814720e-01,4.818563e-01,4.819878e-01,4.821701e-01,4.820088e-01,4.825594e-01,4.823602e-01,4.821350e-01,4.820994e-01,4.822045e-01,4.815578e-01,4.814980e-01,4.812194e-01,4.811709e-01,4.803638e-01,4.800144e-01,4.797008e-01,4.793157e-01,4.788775e-01,4.783686e-01,4.778848e-01,4.775031e-01,4.767105e-01,4.763311e-01,4.755431e-01,4.750535e-01,4.750663e-01,4.768175e-01,4.760277e-01,4.756969e-01,4.750928e-01,4.744816e-01,4.737118e-01,4.732627e-01,4.726551e-01,4.720156e-01,4.712553e-01,4.706557e-01,4.696143e-01,4.689826e-01,4.683792e-01,4.674682e-01,4.667164e-01,4.659307e-01,4.649375e-01,4.642776e-01,4.634088e-01,4.628118e-01,4.622144e-01,4.615850e-01,4.605815e-01,4.599908e-01,4.591739e-01,4.584426e-01,4.577119e-01,4.567587e-01,4.559241e-01,4.552354e-01,4.543266e-01,4.536131e-01,4.531077e-01,4.524287e-01,4.517865e-01,4.511121e-01,4.501901e-01,4.498042e-01,4.492002e-01,4.484267e-01,4.476563e-01,4.471270e-01,4.463616e-01,4.459812e-01,4.453576e-01,4.449813e-01,4.442863e-01,4.437736e-01,4.430924e-01,4.426252e-01,4.421570e-01,4.417205e-01,4.412850e-01,4.409543e-01,4.404191e-01,4.403365e-01,4.402019e-01,4.400276e-01,4.397294e-01,4.399257e-01,4.399176e-01,4.399804e-01,4.397637e-01,4.398567e-01,4.401867e-01,4.401034e-01,4.400932e-01,4.399190e-01,4.398055e-01,4.397016e-01,4.395600e-01,4.393957e-01,4.390561e-01,4.385636e-01,4.381654e-01,4.379601e-01,4.373592e-01,4.369635e-01,4.365984e-01,4.360018e-01,4.352970e-01,4.348253e-01,4.345260e-01,4.340855e-01,4.335169e-01,4.329499e-01,4.324839e-01,4.322374e-01,4.317032e-01,4.314957e-01,4.312504e-01,4.311420e-01,4.306804e-01,4.304740e-01,4.303661e-01,4.303852e-01,4.302773e-01,4.302073e-01,4.302264e-01,4.305781e-01,4.310198e-01,4.308221e-01,4.309199e-01,4.310466e-01,4.310459e-01,4.315068e-01,4.317328e-01,4.317030e-01,4.318011e-01,4.317404e-01,4.318385e-01,4.315530e-01,4.313665e-01,4.309542e-01,4.306411e-01,4.304844e-01,4.306802e-01,4.307490e-01,4.306886e-01,4.309541e-01,4.308378e-01,4.310050e-01,4.310738e-01,4.312214e-01,4.312305e-01,4.314968e-01,4.319811e-01,4.321202e-01,4.322303e-01,4.327238e-01,4.328250e-01,4.331544e-01,4.332943e-01,4.336539e-01,4.337830e-01,4.339048e-01,4.337773e-01,4.338084e-01,4.338302e-01,4.338814e-01,4.337722e-01,4.338939e-01,4.340451e-01,4.343966e-01,4.341887e-01,4.343383e-01,4.343896e-01,4.344114e-01,4.347929e-01,4.346849e-01,4.347067e-01,4.348382e-01,4.347378e-01,4.350194e-01,4.350506e-01,4.349905e-01,4.345612e-01,4.346310e-01,4.346284e-01,4.344388e-01,4.339174e-01,4.337965e-01,4.335759e-01,4.332543e-01,4.331922e-01,4.331302e-01,4.326217e-01,4.323600e-01,4.321292e-01,4.312605e-01,4.305513e-01,4.295122e-01,4.283523e-01,4.277700e-01,4.270630e-01,4.262362e-01,4.244506e-01,4.225599e-01,4.217419e-01,4.201094e-01,4.174530e-01,4.156204e-01,4.140314e-01,4.115655e-01,4.090168e-01,4.065042e-01,4.039070e-01,4.014531e-01,3.972749e-01,3.948047e-01,3.890879e-01,3.849762e-01,3.805080e-01,3.768749e-01,3.717923e-01,3.679022e-01,3.626625e-01,3.581737e-01,3.508470e-01,3.448850e-01,3.391390e-01,3.324582e-01,3.265128e-01,3.191695e-01,3.124574e-01,3.018939e-01,2.940919e-01,2.863751e-01,2.790575e-01,2.703500e-01,2.630741e-01,2.517175e-01,2.436568e-01,2.360114e-01,2.285499e-01,2.206633e-01,2.111053e-01,2.036704e-01,1.971137e-01,1.907750e-01,1.844090e-01,1.767889e-01,1.712648e-01,1.663216e-01,1.617759e-01,1.578229e-01,1.520228e-01,1.485931e-01,1.453939e-01,1.420433e-01,1.386418e-01,1.353684e-01,1.332053e-01,1.310993e-01,1.290507e-01,1.270509e-01,1.251129e-01,1.240634e-01,1.222216e-01,1.212371e-01,1.194591e-01,1.185475e-01,1.176357e-01,1.167635e-01,1.159088e-01,1.150746e-01,1.142565e-01,1.141947e-01,1.133531e-01,1.132883e-01,1.124977e-01,1.124092e-01,1.123641e-01,1.123246e-01,1.115435e-01,1.115026e-01,1.114562e-01,1.114246e-01,1.121291e-01,1.121197e-01,1.120952e-01,1.120501e-01,1.127525e-01,1.127506e-01,1.134895e-01,1.134838e-01,1.142082e-01,1.149565e-01,1.149625e-01,1.157274e-01,1.164955e-01,1.172726e-01,1.180872e-01,1.180874e-01,1.188978e-01,1.197533e-01,1.205733e-01,1.214284e-01,1.222579e-01,1.231285e-01,1.240177e-01,1.248993e-01,1.257921e-01,1.267016e-01,1.276174e-01,1.285429e-01,1.294879e-01,1.304398e-01,1.313795e-01,1.323490e-01,1.342891e-01,1.343031e-01,1.363263e-01,1.373698e-01,1.374113e-01,1.391813e-01,1.402276e-01,1.415293e-01,1.424526e-01,1.440022e-01,1.449153e-01,1.457337e-01,1.472763e-01,1.483278e-01,1.496676e-01,1.506572e-01,1.522768e-01,1.531556e-01,1.546699e-01,1.557538e-01,1.567009e-01,1.582724e-01,1.593546e-01,1.608729e-01,1.618236e-01,1.633304e-01,1.643097e-01,1.657327e-01,1.668812e-01,1.681357e-01,1.691448e-01,1.706276e-01,1.716645e-01,1.730065e-01,1.740267e-01,1.754449e-01,1.763949e-01,1.778129e-01,1.788674e-01,1.796425e-01,1.811054e-01,1.825905e-01,1.835485e-01,1.848511e-01,1.858312e-01,1.871370e-01,1.879330e-01,1.893146e-01,1.900796e-01,1.912560e-01,1.920577e-01,1.934689e-01,1.942630e-01,1.954057e-01,1.961379e-01,1.974055e-01,1.979471e-01,1.988443e-01,1.996012e-01,2.005702e-01,2.017572e-01,2.020530e-01,2.030449e-01,2.036194e-01,2.045629e-01,2.046515e-01,2.056678e-01,2.064109e-01,2.070038e-01,2.075351e-01,2.078475e-01,2.088945e-01,2.089869e-01,2.097531e-01,2.102982e-01,2.106187e-01,2.111680e-01,2.112625e-01,2.121124e-01,2.129009e-01,2.129938e-01,2.135552e-01,2.136518e-01,2.139823e-01,2.145488e-01,2.146463e-01,2.152162e-01,2.156212e-01,2.159608e-01,2.163015e-01,2.164010e-01,2.167462e-01,2.176425e-01,2.175043e-01,2.184099e-01,2.182707e-01,2.191760e-01,2.198451e-01,2.200199e-01,2.206907e-01,2.213622e-01,2.217867e-01,2.225328e-01,2.232153e-01,2.236468e-01,2.240766e-01,2.251017e-01,2.252816e-01,2.260604e-01,2.267675e-01,2.272939e-01,2.277443e-01,2.288126e-01,2.290052e-01,2.298126e-01,2.302796e-01,2.308246e-01,2.316421e-01,2.321130e-01,2.323111e-01,2.331379e-01,2.336112e-01,2.341658e-01,2.343639e-01,2.352051e-01,2.356867e-01,2.362499e-01,2.364515e-01,2.373052e-01,2.375085e-01,2.380840e-01,2.385773e-01,2.391578e-01,2.393620e-01,2.399500e-01,2.404510e-01,2.410405e-01,2.412467e-01,2.418401e-01,2.423430e-01,2.426427e-01,2.435398e-01,2.437502e-01,2.443522e-01,2.446532e-01,2.452574e-01,2.454671e-01,2.460776e-01,2.466910e-01,2.465982e-01,2.472121e-01,2.478312e-01,2.481408e-01,2.483594e-01,2.486703e-01,2.492968e-01,2.496079e-01,2.502390e-01,2.508734e-01,2.515109e-01,2.514146e-01,2.520549e-01,2.523769e-01,2.530221e-01,2.533449e-01,2.536685e-01,2.538948e-01,2.542159e-01,2.545417e-01,2.551981e-01,2.555225e-01,2.558456e-01,2.557422e-01,2.564048e-01,2.567284e-01,2.570546e-01,2.569502e-01,2.572792e-01,2.576050e-01,2.574940e-01,2.578244e-01,2.581517e-01,2.584798e-01,2.588088e-01,2.591386e-01,2.590263e-01,2.590120e-01,2.593424e-01,2.596737e-01,2.600058e-01,2.603366e-01,2.606664e-01,2.610011e-01,2.609867e-01,2.613182e-01,2.616505e-01,2.619775e-01,2.619589e-01,2.622888e-01,2.626155e-01,2.625905e-01,2.629139e-01,2.632381e-01,2.632111e-01,2.639930e-01,2.639594e-01,2.642864e-01,2.642551e-01,2.650434e-01,2.650138e-01,2.653436e-01,2.657795e-01,2.661113e-01,2.660880e-01,2.668855e-01,2.668579e-01,2.672990e-01,2.676348e-01,2.684376e-01,2.688799e-01,2.692156e-01,2.696605e-01,2.696283e-01,2.704417e-01,2.704069e-01,2.712295e-01,2.716815e-01,2.716489e-01,2.724837e-01,2.724553e-01,2.729179e-01,2.733801e-01,2.733603e-01,2.738329e-01,2.743072e-01,2.742848e-01,2.747695e-01,2.747539e-01,2.756263e-01,2.756126e-01,2.761065e-01,2.766023e-01,2.765998e-01,2.771018e-01,2.770969e-01,2.776053e-01,2.776073e-01,2.781175e-01,2.781171e-01,2.786292e-01,2.786357e-01,2.791543e-01,2.791584e-01,2.791649e-01,2.796855e-01,2.792945e-01,2.792985e-01,2.793095e-01,2.798307e-01,2.798372e-01,2.798413e-01,2.798523e-01,2.798589e-01,2.793506e-01,2.789578e-01,2.789643e-01,2.784591e-01,2.779512e-01,2.770582e-01,2.770618e-01,2.765588e-01,2.755564e-01,2.746783e-01,2.741837e-01,2.731952e-01,2.723273e-01,2.713501e-01,2.708670e-01,2.695291e-01,2.685713e-01,2.672523e-01,2.663101e-01,2.645526e-01,2.636286e-01,2.619010e-01,2.609948e-01,2.597495e-01,2.584195e-01,2.571944e-01,2.555549e-01,2.546944e-01,2.530854e-01,2.519154e-01,2.506612e-01,2.495125e-01,2.479656e-01,2.471496e-01,2.456304e-01,2.448324e-01,2.437340e-01,2.422506e-01,2.411703e-01,2.400991e-01,2.390368e-01,2.382712e-01,2.372203e-01,2.361818e-01,2.347838e-01,2.337652e-01,2.333973e-01,2.323899e-01,2.317486e-01,2.304798e-01,2.298476e-01,2.288685e-01,2.285146e-01,2.278929e-01,2.272708e-01,2.266552e-01,2.256977e-01,2.250900e-01,2.244818e-01,2.235411e-01,2.226077e-01,2.217563e-01,2.211600e-01,2.199896e-01,2.190832e-01,2.185043e-01,2.179283e-01,2.167923e-01,2.162244e-01,2.156592e-01,2.150967e-01,2.142970e-01,2.134329e-01,2.126444e-01,2.120960e-01,2.115501e-01,2.110068e-01,2.102344e-01,2.096922e-01,2.089317e-01,2.086951e-01,2.079378e-01,2.077032e-01,2.072435e-01,2.072983e-01,2.068401e-01,2.066075e-01,2.064379e-01,2.064922e-01,2.058112e-01,2.061535e-01,2.056964e-01,2.055280e-01,2.052947e-01,2.054135e-01,2.051772e-01,2.047259e-01,2.043387e-01,2.041046e-01,2.039351e-01,2.034833e-01,2.030333e-01,2.030825e-01,2.021437e-01,2.016958e-01,2.014666e-01,2.010243e-01,2.003113e-01,1.998734e-01,1.993755e-01,1.985254e-01,1.980333e-01,1.976041e-01,1.971795e-01,1.964937e-01,1.956660e-01,1.954513e-01,1.947793e-01,1.943682e-01,1.939586e-01,1.935506e-01,1.929513e-01,1.928027e-01,1.924018e-01,1.922539e-01,1.918550e-01,1.913195e-01,1.913768e-01,1.910353e-01,1.906407e-01,1.902476e-01,1.901053e-01,1.895812e-01,1.894397e-01,1.895466e-01,1.891572e-01,1.890163e-01,1.883043e-01,1.881673e-01,1.880275e-01,1.878879e-01,1.873713e-01,1.869897e-01,1.866093e-01,1.860414e-01,1.859042e-01,1.854003e-01,1.850255e-01,1.844660e-01,1.843279e-01,1.836436e-01,1.836852e-01,1.831326e-01,1.825890e-01,1.824531e-01,1.817809e-01,1.814158e-01,1.808750e-01,1.807474e-01,1.798621e-01,1.795036e-01,1.791974e-01,1.788411e-01,1.779756e-01,1.776208e-01,1.770994e-01,1.767539e-01,1.758997e-01,1.751653e-01,1.746601e-01,1.745282e-01,1.736937e-01,1.733506e-01,1.728491e-01,1.725060e-01,1.716830e-01,6.686364e-03,6.686364e-03,6.686364e-03,6.686364e-03,6.686364e-03,6.686364e-03,6.686364e-03,6.686364e-03,6.686364e-03,6.686364e-03,6.686364e-03,6.686364e-03,6.686364e-03,6.686364e-03,6.686364e-03,6.686364e-03,6.686364e-03,6.686364e-03,6.686364e-03,6.686364e-03,6.686364e-03,6.686364e-03,6.686364e-03,6.686364e-03,6.686364e-03,6.686364e-03,6.686364e-03,6.686364e-03,6.686364e-03,6.686364e-03,6.686364e-03,6.686364e-03,6.686364e-03,6.686364e-03,6.686364e-03,6.686364e-03,6.686364e-03,6.686364e-03,6.686364e-03,6.686364e-03,6.686364e-03,6.686364e-03,6.686364e-03,6.686364e-03,6.686364e-03,6.686364e-03,6.686364e-03,6.686364e-03,6.686364e-03,6.686364e-03,6.686364e-03,6.686364e-03,6.686364e-03,6.686364e-03,6.686364e-03,6.686364e-03,6.686364e-03,6.686364e-03,6.686364e-03,6.686364e-03,6.686364e-03,6.686364e-03,6.686364e-03,6.686364e-03,6.686364e-03,6.686364e-03,6.686364e-03,6.686364e-03,6.686364e-03,6.686364e-03,6.686364e-03,6.686364e-03,6.686364e-03,6.686364e-03,6.686364e-03,6.686364e-03,6.686364e-03,6.686364e-03,6.686364e-03,6.686364e-03,6.686364e-03,6.686364e-03,6.686364e-03,6.686364e-03,6.686364e-03,6.686364e-03,6.686364e-03,6.686364e-03,6.686364e-03,6.686364e-03,6.686364e-03,6.686364e-03,6.686364e-03,6.686364e-03,6.686364e-03,6.686364e-03,6.686364e-03,6.686364e-03,6.686364e-03,6.686364e-03,6.686364e-03,6.686364e-03,6.686364e-03,6.686364e-03,6.686364e-03,6.686364e-03,6.686364e-03,6.686364e-03,6.686364e-03,6.686364e-03,6.686364e-03,6.686364e-03,6.686364e-03,6.686364e-03,6.686364e-03,6.686364e-03,6.686364e-03,6.686364e-03,6.686364e-03,6.686364e-03,6.686364e-03,6.686364e-03,6.686364e-03,6.686364e-03,6.686364e-03,6.686364e-03,6.686364e-03,6.686364e-03,6.686364e-03,6.686364e-03,6.686364e-03,6.686364e-03,6.686364e-03,6.686364e-03,6.686364e-03,6.686364e-03,6.686364e-03,6.686364e-03,6.686364e-03,6.686364e-03,6.686364e-03,6.686364e-03,6.686364e-03,6.686364e-03,6.686364e-03,6.686364e-03,6.686364e-03,6.686364e-03,6.686364e-03,6.686364e-03,6.686364e-03,6.686364e-03,6.686364e-03,6.686364e-03,6.686364e-03,6.686364e-03,6.686364e-03,6.686364e-03,6.686364e-03,6.686364e-03,6.686364e-03
2.676486e-02,2.682524e-02,2.690998e-02,2.697467e-02,2.702090e-02,2.708406e-02,2.714102e-02,2.719981e-02,2.726600e-02,2.734197e-02,2.743692e-02,2.750656e-02,2.756845e-02,2.761295e-02,2.763978e-02,2.768490e-02,2.772658e-02,2.776009e-02,2.779522e-02,2.782441e-02,2.785002e-02,2.786989e-02,2.788599e-02,2.789954e-02,2.793166e-02,2.797368e-02,2.803230e-02,2.808426e-02,2.813519e-02,2.819590e-02,2.823202e-02,2.825616e-02,2.828981e-02,2.832481e-02,2.837114e-02,2.841159e-02,2.843241e-02,2.846028e-02,2.847661e-02,2.847541e-02,2.848027e-02,2.850669e-02,2.853570e-02,2.854439e-02,2.856940e-02,2.860348e-02,2.863260e-02,2.865271e-02,2.870565e-02,2.878220e-02,2.888069e-02,2.900634e-02,2.914083e-02,2.927986e-02,2.942250e-02,2.957031e-02,2.972490e-02,2.988833e-02,3.004678e-02,3.022436e-02,3.039692e-02,3.058121e-02,3.077052e-02,3.094860e-02,3.115088e-02,3.133917e-02,3.152854e-02,3.171665e-02,3.189416e-02,3.205717e-02,3.220464e-02,3.232679e-02,3.242420e-02,3.250253e-02,3.255416e-02,3.260284e-02,3.264235e-02,3.268432e-02,3.271618e-02,3.275783e-02,3.281487e-02,3.289681e-02,3.300375e-02,3.313574e-02,3.329933e-02,3.350728e-02,3.374957e-02,3.400695e-02,3.432022e-02,3.466011e-02,3.504437e-02,3.543780e-02,3.586087e-02,3.630138e-02,3.676602e-02,3.724960e-02,3.776418e-02,3.830443e-02,3.886522e-02,3.946384e-02,4.009393e-02,4.074757e-02,4.144225e-02,4.216792e-02,4.294176e-02,4.375467e-02,4.460848e-02,4.556136e-02,4.661685e-02,4.767565e-02,4.879647e-02,4.994332e-02,5.114835e-02,5.254606e-02,5.403570e-02,5.551676e-02,5.710162e-02,5.880010e-02,6.061500e-02,6.255731e-02,6.463574e-02,6.674914e-02,6.900767e-02,7.132802e-02,7.381062e-02,7.635581e-02,7.905972e-02,8.183661e-02,8.481672e-02,8.781385e-02,9.103686e-02,9.427218e-02,9.778542e-02,1.013511e-01,1.051924e-01,1.090941e-01,1.133028e-01,1.174808e-01,1.219946e-01,1.265395e-01,1.314292e-01,1.363228e-01,1.412787e-01,1.467249e-01,1.522459e-01,1.580736e-01,1.639152e-01,1.701486e-01,1.763464e-01,1.826714e-01,1.891337e-01,1.953580e-01,2.012859e-01,2.078176e-01,2.135336e-01,2.180326e-01,2.205842e-01,2.227759e-01,2.242005e-01,2.248985e-01,2.256047e-01,2.265828e-01,2.273383e-01,2.283203e-01,2.292931e-01,2.303446e-01,2.313813e-01,2.322168e-01,2.332748e-01,2.343746e-01,2.354530e-01,2.365288e-01,2.375928e-01,2.386967e-01,2.397744e-01,2.408383e-01,2.419006e-01,2.430140e-01,2.441140e-01,2.452391e-01,2.463546e-01,2.475803e-01,2.487847e-01,2.499906e-01,2.511849e-01,2.524338e-01,2.536707e-01,2.548534e-01,2.560277e-01,2.572127e-01,2.583954e-01,2.595450e-01,2.606975e-01,2.615706e-01,2.627343e-01,2.639087e-01,2.650658e-01,2.662810e-01,2.674927e-01,2.687046e-01,2.695764e-01,2.707831e-01,2.719709e-01,2.730997e-01,2.738752e-01,2.749622e-01,2.760352e-01,2.767257e-01,2.777579e-01,2.787633e-01,2.797795e-01,2.804041e-01,2.813906e-01,2.823903e-01,2.830186e-01,2.840088e-01,2.846226e-01,2.856010e-01,2.865915e-01,2.871882e-01,2.881686e-01,2.887848e-01,2.897849e-01,2.904084e-01,2.914174e-01,2.920527e-01,2.926910e-01,2.937304e-01,2.943701e-01,2.954127e-01,2.960463e-01,2.970662e-01,2.976624e-01,2.982245e-01,2.991728e-01,2.996735e-01,3.005508e-01,3.009701e-01,3.013454e-01,3.020928e-01,3.023900e-01,3.026519e-01,3.033040e-01,3.034993e-01,3.036725e-01,3.038226e-01,3.043872e-01,3.045359e-01,3.046914e-01,3.053058e-01,3.055172e-01,3.057584e-01,3.060055e-01,3.066817e-01,3.069108e-01,3.070905e-01,3.072274e-01,3.077081e-01,3.076875e-01,3.075415e-01,3.073343e-01,3.069949e-01,3.070205e-01,3.065379e-01,3.060096e-01,3.058711e-01,3.052730e-01,3.047628e-01,3.042721e-01,3.043335e-01,3.039975e-01,3.038310e-01,3.041502e-01,3.041895e-01,3.042889e-01,3.049782e-01,3.052986e-01,3.058652e-01,3.069772e-01,3.080294e-01,3.097129e-01,3.115668e-01,3.136111e-01,3.166460e-01,3.193450e-01,3.223964e-01,3.259525e-01,3.290778e-01,3.321632e-01,3.357434e-01,3.387072e-01,3.415296e-01,3.442455e-01,3.473995e-01,3.498351e-01,3.521146e-01,3.542639e-01,3.568902e-01,3.587922e-01,3.605482e-01,3.622250e-01,3.644475e-01,3.659308e-01,3.673497e-01,3.687033e-01,3.700031e-01,3.712483e-01,3.724510e-01,3.736184e-01,3.754538e-01,3.765879e-01,3.776993e-01,3.787984e-01,3.798756e-01,3.809453e-01,3.819961e-01,3.830582e-01,3.840882e-01,3.851143e-01,3.861158e-01,3.878723e-01,3.888572e-01,3.898422e-01,3.905940e-01,3.915673e-01,3.925362e-01,3.935012e-01,3.945319e-01,3.954881e-01,3.964413e-01,3.973893e-01,3.983498e-01,3.992892e-01,4.002425e-01,4.011260e-01,4.020732e-01,4.030203e-01,4.039695e-01,4.048370e-01,4.057920e-01,4.067525e-01,4.075441e-01,4.084090e-01,4.091877e-01,4.100587e-01,4.108406e-01,4.117160e-01,4.125018e-01,4.133605e-01,4.141485e-01,4.150271e-01,4.157364e-01,4.164467e-01,4.172492e-01,4.179648e-01,4.187719e-01,4.194972e-01,4.202177e-01,4.210335e-01,4.217592e-01,4.225853e-01,4.232279e-01,4.239637e-01,4.247018e-01,4.253500e-01,4.260882e-01,4.268328e-01,4.275797e-01,4.282382e-01,4.289851e-01,4.297413e-01,4.304966e-01,4.312500e-01,4.320328e-01,4.327937e-01,4.335567e-01,4.343255e-01,4.350926e-01,4.358617e-01,4.366123e-01,4.373885e-01,4.379496e-01,4.386316e-01,4.392920e-01,4.399547e-01,4.406194e-01,4.412723e-01,4.419518e-01,4.425227e-01,4.431967e-01,4.438763e-01,4.444563e-01,4.451472e-01,4.457310e-01,4.463347e-01,4.469187e-01,4.475079e-01,4.481997e-01,4.487928e-01,4.493661e-01,4.499630e-01,4.505363e-01,4.511079e-01,4.516851e-01,4.521607e-01,4.527371e-01,4.533152e-01,4.538922e-01,4.544809e-01,4.549528e-01,4.555376e-01,4.560156e-01,4.565135e-01,4.571217e-01,4.576224e-01,4.581243e-01,4.586238e-01,4.591210e-01,4.596231e-01,4.601526e-01,4.606572e-01,4.611485e-01,4.616638e-01,4.620566e-01,4.625814e-01,4.630628e-01,4.634118e-01,4.639099e-01,4.644018e-01,4.648276e-01,4.651775e-01,4.655317e-01,4.659516e-01,4.662617e-01,4.666096e-01,4.670766e-01,4.674109e-01,4.677413e-01,4.681030e-01,4.685661e-01,4.689218e-01,4.692857e-01,4.696699e-01,4.700276e-01,4.704170e-01,4.708072e-01,4.711925e-01,4.715880e-01,4.720040e-01,4.723857e-01,4.728111e-01,4.732296e-01,4.735264e-01,4.739464e-01,4.742520e-01,4.746694e-01,4.750800e-01,4.753890e-01,4.758165e-01,4.761092e-01,4.765342e-01,4.768396e-01,4.772341e-01,4.775405e-01,4.778231e-01,4.780919e-01,4.784848e-01,4.787647e-01,4.790245e-01,4.793170e-01,4.796917e-01,4.799304e-01,4.801838e-01,4.804454e-01,4.806629e-01,4.809131e-01,4.811691e-01,4.814120e-01,4.816711e-01,4.819226e-01,4.821803e-01,4.823332e-01,4.826141e-01,4.829054e-01,4.832038e-01,4.833862e-01,4.836974e-01,4.840270e-01,4.843107e-01,4.845189e-01,4.848275e-01,4.851176e-01,4.853184e-01,4.855066e-01,4.858220e-01,4.860024e-01,4.862885e-01,4.864747e-01,4.867861e-01,4.869508e-01,4.871070e-01,4.872646e-01,4.874004e-01,4.875445e-01,4.877105e-01,4.878755e-01,4.880240e-01,4.881479e-01,4.882896e-01,4.884467e-01,4.886039e-01,4.887405e-01,4.888746e-01,4.890243e-01,4.891990e-01,4.893750e-01,4.895125e-01,4.895919e-01,4.897141e-01,4.898939e-01,4.900484e-01,4.901417e-01,4.901759e-01,4.902526e-01,4.903572e-01,4.904453e-01,4.905262e-01,4.906060e-01,4.906452e-01,4.905165e-01,4.904712e-01,4.905138e-01,4.905102e-01,4.905112e-01,4.905237e-01,4.904542e-01,4.902457e-01,4.900919e-01,4.900259e-01,4.900257e-01,4.898319e-01,4.894170e-01,4.892226e-01,4.891157e-01,4.889502e-01,4.887166e-01,4.884690e-01,4.883042e-01,4.881823e-01,4.877144e-01,4.867460e-01,4.862411e-01,4.859174e-01,4.854148e-01,4.848750e-01,4.843753e-01,4.839977e-01,4.836229e-01,4.833672e-01,4.832067e-01,4.829138e-01,4.824995e-01,4.824321e-01,4.825373e-01,4.826174e-01,4.826428e-01,4.826981e-01,4.827635e-01,4.829110e-01,4.829792e-01,4.831018e-01,4.832123e-01,4.832556e-01,4.833535e-01,4.833719e-01,4.834574e-01,4.835830e-01,4.837340e-01,4.838598e-01,4.840910e-01,4.842952e-01,4.845268e-01,4.847184e-01,4.850138e-01,4.852713e-01,4.855695e-01,4.858536e-01,4.861930e-01,4.865583e-01,4.868561e-01,4.872099e-01,4.875921e-01,4.879878e-01,4.882876e-01,4.886180e-01,4.889870e-01,4.893595e-01,4.897052e-01,4.900915e-01,4.904658e-01,4.908149e-01,4.911645e-01,4.915545e-01,4.918637e-01,4.922149e-01,4.925667e-01,4.929608e-01,4.933166e-01,4.937104e-01,4.941326e-01,4.945164e-01,4.949400e-01,4.953252e-01,4.957080e-01,4.960783e-01,4.965311e-01,4.969027e-01,4.972735e-01,4.976463e-01,4.981053e-01,4.985222e-01,4.989399e-01,4.993317e-01,4.997509e-01,5.001440e-01,5.004945e-01,5.008456e-01,5.011827e-01,5.015513e-01,5.019776e-01,5.023039e-01,5.025299e-01,5.027561e-01,5.029959e-01,5.033101e-01,5.036247e-01,5.039397e-01,5.042111e-01,5.045269e-01,5.047990e-01,5.050714e-01,5.053305e-01,5.056308e-01,5.058598e-01,5.061027e-01,5.063152e-01,5.065586e-01,5.068467e-01,5.071043e-01,5.073767e-01,5.076486e-01,5.078762e-01,5.081750e-01,5.084017e-01,5.086997e-01,5.089069e-01,5.091593e-01,5.093933e-01,5.095998e-01,5.098315e-01,5.100811e-01,5.103291e-01,5.105587e-01,5.107606e-01,5.109426e-01,5.111420e-01,5.112963e-01,5.114933e-01,5.116903e-01,5.118119e-01,5.119344e-01,5.120541e-01,5.121444e-01,5.122628e-01,5.123518e-01,5.124117e-01,5.124071e-01,5.124479e-01,5.125314e-01,5.125866e-01,5.126687e-01,5.126591e-01,5.126476e-01,5.126361e-01,5.126219e-01,5.126530e-01,5.126374e-01,5.126664e-01,5.126482e-01,5.126289e-01,5.125630e-01,5.124959e-01,5.124737e-01,5.124949e-01,5.124696e-01,5.123979e-01,5.122797e-01,5.121604e-01,5.119955e-01,5.119642e-01,5.119317e-01,5.118986e-01,5.117753e-01,5.116522e-01,5.116200e-01,5.115871e-01,5.115092e-01,5.113865e-01,5.112190e-01,5.111422e-01,5.111096e-01,5.110321e-01,5.108652e-01,5.107150e-01,5.107274e-01,5.108301e-01,5.108425e-01,5.106760e-01,5.105096e-01,5.104162e-01,5.102948e-01,5.101580e-01,5.099314e-01,5.097051e-01,5.095681e-01,5.094756e-01,5.092058e-01,5.087164e-01,5.081831e-01,5.077834e-01,5.073847e-01,5.068117e-01,5.058203e-01,5.047314e-01,5.037505e-01,5.028604e-01,5.020188e-01,5.011368e-01,5.000199e-01,4.985158e-01,4.965381e-01,4.946211e-01,4.932537e-01,4.920585e-01,4.905474e-01,4.884903e-01,4.863730e-01,4.849050e-01,4.838771e-01,4.829711e-01,4.819149e-01,4.806724e-01,4.795524e-01,4.784675e-01,4.773606e-01,4.766606e-01,4.763383e-01,4.760166e-01,4.757204e-01,4.754248e-01,4.751297e-01,4.748600e-01,4.745909e-01,4.746936e-01,4.744249e-01,4.745314e-01,4.746589e-01,4.747618e-01,4.744935e-01,4.745963e-01,4.746745e-01,4.747527e-01,4.744600e-01,4.741431e-01,4.741965e-01,4.742499e-01,4.742785e-01,4.743320e-01,4.743854e-01,4.740443e-01,4.740977e-01,4.741512e-01,4.742086e-01,4.738928e-01,4.739462e-01,4.736310e-01,4.736845e-01,4.737626e-01,4.737914e-01,4.734767e-01,4.735301e-01,4.735589e-01,4.736123e-01,4.732735e-01,4.733023e-01,4.733310e-01,4.733598e-01,4.733638e-01,4.733925e-01,4.734213e-01,4.738177e-01,4.738465e-01,4.738752e-01,4.739040e-01,4.739328e-01,4.739616e-01,4.737587e-01,4.741555e-01,4.741843e-01,4.742131e-01,4.742419e-01,4.744072e-01,4.744111e-01,4.748089e-01,4.748377e-01,4.746341e-01,4.746381e-01,4.750611e-01,4.752268e-01,4.752596e-01,4.754504e-01,4.755043e-01,4.755582e-01,4.754040e-01,4.754829e-01,4.756989e-01,4.757779e-01,4.756237e-01,4.757277e-01,4.759439e-01,4.758148e-01,4.762897e-01,4.761354e-01,4.762397e-01,4.764603e-01,4.765396e-01,4.767565e-01,4.766021e-01,4.766815e-01,4.765021e-01,4.765564e-01,4.767481e-01,4.765436e-01,4.769439e-01,4.767393e-01,4.769059e-01,4.769099e-01,4.767054e-01,4.768719e-01,4.769011e-01,4.766967e-01,4.768671e-01,4.769216e-01,4.771134e-01,4.769341e-01,4.769886e-01,4.768095e-01,4.768640e-01,4.766851e-01,4.765317e-01,4.769565e-01,4.767777e-01,4.766243e-01,4.770491e-01,4.768704e-01,4.769249e-01,4.767464e-01,4.765681e-01,4.766226e-01,4.764234e-01,4.764780e-01,4.762749e-01,4.759610e-01,4.757586e-01,4.754205e-01,4.752188e-01,4.748818e-01,4.746557e-01,4.746850e-01,4.741194e-01,4.741487e-01,4.738139e-01,4.732511e-01,4.729223e-01,4.725899e-01,4.723916e-01,4.720602e-01,4.717294e-01,4.715323e-01,4.712025e-01,4.708734e-01,4.705450e-01,4.699926e-01,4.696658e-01,4.693396e-01,4.690141e-01,4.683357e-01,4.680120e-01,4.673374e-01,4.670156e-01,4.669149e-01,4.658052e-01,4.657053e-01,4.652579e-01,4.648117e-01,4.640213e-01,4.633615e-01,4.625773e-01,4.619228e-01,4.612706e-01,4.608343e-01,4.598484e-01,4.592037e-01,4.582266e-01,4.574643e-01,4.564965e-01,4.555337e-01,4.545761e-01,4.536235e-01,4.526813e-01,4.512131e-01,4.501595e-01,4.487114e-01,4.477892e-01,4.468717e-01,4.458431e-01,4.448204e-01,4.431061e-01,4.416002e-01,4.401068e-01,4.391163e-01,4.379426e-01,4.368869e-01,4.354107e-01,4.334915e-01,4.315927e-01,4.300747e-01,4.283172e-01,4.270356e-01,4.257634e-01,4.249744e-01,4.237379e-01,4.225104e-01,4.211907e-01,4.194411e-01,4.174424e-01,4.153008e-01,4.133496e-01,4.116114e-01,4.105633e-01,4.088536e-01,4.077294e-01,4.061862e-01,4.049047e-01,4.033873e-01,4.022806e-01,4.007870e-01,3.996976e-01,3.982889e-01,3.977065e-01,3.972938e-01,3.965850e-01,3.951238e-01,3.933585e-01,3.920033e-01,3.906412e-01,3.889234e-01,3.875042e-01,3.856381e-01,3.836170e-01,3.812535e-01,3.783766e-01,3.751296e-01,3.723362e-01,3.687221e-01,3.646089e-01,3.610973e-01,3.569749e-01,3.529412e-01,3.483464e-01,3.451164e-01,3.398276e-01,3.343662e-01,3.283621e-01,3.233838e-01,3.165142e-01,3.098171e-01,3.034298e-01,2.963700e-01,2.913993e-01,2.845856e-01,2.782646e-01,2.721804e-01,2.655231e-01,2.591107e-01,2.548896e-01,2.498913e-01,2.435611e-01,2.383055e-01,2.332071e-01,2.290950e-01,2.244162e-01,2.198993e-01,2.156547e-01,2.121492e-01,2.092360e-01,2.058510e-01,2.025824e-01,1.999513e-01,1.968300e-01,1.942753e-01,1.917909e-01,1.894092e-01,1.875223e-01,1.856827e-01,1.838055e-01,1.819920e-01,1.802237e-01,1.788579e-01,1.775628e-01,1.762420e-01,1.749167e-01,1.736429e-01,1.727514e-01,1.715131e-01,1.702923e-01,1.694377e-01,1.685923e-01,1.681208e-01,1.673179e-01,1.665166e-01,1.660787e-01,1.653179e-01,1.648856e-01,1.644970e-01,1.640708e-01,1.636661e-01,1.632839e-01,1.628846e-01,1.624864e-01,1.621036e-01,1.620384e-01,1.616589e-01,1.616337e-01,1.616085e-01,1.615843e-01,1.612456e-01,1.612009e-01,1.611966e-01,1.611715e-01,1.614991e-01,1.614749e-01,1.614762e-01,1.614391e-01,1.617545e-01,1.617171e-01,1.620535e-01,1.623713e-01,1.627315e-01,1.627394e-01,1.630407e-01,1.636841e-01,1.640366e-01,1.643826e-01,1.650380e-01,1.656977e-01,1.663850e-01,1.673930e-01,1.680951e-01,1.688167e-01,1.698351e-01,1.705282e-01,1.715909e-01,1.726590e-01,1.733780e-01,1.748394e-01,1.756013e-01,1.767229e-01,1.778544e-01,1.786670e-01,1.802268e-01,1.809892e-01,1.821342e-01,1.833226e-01,1.845516e-01,1.853799e-01,1.866116e-01,1.878632e-01,1.887509e-01,1.905025e-01,1.913887e-01,1.927360e-01,1.941356e-01,1.954760e-01,1.964694e-01,1.978670e-01,1.994067e-01,2.008810e-01,2.019055e-01,2.034088e-01,2.049805e-01,2.060093e-01,2.076552e-01,2.088157e-01,2.105405e-01,2.116624e-01,2.128365e-01,2.145862e-01,2.157593e-01,2.169465e-01,2.188176e-01,2.200418e-01,2.213197e-01,2.226099e-01,2.238809e-01,2.258046e-01,2.265483e-01,2.285686e-01,2.299952e-01,2.306846e-01,2.320544e-01,2.342281e-01,2.350245e-01,2.364965e-01,2.379840e-01,2.394971e-01,2.410364e-01,2.418473e-01,2.434151e-01,2.449718e-01,2.457681e-01,2.474073e-01,2.482858e-01,2.498657e-01,2.515756e-01,2.524395e-01,2.542406e-01,2.551194e-01,2.567422e-01,2.576399e-01,2.594683e-01,2.603707e-01,2.612856e-01,2.631039e-01,2.640808e-01,2.650137e-01,2.668208e-01,2.678176e-01,2.687800e-01,2.697391e-01,2.717236e-01,2.727064e-01,2.736970e-01,2.747522e-01,2.757596e-01,2.767752e-01,2.779212e-01,2.789168e-01,2.795838e-01,2.805212e-01,2.814058e-01,2.823295e-01,2.831994e-01,2.842098e-01,2.849787e-01,2.861237e-01,2.869103e-01,2.878746e-01,2.886141e-01,2.895273e-01,2.904525e-01,2.913907e-01,2.922217e-01,2.932382e-01,2.942084e-01,2.948678e-01,2.960216e-01,2.966157e-01,2.975476e-01,2.984174e-01,2.991603e-01,3.000525e-01,3.009708e-01,3.019914e-01,3.026571e-01,3.035667e-01,3.043971e-01,3.051475e-01,3.056632e-01,3.064936e-01,3.071414e-01,3.082028e-01,3.090557e-01,3.099540e-01,3.110443e-01,3.118796e-01,3.124140e-01,3.132083e-01,3.138320e-01,3.145498e-01,3.153347e-01,3.161171e-01,3.167101e-01,3.175426e-01,3.181994e-01,3.190045e-01,3.196749e-01,3.203036e-01,3.206475e-01,3.214593e-01,3.217692e-01,3.223997e-01,3.229364e-01,3.237151e-01,3.242635e-01,3.248978e-01,3.253058e-01,3.258601e-01,3.262638e-01,3.269678e-01,3.272278e-01,3.278437e-01,3.285004e-01,3.290596e-01,3.297769e-01,3.301912e-01,3.305746e-01,3.311485e-01,3.314156e-01,3.318973e-01,3.321657e-01,3.326497e-01,3.326714e-01,3.332678e-01,3.336419e-01,3.342202e-01,3.344027e-01,3.348295e-01,3.351100e-01,3.355388e-01,3.355125e-01,3.360253e-01,3.362929e-01,3.367678e-01,3.369960e-01,3.374731e-01,3.376441e-01,3.380823e-01,3.379970e-01,3.385767e-01,3.385496e-01,3.385961e-01,3.386616e-01,3.389075e-01,3.385310e-01,3.386770e-01,3.384416e-01,3.386026e-01,3.381279e-01,3.380168e-01,3.378408e-01,3.377881e-01,3.374556e-01,3.372465e-01,3.369581e-01,3.369058e-01,3.364370e-01,3.363850e-01,3.359180e-01,3.357263e-01,3.357482e-01,3.369261e-01,3.364575e-01,3.363631e-01,3.360240e-01,3.356777e-01,3.352284e-01,3.349810e-01,3.346306e-01,3.343447e-01,3.338998e-01,3.335591e-01,3.328548e-01,3.325659e-01,3.322138e-01,3.316665e-01,3.312223e-01,3.308282e-01,3.300678e-01,3.298319e-01,3.292245e-01,3.288663e-01,3.285024e-01,3.281936e-01,3.275080e-01,3.271475e-01,3.264978e-01,3.260556e-01,3.256081e-01,3.248752e-01,3.242954e-01,3.238008e-01,3.230249e-01,3.225936e-01,3.221414e-01,3.216544e-01,3.211240e-01,3.206405e-01,3.199331e-01,3.196340e-01,3.190538e-01,3.184406e-01,3.178300e-01,3.174359e-01,3.168298e-01,3.165309e-01,3.160134e-01,3.157227e-01,3.150251e-01,3.146463e-01,3.139678e-01,3.135631e-01,3.131532e-01,3.126960e-01,3.122403e-01,3.119167e-01,3.113400e-01,3.112435e-01,3.109080e-01,3.106077e-01,3.102403e-01,3.102324e-01,3.099732e-01,3.098843e-01,3.093632e-01,3.092273e-01,3.093000e-01,3.088615e-01,3.085987e-01,3.083035e-01,3.079151e-01,3.075412e-01,3.072078e-01,3.069290e-01,3.063536e-01,3.057617e-01,3.052834e-01,3.047931e-01,3.040718e-01,3.035996e-01,3.030838e-01,3.023719e-01,3.015299e-01,3.008889e-01,3.005349e-01,2.998545e-01,2.991029e-01,2.983555e-01,2.977297e-01,2.972845e-01,2.965043e-01,2.960330e-01,2.955934e-01,2.952405e-01,2.946292e-01,2.941646e-01,2.938155e-01,2.935390e-01,2.931916e-01,2.928158e-01,2.925413e-01,2.925765e-01,2.927120e-01,2.922667e-01,2.921600e-01,2.920118e-01,2.917931e-01,2.919528e-01,2.919171e-01,2.917401e-01,2.916339e-01,2.914931e-01,2.913871e-01,2.910704e-01,2.908658e-01,2.904805e-01,2.902071e-01,2.899630e-01,2.899689e-01,2.899052e-01,2.897663e-01,2.899234e-01,2.898720e-01,2.899187e-01,2.898550e-01,2.899551e-01,2.899675e-01,2.901248e-01,2.904504e-01,2.905384e-01,2.906675e-01,2.910012e-01,2.911183e-01,2.914173e-01,2.915058e-01,2.917643e-01,2.918348e-01,2.918985e-01,2.918336e-01,2.917978e-01,2.917495e-01,2.916598e-01,2.915355e-01,2.915990e-01,2.916212e-01,2.918672e-01,2.916364e-01,2.916529e-01,2.915632e-01,2.915149e-01,2.917194e-01,2.916006e-01,2.915522e-01,2.916283e-01,2.915165e-01,2.916090e-01,2.915732e-01,2.914382e-01,2.910389e-01,2.909746e-01,2.907524e-01,2.905484e-01,2.898333e-01,2.895618e-01,2.891810e-01,2.886866e-01,2.883369e-01,2.879882e-01,2.873000e-01,2.867333e-01,2.861350e-01,2.852043e-01,2.843078e-01,2.831248e-01,2.816863e-01,2.808674e-01,2.799842e-01,2.790487e-01,2.771069e-01,2.751329e-01,2.742163e-01,2.723967e-01,2.696013e-01,2.677266e-01,2.659885e-01,2.633794e-01,2.607657e-01,2.582123e-01,2.556493e-01,2.531878e-01,2.491386e-01,2.467649e-01,2.413887e-01,2.376285e-01,2.334461e-01,2.300725e-01,2.254741e-01,2.218291e-01,2.170947e-01,2.128176e-01,2.063966e-01,2.013074e-01,1.964822e-01,1.909812e-01,1.861830e-01,1.804058e-01,1.752841e-01,1.673376e-01,1.616371e-01,1.560467e-01,1.508353e-01,1.447097e-01,1.397256e-01,1.320749e-01,1.267551e-01,1.218206e-01,1.170810e-01,1.122034e-01,1.063553e-01,1.019269e-01,9.808375e-02,9.441261e-02,9.079636e-02,8.654118e-02,8.349706e-02,8.081659e-02,7.838630e-02,7.629536e-02,7.327147e-02,7.151129e-02,6.988592e-02,6.821418e-02,6.652544e-02,6.491890e-02,6.387301e-02,6.286203e-02,6.188418e-02,6.093993e-02,6.002879e-02,5.955505e-02,5.869942e-02,5.825740e-02,5.744449e-02,5.703924e-02,5.663347e-02,5.624806e-02,5.587083e-02,5.550170e-02,5.514308e-02,5.512983e-02,5.476576e-02,5.475540e-02,5.441024e-02,5.439107e-02,5.438516e-02,5.438111e-02,5.403718e-02,5.402866e-02,5.401832e-02,5.401186e-02,5.433567e-02,5.433357e-02,5.432454e-02,5.430672e-02,5.463305e-02,5.462845e-02,5.496615e-02,5.496133e-02,5.530246e-02,5.565292e-02,5.565495e-02,5.602022e-02,5.638612e-02,5.675759e-02,5.714888e-02,5.715800e-02,5.755271e-02,5.796087e-02,5.836535e-02,5.878114e-02,5.919562e-02,5.961959e-02,6.005972e-02,6.049464e-02,6.093651e-02,6.139017e-02,6.184640e-02,6.230533e-02,6.278121e-02,6.326018e-02,6.374106e-02,6.423754e-02,6.523000e-02,6.524284e-02,6.628034e-02,6.681834e-02,6.683814e-02,6.775844e-02,6.831619e-02,6.899928e-02,6.947692e-02,7.029878e-02,7.078859e-02,7.122407e-02,7.203945e-02,7.261400e-02,7.333414e-02,7.386786e-02,7.473831e-02,7.522112e-02,7.605615e-02,7.664035e-02,7.715263e-02,7.802292e-02,7.862874e-02,7.946717e-02,8.000456e-02,8.085872e-02,8.141472e-02,8.222363e-02,8.287780e-02,8.361128e-02,8.419733e-02,8.505762e-02,8.566473e-02,8.645573e-02,8.706688e-02,8.789666e-02,8.845734e-02,8.931145e-02,8.996403e-02,9.044533e-02,9.133477e-02,9.224202e-02,9.284611e-02,9.366765e-02,9.429062e-02,9.512734e-02,9.565180e-02,9.652728e-02,9.705294e-02,9.782696e-02,9.836886e-02,9.928216e-02,9.983293e-02,1.006199e-01,1.011623e-01,1.020025e-01,1.024271e-01,1.031697e-01,1.037404e-01,1.044499e-01,1.053039e-01,1.056770e-01,1.064136e-01,1.068821e-01,1.076880e-01,1.079365e-01,1.087053e-01,1.093935e-01,1.098889e-01,1.104438e-01,1.108546e-01,1.116661e-01,1.119335e-01,1.126637e-01,1.132473e-01,1.136794e-01,1.142737e-01,1.145539e-01,1.152591e-01,1.160338e-01,1.163170e-01,1.169395e-01,1.172331e-01,1.176966e-01,1.183341e-01,1.186348e-01,1.192826e-01,1.196980e-01,1.201873e-01,1.206806e-01,1.209968e-01,1.215026e-01,1.223029e-01,1.224473e-01,1.232659e-01,1.234126e-01,1.242320e-01,1.248783e-01,1.251427e-01,1.257925e-01,1.264431e-01,1.269041e-01,1.274848e-01,1.281535e-01,1.286275e-01,1.290990e-01,1.299148e-01,1.301953e-01,1.308224e-01,1.315338e-01,1.319655e-01,1.324751e-01,1.333538e-01,1.336622e-01,1.343298e-01,1.348705e-01,1.353264e-01,1.360088e-01,1.365566e-01,1.368799e-01,1.375736e-01,1.381277e-01,1.385978e-01,1.389244e-01,1.396394e-01,1.402105e-01,1.406905e-01,1.410272e-01,1.417627e-01,1.421046e-01,1.426045e-01,1.432007e-01,1.437084e-01,1.440584e-01,1.445790e-01,1.451920e-01,1.457142e-01,1.460692e-01,1.465979e-01,1.472204e-01,1.474912e-01,1.482922e-01,1.486604e-01,1.492017e-01,1.494733e-01,1.500195e-01,1.503898e-01,1.509444e-01,1.515032e-01,1.516061e-01,1.521688e-01,1.527371e-01,1.530223e-01,1.534153e-01,1.537031e-01,1.542834e-01,1.545735e-01,1.551607e-01,1.557524e-01,1.563489e-01,1.564589e-01,1.570610e-01,1.573693e-01,1.579787e-01,1.582848e-01,1.585920e-01,1.590145e-01,1.593178e-01,1.596293e-01,1.602571e-01,1.605654e-01,1.608741e-01,1.609841e-01,1.616232e-01,1.619300e-01,1.622445e-01,1.623565e-01,1.626737e-01,1.629850e-01,1.630902e-01,1.634105e-01,1.637250e-01,1.640408e-01,1.643579e-01,1.646764e-01,1.647844e-01,1.647620e-01,1.650823e-01,1.654041e-01,1.657272e-01,1.660511e-01,1.663698e-01,1.666971e-01,1.666745e-01,1.669960e-01,1.673189e-01,1.676352e-01,1.676052e-01,1.679235e-01,1.682359e-01,1.681978e-01,1.685042e-01,1.688120e-01,1.687670e-01,1.692999e-01,1.692469e-01,1.695582e-01,1.695057e-01,1.700446e-01,1.699988e-01,1.703139e-01,1.704963e-01,1.708136e-01,1.707757e-01,1.713241e-01,1.712787e-01,1.714639e-01,1.717860e-01,1.723348e-01,1.725156e-01,1.728350e-01,1.730172e-01,1.729638e-01,1.735152e-01,1.734612e-01,1.740242e-01,1.742099e-01,1.741562e-01,1.747325e-01,1.746864e-01,1.748889e-01,1.750850e-01,1.750539e-01,1.752658e-01,1.754784e-01,1.754467e-01,1.756752e-01,1.756517e-01,1.762712e-01,1.762548e-01,1.764934e-01,1.767327e-01,1.767322e-01,1.769798e-01,1.769788e-01,1.772350e-01,1.772422e-01,1.774991e-01,1.775059e-01,1.777636e-01,1.777786e-01,1.780448e-01,1.780594e-01,1.780744e-01,1.783415e-01,1.779565e-01,1.779710e-01,1.779937e-01,1.782606e-01,1.782756e-01,1.782901e-01,1.783129e-01,1.783279e-01,1.780909e-01,1.777067e-01,1.777217e-01,1.774864e-01,1.772440e-01,1.766164e-01,1.766306e-01,1.763906e-01,1.759056e-01,1.752877e-01,1.750514e-01,1.745731e-01,1.739570e-01,1.734779e-01,1.732464e-01,1.723963e-01,1.719257e-01,1.710875e-01,1.706239e-01,1.695710e-01,1.691155e-01,1.680737e-01,1.676261e-01,1.668299e-01,1.661771e-01,1.653934e-01,1.644110e-01,1.639898e-01,1.630241e-01,1.622781e-01,1.616605e-01,1.609269e-01,1.599970e-01,1.595966e-01,1.586819e-01,1.582895e-01,1.575862e-01,1.566873e-01,1.559910e-01,1.553008e-01,1.546165e-01,1.542350e-01,1.535529e-01,1.528836e-01,1.520366e-01,1.513802e-01,1.511968e-01,1.505475e-01,1.500819e-01,1.491613e-01,1.487088e-01,1.480801e-01,1.479043e-01,1.474545e-01,1.470005e-01,1.465560e-01,1.459381e-01,1.454998e-01,1.450572e-01,1.444514e-01,1.438504e-01,1.431585e-01,1.427269e-01,1.418785e-01,1.412977e-01,1.408791e-01,1.404628e-01,1.396464e-01,1.392370e-01,1.388298e-01,1.384249e-01,1.377818e-01,1.372325e-01,1.366000e-01,1.362072e-01,1.358166e-01,1.354280e-01,1.348111e-01,1.344250e-01,1.338231e-01,1.335873e-01,1.329862e-01,1.327531e-01,1.322986e-01,1.322007e-01,1.317497e-01,1.315205e-01,1.312048e-01,1.311082e-01,1.304412e-01,1.304815e-01,1.300348e-01,1.297253e-01,1.294961e-01,1.293227e-01,1.290883e-01,1.286470e-01,1.281341e-01,1.279035e-01,1.275967e-01,1.271613e-01,1.267286e-01,1.266308e-01,1.258743e-01,1.254432e-01,1.252207e-01,1.247996e-01,1.242540e-01,1.238387e-01,1.234980e-01,1.226981e-01,1.223630e-01,1.219590e-01,1.215633e-01,1.210492e-01,1.202867e-01,1.200856e-01,1.195890e-01,1.192133e-01,1.188397e-01,1.184684e-01,1.179239e-01,1.176698e-01,1.173112e-01,1.170594e-01,1.167042e-01,1.161129e-01,1.160487e-01,1.156295e-01,1.152824e-01,1.149373e-01,1.147007e-01,1.141343e-01,1.139008e-01,1.137731e-01,1.134364e-01,1.132055e-01,1.124837e-01,1.122623e-01,1.120359e-01,1.118103e-01,1.112649e-01,1.109420e-01,1.106208e-01,1.101385e-01,1.099199e-01,1.093902e-01,1.090773e-01,1.086075e-01,1.083888e-01,1.077181e-01,1.076468e-01,1.071882e-01,1.067375e-01,1.065255e-01,1.058761e-01,1.055759e-01,1.051335e-01,1.049315e-01,1.042168e-01,1.039252e-01,1.035834e-01,1.032950e-01,1.025999e-01,1.023109e-01,1.018935e-01,1.016125e-01,1.009340e-01,1.004328e-01,1.000284e-01,9.982855e-02,9.916538e-02,9.888781e-02,9.848362e-02,9.820376e-02,9.754901e-02,6.752272e-03,6.752272e-03,6.752272e-03,6.752272e-03,6.752272e-03,6.752272e-03,6.752272e-03,6.752272e-03,6.752272e-03,6.752272e-03,6.752272e-03,6.752272e-03,6.752272e-03,6.752272e-03,6.752272e-03,6.752272e-03,6.752272e-03,6.752272e-03,6.752272e-03,6.752272e-03,6.752272e-03,6.752272e-03,6.752272e-03,6.752272e-03,6.752272e-03,6.752272e-03,6.752272e-03,6.752272e-03,6.752272e-03,6.752272e-03,6.752272e-03,6.752272e-03,6.752272e-03,6.752272e-03,6.752272e-03,6.752272e-03,6.752272e-03,6.752272e-03,6.752272e-03,6.752272e-03,6.752272e-03,6.752272e-03,6.752272e-03,6.752272e-03,6.752272e-03,6.752272e-03,6.752272e-03,6.752272e-03,6.752272e-03,6.752272e-03,6.752272e-03,6.752272e-03,6.752272e-03,6.752272e-03,6.752272e-03,6.752272e-03,6.752272e-03,6.752272e-03,6.752272e-03,6.752272e-03,6.752272e-03,6.752272e-03,6.752272e-03,6.752272e-03,6.752272e-03,6.752272e-03,6.752272e-03,6.752272e-03,6.752272e-03,6.752272e-03,6.752272e-03,6.752272e-03,6.752272e-03,6.752272e-03,6.752272e-03,6.752272e-03,6.752272e-03,6.752272e-03,6.752272e-03,6.752272e-03,6.752272e-03,6.752272e-03,6.752272e-03,6.752272e-03,6.752272e-03,6.752272e-03,6.752272e-03,6.752272e-03,6.752272e-03,6.752272e-03,6.752272e-03,6.752272e-03,6.752272e-03,6.752272e-03,6.752272e-03,6.752272e-03,6.752272e-03,6.752272e-03,6.752272e-03,6.752272e-03,6.752272e-03,6.752272e-03,6.752272e-03,6.752272e-03,6.752272e-03,6.752272e-03,6.752272e-03,6.752272e-03,6.752272e-03,6.752272e-03,6.752272e-03,6.752272e-03,6.752272e-03,6.752272e-03,6.752272e-03,6.752272e-03,6.752272e-03,6.752272e-03,6.752272e-03,6.752272e-03,6.752272e-03,6.752272e-03,6.752272e-03,6.752272e-03,6.752272e-03,6.752272e-03,6.752272e-03,6.752272e-03,6.752272e-03,6.752272e-03,6.752272e-03,6.752272e-03,6.752272e-03,6.752272e-03,6.752272e-03,6.752272e-03,6.752272e-03,6.752272e-03,6.752272e-03,6.752272e-03,6.752272e-03,6.752272e-03,6.752272e-03,6.752272e-03,6.752272e-03,6.752272e-03,6.752272e-03,6.752272e-03,6.752272e-03,6.752272e-03,6.752272e-03,6.752272e-03,6.752272e-03,6.752272e-03,6.752272e-03,6.752272e-03,6.752272e-03,6.752272e-03,6.752272e-03,6.752272e-03,6.752272e-03
1.448862e-02,1.446944e-02,1.444718e-02,1.442647e-02,1.440807e-02,1.439287e-02,1.437668e-02,1.436400e-02,1.435192e-02,1.433591e-02,1.432210e-02,1.430326e-02,1.429037e-02,1.427967e-02,1.426614e-02,1.425690e-02,1.424775e-02,1.423812e-02,1.423235e-02,1.422280e-02,1.421395e-02,1.420243e-02,1.419121e-02,1.418293e-02,1.417793e-02,1.416842e-02,1.416033e-02,1.415339e-02,1.414449e-02,1.413680e-02,1.412958e-02,1.411736e-02,1.411032e-02,1.410135e-02,1.409731e-02,1.409383e-02,1.408679e-02,1.408526e-02,1.408462e-02,1.408152e-02,1.408416e-02,1.409280e-02,1.410096e-02,1.411245e-02,1.412482e-02,1.414491e-02,1.416682e-02,1.418660e-02,1.421950e-02,1.425846e-02,1.430152e-02,1.435531e-02,1.441749e-02,1.448290e-02,1.455081e-02,1.461898e-02,1.469246e-02,1.476501e-02,1.483432e-02,1.490128e-02,1.496011e-02,1.501601e-02,1.506445e-02,1.510584e-02,1.515225e-02,1.519854e-02,1.524298e-02,1.528436e-02,1.531703e-02,1.535467e-02,1.539182e-02,1.541652e-02,1.544434e-02,1.547428e-02,1.549936e-02,1.552675e-02,1.555546e-02,1.559585e-02,1.563257e-02,1.567365e-02,1.571888e-02,1.577517e-02,1.584627e-02,1.592519e-02,1.601518e-02,1.612286e-02,1.624772e-02,1.638760e-02,1.655247e-02,1.673989e-02,1.694785e-02,1.717282e-02,1.742889e-02,1.771644e-02,1.802835e-02,1.836995e-02,1.875067e-02,1.917174e-02,1.962851e-02,2.012620e-02,2.067557e-02,2.125560e-02,2.188528e-02,2.256496e-02,2.329656e-02,2.407413e-02,2.490767e-02,2.580676e-02,2.677051e-02,2.776041e-02,2.881836e-02,2.992866e-02,3.108927e-02,3.233320e-02,3.362649e-02,3.492179e-02,3.624383e-02,3.757855e-02,3.890886e-02,4.022569e-02,4.151159e-02,4.272493e-02,4.388228e-02,4.493825e-02,4.589345e-02,4.671922e-02,4.738621e-02,4.794982e-02,4.839662e-02,4.869711e-02,4.890361e-02,4.902417e-02,4.911720e-02,4.905280e-02,4.893508e-02,4.873666e-02,4.850285e-02,4.819890e-02,4.789269e-02,4.754562e-02,4.724745e-02,4.685031e-02,4.644954e-02,4.613576e-02,4.579461e-02,4.552958e-02,4.524280e-02,4.503347e-02,4.479494e-02,4.457566e-02,4.440808e-02,4.419863e-02,4.399033e-02,4.379228e-02,4.357507e-02,4.332394e-02,4.303053e-02,4.277045e-02,4.246293e-02,4.215097e-02,4.185615e-02,4.158384e-02,4.124236e-02,4.090011e-02,4.052410e-02,4.010454e-02,3.965684e-02,3.913946e-02,3.863303e-02,3.809982e-02,3.755651e-02,3.700815e-02,3.646429e-02,3.593433e-02,3.542540e-02,3.493646e-02,3.447542e-02,3.403821e-02,3.363312e-02,3.324763e-02,3.288509e-02,3.253633e-02,3.220853e-02,3.190133e-02,3.161272e-02,3.133588e-02,3.108306e-02,3.084830e-02,3.063304e-02,3.042916e-02,3.025182e-02,3.008818e-02,2.994151e-02,2.978709e-02,2.966988e-02,2.956516e-02,2.946604e-02,2.936800e-02,2.927205e-02,2.917275e-02,2.904589e-02,2.892307e-02,2.879014e-02,2.864226e-02,2.845419e-02,2.826817e-02,2.805868e-02,2.781191e-02,2.756412e-02,2.730080e-02,2.703079e-02,2.674504e-02,2.646600e-02,2.618067e-02,2.588236e-02,2.560829e-02,2.533252e-02,2.507982e-02,2.484434e-02,2.462305e-02,2.444019e-02,2.425993e-02,2.412100e-02,2.399103e-02,2.389464e-02,2.380484e-02,2.373078e-02,2.368829e-02,2.364562e-02,2.361733e-02,2.357143e-02,2.353166e-02,2.346163e-02,2.335869e-02,2.324027e-02,2.307235e-02,2.287812e-02,2.262279e-02,2.234116e-02,2.203202e-02,2.169700e-02,2.133749e-02,2.097605e-02,2.059883e-02,2.022678e-02,1.986012e-02,1.952247e-02,1.919996e-02,1.890223e-02,1.865434e-02,1.842376e-02,1.822972e-02,1.804757e-02,1.788268e-02,1.770615e-02,1.751877e-02,1.731335e-02,1.708597e-02,1.683426e-02,1.655852e-02,1.627148e-02,1.596856e-02,1.567268e-02,1.538521e-02,1.511621e-02,1.486398e-02,1.463648e-02,1.444467e-02,1.427970e-02,1.414504e-02,1.402987e-02,1.393991e-02,1.386956e-02,1.381378e-02,1.377153e-02,1.374448e-02,1.372728e-02,1.373027e-02,1.374480e-02,1.380073e-02,1.387620e-02,1.403181e-02,1.422753e-02,1.453597e-02,1.493168e-02,1.548840e-02,1.618446e-02,1.707240e-02,1.815531e-02,1.949679e-02,2.108467e-02,2.294363e-02,2.508559e-02,2.754910e-02,3.028714e-02,3.326215e-02,3.650498e-02,4.000001e-02,4.368478e-02,4.750547e-02,5.148036e-02,5.560571e-02,5.974416e-02,6.390565e-02,6.809219e-02,7.227092e-02,7.644973e-02,8.061700e-02,8.478663e-02,8.913286e-02,9.335106e-02,9.757403e-02,1.018319e-01,1.061162e-01,1.104526e-01,1.148029e-01,1.192069e-01,1.236311e-01,1.280785e-01,1.325590e-01,1.374144e-01,1.419329e-01,1.464735e-01,1.508845e-01,1.554018e-01,1.598989e-01,1.643732e-01,1.688354e-01,1.732271e-01,1.775622e-01,1.818306e-01,1.860168e-01,1.901578e-01,1.942329e-01,1.981119e-01,2.019509e-01,2.057138e-01,2.093575e-01,2.128095e-01,2.162613e-01,2.195814e-01,2.225669e-01,2.255622e-01,2.283114e-01,2.310712e-01,2.335884e-01,2.361194e-01,2.384026e-01,2.406887e-01,2.427691e-01,2.448383e-01,2.467235e-01,2.486194e-01,2.506698e-01,2.526100e-01,2.546917e-01,2.566823e-01,2.586721e-01,2.608036e-01,2.628159e-01,2.649831e-01,2.668720e-01,2.688948e-01,2.709146e-01,2.727858e-01,2.747723e-01,2.767593e-01,2.787284e-01,2.805256e-01,2.824293e-01,2.843175e-01,2.861691e-01,2.879654e-01,2.897368e-01,2.914377e-01,2.930825e-01,2.946807e-01,2.961970e-01,2.976409e-01,2.990013e-01,3.002842e-01,3.011873e-01,3.022635e-01,3.033413e-01,3.044271e-01,3.055073e-01,3.066063e-01,3.077204e-01,3.086556e-01,3.097822e-01,3.109046e-01,3.118617e-01,3.130167e-01,3.139876e-01,3.149556e-01,3.159381e-01,3.169284e-01,3.181062e-01,3.191110e-01,3.201165e-01,3.211208e-01,3.221387e-01,3.231623e-01,3.241800e-01,3.250144e-01,3.260576e-01,3.271079e-01,3.281503e-01,3.292177e-01,3.300762e-01,3.311545e-01,3.320251e-01,3.329059e-01,3.340093e-01,3.349014e-01,3.357986e-01,3.366996e-01,3.376044e-01,3.385158e-01,3.394407e-01,3.403627e-01,3.412846e-01,3.422188e-01,3.429252e-01,3.438718e-01,3.448086e-01,3.454945e-01,3.464465e-01,3.474013e-01,3.483374e-01,3.490539e-01,3.497749e-01,3.507233e-01,3.514356e-01,3.521657e-01,3.531457e-01,3.538776e-01,3.546126e-01,3.553614e-01,3.563576e-01,3.571114e-01,3.578717e-01,3.586416e-01,3.594058e-01,3.601844e-01,3.609666e-01,3.617643e-01,3.625554e-01,3.633566e-01,3.641489e-01,3.649608e-01,3.657735e-01,3.663229e-01,3.671421e-01,3.676991e-01,3.685234e-01,3.693484e-01,3.699275e-01,3.707658e-01,3.713282e-01,3.721717e-01,3.727436e-01,3.735824e-01,3.741590e-01,3.747291e-01,3.753091e-01,3.761587e-01,3.767336e-01,3.773036e-01,3.778874e-01,3.787427e-01,3.793237e-01,3.798987e-01,3.804790e-01,3.810439e-01,3.816228e-01,3.822200e-01,3.827992e-01,3.833874e-01,3.839740e-01,3.845772e-01,3.848812e-01,3.854835e-01,3.861042e-01,3.867161e-01,3.870346e-01,3.876551e-01,3.882977e-01,3.889098e-01,3.892415e-01,3.898678e-01,3.905016e-01,3.908325e-01,3.911602e-01,3.918094e-01,3.921352e-01,3.927605e-01,3.931042e-01,3.937440e-01,3.940658e-01,3.943862e-01,3.947215e-01,3.950337e-01,3.953502e-01,3.956910e-01,3.960180e-01,3.963380e-01,3.966473e-01,3.969790e-01,3.973045e-01,3.976306e-01,3.979477e-01,3.982761e-01,3.985983e-01,3.989326e-01,3.992817e-01,3.996000e-01,3.998919e-01,4.002177e-01,4.005551e-01,4.008832e-01,4.011972e-01,4.014685e-01,4.017756e-01,4.020826e-01,4.023823e-01,4.026928e-01,4.029896e-01,4.032815e-01,4.035366e-01,4.037759e-01,4.040457e-01,4.043053e-01,4.045562e-01,4.048262e-01,4.050711e-01,4.052100e-01,4.054018e-01,4.056241e-01,4.058625e-01,4.060492e-01,4.060895e-01,4.062623e-01,4.064656e-01,4.066255e-01,4.067929e-01,4.069131e-01,4.070733e-01,4.072677e-01,4.072786e-01,4.070873e-01,4.070783e-01,4.071729e-01,4.071640e-01,4.071492e-01,4.071402e-01,4.071911e-01,4.072561e-01,4.073669e-01,4.075088e-01,4.076139e-01,4.076449e-01,4.078604e-01,4.081518e-01,4.084146e-01,4.086667e-01,4.089198e-01,4.091928e-01,4.095205e-01,4.097704e-01,4.100887e-01,4.103737e-01,4.106142e-01,4.109233e-01,4.111540e-01,4.114299e-01,4.117265e-01,4.120536e-01,4.123511e-01,4.127007e-01,4.130262e-01,4.133769e-01,4.137075e-01,4.140767e-01,4.144399e-01,4.148244e-01,4.151610e-01,4.155677e-01,4.159860e-01,4.163595e-01,4.167445e-01,4.171753e-01,4.175828e-01,4.179594e-01,4.183364e-01,4.187604e-01,4.191601e-01,4.195357e-01,4.199724e-01,4.203745e-01,4.207663e-01,4.211587e-01,4.215596e-01,4.219321e-01,4.223267e-01,4.227221e-01,4.231398e-01,4.235110e-01,4.239166e-01,4.243480e-01,4.247327e-01,4.251657e-01,4.255518e-01,4.259647e-01,4.263417e-01,4.267895e-01,4.271680e-01,4.275336e-01,4.279134e-01,4.283383e-01,4.287417e-01,4.291460e-01,4.295393e-01,4.299450e-01,4.303398e-01,4.307129e-01,4.310867e-01,4.314101e-01,4.317958e-01,4.321789e-01,4.325433e-01,4.328252e-01,4.331075e-01,4.334280e-01,4.337565e-01,4.340855e-01,4.344149e-01,4.347220e-01,4.350524e-01,4.353603e-01,4.356687e-01,4.359391e-01,4.362603e-01,4.365468e-01,4.368073e-01,4.370835e-01,4.373446e-01,4.376291e-01,4.379295e-01,4.382170e-01,4.384916e-01,4.387432e-01,4.390268e-01,4.392752e-01,4.395556e-01,4.397857e-01,4.400394e-01,4.402785e-01,4.405054e-01,4.407372e-01,4.409934e-01,4.412328e-01,4.414575e-01,4.416699e-01,4.418635e-01,4.420684e-01,4.422499e-01,4.424473e-01,4.426449e-01,4.428116e-01,4.429692e-01,4.431190e-01,4.432523e-01,4.433984e-01,4.435279e-01,4.436540e-01,4.437281e-01,4.438260e-01,4.439399e-01,4.440411e-01,4.441511e-01,4.442225e-01,4.442769e-01,4.443314e-01,4.443778e-01,4.444482e-01,4.444907e-01,4.445663e-01,4.446013e-01,4.446331e-01,4.446376e-01,4.446384e-01,4.446731e-01,4.447145e-01,4.447289e-01,4.447159e-01,4.446755e-01,4.446315e-01,4.445733e-01,4.445698e-01,4.445626e-01,4.445537e-01,4.444972e-01,4.444408e-01,4.444451e-01,4.444363e-01,4.444037e-01,4.443473e-01,4.442673e-01,4.442480e-01,4.442393e-01,4.442069e-01,4.441270e-01,4.440582e-01,4.440733e-01,4.441490e-01,4.441641e-01,4.440844e-01,4.440048e-01,4.439616e-01,4.439058e-01,4.438524e-01,4.437385e-01,4.436247e-01,4.435582e-01,4.435154e-01,4.433783e-01,4.431369e-01,4.428591e-01,4.426522e-01,4.424455e-01,4.421455e-01,4.416229e-01,4.410446e-01,4.405252e-01,4.400536e-01,4.396200e-01,4.391508e-01,4.385555e-01,4.377454e-01,4.366759e-01,4.356350e-01,4.348928e-01,4.342434e-01,4.334172e-01,4.322968e-01,4.311250e-01,4.303124e-01,4.297448e-01,4.292446e-01,4.286585e-01,4.279655e-01,4.273401e-01,4.267430e-01,4.261219e-01,4.257294e-01,4.255524e-01,4.253756e-01,4.252107e-01,4.250460e-01,4.248815e-01,4.247288e-01,4.245764e-01,4.246375e-01,4.244852e-01,4.245608e-01,4.246337e-01,4.246949e-01,4.245428e-01,4.246040e-01,4.246536e-01,4.247032e-01,4.245396e-01,4.243644e-01,4.244023e-01,4.244403e-01,4.244665e-01,4.245044e-01,4.245424e-01,4.243557e-01,4.243937e-01,4.244317e-01,4.244842e-01,4.243095e-01,4.243475e-01,4.241729e-01,4.242109e-01,4.242607e-01,4.242870e-01,4.241126e-01,4.241507e-01,4.241770e-01,4.242150e-01,4.240292e-01,4.240555e-01,4.240819e-01,4.241082e-01,4.241228e-01,4.241492e-01,4.241755e-01,4.244140e-01,4.244404e-01,4.244668e-01,4.244931e-01,4.245195e-01,4.245459e-01,4.241655e-01,4.244038e-01,4.244302e-01,4.244566e-01,4.244830e-01,4.243148e-01,4.243295e-01,4.245679e-01,4.245943e-01,4.242143e-01,4.242289e-01,4.244789e-01,4.243109e-01,4.243520e-01,4.241959e-01,4.242341e-01,4.242723e-01,4.239169e-01,4.239668e-01,4.238230e-01,4.238730e-01,4.235186e-01,4.235803e-01,4.234370e-01,4.230954e-01,4.233673e-01,4.230142e-01,4.230759e-01,4.229480e-01,4.229980e-01,4.228555e-01,4.225038e-01,4.225538e-01,4.221911e-01,4.222293e-01,4.220759e-01,4.217027e-01,4.219376e-01,4.215648e-01,4.214004e-01,4.214154e-01,4.210437e-01,4.208800e-01,4.209066e-01,4.205361e-01,4.203879e-01,4.204261e-01,4.202747e-01,4.199173e-01,4.199555e-01,4.195988e-01,4.196370e-01,4.192811e-01,4.189375e-01,4.191806e-01,4.188258e-01,4.184832e-01,4.187258e-01,4.183720e-01,4.184101e-01,4.180571e-01,4.177048e-01,4.177429e-01,4.173950e-01,4.174331e-01,4.170708e-01,4.169064e-01,4.165453e-01,4.163701e-01,4.160101e-01,4.158355e-01,4.154653e-01,4.154920e-01,4.149337e-01,4.149603e-01,4.147869e-01,4.142310e-01,4.140737e-01,4.139013e-01,4.135468e-01,4.133750e-01,4.132034e-01,4.128503e-01,4.126793e-01,4.125085e-01,4.123379e-01,4.117901e-01,4.116202e-01,4.114506e-01,4.112811e-01,4.109162e-01,4.107474e-01,4.103837e-01,4.102154e-01,4.104209e-01,4.093131e-01,4.095177e-01,4.095284e-01,4.095390e-01,4.093559e-01,4.089954e-01,4.088129e-01,4.084535e-01,4.080950e-01,4.081058e-01,4.075562e-01,4.071996e-01,4.066529e-01,4.064731e-01,4.059287e-01,4.053860e-01,4.048450e-01,4.043057e-01,4.037839e-01,4.027026e-01,4.023408e-01,4.012683e-01,4.007400e-01,4.002134e-01,3.998570e-01,3.995013e-01,3.982638e-01,3.973820e-01,3.965047e-01,3.961560e-01,3.954639e-01,3.946108e-01,3.937372e-01,3.923632e-01,3.909999e-01,3.903138e-01,3.888078e-01,3.878148e-01,3.868276e-01,3.863519e-01,3.853827e-01,3.844191e-01,3.836146e-01,3.823277e-01,3.808852e-01,3.791410e-01,3.777249e-01,3.760254e-01,3.749666e-01,3.732943e-01,3.723966e-01,3.710392e-01,3.698473e-01,3.685103e-01,3.676291e-01,3.663097e-01,3.654401e-01,3.645629e-01,3.649809e-01,3.656979e-01,3.658372e-01,3.645238e-01,3.632085e-01,3.623435e-01,3.614746e-01,3.601834e-01,3.594593e-01,3.584407e-01,3.567552e-01,3.546658e-01,3.520737e-01,3.492322e-01,3.467008e-01,3.438006e-01,3.405628e-01,3.378880e-01,3.351120e-01,3.328467e-01,3.304654e-01,3.293019e-01,3.261547e-01,3.225118e-01,3.179705e-01,3.140069e-01,3.084579e-01,3.027291e-01,2.976005e-01,2.918845e-01,2.877545e-01,2.822400e-01,2.772680e-01,2.723137e-01,2.669136e-01,2.614434e-01,2.580585e-01,2.537841e-01,2.483032e-01,2.437027e-01,2.390341e-01,2.353732e-01,2.310198e-01,2.267292e-01,2.227934e-01,2.195142e-01,2.166407e-01,2.132553e-01,2.099742e-01,2.073468e-01,2.040851e-01,2.013513e-01,1.986893e-01,1.961791e-01,1.941396e-01,1.921445e-01,1.899750e-01,1.879159e-01,1.859031e-01,1.842302e-01,1.827260e-01,1.811197e-01,1.794629e-01,1.779043e-01,1.767117e-01,1.752099e-01,1.737227e-01,1.725844e-01,1.714606e-01,1.707396e-01,1.697018e-01,1.686740e-01,1.680350e-01,1.670877e-01,1.664507e-01,1.659339e-01,1.653153e-01,1.647484e-01,1.642419e-01,1.636919e-01,1.631360e-01,1.626370e-01,1.624292e-01,1.619440e-01,1.618478e-01,1.617518e-01,1.616653e-01,1.612844e-01,1.611345e-01,1.611033e-01,1.610081e-01,1.613061e-01,1.612202e-01,1.611817e-01,1.610437e-01,1.612893e-01,1.611511e-01,1.614516e-01,1.616984e-01,1.620653e-01,1.620286e-01,1.622313e-01,1.627691e-01,1.630870e-01,1.633942e-01,1.639489e-01,1.644975e-01,1.651162e-01,1.659720e-01,1.666012e-01,1.672812e-01,1.681094e-01,1.686822e-01,1.695835e-01,1.704815e-01,1.710800e-01,1.723152e-01,1.729883e-01,1.739210e-01,1.748715e-01,1.756173e-01,1.769268e-01,1.775034e-01,1.783511e-01,1.792840e-01,1.802829e-01,1.809484e-01,1.818965e-01,1.828652e-01,1.836189e-01,1.850340e-01,1.857333e-01,1.868025e-01,1.879681e-01,1.889286e-01,1.897937e-01,1.908447e-01,1.922003e-01,1.933544e-01,1.941929e-01,1.953554e-01,1.966261e-01,1.974086e-01,1.987746e-01,1.998206e-01,2.013121e-01,2.022029e-01,2.031989e-01,2.046378e-01,2.055700e-01,2.065104e-01,2.080879e-01,2.090507e-01,2.101130e-01,2.111729e-01,2.121635e-01,2.136386e-01,2.143477e-01,2.159618e-01,2.171770e-01,2.177138e-01,2.187515e-01,2.205310e-01,2.212813e-01,2.224542e-01,2.236494e-01,2.248471e-01,2.260712e-01,2.267565e-01,2.279870e-01,2.291406e-01,2.297253e-01,2.310055e-01,2.317275e-01,2.327966e-01,2.341143e-01,2.347317e-01,2.361852e-01,2.368238e-01,2.378234e-01,2.384705e-01,2.398515e-01,2.404907e-01,2.411477e-01,2.424346e-01,2.432043e-01,2.438715e-01,2.450597e-01,2.458416e-01,2.465229e-01,2.472035e-01,2.486575e-01,2.493496e-01,2.500454e-01,2.508587e-01,2.515627e-01,2.522704e-01,2.532293e-01,2.540093e-01,2.543902e-01,2.550287e-01,2.555517e-01,2.559974e-01,2.565932e-01,2.571929e-01,2.577079e-01,2.583884e-01,2.589233e-01,2.596547e-01,2.600609e-01,2.606748e-01,2.612808e-01,2.619050e-01,2.624585e-01,2.632142e-01,2.638520e-01,2.641961e-01,2.650364e-01,2.652394e-01,2.659352e-01,2.665051e-01,2.669963e-01,2.677664e-01,2.682684e-01,2.691336e-01,2.694648e-01,2.702597e-01,2.708931e-01,2.713898e-01,2.717357e-01,2.723708e-01,2.727983e-01,2.736760e-01,2.743359e-01,2.752168e-01,2.761259e-01,2.768774e-01,2.772205e-01,2.780533e-01,2.785576e-01,2.792389e-01,2.798521e-01,2.804518e-01,2.810579e-01,2.819185e-01,2.824419e-01,2.830686e-01,2.836124e-01,2.842263e-01,2.846809e-01,2.853008e-01,2.855123e-01,2.861449e-01,2.865961e-01,2.873211e-01,2.877922e-01,2.884180e-01,2.888037e-01,2.892794e-01,2.896508e-01,2.902186e-01,2.905025e-01,2.909007e-01,2.915561e-01,2.920237e-01,2.926003e-01,2.929798e-01,2.931176e-01,2.936065e-01,2.938966e-01,2.942114e-01,2.945027e-01,2.948186e-01,2.948411e-01,2.953413e-01,2.958294e-01,2.963100e-01,2.964426e-01,2.968315e-01,2.971442e-01,2.975348e-01,2.973018e-01,2.978672e-01,2.981758e-01,2.984760e-01,2.985171e-01,2.988179e-01,2.989461e-01,2.989784e-01,2.988300e-01,2.993134e-01,2.990775e-01,2.987613e-01,2.986912e-01,2.987385e-01,2.980372e-01,2.979039e-01,2.976524e-01,2.975257e-01,2.966519e-01,2.962488e-01,2.959154e-01,2.954299e-01,2.950064e-01,2.944325e-01,2.939224e-01,2.934441e-01,2.925960e-01,2.921226e-01,2.912826e-01,2.907304e-01,2.907527e-01,2.926112e-01,2.917688e-01,2.913868e-01,2.907346e-01,2.900963e-01,2.892751e-01,2.888125e-01,2.881669e-01,2.874609e-01,2.866556e-01,2.860367e-01,2.849844e-01,2.842788e-01,2.836654e-01,2.827154e-01,2.819488e-01,2.810940e-01,2.801498e-01,2.794047e-01,2.785539e-01,2.779616e-01,2.773558e-01,2.766790e-01,2.757084e-01,2.751129e-01,2.743620e-01,2.736377e-01,2.729016e-01,2.720141e-01,2.712257e-01,2.705736e-01,2.697719e-01,2.690732e-01,2.686465e-01,2.680073e-01,2.674559e-01,2.668227e-01,2.659760e-01,2.656492e-01,2.651602e-01,2.644650e-01,2.637736e-01,2.633085e-01,2.626233e-01,2.622900e-01,2.617479e-01,2.614325e-01,2.608884e-01,2.604234e-01,2.598884e-01,2.595122e-01,2.591216e-01,2.587967e-01,2.584726e-01,2.582191e-01,2.578425e-01,2.577978e-01,2.578065e-01,2.577468e-01,2.575586e-01,2.578348e-01,2.579877e-01,2.581310e-01,2.581293e-01,2.583368e-01,2.587486e-01,2.588811e-01,2.590196e-01,2.589592e-01,2.590276e-01,2.591007e-01,2.591202e-01,2.590646e-01,2.589332e-01,2.586084e-01,2.583495e-01,2.583526e-01,2.579552e-01,2.576977e-01,2.575044e-01,2.571098e-01,2.566430e-01,2.563781e-01,2.561878e-01,2.559866e-01,2.556549e-01,2.553241e-01,2.550621e-01,2.549938e-01,2.547269e-01,2.547256e-01,2.546575e-01,2.547239e-01,2.544633e-01,2.544620e-01,2.545282e-01,2.547242e-01,2.547905e-01,2.549237e-01,2.551202e-01,2.555881e-01,2.561213e-01,2.561246e-01,2.563331e-01,2.566049e-01,2.567454e-01,2.572926e-01,2.576354e-01,2.577134e-01,2.579243e-01,2.579234e-01,2.581346e-01,2.579468e-01,2.578285e-01,2.575087e-01,2.572586e-01,2.572042e-01,2.574832e-01,2.576302e-01,2.576293e-01,2.579148e-01,2.578023e-01,2.580188e-01,2.581663e-01,2.583245e-01,2.583292e-01,2.586161e-01,2.591025e-01,2.592568e-01,2.593471e-01,2.598253e-01,2.599111e-01,2.602023e-01,2.603578e-01,2.607148e-01,2.608504e-01,2.609970e-01,2.608768e-01,2.609574e-01,2.610332e-01,2.611740e-01,2.610983e-01,2.612451e-01,2.614571e-01,2.618119e-01,2.616803e-01,2.618774e-01,2.620191e-01,2.620953e-01,2.625174e-01,2.624566e-01,2.625331e-01,2.626861e-01,2.626145e-01,2.629662e-01,2.630479e-01,2.630626e-01,2.627254e-01,2.628776e-01,2.630085e-01,2.628855e-01,2.626126e-01,2.626264e-01,2.625686e-01,2.624237e-01,2.625688e-01,2.627140e-01,2.624465e-01,2.624329e-01,2.625006e-01,2.618842e-01,2.614718e-01,2.607636e-01,2.600682e-01,2.597911e-01,2.593652e-01,2.588229e-01,2.575883e-01,2.562349e-01,2.556858e-01,2.546054e-01,2.527424e-01,2.514200e-01,2.503710e-01,2.486879e-01,2.468910e-01,2.451345e-01,2.432808e-01,2.415561e-01,2.385686e-01,2.368119e-01,2.326962e-01,2.296919e-01,2.265538e-01,2.240158e-01,2.204058e-01,2.177867e-01,2.141785e-01,2.113083e-01,2.062688e-01,2.021574e-01,1.982044e-01,1.935927e-01,1.894953e-01,1.844122e-01,1.797246e-01,1.724210e-01,1.670313e-01,1.617717e-01,1.568037e-01,1.509729e-01,1.460908e-01,1.385686e-01,1.332693e-01,1.282636e-01,1.234150e-01,1.182838e-01,1.121842e-01,1.074481e-01,1.032978e-01,9.933179e-02,9.536820e-02,9.067185e-02,8.729991e-02,8.429735e-02,8.154915e-02,7.917166e-02,7.572172e-02,7.367941e-02,7.178416e-02,6.979369e-02,6.780012e-02,6.588995e-02,6.461764e-02,6.338802e-02,6.219717e-02,6.103314e-02,5.991611e-02,5.929143e-02,5.823647e-02,5.765916e-02,5.664472e-02,5.612047e-02,5.559508e-02,5.509499e-02,5.461137e-02,5.414269e-02,5.368081e-02,5.363505e-02,5.315733e-02,5.310480e-02,5.266595e-02,5.259903e-02,5.256243e-02,5.253409e-02,5.210213e-02,5.207325e-02,5.203635e-02,5.201490e-02,5.239391e-02,5.238645e-02,5.237130e-02,5.234032e-02,5.271597e-02,5.271504e-02,5.311823e-02,5.311807e-02,5.350353e-02,5.391024e-02,5.391892e-02,5.433208e-02,5.475054e-02,5.517452e-02,5.562151e-02,5.562443e-02,5.607025e-02,5.654649e-02,5.699625e-02,5.746834e-02,5.792170e-02,5.840706e-02,5.889997e-02,5.939006e-02,5.988709e-02,6.039071e-02,6.090202e-02,6.141970e-02,6.194526e-02,6.247911e-02,6.300041e-02,6.353868e-02,6.461520e-02,6.462983e-02,6.575899e-02,6.634987e-02,6.638746e-02,6.738002e-02,6.795996e-02,6.869601e-02,6.923165e-02,7.010637e-02,7.062233e-02,7.109349e-02,7.198048e-02,7.257738e-02,7.334356e-02,7.391576e-02,7.484907e-02,7.535562e-02,7.621781e-02,7.685751e-02,7.741532e-02,7.831928e-02,7.894245e-02,7.982827e-02,8.037738e-02,8.124400e-02,8.180631e-02,8.263147e-02,8.329849e-02,8.401171e-02,8.459337e-02,8.544659e-02,8.604556e-02,8.681768e-02,8.739653e-02,8.822606e-02,8.878207e-02,8.959545e-02,9.018938e-02,9.063127e-02,9.147768e-02,9.233791e-02,9.288166e-02,9.361638e-02,9.417330e-02,9.490904e-02,9.535049e-02,9.614441e-02,9.655354e-02,9.720623e-02,9.764350e-02,9.844781e-02,9.887283e-02,9.948892e-02,9.985441e-02,1.005722e-01,1.008240e-01,1.012037e-01,1.015803e-01,1.020811e-01,1.027091e-01,1.027352e-01,1.032460e-01,1.035112e-01,1.039133e-01,1.038144e-01,1.043347e-01,1.046152e-01,1.048866e-01,1.050416e-01,1.050688e-01,1.056002e-01,1.054984e-01,1.057845e-01,1.059418e-01,1.059694e-01,1.061272e-01,1.060246e-01,1.064333e-01,1.067239e-01,1.066187e-01,1.067783e-01,1.066745e-01,1.067024e-01,1.068621e-01,1.067582e-01,1.069181e-01,1.070676e-01,1.070971e-01,1.071267e-01,1.070287e-01,1.070598e-01,1.074771e-01,1.072407e-01,1.076608e-01,1.074237e-01,1.078420e-01,1.081298e-01,1.081473e-01,1.084350e-01,1.087226e-01,1.088750e-01,1.092940e-01,1.095856e-01,1.097402e-01,1.098936e-01,1.104558e-01,1.104724e-01,1.109004e-01,1.112012e-01,1.114985e-01,1.116595e-01,1.122425e-01,1.122627e-01,1.127046e-01,1.128717e-01,1.131716e-01,1.136252e-01,1.137932e-01,1.138139e-01,1.142649e-01,1.144329e-01,1.147441e-01,1.147635e-01,1.152213e-01,1.153918e-01,1.157003e-01,1.157200e-01,1.161902e-01,1.162101e-01,1.165241e-01,1.166980e-01,1.170145e-01,1.170403e-01,1.173600e-01,1.175361e-01,1.178565e-01,1.178752e-01,1.181973e-01,1.183799e-01,1.185457e-01,1.190288e-01,1.190479e-01,1.193740e-01,1.195406e-01,1.198751e-01,1.198927e-01,1.202229e-01,1.205548e-01,1.204111e-01,1.207499e-01,1.210844e-01,1.212553e-01,1.212749e-01,1.214463e-01,1.217842e-01,1.219630e-01,1.223035e-01,1.226456e-01,1.229895e-01,1.228406e-01,1.231854e-01,1.233696e-01,1.237171e-01,1.238947e-01,1.240727e-01,1.240995e-01,1.242763e-01,1.244553e-01,1.248082e-01,1.249868e-01,1.251723e-01,1.250169e-01,1.253727e-01,1.255510e-01,1.257380e-01,1.255813e-01,1.257619e-01,1.259412e-01,1.257887e-01,1.259699e-01,1.261497e-01,1.263299e-01,1.265107e-01,1.266919e-01,1.265378e-01,1.265390e-01,1.267203e-01,1.269020e-01,1.270843e-01,1.272736e-01,1.274550e-01,1.276386e-01,1.276398e-01,1.278222e-01,1.280050e-01,1.281931e-01,1.281926e-01,1.283745e-01,1.285551e-01,1.285595e-01,1.287388e-01,1.289185e-01,1.289143e-01,1.294495e-01,1.294502e-01,1.296318e-01,1.296258e-01,1.301664e-01,1.301690e-01,1.303525e-01,1.307096e-01,1.308944e-01,1.308921e-01,1.314493e-01,1.314451e-01,1.318077e-01,1.319954e-01,1.325594e-01,1.329257e-01,1.331145e-01,1.334837e-01,1.334775e-01,1.340441e-01,1.340450e-01,1.346179e-01,1.349948e-01,1.349886e-01,1.355708e-01,1.355665e-01,1.359594e-01,1.363451e-01,1.363447e-01,1.367363e-01,1.371300e-01,1.371369e-01,1.375366e-01,1.375382e-01,1.381484e-01,1.381595e-01,1.385665e-01,1.389757e-01,1.389832e-01,1.393966e-01,1.394118e-01,1.398295e-01,1.398391e-01,1.402590e-01,1.402764e-01,1.406986e-01,1.407104e-01,1.411370e-01,1.411565e-01,1.411683e-01,1.415973e-01,1.413913e-01,1.414109e-01,1.414247e-01,1.418551e-01,1.418670e-01,1.418867e-01,1.419006e-01,1.419125e-01,1.415055e-01,1.413075e-01,1.413193e-01,1.409155e-01,1.405117e-01,1.398984e-01,1.399177e-01,1.395191e-01,1.387185e-01,1.381192e-01,1.377298e-01,1.369549e-01,1.363674e-01,1.355970e-01,1.352203e-01,1.342631e-01,1.335138e-01,1.325850e-01,1.318523e-01,1.305745e-01,1.298614e-01,1.286158e-01,1.279216e-01,1.270541e-01,1.260360e-01,1.251973e-01,1.240330e-01,1.233836e-01,1.222488e-01,1.214497e-01,1.205094e-01,1.197301e-01,1.186536e-01,1.180586e-01,1.170082e-01,1.164220e-01,1.156884e-01,1.146729e-01,1.139568e-01,1.132485e-01,1.125477e-01,1.120035e-01,1.113144e-01,1.106343e-01,1.096944e-01,1.090313e-01,1.087732e-01,1.081196e-01,1.077304e-01,1.069546e-01,1.065788e-01,1.059477e-01,1.057020e-01,1.053277e-01,1.049541e-01,1.045843e-01,1.039718e-01,1.036079e-01,1.032447e-01,1.026456e-01,1.020524e-01,1.015767e-01,1.012296e-01,1.005292e-01,9.995667e-02,9.961491e-02,9.927512e-02,9.859890e-02,9.826495e-02,9.793291e-02,9.760275e-02,9.716158e-02,9.662113e-02,9.618742e-02,9.586712e-02,9.554861e-02,9.523187e-02,9.480860e-02,9.449949e-02,9.408303e-02,9.397845e-02,9.356447e-02,9.346083e-02,9.325207e-02,9.334941e-02,9.314105e-02,9.303816e-02,9.303022e-02,9.312718e-02,9.281373e-02,9.311128e-02,9.290237e-02,9.289443e-02,9.279059e-02,9.298321e-02,9.287783e-02,9.266503e-02,9.255306e-02,9.244845e-02,9.243919e-02,9.223132e-02,9.202420e-02,9.211804e-02,9.160901e-02,9.140282e-02,9.130028e-02,9.109655e-02,9.069592e-02,9.049440e-02,9.020209e-02,8.979985e-02,8.951123e-02,8.931398e-02,8.911876e-02,8.873373e-02,8.834781e-02,8.825199e-02,8.787445e-02,8.768566e-02,8.749754e-02,8.731007e-02,8.702653e-02,8.702035e-02,8.683584e-02,8.682966e-02,8.664581e-02,8.645498e-02,8.654025e-02,8.644122e-02,8.625870e-02,8.607682e-02,8.607197e-02,8.588448e-02,8.587964e-02,8.605116e-02,8.586996e-02,8.586512e-02,8.558570e-02,8.558215e-02,8.557732e-02,8.557250e-02,8.538546e-02,8.520653e-02,8.502822e-02,8.475932e-02,8.475453e-02,8.456657e-02,8.439044e-02,8.412483e-02,8.411880e-02,8.384733e-02,8.392838e-02,8.366510e-02,8.340073e-02,8.339474e-02,8.312705e-02,8.295450e-02,8.269618e-02,8.268786e-02,8.226082e-02,8.209117e-02,8.200012e-02,8.183133e-02,8.140801e-02,8.123996e-02,8.099028e-02,8.082141e-02,8.040882e-02,8.000392e-02,7.975707e-02,7.974885e-02,7.934063e-02,7.917818e-02,7.893303e-02,7.877068e-02,7.836817e-02,4.041497e-03,4.041497e-03,4.041497e-03,4.041497e-03,4.041497e-03,4.041497e-03,4.041497e-03,4.041497e-03,4.041497e-03,4.041497e-03,4.041497e-03,4.041497e-03,4.041497e-03,4.041497e-03,4.041497e-03,4.041497e-03,4.041497e-03,4.041497e-03,4.041497e-03,4.041497e-03,4.041497e-03,4.041497e-03,4.041497e-03,4.041497e-03,4.041497e-03,4.041497e-03,4.041497e-03,4.041497e-03,4.041497e-03,4.041497e-03,4.041497e-03,4.041497e-03,4.041497e-03,4.041497e-03,4.041497e-03,4.041497e-03,4.041497e-03,4.041497e-03,4.041497e-03,4.041497e-03,4.041497e-03,4.041497e-03,4.041497e-03,4.041497e-03,4.041497e-03,4.041497e-03,4.041497e-03,4.041497e-03,4.041497e-03,4.041497e-03,4.041497e-03,4.041497e-03,4.041497e-03,4.041497e-03,4.041497e-03,4.041497e-03,4.041497e-03,4.041497e-03,4.041497e-03,4.041497e-03,4.041497e-03,4.041497e-03,4.041497e-03,4.041497e-03,4.041497e-03,4.041497e-03,4.041497e-03,4.041497e-03,4.041497e-03,4.041497e-03,4.041497e-03,4.041497e-03,4.041497e-03,4.041497e-03,4.041497e-03,4.041497e-03,4.041497e-03,4.041497e-03,4.041497e-03,4.041497e-03,4.041497e-03,4.041497e-03,4.041497e-03,4.041497e-03,4.041497e-03,4.041497e-03,4.041497e-03,4.041497e-03,4.041497e-03,4.041497e-03,4.041497e-03,4.041497e-03,4.041497e-03,4.041497e-03,4.041497e-03,4.041497e-03,4.041497e-03,4.041497e-03,4.041497e-03,4.041497e-03,4.041497e-03,4.041497e-03,4.041497e-03,4.041497e-03,4.041497e-03,4.041497e-03,4.041497e-03,4.041497e-03,4.041497e-03,4.041497e-03,4.041497e-03,4.041497e-03,4.041497e-03,4.041497e-03,4.041497e-03,4.041497e-03,4.041497e-03,4.041497e-03,4.041497e-03,4.041497e-03,4.041497e-03,4.041497e-03,4.041497e-03,4.041497e-03,4.041497e-03,4.041497e-03,4.041497e-03,4.041497e-03,4.041497e-03,4.041497e-03,4.041497e-03,4.041497e-03,4.041497e-03,4.041497e-03,4.041497e-03,4.041497e-03,4.041497e-03,4.041497e-03,4.041497e-03,4.041497e-03,4.041497e-03,4.041497e-03,4.041497e-03,4.041497e-03,4.041497e-03,4.041497e-03,4.041497e-03,4.041497e-03,4.041497e-03,4.041497e-03,4.041497e-03,4.041497e-03,4.041497e-03,4.041497e-03,4.041497e-03,4.041497e-03,4.041497e-03,4.041497e-03,4.041497e-03,4.041497e-03,4.041497e-03
2.448081e-02,2.451237e-02,2.454468e-02,2.457955e-02,2.462146e-02,2.467630e-02,2.473217e-02,2.479786e-02,2.486533e-02,2.492878e-02,2.499387e-02,2.504567e-02,2.510929e-02,2.518460e-02,2.525690e-02,2.533815e-02,2.541834e-02,2.549206e-02,2.556977e-02,2.563957e-02,2.569969e-02,2.574427e-02,2.578263e-02,2.582322e-02,2.587928e-02,2.592538e-02,2.596397e-02,2.598940e-02,2.601620e-02,2.605016e-02,2.606297e-02,2.605664e-02,2.605885e-02,2.606871e-02,2.609146e-02,2.611686e-02,2.613250e-02,2.616390e-02,2.619470e-02,2.622844e-02,2.627927e-02,2.637671e-02,2.648674e-02,2.659611e-02,2.672485e-02,2.688425e-02,2.704656e-02,2.721144e-02,2.742572e-02,2.766960e-02,2.794043e-02,2.824026e-02,2.856657e-02,2.889482e-02,2.922253e-02,2.953956e-02,2.985808e-02,3.017532e-02,3.047709e-02,3.075924e-02,3.101751e-02,3.126519e-02,3.148391e-02,3.168187e-02,3.189236e-02,3.209577e-02,3.228933e-02,3.246696e-02,3.262529e-02,3.278336e-02,3.293144e-02,3.304057e-02,3.314300e-02,3.323659e-02,3.331371e-02,3.338764e-02,3.346248e-02,3.355782e-02,3.364492e-02,3.374202e-02,3.385537e-02,3.399956e-02,3.417963e-02,3.438301e-02,3.462078e-02,3.490420e-02,3.523293e-02,3.559994e-02,3.602215e-02,3.649515e-02,3.701148e-02,3.755616e-02,3.814652e-02,3.879241e-02,3.946726e-02,4.018272e-02,4.095007e-02,4.176841e-02,4.262550e-02,4.352567e-02,4.448343e-02,4.546958e-02,4.651102e-02,4.759649e-02,4.872980e-02,4.990919e-02,5.113984e-02,5.244075e-02,5.381870e-02,5.519010e-02,5.661798e-02,5.806854e-02,5.955143e-02,6.115843e-02,6.280359e-02,6.441218e-02,6.605426e-02,6.771369e-02,6.938257e-02,7.106272e-02,7.273930e-02,7.434356e-02,7.593460e-02,7.744569e-02,7.891174e-02,8.026579e-02,8.152645e-02,8.271015e-02,8.384011e-02,8.484922e-02,8.581449e-02,8.668160e-02,8.755776e-02,8.829422e-02,8.900976e-02,8.963388e-02,9.024660e-02,9.076501e-02,9.129339e-02,9.175503e-02,9.226525e-02,9.266456e-02,9.302131e-02,9.347925e-02,9.387495e-02,9.436462e-02,9.480379e-02,9.534366e-02,9.581717e-02,9.633145e-02,9.688774e-02,9.738616e-02,9.784452e-02,9.838006e-02,9.883156e-02,9.916495e-02,9.933583e-02,9.955278e-02,9.966540e-02,9.973837e-02,9.982257e-02,9.999729e-02,1.000559e-01,1.001286e-01,1.001374e-01,1.001496e-01,1.000964e-01,9.994175e-02,9.978498e-02,9.960381e-02,9.936884e-02,9.909566e-02,9.878932e-02,9.850071e-02,9.820158e-02,9.789873e-02,9.760518e-02,9.736516e-02,9.714430e-02,9.695117e-02,9.676790e-02,9.667003e-02,9.657256e-02,9.649210e-02,9.641231e-02,9.638130e-02,9.636939e-02,9.633842e-02,9.632500e-02,9.633421e-02,9.637595e-02,9.641803e-02,9.647991e-02,9.652198e-02,9.664175e-02,9.678643e-02,9.693004e-02,9.709813e-02,9.726098e-02,9.740857e-02,9.745933e-02,9.753435e-02,9.756349e-02,9.751315e-02,9.733207e-02,9.714029e-02,9.688101e-02,9.647880e-02,9.607921e-02,9.561673e-02,9.512543e-02,9.454722e-02,9.398921e-02,9.341052e-02,9.276148e-02,9.218102e-02,9.155818e-02,9.100546e-02,9.048718e-02,8.997248e-02,8.957643e-02,8.917482e-02,8.889810e-02,8.862919e-02,8.846446e-02,8.831017e-02,8.820085e-02,8.820117e-02,8.817650e-02,8.821425e-02,8.817757e-02,8.816030e-02,8.802554e-02,8.778401e-02,8.748608e-02,8.700067e-02,8.642658e-02,8.562579e-02,8.470835e-02,8.368502e-02,8.252524e-02,8.125893e-02,7.996658e-02,7.857323e-02,7.716653e-02,7.574674e-02,7.440857e-02,7.310322e-02,7.187266e-02,7.082790e-02,6.984184e-02,6.898934e-02,6.819015e-02,6.745204e-02,6.665184e-02,6.577215e-02,6.480010e-02,6.368964e-02,6.243367e-02,6.100207e-02,5.947279e-02,5.777916e-02,5.607803e-02,5.432313e-02,5.259898e-02,5.092183e-02,4.930407e-02,4.788930e-02,4.658952e-02,4.550028e-02,4.450509e-02,4.371720e-02,4.306199e-02,4.254635e-02,4.211852e-02,4.186536e-02,4.167278e-02,4.171193e-02,4.186233e-02,4.238863e-02,4.311921e-02,4.451545e-02,4.619636e-02,4.864403e-02,5.149594e-02,5.516565e-02,5.932097e-02,6.410324e-02,6.942060e-02,7.543969e-02,8.195927e-02,8.898810e-02,9.650479e-02,1.045719e-01,1.129375e-01,1.214885e-01,1.302826e-01,1.392778e-01,1.482533e-01,1.571049e-01,1.658936e-01,1.746490e-01,1.830222e-01,1.911020e-01,1.989153e-01,2.064265e-01,2.136660e-01,2.206361e-01,2.273765e-01,2.342392e-01,2.406214e-01,2.468111e-01,2.528609e-01,2.587621e-01,2.645561e-01,2.701957e-01,2.757402e-01,2.811451e-01,2.864229e-01,2.915853e-01,2.971265e-01,3.020384e-01,3.068392e-01,3.113451e-01,3.158736e-01,3.202661e-01,3.245267e-01,3.286837e-01,3.326648e-01,3.365045e-01,3.401997e-01,3.437503e-01,3.471824e-01,3.504959e-01,3.535853e-01,3.565952e-01,3.594951e-01,3.622615e-01,3.648361e-01,3.673869e-01,3.698148e-01,3.719544e-01,3.740862e-01,3.760180e-01,3.779546e-01,3.797005e-01,3.814580e-01,3.830293e-01,3.846009e-01,3.860247e-01,3.874536e-01,3.887216e-01,3.899904e-01,3.913563e-01,3.926326e-01,3.940004e-01,3.952861e-01,3.965607e-01,3.979275e-01,3.991962e-01,4.005624e-01,4.017284e-01,4.029791e-01,4.042198e-01,4.053532e-01,4.065616e-01,4.077617e-01,4.089452e-01,4.100154e-01,4.111530e-01,4.122784e-01,4.133769e-01,4.144432e-01,4.155020e-01,4.165146e-01,4.174958e-01,4.184502e-01,4.193630e-01,4.202386e-01,4.210644e-01,4.218629e-01,4.224253e-01,4.231017e-01,4.237663e-01,4.244331e-01,4.250993e-01,4.257663e-01,4.264499e-01,4.270191e-01,4.276969e-01,4.283778e-01,4.289559e-01,4.296506e-01,4.302324e-01,4.308213e-01,4.314031e-01,4.319901e-01,4.326826e-01,4.332733e-01,4.338544e-01,4.344462e-01,4.350272e-01,4.356064e-01,4.361885e-01,4.366660e-01,4.372500e-01,4.378356e-01,4.384172e-01,4.390133e-01,4.394869e-01,4.400790e-01,4.405586e-01,4.410477e-01,4.416526e-01,4.421442e-01,4.426371e-01,4.431275e-01,4.436154e-01,4.441082e-01,4.446178e-01,4.451129e-01,4.455946e-01,4.460895e-01,4.464671e-01,4.469715e-01,4.474427e-01,4.477729e-01,4.482609e-01,4.487426e-01,4.491683e-01,4.495130e-01,4.498620e-01,4.502926e-01,4.506080e-01,4.509615e-01,4.514396e-01,4.517794e-01,4.521261e-01,4.524935e-01,4.529675e-01,4.533288e-01,4.536984e-01,4.540774e-01,4.544406e-01,4.548247e-01,4.552096e-01,4.555925e-01,4.559826e-01,4.563823e-01,4.567584e-01,4.571674e-01,4.575694e-01,4.578442e-01,4.582475e-01,4.585310e-01,4.589317e-01,4.593253e-01,4.596151e-01,4.600257e-01,4.602959e-01,4.607039e-01,4.609868e-01,4.613751e-01,4.616589e-01,4.619299e-01,4.621901e-01,4.625767e-01,4.628449e-01,4.631042e-01,4.633850e-01,4.637645e-01,4.640056e-01,4.642583e-01,4.645194e-01,4.647473e-01,4.649969e-01,4.652554e-01,4.654975e-01,4.657560e-01,4.660067e-01,4.662555e-01,4.663911e-01,4.666600e-01,4.669311e-01,4.672061e-01,4.673598e-01,4.676476e-01,4.679456e-01,4.682055e-01,4.683736e-01,4.686586e-01,4.689280e-01,4.690885e-01,4.692477e-01,4.695425e-01,4.696939e-01,4.699559e-01,4.701162e-01,4.704035e-01,4.705390e-01,4.706774e-01,4.708203e-01,4.709383e-01,4.710645e-01,4.712159e-01,4.713630e-01,4.714936e-01,4.715995e-01,4.717264e-01,4.718656e-01,4.720048e-01,4.721234e-01,4.722312e-01,4.723513e-01,4.724965e-01,4.726461e-01,4.727539e-01,4.728036e-01,4.728993e-01,4.730379e-01,4.731626e-01,4.732293e-01,4.732222e-01,4.732722e-01,4.733471e-01,4.734053e-01,4.734596e-01,4.735095e-01,4.735221e-01,4.733761e-01,4.733009e-01,4.733279e-01,4.732944e-01,4.732798e-01,4.732741e-01,4.731895e-01,4.729623e-01,4.727901e-01,4.727202e-01,4.727012e-01,4.724923e-01,4.720586e-01,4.718458e-01,4.717349e-01,4.715506e-01,4.713017e-01,4.710354e-01,4.708517e-01,4.707141e-01,4.702157e-01,4.692314e-01,4.686957e-01,4.683560e-01,4.678226e-01,4.672549e-01,4.667242e-01,4.663158e-01,4.659133e-01,4.656270e-01,4.654272e-01,4.651067e-01,4.646615e-01,4.645555e-01,4.646309e-01,4.646721e-01,4.646676e-01,4.646954e-01,4.647308e-01,4.648514e-01,4.649006e-01,4.650078e-01,4.651023e-01,4.651380e-01,4.652318e-01,4.652540e-01,4.653350e-01,4.654561e-01,4.656115e-01,4.657328e-01,4.659481e-01,4.661449e-01,4.663606e-01,4.665362e-01,4.668012e-01,4.670312e-01,4.673019e-01,4.675549e-01,4.678667e-01,4.681928e-01,4.684598e-01,4.687737e-01,4.691280e-01,4.694837e-01,4.697523e-01,4.700541e-01,4.703833e-01,4.707270e-01,4.710523e-01,4.714101e-01,4.717553e-01,4.720870e-01,4.724191e-01,4.727883e-01,4.730800e-01,4.734135e-01,4.737475e-01,4.741237e-01,4.744729e-01,4.748455e-01,4.752377e-01,4.756029e-01,4.759964e-01,4.763627e-01,4.767153e-01,4.770550e-01,4.774654e-01,4.778061e-01,4.781428e-01,4.784845e-01,4.789119e-01,4.792974e-01,4.796836e-01,4.800557e-01,4.804431e-01,4.808164e-01,4.811473e-01,4.814786e-01,4.817923e-01,4.821529e-01,4.825583e-01,4.828768e-01,4.830951e-01,4.833136e-01,4.835461e-01,4.838520e-01,4.841582e-01,4.844647e-01,4.847280e-01,4.850353e-01,4.852992e-01,4.855634e-01,4.858138e-01,4.860936e-01,4.863147e-01,4.865370e-01,4.867296e-01,4.869523e-01,4.872193e-01,4.874565e-01,4.876991e-01,4.879379e-01,4.881327e-01,4.883858e-01,4.885795e-01,4.888317e-01,4.889939e-01,4.892007e-01,4.893771e-01,4.895383e-01,4.897121e-01,4.899193e-01,4.901212e-01,4.902927e-01,4.904488e-01,4.905731e-01,4.907266e-01,4.908355e-01,4.909864e-01,4.911373e-01,4.912291e-01,4.913184e-01,4.914049e-01,4.914744e-01,4.915596e-01,4.916277e-01,4.916827e-01,4.916583e-01,4.916787e-01,4.917412e-01,4.917880e-01,4.918490e-01,4.918228e-01,4.917913e-01,4.917598e-01,4.917255e-01,4.917360e-01,4.917002e-01,4.917119e-01,4.916734e-01,4.916339e-01,4.915483e-01,4.914615e-01,4.914224e-01,4.914226e-01,4.913769e-01,4.912853e-01,4.911478e-01,4.910091e-01,4.908287e-01,4.907769e-01,4.907238e-01,4.906700e-01,4.905273e-01,4.903847e-01,4.903352e-01,4.902817e-01,4.901837e-01,4.900415e-01,4.898550e-01,4.897615e-01,4.897083e-01,4.896108e-01,4.894248e-01,4.892676e-01,4.892588e-01,4.893426e-01,4.893338e-01,4.891483e-01,4.889629e-01,4.888375e-01,4.886965e-01,4.885315e-01,4.882744e-01,4.880177e-01,4.878491e-01,4.877246e-01,4.874249e-01,4.869115e-01,4.863514e-01,4.859233e-01,4.854961e-01,4.848967e-01,4.838955e-01,4.827856e-01,4.817942e-01,4.808924e-01,4.800416e-01,4.791473e-01,4.780320e-01,4.765206e-01,4.745506e-01,4.726393e-01,4.712728e-01,4.700767e-01,4.685659e-01,4.665142e-01,4.643981e-01,4.629274e-01,4.618943e-01,4.609826e-01,4.599207e-01,4.586726e-01,4.575463e-01,4.564458e-01,4.553317e-01,4.546123e-01,4.542701e-01,4.539285e-01,4.536010e-01,4.532740e-01,4.529477e-01,4.526352e-01,4.523233e-01,4.523830e-01,4.520716e-01,4.521377e-01,4.522109e-01,4.522707e-01,4.519597e-01,4.520195e-01,4.520660e-01,4.521125e-01,4.517886e-01,4.514520e-01,4.514852e-01,4.515183e-01,4.515381e-01,4.515713e-01,4.516045e-01,4.512551e-01,4.512883e-01,4.513214e-01,4.513612e-01,4.510256e-01,4.510588e-01,4.507239e-01,4.507571e-01,4.508036e-01,4.508234e-01,4.504890e-01,4.505222e-01,4.505421e-01,4.505753e-01,4.502282e-01,4.502481e-01,4.502680e-01,4.502879e-01,4.502945e-01,4.503144e-01,4.503343e-01,4.507212e-01,4.507411e-01,4.507610e-01,4.507810e-01,4.508009e-01,4.508208e-01,4.504862e-01,4.508732e-01,4.508931e-01,4.509131e-01,4.509330e-01,4.509655e-01,4.509720e-01,4.513598e-01,4.513797e-01,4.510444e-01,4.510509e-01,4.514521e-01,4.514847e-01,4.515112e-01,4.515571e-01,4.515906e-01,4.516240e-01,4.513154e-01,4.513623e-01,4.514218e-01,4.514687e-01,4.511605e-01,4.512209e-01,4.512804e-01,4.509861e-01,4.514138e-01,4.511060e-01,4.511664e-01,4.512326e-01,4.512797e-01,4.513393e-01,4.510318e-01,4.510789e-01,4.507585e-01,4.507920e-01,4.508381e-01,4.505047e-01,4.508909e-01,4.505575e-01,4.505901e-01,4.505968e-01,4.502639e-01,4.502965e-01,4.503166e-01,4.499843e-01,4.500236e-01,4.500572e-01,4.501032e-01,4.497849e-01,4.498184e-01,4.495006e-01,4.495342e-01,4.492168e-01,4.489135e-01,4.493098e-01,4.489930e-01,4.486900e-01,4.490859e-01,4.487696e-01,4.488031e-01,4.484873e-01,4.481719e-01,4.482055e-01,4.478841e-01,4.479177e-01,4.475900e-01,4.472640e-01,4.469375e-01,4.465993e-01,4.462740e-01,4.459370e-01,4.455995e-01,4.456197e-01,4.449406e-01,4.449608e-01,4.446261e-01,4.439506e-01,4.436247e-01,4.432924e-01,4.429727e-01,4.426416e-01,4.423110e-01,4.419930e-01,4.416635e-01,4.413347e-01,4.410064e-01,4.403434e-01,4.400168e-01,4.396908e-01,4.393654e-01,4.386961e-01,4.383724e-01,4.377066e-01,4.373845e-01,4.373928e-01,4.360734e-01,4.360818e-01,4.357509e-01,4.354206e-01,4.347533e-01,4.340998e-01,4.334370e-01,4.327879e-01,4.321409e-01,4.318168e-01,4.308421e-01,4.302016e-01,4.292349e-01,4.285885e-01,4.276297e-01,4.266755e-01,4.257261e-01,4.247812e-01,4.238486e-01,4.222892e-01,4.213502e-01,4.198106e-01,4.188941e-01,4.179819e-01,4.170635e-01,4.161495e-01,4.143462e-01,4.128509e-01,4.113671e-01,4.104798e-01,4.093103e-01,4.081581e-01,4.066991e-01,4.046928e-01,4.027075e-01,4.012909e-01,3.993504e-01,3.979779e-01,3.966154e-01,3.958150e-01,3.944787e-01,3.931520e-01,3.918255e-01,3.899819e-01,3.878920e-01,3.855732e-01,3.835326e-01,3.815322e-01,3.803047e-01,3.783395e-01,3.771251e-01,3.754232e-01,3.739822e-01,3.723100e-01,3.711267e-01,3.694811e-01,3.683167e-01,3.669163e-01,3.666576e-01,3.666353e-01,3.661596e-01,3.645510e-01,3.627193e-01,3.613633e-01,3.600090e-01,3.582245e-01,3.568870e-01,3.551109e-01,3.529489e-01,3.503845e-01,3.472431e-01,3.437387e-01,3.407018e-01,3.369211e-01,3.326471e-01,3.290393e-01,3.249466e-01,3.211167e-01,3.168348e-01,3.140184e-01,3.089333e-01,3.035420e-01,2.974285e-01,2.923007e-01,2.852122e-01,2.782027e-01,2.716486e-01,2.644088e-01,2.592862e-01,2.523329e-01,2.459417e-01,2.397558e-01,2.330053e-01,2.264370e-01,2.221892e-01,2.170917e-01,2.106321e-01,2.052715e-01,2.000249e-01,1.958375e-01,1.910293e-01,1.863777e-01,1.820464e-01,1.784717e-01,1.754706e-01,1.719727e-01,1.686009e-01,1.658982e-01,1.626511e-01,1.599849e-01,1.573972e-01,1.549298e-01,1.529645e-01,1.510462e-01,1.490530e-01,1.471438e-01,1.452805e-01,1.438091e-01,1.424380e-01,1.410194e-01,1.395888e-01,1.382211e-01,1.372332e-01,1.359077e-01,1.346037e-01,1.336614e-01,1.327309e-01,1.321778e-01,1.312993e-01,1.304293e-01,1.299242e-01,1.291032e-01,1.286063e-01,1.281739e-01,1.276841e-01,1.272269e-01,1.268026e-01,1.263517e-01,1.259030e-01,1.254845e-01,1.253715e-01,1.249566e-01,1.249027e-01,1.248488e-01,1.247955e-01,1.244413e-01,1.243588e-01,1.243346e-01,1.242812e-01,1.245853e-01,1.245321e-01,1.245093e-01,1.244292e-01,1.247068e-01,1.246264e-01,1.249341e-01,1.252138e-01,1.255540e-01,1.255329e-01,1.257860e-01,1.263768e-01,1.266949e-01,1.270118e-01,1.276136e-01,1.282199e-01,1.288629e-01,1.298026e-01,1.304601e-01,1.311524e-01,1.320910e-01,1.327339e-01,1.337260e-01,1.347282e-01,1.353956e-01,1.367748e-01,1.374953e-01,1.385490e-01,1.396165e-01,1.403988e-01,1.418729e-01,1.425688e-01,1.436189e-01,1.447226e-01,1.458785e-01,1.466493e-01,1.477938e-01,1.489565e-01,1.497975e-01,1.514537e-01,1.522789e-01,1.535466e-01,1.548787e-01,1.561037e-01,1.570614e-01,1.583602e-01,1.598578e-01,1.612453e-01,1.622172e-01,1.636371e-01,1.651335e-01,1.660973e-01,1.676819e-01,1.688237e-01,1.705078e-01,1.715786e-01,1.727173e-01,1.744142e-01,1.755339e-01,1.766669e-01,1.784946e-01,1.796632e-01,1.809030e-01,1.821549e-01,1.833682e-01,1.852071e-01,1.859561e-01,1.879086e-01,1.893138e-01,1.899690e-01,1.912765e-01,1.933987e-01,1.942071e-01,1.956353e-01,1.970842e-01,1.985521e-01,2.000450e-01,2.008403e-01,2.023609e-01,2.038402e-01,2.045910e-01,2.061735e-01,2.070221e-01,2.084903e-01,2.101335e-01,2.109356e-01,2.126921e-01,2.135140e-01,2.149911e-01,2.158296e-01,2.175832e-01,2.184315e-01,2.192914e-01,2.210116e-01,2.219647e-01,2.228470e-01,2.245309e-01,2.255087e-01,2.264178e-01,2.273297e-01,2.292455e-01,2.301791e-01,2.311198e-01,2.321528e-01,2.331089e-01,2.340724e-01,2.352236e-01,2.362005e-01,2.368006e-01,2.376888e-01,2.384938e-01,2.393013e-01,2.401178e-01,2.410395e-01,2.417594e-01,2.428000e-01,2.435363e-01,2.444743e-01,2.451241e-01,2.459787e-01,2.468372e-01,2.477079e-01,2.484774e-01,2.494568e-01,2.503500e-01,2.509205e-01,2.520282e-01,2.524994e-01,2.533980e-01,2.542014e-01,2.548922e-01,2.557982e-01,2.566149e-01,2.576490e-01,2.582345e-01,2.591650e-01,2.599823e-01,2.606929e-01,2.611767e-01,2.620010e-01,2.626083e-01,2.636821e-01,2.645286e-01,2.654918e-01,2.665954e-01,2.674610e-01,2.679619e-01,2.688318e-01,2.694584e-01,2.702161e-01,2.709878e-01,2.717566e-01,2.723990e-01,2.733023e-01,2.739546e-01,2.747468e-01,2.754130e-01,2.760762e-01,2.764810e-01,2.772800e-01,2.775647e-01,2.782393e-01,2.787808e-01,2.795952e-01,2.801491e-01,2.808284e-01,2.812510e-01,2.818111e-01,2.822292e-01,2.829302e-01,2.832138e-01,2.837860e-01,2.844897e-01,2.850546e-01,2.857691e-01,2.861985e-01,2.865053e-01,2.870854e-01,2.873769e-01,2.878231e-01,2.881161e-01,2.885645e-01,2.885781e-01,2.891724e-01,2.896140e-01,2.901985e-01,2.903640e-01,2.908066e-01,2.911127e-01,2.915574e-01,2.914369e-01,2.920170e-01,2.923190e-01,2.927658e-01,2.929325e-01,2.933811e-01,2.935433e-01,2.938560e-01,2.937283e-01,2.943221e-01,2.941991e-01,2.940877e-01,2.941002e-01,2.942747e-01,2.937177e-01,2.937491e-01,2.934733e-01,2.935112e-01,2.928154e-01,2.925588e-01,2.922902e-01,2.920394e-01,2.916263e-01,2.912317e-01,2.908194e-01,2.905712e-01,2.898894e-01,2.896428e-01,2.889653e-01,2.885842e-01,2.885978e-01,2.901510e-01,2.894713e-01,2.892270e-01,2.887018e-01,2.881795e-01,2.875152e-01,2.871332e-01,2.866093e-01,2.860993e-01,2.854446e-01,2.849340e-01,2.840068e-01,2.834989e-01,2.829890e-01,2.822105e-01,2.815741e-01,2.809382e-01,2.800258e-01,2.795373e-01,2.787667e-01,2.782676e-01,2.777633e-01,2.772653e-01,2.763873e-01,2.758896e-01,2.751341e-01,2.745229e-01,2.739075e-01,2.730390e-01,2.723097e-01,2.716996e-01,2.708403e-01,2.702475e-01,2.697626e-01,2.691635e-01,2.685694e-01,2.679754e-01,2.671430e-01,2.667975e-01,2.662028e-01,2.654978e-01,2.647964e-01,2.643353e-01,2.636398e-01,2.632966e-01,2.627209e-01,2.623864e-01,2.616927e-01,2.612410e-01,2.605585e-01,2.601183e-01,2.596732e-01,2.592257e-01,2.587796e-01,2.584499e-01,2.578981e-01,2.578006e-01,2.575757e-01,2.573498e-01,2.570198e-01,2.571280e-01,2.570150e-01,2.570134e-01,2.566673e-01,2.566618e-01,2.568794e-01,2.566431e-01,2.565243e-01,2.563002e-01,2.560687e-01,2.558429e-01,2.556222e-01,2.554049e-01,2.549599e-01,2.544178e-01,2.539838e-01,2.536506e-01,2.529983e-01,2.525689e-01,2.521371e-01,2.514922e-01,2.507368e-01,2.501979e-01,2.498801e-01,2.493410e-01,2.487009e-01,2.480640e-01,2.475359e-01,2.472123e-01,2.465789e-01,2.462591e-01,2.459387e-01,2.457247e-01,2.452060e-01,2.448896e-01,2.446774e-01,2.445654e-01,2.443537e-01,2.441437e-01,2.440322e-01,2.442313e-01,2.445292e-01,2.442193e-01,2.442192e-01,2.442157e-01,2.441125e-01,2.444199e-01,2.445197e-01,2.444198e-01,2.444198e-01,2.443179e-01,2.443178e-01,2.440191e-01,2.438237e-01,2.434271e-01,2.431338e-01,2.429364e-01,2.430385e-01,2.430420e-01,2.429412e-01,2.431491e-01,2.430608e-01,2.431665e-01,2.431699e-01,2.432841e-01,2.432891e-01,2.434975e-01,2.439033e-01,2.440132e-01,2.441268e-01,2.445340e-01,2.446430e-01,2.449558e-01,2.450665e-01,2.453768e-01,2.454773e-01,2.455785e-01,2.454835e-01,2.454855e-01,2.454826e-01,2.454760e-01,2.453670e-01,2.454681e-01,2.455657e-01,2.458720e-01,2.456639e-01,2.457561e-01,2.457495e-01,2.457465e-01,2.460497e-01,2.459457e-01,2.459426e-01,2.460492e-01,2.459446e-01,2.461436e-01,2.461455e-01,2.460479e-01,2.456394e-01,2.456428e-01,2.455329e-01,2.453353e-01,2.447212e-01,2.445227e-01,2.442214e-01,2.438125e-01,2.436084e-01,2.434046e-01,2.428046e-01,2.423933e-01,2.419852e-01,2.410915e-01,2.402972e-01,2.392033e-01,2.379255e-01,2.372401e-01,2.364596e-01,2.355959e-01,2.337799e-01,2.318994e-01,2.310570e-01,2.293895e-01,2.267561e-01,2.249700e-01,2.233785e-01,2.209493e-01,2.184831e-01,2.160714e-01,2.136266e-01,2.113040e-01,2.074233e-01,2.051538e-01,1.999680e-01,1.963156e-01,1.923168e-01,1.891011e-01,1.846765e-01,1.812576e-01,1.767506e-01,1.728094e-01,1.666853e-01,1.618138e-01,1.571905e-01,1.519138e-01,1.473106e-01,1.417416e-01,1.367834e-01,1.291280e-01,1.236355e-01,1.182981e-01,1.133426e-01,1.075587e-01,1.028589e-01,9.569740e-02,9.076614e-02,8.621277e-02,8.187557e-02,7.742491e-02,7.216311e-02,6.820958e-02,6.481577e-02,6.160959e-02,5.847554e-02,5.483061e-02,5.226314e-02,5.002317e-02,4.801259e-02,4.630104e-02,4.384812e-02,4.244038e-02,4.115039e-02,3.983197e-02,3.851347e-02,3.727156e-02,3.647141e-02,3.570013e-02,3.495994e-02,3.425118e-02,3.356975e-02,3.321072e-02,3.257867e-02,3.224709e-02,3.165051e-02,3.134771e-02,3.104736e-02,3.076398e-02,3.048447e-02,3.021270e-02,2.995118e-02,2.993290e-02,2.966463e-02,2.964946e-02,2.939662e-02,2.937212e-02,2.936180e-02,2.934954e-02,2.910118e-02,2.908814e-02,2.907712e-02,2.906630e-02,2.928912e-02,2.928688e-02,2.927726e-02,2.926221e-02,2.948658e-02,2.948564e-02,2.972108e-02,2.971595e-02,2.995387e-02,3.019670e-02,3.019494e-02,3.044845e-02,3.070150e-02,3.095931e-02,3.123323e-02,3.123102e-02,3.150337e-02,3.179311e-02,3.207339e-02,3.236870e-02,3.265705e-02,3.295864e-02,3.327219e-02,3.358280e-02,3.389953e-02,3.422754e-02,3.455696e-02,3.489196e-02,3.523967e-02,3.558930e-02,3.593908e-02,3.630430e-02,3.704142e-02,3.704322e-02,3.782303e-02,3.822542e-02,3.823534e-02,3.892961e-02,3.934774e-02,3.986541e-02,4.023016e-02,4.085752e-02,4.123102e-02,4.156321e-02,4.219574e-02,4.263340e-02,4.319454e-02,4.360867e-02,4.429412e-02,4.466859e-02,4.532449e-02,4.578792e-02,4.619583e-02,4.688715e-02,4.736727e-02,4.804078e-02,4.846767e-02,4.915110e-02,4.959928e-02,5.025109e-02,5.078070e-02,5.136964e-02,5.184301e-02,5.254456e-02,5.303729e-02,5.368071e-02,5.417656e-02,5.485968e-02,5.531996e-02,5.601846e-02,5.654624e-02,5.693353e-02,5.766351e-02,5.840985e-02,5.889918e-02,5.957025e-02,6.007651e-02,6.075771e-02,6.117834e-02,6.189981e-02,6.231548e-02,6.294622e-02,6.338239e-02,6.413800e-02,6.457858e-02,6.521334e-02,6.563603e-02,6.633045e-02,6.665542e-02,6.721206e-02,6.765729e-02,6.822062e-02,6.890695e-02,6.914342e-02,6.972815e-02,7.008379e-02,7.068633e-02,7.081275e-02,7.142192e-02,7.192037e-02,7.229545e-02,7.267822e-02,7.293754e-02,7.357835e-02,7.371398e-02,7.424019e-02,7.464082e-02,7.491234e-02,7.531922e-02,7.546053e-02,7.600364e-02,7.655814e-02,7.670207e-02,7.712579e-02,7.727308e-02,7.756133e-02,7.799324e-02,7.814344e-02,7.858093e-02,7.887269e-02,7.917280e-02,7.947486e-02,7.962839e-02,7.993499e-02,8.053595e-02,8.054608e-02,8.115641e-02,8.116672e-02,8.178201e-02,8.225115e-02,8.241058e-02,8.288435e-02,8.336123e-02,8.368258e-02,8.415728e-02,8.464682e-02,8.497678e-02,8.530738e-02,8.596991e-02,8.614049e-02,8.664574e-02,8.716191e-02,8.750337e-02,8.785433e-02,8.855586e-02,8.873871e-02,8.927185e-02,8.963826e-02,8.999939e-02,9.054275e-02,9.091643e-02,9.110774e-02,9.166365e-02,9.204357e-02,9.241711e-02,9.261222e-02,9.318392e-02,9.357471e-02,9.395995e-02,9.416072e-02,9.474633e-02,9.495002e-02,9.534679e-02,9.575326e-02,9.615579e-02,9.636231e-02,9.677102e-02,9.718797e-02,9.760090e-02,9.781355e-02,9.823105e-02,9.865472e-02,9.886592e-02,9.950343e-02,9.972333e-02,1.001531e-01,1.003681e-01,1.008004e-01,1.010235e-01,1.014631e-01,1.019059e-01,1.019113e-01,1.023553e-01,1.028049e-01,1.030299e-01,1.032636e-01,1.034903e-01,1.039485e-01,1.041758e-01,1.046393e-01,1.051063e-01,1.055769e-01,1.055830e-01,1.060573e-01,1.062947e-01,1.067745e-01,1.070148e-01,1.072561e-01,1.075048e-01,1.077461e-01,1.079902e-01,1.084834e-01,1.087285e-01,1.089728e-01,1.089775e-01,1.094785e-01,1.097257e-01,1.099739e-01,1.099788e-01,1.102300e-01,1.104802e-01,1.104813e-01,1.107345e-01,1.109868e-01,1.112400e-01,1.114943e-01,1.117496e-01,1.117510e-01,1.117432e-01,1.119996e-01,1.122570e-01,1.125155e-01,1.127732e-01,1.130318e-01,1.132934e-01,1.132856e-01,1.135463e-01,1.138080e-01,1.140671e-01,1.140572e-01,1.143190e-01,1.145798e-01,1.145661e-01,1.148260e-01,1.150869e-01,1.150728e-01,1.156025e-01,1.155846e-01,1.158487e-01,1.158325e-01,1.163685e-01,1.163526e-01,1.166200e-01,1.168787e-01,1.171483e-01,1.171361e-01,1.176814e-01,1.176671e-01,1.179301e-01,1.182041e-01,1.187562e-01,1.190215e-01,1.192979e-01,1.195654e-01,1.195488e-01,1.201117e-01,1.200934e-01,1.206631e-01,1.209362e-01,1.209195e-01,1.214984e-01,1.214837e-01,1.217631e-01,1.220430e-01,1.220326e-01,1.223181e-01,1.226047e-01,1.225929e-01,1.228851e-01,1.228770e-01,1.234817e-01,1.234743e-01,1.237725e-01,1.240720e-01,1.240705e-01,1.243736e-01,1.243706e-01,1.246772e-01,1.246780e-01,1.249859e-01,1.249853e-01,1.252946e-01,1.252977e-01,1.256105e-01,1.256122e-01,1.256154e-01,1.259296e-01,1.256106e-01,1.256123e-01,1.256177e-01,1.259320e-01,1.259352e-01,1.259369e-01,1.259423e-01,1.259454e-01,1.256372e-01,1.253178e-01,1.253208e-01,1.250151e-01,1.247082e-01,1.240890e-01,1.240904e-01,1.237873e-01,1.231839e-01,1.225771e-01,1.222800e-01,1.216870e-01,1.210901e-01,1.205060e-01,1.202170e-01,1.193437e-01,1.187734e-01,1.179154e-01,1.173562e-01,1.162430e-01,1.156967e-01,1.146072e-01,1.140734e-01,1.132721e-01,1.124912e-01,1.117058e-01,1.106811e-01,1.101788e-01,1.091769e-01,1.084330e-01,1.077059e-01,1.069783e-01,1.060236e-01,1.055527e-01,1.046186e-01,1.041602e-01,1.034712e-01,1.025649e-01,1.018910e-01,1.012243e-01,1.005646e-01,1.001299e-01,9.947974e-02,9.883821e-02,9.799661e-02,9.737045e-02,9.716358e-02,9.654593e-02,9.613430e-02,9.532248e-02,9.491786e-02,9.432293e-02,9.412614e-02,9.373082e-02,9.333636e-02,9.294629e-02,9.236920e-02,9.198554e-02,9.160266e-02,9.103880e-02,9.048047e-02,8.992123e-02,8.954848e-02,8.882027e-02,8.828339e-02,8.792457e-02,8.756804e-02,8.686694e-02,8.651716e-02,8.616958e-02,8.582419e-02,8.530986e-02,8.480619e-02,8.430150e-02,8.396782e-02,8.363619e-02,8.330661e-02,8.281591e-02,8.248765e-02,8.200609e-02,8.184062e-02,8.136339e-02,8.119990e-02,8.087978e-02,8.086741e-02,8.054929e-02,8.038824e-02,8.022078e-02,8.020846e-02,7.973903e-02,7.987512e-02,7.956131e-02,7.939638e-02,7.923715e-02,7.921970e-02,7.905939e-02,7.875277e-02,7.844054e-02,7.828258e-02,7.812001e-02,7.781507e-02,7.751195e-02,7.749828e-02,7.691516e-02,7.661589e-02,7.646335e-02,7.616826e-02,7.574060e-02,7.544981e-02,7.516551e-02,7.460363e-02,7.432425e-02,7.404179e-02,7.376247e-02,7.335740e-02,7.281552e-02,7.267565e-02,7.228147e-02,7.201386e-02,7.174777e-02,7.148320e-02,7.109630e-02,7.095846e-02,7.069984e-02,7.056314e-02,7.030673e-02,6.992271e-02,6.991845e-02,6.965999e-02,6.940864e-02,6.915870e-02,6.902788e-02,6.865612e-02,6.852674e-02,6.851408e-02,6.826905e-02,6.814073e-02,6.765648e-02,6.753133e-02,6.740510e-02,6.727922e-02,6.692054e-02,6.668423e-02,6.644920e-02,6.609989e-02,6.597766e-02,6.563285e-02,6.540354e-02,6.506277e-02,6.494203e-02,6.449145e-02,6.448035e-02,6.414696e-02,6.382084e-02,6.370353e-02,6.326627e-02,6.304822e-02,6.272629e-02,6.261662e-02,6.209256e-02,6.188073e-02,6.166651e-02,6.145688e-02,6.095133e-02,6.074414e-02,6.044038e-02,6.024055e-02,5.974616e-02,5.935468e-02,5.906516e-02,5.895805e-02,5.848227e-02,5.828653e-02,5.800262e-02,5.780801e-02,5.734426e-02,5.096170e-03,5.096170e-03,5.096170e-03,5.096170e-03,5.096170e-03,5.096170e-03,5.096170e-03,5.096170e-03,5.096170e-03,5.096170e-03,5.096170e-03,5.096170e-03,5.096170e-03,5.096170e-03,5.096170e-03,5.096170e-03,5.096170e-03,5.096170e-03,5.096170e-03,5.096170e-03,5.096170e-03,5.096170e-03,5.096170e-03,5.096170e-03,5.096170e-03,5.096170e-03,5.096170e-03,5.096170e-03,5.096170e-03,5.096170e-03,5.096170e-03,5.096170e-03,5.096170e-03,5.096170e-03,5.096170e-03,5.096170e-03,5.096170e-03,5.096170e-03,5.096170e-03,5.096170e-03,5.096170e-03,5.096170e-03,5.096170e-03,5.096170e-03,5.096170e-03,5.096170e-03,5.096170e-03,5.096170e-03,5.096170e-03,5.096170e-03,5.096170e-03,5.096170e-03,5.096170e-03,5.096170e-03,5.096170e-03,5.096170e-03,5.096170e-03,5.096170e-03,5.096170e-03,5.096170e-03,5.096170e-03,5.096170e-03,5.096170e-03,5.096170e-03,5.096170e-03,5.096170e-03,5.096170e-03,5.096170e-03,5.096170e-03,5.096170e-03,5.096170e-03,5.096170e-03,5.096170e-03,5.096170e-03,5.096170e-03,5.096170e-03,5.096170e-03,5.096170e-03,5.096170e-03,5.096170e-03,5.096170e-03,5.096170e-03,5.096170e-03,5.096170e-03,5.096170e-03,5.096170e-03,5.096170e-03,5.096170e-03,5.096170e-03,5.096170e-03,5.096170e-03,5.096170e-03,5.096170e-03,5.096170e-03,5.096170e-03,5.096170e-03,5.096170e-03,5.096170e-03,5.096170e-03,5.096170e-03,5.096170e-03,5.096170e-03,5.096170e-03,5.096170e-03,5.096170e-03,5.096170e-03,5.096170e-03,5.096170e-03,5.096170e-03,5.096170e-03,5.096170e-03,5.096170e-03,5.096170e-03,5.096170e-03,5.096170e-03,5.096170e-03,5.096170e-03,5.096170e-03,5.096170e-03,5.096170e-03,5.096170e-03,5.096170e-03,5.096170e-03,5.096170e-03,5.096170e-03,5.096170e-03,5.096170e-03,5.096170e-03,5.096170e-03,5.096170e-03,5.096170e-03,5.096170e-03,5.096170e-03,5.096170e-03,5.096170e-03,5.096170e-03,5.096170e-03,5.096170e-03,5.096170e-03,5.096170e-03,5.096170e-03,5.096170e-03,5.096170e-03,5.096170e-03,5.096170e-03,5.096170e-03,5.096170e-03,5.096170e-03,5.096170e-03,5.096170e-03,5.096170e-03,5.096170e-03,5.096170e-03,5.096170e-03,5.096170e-03,5.096170e-03,5.096170e-03,5.096170e-03,5.096170e-03,5.096170e-03,5.096170e-03
1.292459e-02,1.291663e-02,1.290670e-02,1.289678e-02,1.288688e-02,1.288552e-02,1.289074e-02,1.288939e-02,1.289659e-02,1.290181e-02,1.290900e-02,1.291422e-02,1.292995e-02,1.294568e-02,1.295944e-02,1.297518e-02,1.299092e-02,1.300666e-02,1.302437e-02,1.304863e-02,1.306634e-02,1.308403e-02,1.311026e-02,1.312992e-02,1.315813e-02,1.318435e-02,1.321255e-02,1.324271e-02,1.327090e-02,1.330762e-02,1.334631e-02,1.338302e-02,1.343023e-02,1.347547e-02,1.352269e-02,1.356990e-02,1.361514e-02,1.366236e-02,1.371811e-02,1.376335e-02,1.381057e-02,1.385780e-02,1.390307e-02,1.394178e-02,1.398705e-02,1.402578e-02,1.406452e-02,1.409277e-02,1.413155e-02,1.416184e-02,1.419020e-02,1.422059e-02,1.424253e-02,1.426453e-02,1.428659e-02,1.430870e-02,1.433286e-02,1.435512e-02,1.436889e-02,1.439317e-02,1.441549e-02,1.443783e-02,1.446207e-02,1.448432e-02,1.450862e-02,1.453103e-02,1.455536e-02,1.457969e-02,1.460199e-02,1.462628e-02,1.465057e-02,1.467276e-02,1.468838e-02,1.471254e-02,1.472619e-02,1.475031e-02,1.477444e-02,1.479881e-02,1.482121e-02,1.485413e-02,1.488715e-02,1.492707e-02,1.496928e-02,1.501173e-02,1.506120e-02,1.512167e-02,1.517428e-02,1.522569e-02,1.528862e-02,1.535087e-02,1.540778e-02,1.546423e-02,1.553316e-02,1.559413e-02,1.565954e-02,1.572636e-02,1.579916e-02,1.587503e-02,1.594798e-02,1.603780e-02,1.613412e-02,1.623890e-02,1.635405e-02,1.647302e-02,1.661611e-02,1.677292e-02,1.694790e-02,1.714596e-02,1.736877e-02,1.762320e-02,1.789927e-02,1.821387e-02,1.855425e-02,1.895026e-02,1.939059e-02,1.986058e-02,2.038139e-02,2.093592e-02,2.153000e-02,2.216158e-02,2.282677e-02,2.350473e-02,2.420447e-02,2.490120e-02,2.558777e-02,2.624965e-02,2.688366e-02,2.747820e-02,2.804008e-02,2.851832e-02,2.897111e-02,2.935270e-02,2.971284e-02,2.998442e-02,3.022496e-02,3.040465e-02,3.055898e-02,3.064103e-02,3.072311e-02,3.075097e-02,3.079510e-02,3.078598e-02,3.075790e-02,3.076488e-02,3.076339e-02,3.077558e-02,3.078222e-02,3.082413e-02,3.083871e-02,3.086740e-02,3.089704e-02,3.090280e-02,3.089193e-02,3.089010e-02,3.085305e-02,3.076811e-02,3.062511e-02,3.047844e-02,3.031083e-02,3.012059e-02,2.994793e-02,2.976683e-02,2.956172e-02,2.933826e-02,2.909627e-02,2.882677e-02,2.854398e-02,2.823270e-02,2.792567e-02,2.760819e-02,2.728478e-02,2.696691e-02,2.666058e-02,2.637840e-02,2.610757e-02,2.584751e-02,2.561817e-02,2.540676e-02,2.521784e-02,2.504391e-02,2.488632e-02,2.473793e-02,2.460391e-02,2.448352e-02,2.438369e-02,2.428305e-02,2.419635e-02,2.412082e-02,2.405622e-02,2.398978e-02,2.394529e-02,2.389994e-02,2.387159e-02,2.383610e-02,2.381361e-02,2.379705e-02,2.377513e-02,2.376236e-02,2.375086e-02,2.373848e-02,2.371911e-02,2.369815e-02,2.367415e-02,2.364503e-02,2.360428e-02,2.357079e-02,2.352056e-02,2.346108e-02,2.339919e-02,2.332528e-02,2.325868e-02,2.318326e-02,2.311732e-02,2.304318e-02,2.296914e-02,2.290234e-02,2.283974e-02,2.277580e-02,2.272738e-02,2.268691e-02,2.265751e-02,2.263089e-02,2.261642e-02,2.260696e-02,2.260691e-02,2.261001e-02,2.261791e-02,2.263345e-02,2.265153e-02,2.267134e-02,2.268784e-02,2.270541e-02,2.271613e-02,2.270856e-02,2.270474e-02,2.268931e-02,2.266610e-02,2.262824e-02,2.258607e-02,2.253768e-02,2.249594e-02,2.245008e-02,2.240586e-02,2.236233e-02,2.232326e-02,2.228860e-02,2.226337e-02,2.224319e-02,2.222996e-02,2.222824e-02,2.223012e-02,2.224054e-02,2.224398e-02,2.225194e-02,2.225791e-02,2.226467e-02,2.226849e-02,2.227189e-02,2.227252e-02,2.226528e-02,2.226580e-02,2.226869e-02,2.226459e-02,2.227393e-02,2.228704e-02,2.230155e-02,2.232123e-02,2.234254e-02,2.236806e-02,2.240234e-02,2.243137e-02,2.246836e-02,2.249968e-02,2.253825e-02,2.257926e-02,2.261888e-02,2.266075e-02,2.270135e-02,2.275077e-02,2.279496e-02,2.283800e-02,2.288618e-02,2.293497e-02,2.299923e-02,2.306518e-02,2.314638e-02,2.324955e-02,2.339021e-02,2.357777e-02,2.383026e-02,2.418415e-02,2.465079e-02,2.527276e-02,2.607033e-02,2.706898e-02,2.827283e-02,2.971324e-02,3.139288e-02,3.330938e-02,3.542432e-02,3.776924e-02,4.031662e-02,4.300744e-02,4.584176e-02,4.880665e-02,5.187496e-02,5.504328e-02,5.829930e-02,6.164955e-02,6.517466e-02,6.874792e-02,7.241036e-02,7.618964e-02,8.007290e-02,8.408920e-02,8.819773e-02,9.245333e-02,9.679657e-02,1.012465e-01,1.057994e-01,1.106573e-01,1.153979e-01,1.202428e-01,1.250892e-01,1.300623e-01,1.350850e-01,1.401520e-01,1.452396e-01,1.503395e-01,1.554317e-01,1.604992e-01,1.655316e-01,1.705425e-01,1.755303e-01,1.803643e-01,1.851219e-01,1.898105e-01,1.943653e-01,1.987370e-01,2.030727e-01,2.072391e-01,2.110726e-01,2.148494e-01,2.183497e-01,2.218001e-01,2.249741e-01,2.280935e-01,2.309250e-01,2.336595e-01,2.361847e-01,2.386061e-01,2.409103e-01,2.432305e-01,2.456897e-01,2.480693e-01,2.505688e-01,2.530125e-01,2.554560e-01,2.580148e-01,2.604831e-01,2.630789e-01,2.654477e-01,2.679167e-01,2.703755e-01,2.727056e-01,2.751074e-01,2.774978e-01,2.798531e-01,2.820466e-01,2.842920e-01,2.864978e-01,2.886383e-01,2.906897e-01,2.927066e-01,2.945887e-01,2.963730e-01,2.980671e-01,2.996299e-01,3.010689e-01,3.023454e-01,3.035122e-01,3.043153e-01,3.052776e-01,3.062137e-01,3.071552e-01,3.080868e-01,3.090096e-01,3.099695e-01,3.107873e-01,3.117550e-01,3.127141e-01,3.135462e-01,3.145323e-01,3.153732e-01,3.162344e-01,3.170828e-01,3.179362e-01,3.189308e-01,3.197934e-01,3.206281e-01,3.214847e-01,3.223269e-01,3.231724e-01,3.240086e-01,3.247062e-01,3.255636e-01,3.264253e-01,3.272763e-01,3.281485e-01,3.288604e-01,3.297387e-01,3.304580e-01,3.312127e-01,3.321355e-01,3.328971e-01,3.336619e-01,3.344290e-01,3.351983e-01,3.359717e-01,3.367834e-01,3.375634e-01,3.383429e-01,3.391600e-01,3.397765e-01,3.406015e-01,3.413898e-01,3.419877e-01,3.427857e-01,3.435851e-01,3.443415e-01,3.449331e-01,3.455276e-01,3.462607e-01,3.468184e-01,3.473878e-01,3.481406e-01,3.487101e-01,3.492510e-01,3.498312e-01,3.505924e-01,3.511748e-01,3.517612e-01,3.523842e-01,3.529724e-01,3.536005e-01,3.542306e-01,3.548743e-01,3.555096e-01,3.561822e-01,3.568176e-01,3.574968e-01,3.581761e-01,3.586651e-01,3.593483e-01,3.598422e-01,3.605283e-01,3.612147e-01,3.617260e-01,3.624206e-01,3.629173e-01,3.636148e-01,3.641176e-01,3.647799e-01,3.652855e-01,3.657549e-01,3.662339e-01,3.669020e-01,3.673740e-01,3.678107e-01,3.682882e-01,3.689267e-01,3.693728e-01,3.698117e-01,3.702538e-01,3.706535e-01,3.710942e-01,3.715495e-01,3.719900e-01,3.724359e-01,3.728807e-01,3.733712e-01,3.736490e-01,3.741359e-01,3.746698e-01,3.751951e-01,3.755147e-01,3.760454e-01,3.766258e-01,3.771509e-01,3.775119e-01,3.780461e-01,3.785877e-01,3.789484e-01,3.792742e-01,3.798256e-01,3.801501e-01,3.806834e-01,3.810221e-01,3.815645e-01,3.818866e-01,3.821747e-01,3.824749e-01,3.827578e-01,3.830433e-01,3.833469e-01,3.836391e-01,3.839269e-01,3.842079e-01,3.845057e-01,3.847969e-01,3.850885e-01,3.853744e-01,3.857035e-01,3.860262e-01,3.863566e-01,3.866989e-01,3.870192e-01,3.873229e-01,3.876506e-01,3.880168e-01,3.883435e-01,3.886639e-01,3.889887e-01,3.893048e-01,3.896184e-01,3.899275e-01,3.902459e-01,3.905532e-01,3.908599e-01,3.911110e-01,3.913822e-01,3.916394e-01,3.919236e-01,3.921688e-01,3.924256e-01,3.926690e-01,3.928415e-01,3.930491e-01,3.932424e-01,3.934775e-01,3.936844e-01,3.937951e-01,3.939910e-01,3.941724e-01,3.943583e-01,3.945532e-01,3.947143e-01,3.949006e-01,3.951107e-01,3.952375e-01,3.952072e-01,3.953215e-01,3.954691e-01,3.955835e-01,3.956966e-01,3.958110e-01,3.959632e-01,3.961266e-01,3.963166e-01,3.965611e-01,3.967499e-01,3.968899e-01,3.971828e-01,3.974871e-01,3.978081e-01,3.980877e-01,3.983683e-01,3.986611e-01,3.989908e-01,3.992327e-01,3.995218e-01,3.997880e-01,3.999894e-01,4.002381e-01,4.003986e-01,4.006243e-01,4.008631e-01,4.010858e-01,4.013250e-01,4.016314e-01,4.018858e-01,4.021929e-01,4.024874e-01,4.028387e-01,4.031884e-01,4.035515e-01,4.038806e-01,4.042575e-01,4.046767e-01,4.050308e-01,4.054273e-01,4.058193e-01,4.062299e-01,4.065860e-01,4.069425e-01,4.073654e-01,4.077360e-01,4.080543e-01,4.084498e-01,4.088218e-01,4.091519e-01,4.094824e-01,4.098161e-01,4.101341e-01,4.104657e-01,4.107978e-01,4.111436e-01,4.114229e-01,4.117590e-01,4.121487e-01,4.124717e-01,4.128623e-01,4.131860e-01,4.135641e-01,4.139179e-01,4.143533e-01,4.147081e-01,4.150531e-01,4.154087e-01,4.157919e-01,4.161620e-01,4.165325e-01,4.168603e-01,4.172317e-01,4.175602e-01,4.178754e-01,4.181909e-01,4.184717e-01,4.187581e-01,4.190771e-01,4.193504e-01,4.195711e-01,4.197919e-01,4.200382e-01,4.202871e-01,4.205362e-01,4.207855e-01,4.210212e-01,4.212709e-01,4.215069e-01,4.217431e-01,4.219541e-01,4.222345e-01,4.224573e-01,4.226986e-01,4.229516e-01,4.231933e-01,4.234493e-01,4.237169e-01,4.240129e-01,4.242994e-01,4.245721e-01,4.249007e-01,4.251713e-01,4.254979e-01,4.257939e-01,4.261043e-01,4.264426e-01,4.267367e-01,4.270704e-01,4.273836e-01,4.276849e-01,4.280142e-01,4.282991e-01,4.286094e-01,4.288896e-01,4.291557e-01,4.294311e-01,4.297067e-01,4.299277e-01,4.301418e-01,4.303509e-01,4.305127e-01,4.307193e-01,4.308786e-01,4.310000e-01,4.311254e-01,4.312652e-01,4.314142e-01,4.315184e-01,4.316649e-01,4.317894e-01,4.319020e-01,4.320145e-01,4.321218e-01,4.322436e-01,4.323484e-01,4.324745e-01,4.325743e-01,4.326721e-01,4.327531e-01,4.328317e-01,4.329322e-01,4.330351e-01,4.331214e-01,4.331910e-01,4.332437e-01,4.332942e-01,4.333374e-01,4.334119e-01,4.334841e-01,4.335551e-01,4.335972e-01,4.336394e-01,4.337201e-01,4.337912e-01,4.338478e-01,4.338901e-01,4.339180e-01,4.339844e-01,4.340556e-01,4.341124e-01,4.341404e-01,4.341376e-01,4.342233e-01,4.343474e-01,4.344331e-01,4.344612e-01,4.344893e-01,4.345771e-01,4.346197e-01,4.347029e-01,4.347475e-01,4.347922e-01,4.348658e-01,4.349537e-01,4.349841e-01,4.349526e-01,4.348970e-01,4.348846e-01,4.348723e-01,4.348027e-01,4.345592e-01,4.343184e-01,4.340760e-01,4.338625e-01,4.336739e-01,4.334613e-01,4.331332e-01,4.327091e-01,4.320862e-01,4.314797e-01,4.310574e-01,4.306923e-01,4.302163e-01,4.295575e-01,4.288629e-01,4.283921e-01,4.280744e-01,4.277986e-01,4.274684e-01,4.270703e-01,4.267142e-01,4.264141e-01,4.260597e-01,4.258862e-01,4.258491e-01,4.258121e-01,4.258191e-01,4.258261e-01,4.258332e-01,4.258842e-01,4.259354e-01,4.261224e-01,4.261736e-01,4.263722e-01,4.266034e-01,4.267907e-01,4.268420e-01,4.270295e-01,4.271730e-01,4.273165e-01,4.273240e-01,4.272874e-01,4.273870e-01,4.274866e-01,4.275422e-01,4.276418e-01,4.277415e-01,4.276610e-01,4.277607e-01,4.278604e-01,4.279717e-01,4.279354e-01,4.280352e-01,4.279989e-01,4.280987e-01,4.282426e-01,4.282984e-01,4.282622e-01,4.283621e-01,4.284178e-01,4.285177e-01,4.284375e-01,4.284933e-01,4.285492e-01,4.286050e-01,4.286167e-01,4.286725e-01,4.287283e-01,4.289202e-01,4.289760e-01,4.290319e-01,4.290878e-01,4.291437e-01,4.291996e-01,4.291387e-01,4.293306e-01,4.293865e-01,4.294424e-01,4.294984e-01,4.295735e-01,4.295853e-01,4.297774e-01,4.298333e-01,4.297724e-01,4.297841e-01,4.300205e-01,4.300957e-01,4.301635e-01,4.302830e-01,4.303834e-01,4.304838e-01,4.305115e-01,4.306562e-01,4.308203e-01,4.309651e-01,4.309929e-01,4.311822e-01,4.313464e-01,4.314187e-01,4.317447e-01,4.317726e-01,4.319622e-01,4.321386e-01,4.322839e-01,4.324486e-01,4.324765e-01,4.326220e-01,4.326055e-01,4.327064e-01,4.328267e-01,4.327657e-01,4.329589e-01,4.328979e-01,4.329737e-01,4.329856e-01,4.329248e-01,4.330005e-01,4.330570e-01,4.329962e-01,4.330840e-01,4.331851e-01,4.333055e-01,4.332893e-01,4.333905e-01,4.333743e-01,4.334755e-01,4.334595e-01,4.334881e-01,4.337258e-01,4.337098e-01,4.337385e-01,4.339763e-01,4.339604e-01,4.340617e-01,4.340458e-01,4.340300e-01,4.341314e-01,4.340831e-01,4.341845e-01,4.341242e-01,4.340894e-01,4.340292e-01,4.339499e-01,4.338898e-01,4.338107e-01,4.337062e-01,4.337631e-01,4.335676e-01,4.336244e-01,4.335456e-01,4.333506e-01,4.332844e-01,4.332060e-01,4.331467e-01,4.330684e-01,4.329903e-01,4.329312e-01,4.328532e-01,4.327753e-01,4.326975e-01,4.325042e-01,4.324266e-01,4.323491e-01,4.322717e-01,4.320603e-01,4.319831e-01,4.317722e-01,4.316953e-01,4.317334e-01,4.312936e-01,4.313318e-01,4.312365e-01,4.311414e-01,4.309132e-01,4.307042e-01,4.304768e-01,4.302686e-01,4.300606e-01,4.299665e-01,4.296270e-01,4.294201e-01,4.290818e-01,4.288572e-01,4.285202e-01,4.281840e-01,4.278484e-01,4.275137e-01,4.271929e-01,4.266183e-01,4.262679e-01,4.256964e-01,4.253662e-01,4.250368e-01,4.246900e-01,4.243439e-01,4.236513e-01,4.230707e-01,4.224921e-01,4.221507e-01,4.217016e-01,4.212715e-01,4.206563e-01,4.198532e-01,4.190537e-01,4.184710e-01,4.176951e-01,4.171518e-01,4.166103e-01,4.163407e-01,4.158440e-01,4.153489e-01,4.148382e-01,4.141038e-01,4.132519e-01,4.123011e-01,4.114580e-01,4.106528e-01,4.101903e-01,4.093912e-01,4.089158e-01,4.081825e-01,4.075692e-01,4.068416e-01,4.063329e-01,4.056106e-01,4.051057e-01,4.044711e-01,4.043071e-01,4.042825e-01,4.040609e-01,4.033081e-01,4.024287e-01,4.018043e-01,4.011420e-01,4.002732e-01,3.996008e-01,3.986681e-01,3.976051e-01,3.963042e-01,3.947167e-01,3.929103e-01,3.912962e-01,3.892565e-01,3.869244e-01,3.849167e-01,3.825944e-01,3.803590e-01,3.777856e-01,3.760072e-01,3.729237e-01,3.696321e-01,3.658779e-01,3.626710e-01,3.581530e-01,3.536323e-01,3.492943e-01,3.443840e-01,3.408515e-01,3.359314e-01,3.313160e-01,3.267328e-01,3.216500e-01,3.166061e-01,3.132778e-01,3.092126e-01,3.039687e-01,2.995213e-01,2.951004e-01,2.914963e-01,2.873100e-01,2.831897e-01,2.792859e-01,2.760142e-01,2.732189e-01,2.699582e-01,2.667749e-01,2.641881e-01,2.611042e-01,2.585329e-01,2.560124e-01,2.536035e-01,2.516762e-01,2.498026e-01,2.478692e-01,2.459828e-01,2.441493e-01,2.427140e-01,2.413653e-01,2.399848e-01,2.385678e-01,2.372245e-01,2.362796e-01,2.349843e-01,2.336848e-01,2.327711e-01,2.318655e-01,2.313844e-01,2.305444e-01,2.296896e-01,2.292505e-01,2.284593e-01,2.280065e-01,2.276166e-01,2.271877e-01,2.267714e-01,2.263870e-01,2.259941e-01,2.255835e-01,2.251827e-01,2.251273e-01,2.247484e-01,2.247523e-01,2.247562e-01,2.247798e-01,2.244419e-01,2.244167e-01,2.244699e-01,2.244740e-01,2.248783e-01,2.249021e-01,2.249571e-01,2.249731e-01,2.253706e-01,2.253865e-01,2.258145e-01,2.262141e-01,2.266942e-01,2.267710e-01,2.271631e-01,2.279153e-01,2.283926e-01,2.288294e-01,2.296110e-01,2.303771e-01,2.311986e-01,2.323356e-01,2.331694e-01,2.339974e-01,2.351482e-01,2.359250e-01,2.371253e-01,2.382936e-01,2.391099e-01,2.406835e-01,2.415483e-01,2.427577e-01,2.439761e-01,2.448762e-01,2.465435e-01,2.473767e-01,2.485706e-01,2.498321e-01,2.511207e-01,2.520184e-01,2.532914e-01,2.545976e-01,2.555553e-01,2.573402e-01,2.582788e-01,2.596504e-01,2.610960e-01,2.624635e-01,2.634942e-01,2.648996e-01,2.664597e-01,2.679359e-01,2.689872e-01,2.704423e-01,2.720021e-01,2.730145e-01,2.746235e-01,2.757840e-01,2.774634e-01,2.785365e-01,2.796837e-01,2.813151e-01,2.824385e-01,2.835701e-01,2.853193e-01,2.864727e-01,2.876818e-01,2.888787e-01,2.900590e-01,2.917891e-01,2.925221e-01,2.943513e-01,2.956514e-01,2.963022e-01,2.975180e-01,2.994580e-01,3.001976e-01,3.014956e-01,3.027972e-01,3.041168e-01,3.054692e-01,3.062123e-01,3.075603e-01,3.089166e-01,3.096284e-01,3.110561e-01,3.118832e-01,3.132269e-01,3.147149e-01,3.155109e-01,3.170751e-01,3.178726e-01,3.192058e-01,3.200124e-01,3.215584e-01,3.223225e-01,3.231115e-01,3.245939e-01,3.253995e-01,3.261703e-01,3.275865e-01,3.283743e-01,3.291577e-01,3.299127e-01,3.314296e-01,3.321942e-01,3.329619e-01,3.337741e-01,3.345485e-01,3.353261e-01,3.362127e-01,3.369869e-01,3.374867e-01,3.381804e-01,3.388336e-01,3.394783e-01,3.401579e-01,3.408937e-01,3.414806e-01,3.423310e-01,3.429436e-01,3.436801e-01,3.442634e-01,3.449593e-01,3.456698e-01,3.464040e-01,3.470622e-01,3.478478e-01,3.486233e-01,3.491406e-01,3.500140e-01,3.504658e-01,3.511843e-01,3.518572e-01,3.524172e-01,3.530969e-01,3.537529e-01,3.545054e-01,3.549468e-01,3.556215e-01,3.562069e-01,3.567093e-01,3.570818e-01,3.576367e-01,3.580941e-01,3.588420e-01,3.594229e-01,3.600800e-01,3.608564e-01,3.614662e-01,3.618262e-01,3.624267e-01,3.628617e-01,3.633916e-01,3.639704e-01,3.645300e-01,3.649777e-01,3.656227e-01,3.660999e-01,3.666856e-01,3.671856e-01,3.676897e-01,3.680043e-01,3.685743e-01,3.688269e-01,3.693189e-01,3.697156e-01,3.702980e-01,3.707168e-01,3.711923e-01,3.715236e-01,3.719445e-01,3.722564e-01,3.727680e-01,3.729912e-01,3.734272e-01,3.739285e-01,3.743331e-01,3.748490e-01,3.751646e-01,3.754358e-01,3.758631e-01,3.760890e-01,3.764392e-01,3.766656e-01,3.770165e-01,3.770736e-01,3.775405e-01,3.778666e-01,3.782776e-01,3.784468e-01,3.787667e-01,3.790152e-01,3.793358e-01,3.793101e-01,3.796730e-01,3.798850e-01,3.801824e-01,3.803283e-01,3.806262e-01,3.807592e-01,3.809910e-01,3.809516e-01,3.813300e-01,3.813035e-01,3.813276e-01,3.813609e-01,3.815446e-01,3.812832e-01,3.813871e-01,3.812723e-01,3.814136e-01,3.810735e-01,3.810055e-01,3.809043e-01,3.808496e-01,3.806565e-01,3.805099e-01,3.802932e-01,3.802391e-01,3.799025e-01,3.798488e-01,3.795133e-01,3.794058e-01,3.794634e-01,3.804568e-01,3.801206e-01,3.800915e-01,3.799092e-01,3.797107e-01,3.794139e-01,3.792945e-01,3.790769e-01,3.788931e-01,3.785985e-01,3.784029e-01,3.779050e-01,3.777028e-01,3.774722e-01,3.770672e-01,3.767610e-01,3.764474e-01,3.759071e-01,3.757050e-01,3.752560e-01,3.749936e-01,3.747108e-01,3.744410e-01,3.739411e-01,3.736603e-01,3.732049e-01,3.728715e-01,3.725179e-01,3.719912e-01,3.715740e-01,3.712112e-01,3.706767e-01,3.703493e-01,3.700510e-01,3.696918e-01,3.693426e-01,3.689851e-01,3.684703e-01,3.682820e-01,3.679031e-01,3.674645e-01,3.670270e-01,3.667331e-01,3.662978e-01,3.660913e-01,3.657296e-01,3.655455e-01,3.650901e-01,3.648140e-01,3.643962e-01,3.641666e-01,3.639160e-01,3.636542e-01,3.633929e-01,3.632144e-01,3.628937e-01,3.629036e-01,3.627733e-01,3.626196e-01,3.624309e-01,3.624999e-01,3.624270e-01,3.624257e-01,3.621679e-01,3.621552e-01,3.622942e-01,3.621068e-01,3.620126e-01,3.618600e-01,3.616847e-01,3.615446e-01,3.614031e-01,3.612863e-01,3.609964e-01,3.606840e-01,3.604182e-01,3.601993e-01,3.597739e-01,3.595099e-01,3.592352e-01,3.588127e-01,3.582773e-01,3.578912e-01,3.576755e-01,3.572797e-01,3.568173e-01,3.563563e-01,3.559750e-01,3.557058e-01,3.552370e-01,3.549923e-01,3.547248e-01,3.545587e-01,3.541819e-01,3.539390e-01,3.537738e-01,3.536752e-01,3.535104e-01,3.533690e-01,3.532708e-01,3.534269e-01,3.536262e-01,3.534187e-01,3.534425e-01,3.534554e-01,3.534022e-01,3.536695e-01,3.537595e-01,3.537171e-01,3.537410e-01,3.536871e-01,3.537110e-01,3.535366e-01,3.534393e-01,3.531994e-01,3.530366e-01,3.529291e-01,3.530297e-01,3.530645e-01,3.530111e-01,3.531992e-01,3.531899e-01,3.533014e-01,3.533363e-01,3.534927e-01,3.535267e-01,3.537150e-01,3.540123e-01,3.541349e-01,3.542685e-01,3.545780e-01,3.546776e-01,3.549207e-01,3.550437e-01,3.552763e-01,3.553427e-01,3.553974e-01,3.553535e-01,3.553651e-01,3.553425e-01,3.553090e-01,3.551975e-01,3.552522e-01,3.552960e-01,3.554944e-01,3.553281e-01,3.553493e-01,3.553158e-01,3.552932e-01,3.554806e-01,3.553916e-01,3.553690e-01,3.554579e-01,3.553806e-01,3.554907e-01,3.555023e-01,3.554709e-01,3.551956e-01,3.552306e-01,3.551550e-01,3.550577e-01,3.546653e-01,3.545810e-01,3.544200e-01,3.541602e-01,3.540548e-01,3.539496e-01,3.535950e-01,3.533154e-01,3.530484e-01,3.524569e-01,3.519218e-01,3.511176e-01,3.502034e-01,3.497068e-01,3.491254e-01,3.485055e-01,3.471209e-01,3.456855e-01,3.450231e-01,3.436961e-01,3.416084e-01,3.401644e-01,3.388432e-01,3.368420e-01,3.347828e-01,3.327716e-01,3.306963e-01,3.286794e-01,3.253639e-01,3.233791e-01,3.188465e-01,3.155680e-01,3.119687e-01,3.089999e-01,3.048812e-01,3.016043e-01,2.973004e-01,2.934307e-01,2.873699e-01,2.824571e-01,2.777335e-01,2.722113e-01,2.672948e-01,2.612868e-01,2.558109e-01,2.471505e-01,2.407837e-01,2.344094e-01,2.283340e-01,2.211061e-01,2.150828e-01,2.057067e-01,1.989981e-01,1.926793e-01,1.865052e-01,1.800311e-01,1.721971e-01,1.661406e-01,1.607852e-01,1.556320e-01,1.504995e-01,1.443848e-01,1.399510e-01,1.360079e-01,1.323847e-01,1.292457e-01,1.246935e-01,1.219828e-01,1.194777e-01,1.168608e-01,1.142307e-01,1.117091e-01,1.100280e-01,1.084189e-01,1.068558e-01,1.053203e-01,1.038561e-01,1.030841e-01,1.016889e-01,1.009715e-01,9.964028e-02,9.899166e-02,9.833494e-02,9.769993e-02,9.709978e-02,9.651268e-02,9.592435e-02,9.591632e-02,9.533085e-02,9.530934e-02,9.476280e-02,9.474121e-02,9.472951e-02,9.474321e-02,9.419293e-02,9.419498e-02,9.417182e-02,9.417850e-02,9.472507e-02,9.472039e-02,9.471993e-02,9.469833e-02,9.524672e-02,9.523491e-02,9.580451e-02,9.581360e-02,9.636683e-02,9.695799e-02,9.698409e-02,9.758556e-02,9.820403e-02,9.883037e-02,9.947755e-02,9.952337e-02,1.001957e-01,1.008706e-01,1.015550e-01,1.022369e-01,1.029335e-01,1.036436e-01,1.043654e-01,1.050889e-01,1.058223e-01,1.065549e-01,1.073082e-01,1.080593e-01,1.088225e-01,1.096072e-01,1.103902e-01,1.111792e-01,1.127499e-01,1.128067e-01,1.144251e-01,1.152902e-01,1.153621e-01,1.168076e-01,1.176736e-01,1.187515e-01,1.195206e-01,1.208021e-01,1.215610e-01,1.222580e-01,1.235278e-01,1.244328e-01,1.255323e-01,1.263705e-01,1.277019e-01,1.284585e-01,1.297131e-01,1.306233e-01,1.314170e-01,1.327279e-01,1.336368e-01,1.348993e-01,1.357148e-01,1.369864e-01,1.377971e-01,1.389993e-01,1.399680e-01,1.410398e-01,1.419030e-01,1.431352e-01,1.440237e-01,1.451685e-01,1.460443e-01,1.472436e-01,1.480604e-01,1.492683e-01,1.501971e-01,1.508987e-01,1.521681e-01,1.534582e-01,1.543211e-01,1.554574e-01,1.563417e-01,1.575107e-01,1.582517e-01,1.594746e-01,1.602062e-01,1.612556e-01,1.620001e-01,1.632486e-01,1.639968e-01,1.650529e-01,1.657740e-01,1.669103e-01,1.674602e-01,1.683795e-01,1.691286e-01,1.700590e-01,1.711765e-01,1.716174e-01,1.725742e-01,1.731775e-01,1.741767e-01,1.744479e-01,1.754348e-01,1.762710e-01,1.768988e-01,1.775576e-01,1.780294e-01,1.790551e-01,1.793400e-01,1.802116e-01,1.808937e-01,1.813820e-01,1.820723e-01,1.823658e-01,1.832367e-01,1.841442e-01,1.844258e-01,1.851379e-01,1.854403e-01,1.859514e-01,1.866744e-01,1.869813e-01,1.877117e-01,1.882043e-01,1.887477e-01,1.892938e-01,1.896464e-01,1.902153e-01,1.911754e-01,1.912941e-01,1.922825e-01,1.924022e-01,1.933635e-01,1.941268e-01,1.944235e-01,1.951756e-01,1.959143e-01,1.964274e-01,1.971439e-01,1.978969e-01,1.984200e-01,1.989265e-01,1.998976e-01,2.001910e-01,2.009518e-01,2.017523e-01,2.023198e-01,2.028844e-01,2.039508e-01,2.042942e-01,2.051033e-01,2.057213e-01,2.062870e-01,2.071315e-01,2.077403e-01,2.080944e-01,2.089107e-01,2.095088e-01,2.100944e-01,2.104354e-01,2.112686e-01,2.118790e-01,2.124347e-01,2.127824e-01,2.136546e-01,2.140058e-01,2.145921e-01,2.152200e-01,2.158124e-01,2.161917e-01,2.168094e-01,2.174490e-01,2.180524e-01,2.183957e-01,2.190039e-01,2.196567e-01,2.199850e-01,2.208682e-01,2.212196e-01,2.218213e-01,2.221344e-01,2.227629e-01,2.230988e-01,2.237101e-01,2.243245e-01,2.243887e-01,2.250290e-01,2.256501e-01,2.259731e-01,2.263396e-01,2.266643e-01,2.272939e-01,2.276437e-01,2.282783e-01,2.289162e-01,2.295575e-01,2.296239e-01,2.302689e-01,2.306485e-01,2.312987e-01,2.316365e-01,2.319751e-01,2.323823e-01,2.327010e-01,2.330425e-01,2.337053e-01,2.340274e-01,2.343734e-01,2.344198e-01,2.350899e-01,2.353935e-01,2.357431e-01,2.357900e-01,2.361175e-01,2.364237e-01,2.364717e-01,2.368011e-01,2.371091e-01,2.374178e-01,2.377275e-01,2.380379e-01,2.380864e-01,2.380423e-01,2.383536e-01,2.386657e-01,2.389787e-01,2.393157e-01,2.396079e-01,2.399233e-01,2.398788e-01,2.401725e-01,2.404669e-01,2.407628e-01,2.406954e-01,2.409686e-01,2.412198e-01,2.411528e-01,2.413818e-01,2.416115e-01,2.414982e-01,2.420241e-01,2.419110e-01,2.421423e-01,2.420057e-01,2.425350e-01,2.424443e-01,2.426773e-01,2.428617e-01,2.430959e-01,2.430044e-01,2.435631e-01,2.434483e-01,2.436347e-01,2.438711e-01,2.444118e-01,2.445771e-01,2.447929e-01,2.449591e-01,2.448201e-01,2.453199e-01,2.452040e-01,2.457294e-01,2.458978e-01,2.457580e-01,2.463103e-01,2.461935e-01,2.464334e-01,2.466270e-01,2.465567e-01,2.467976e-01,2.470390e-01,2.469920e-01,2.472809e-01,2.472339e-01,2.478889e-01,2.478887e-01,2.482033e-01,2.485186e-01,2.485421e-01,2.488819e-01,2.489290e-01,2.492933e-01,2.493405e-01,2.497058e-01,2.497766e-01,2.501428e-01,2.502140e-01,2.506049e-01,2.506998e-01,2.507711e-01,2.511632e-01,2.508610e-01,2.509560e-01,2.510512e-01,2.514436e-01,2.515151e-01,2.516103e-01,2.517056e-01,2.517772e-01,2.515273e-01,2.512492e-01,2.513207e-01,2.510722e-01,2.508007e-01,2.501839e-01,2.502789e-01,2.500095e-01,2.494257e-01,2.488169e-01,2.485513e-01,2.479987e-01,2.473744e-01,2.467807e-01,2.465202e-01,2.455754e-01,2.449908e-01,2.440816e-01,2.435045e-01,2.422864e-01,2.417180e-01,2.404951e-01,2.399353e-01,2.390415e-01,2.382242e-01,2.373668e-01,2.362328e-01,2.357160e-01,2.345983e-01,2.337673e-01,2.329875e-01,2.321684e-01,2.310854e-01,2.306155e-01,2.295477e-01,2.290618e-01,2.282716e-01,2.272046e-01,2.264061e-01,2.256133e-01,2.248261e-01,2.243627e-01,2.235633e-01,2.227908e-01,2.217752e-01,2.210151e-01,2.207915e-01,2.200384e-01,2.195335e-01,2.185082e-01,2.180539e-01,2.173199e-01,2.171044e-01,2.166134e-01,2.161041e-01,2.156178e-01,2.148800e-01,2.143993e-01,2.139004e-01,2.131742e-01,2.124529e-01,2.116993e-01,2.112349e-01,2.102463e-01,2.095444e-01,2.090677e-01,2.085930e-01,2.076482e-01,2.071799e-01,2.067138e-01,2.062496e-01,2.055388e-01,2.048676e-01,2.041661e-01,2.037132e-01,2.032624e-01,2.028135e-01,2.021257e-01,2.017034e-01,2.010426e-01,2.008071e-01,2.001329e-01,1.998995e-01,1.994322e-01,1.993820e-01,1.989170e-01,1.986865e-01,1.984045e-01,1.983547e-01,1.976448e-01,1.977931e-01,1.973162e-01,1.970377e-01,1.967922e-01,1.967109e-01,1.964471e-01,1.959358e-01,1.954352e-01,1.951743e-01,1.948823e-01,1.943992e-01,1.939182e-01,1.938513e-01,1.929416e-01,1.924482e-01,1.921941e-01,1.917227e-01,1.910280e-01,1.905616e-01,1.901274e-01,1.892001e-01,1.887714e-01,1.883147e-01,1.878785e-01,1.872261e-01,1.863807e-01,1.861584e-01,1.855349e-01,1.851287e-01,1.847242e-01,1.843214e-01,1.836990e-01,1.834724e-01,1.830929e-01,1.828678e-01,1.824909e-01,1.818907e-01,1.818629e-01,1.814446e-01,1.810737e-01,1.807043e-01,1.805029e-01,1.799336e-01,1.797340e-01,1.796998e-01,1.793363e-01,1.791382e-01,1.783708e-01,1.781926e-01,1.779971e-01,1.778022e-01,1.772332e-01,1.768800e-01,1.765283e-01,1.759760e-01,1.757857e-01,1.751926e-01,1.748476e-01,1.743056e-01,1.741017e-01,1.733597e-01,1.733194e-01,1.727865e-01,1.722373e-01,1.720380e-01,1.713128e-01,1.709658e-01,1.704468e-01,1.702323e-01,1.693916e-01,1.690521e-01,1.686900e-01,1.683532e-01,1.674948e-01,1.671458e-01,1.666489e-01,1.662843e-01,1.654643e-01,1.648040e-01,1.642849e-01,1.640697e-01,1.632184e-01,1.628690e-01,1.623277e-01,1.619650e-01,1.610999e-01,8.459773e-03,8.459773e-03,8.459773e-03,8.459773e-03,8.459773e-03,8.459773e-03,8.459773e-03,8.459773e-03,8.459773e-03,8.459773e-03,8.459773e-03,8.459773e-03,8.459773e-03,8.459773e-03,8.459773e-03,8.459773e-03,8.459773e-03,8.459773e-03,8.459773e-03,8.459773e-03,8.459773e-03,8.459773e-03,8.459773e-03,8.459773e-03,8.459773e-03,8.459773e-03,8.459773e-03,8.459773e-03,8.459773e-03,8.459773e-03,8.459773e-03,8.459773e-03,8.459773e-03,8.459773e-03,8.459773e-03,8.459773e-03,8.459773e-03,8.459773e-03,8.459773e-03,8.459773e-03,8.459773e-03,8.459773e-03,8.459773e-03,8.459773e-03,8.459773e-03,8.459773e-03,8.459773e-03,8.459773e-03,8.459773e-03,8.459773e-03,8.459773e-03,8.459773e-03,8.459773e-03,8.459773e-03,8.459773e-03,8.459773e-03,8.459773e-03,8.459773e-03,8.459773e-03,8.459773e-03,8.459773e-03,8.459773e-03,8.459773e-03,8.459773e-03,8.459773e-03,8.459773e-03,8.459773e-03,8.459773e-03,8.459773e-03,8.459773e-03,8.459773e-03,8.459773e-03,8.459773e-03,8.459773e-03,8.459773e-03,8.459773e-03,8.459773e-03,8.459773e-03,8.459773e-03,8.459773e-03,8.459773e-03,8.459773e-03,8.459773e-03,8.459773e-03,8.459773e-03,8.459773e-03,8.459773e-03,8.459773e-03,8.459773e-03,8.459773e-03,8.459773e-03,8.459773e-03,8.459773e-03,8.459773e-03,8.459773e-03,8.459773e-03,8.459773e-03,8.459773e-03,8.459773e-03,8.459773e-03,8.459773e-03,8.459773e-03,8.459773e-03,8.459773e-03,8.459773e-03,8.459773e-03,8.459773e-03,8.459773e-03,8.459773e-03,8.459773e-03,8.459773e-03,8.459773e-03,8.459773e-03,8.459773e-03,8.459773e-03,8.459773e-03,8.459773e-03,8.459773e-03,8.459773e-03,8.459773e-03,8.459773e-03,8.459773e-03,8.459773e-03,8.459773e-03,8.459773e-03,8.459773e-03,8.459773e-03,8.459773e-03,8.459773e-03,8.459773e-03,8.459773e-03,8.459773e-03,8.459773e-03,8.459773e-03,8.459773e-03,8.459773e-03,8.459773e-03,8.459773e-03,8.459773e-03,8.459773e-03,8.459773e-03,8.459773e-03,8.459773e-03,8.459773e-03,8.459773e-03,8.459773e-03,8.459773e-03,8.459773e-03,8.459773e-03,8.459773e-03,8.459773e-03,8.459773e-03,8.459773e-03,8.459773e-03,8.459773e-03,8.459773e-03,8.459773e-03,8.459773e-03,8.459773e-03,8.459773e-03,8.459773e-03
2.184126e-02,2.181286e-02,2.177952e-02,2.174738e-02,2.171669e-02,2.168803e-02,2.165526e-02,2.162797e-02,2.160114e-02,2.156851e-02,2.154096e-02,2.150695e-02,2.147991e-02,2.145379e-02,2.142227e-02,2.139684e-02,2.137147e-02,2.134590e-02,2.132621e-02,2.130085e-02,2.127979e-02,2.125759e-02,2.123580e-02,2.121931e-02,2.120448e-02,2.118366e-02,2.116777e-02,2.115665e-02,2.114056e-02,2.112513e-02,2.111419e-02,2.109708e-02,2.108659e-02,2.107103e-02,2.106170e-02,2.105259e-02,2.103780e-02,2.102944e-02,2.102161e-02,2.100818e-02,2.100130e-02,2.099654e-02,2.098727e-02,2.098337e-02,2.097573e-02,2.097518e-02,2.097550e-02,2.097057e-02,2.097566e-02,2.098350e-02,2.098940e-02,2.100500e-02,2.102511e-02,2.104771e-02,2.107228e-02,2.109824e-02,2.113175e-02,2.116203e-02,2.119108e-02,2.122415e-02,2.124981e-02,2.127474e-02,2.129975e-02,2.131749e-02,2.134247e-02,2.136430e-02,2.138874e-02,2.141188e-02,2.142624e-02,2.144694e-02,2.146688e-02,2.147613e-02,2.149052e-02,2.150593e-02,2.151477e-02,2.152853e-02,2.154287e-02,2.156504e-02,2.158147e-02,2.160413e-02,2.162964e-02,2.166004e-02,2.170407e-02,2.175351e-02,2.180907e-02,2.188148e-02,2.196667e-02,2.206173e-02,2.218085e-02,2.231629e-02,2.247290e-02,2.264440e-02,2.284756e-02,2.307604e-02,2.333504e-02,2.362294e-02,2.395438e-02,2.432480e-02,2.473966e-02,2.520606e-02,2.572714e-02,2.629932e-02,2.693111e-02,2.763064e-02,2.840421e-02,2.924444e-02,3.016547e-02,3.118789e-02,3.231328e-02,3.350642e-02,3.480278e-02,3.619042e-02,3.767800e-02,3.931845e-02,4.107266e-02,4.286610e-02,4.474432e-02,4.669785e-02,4.870456e-02,5.075029e-02,5.281346e-02,5.481812e-02,5.679543e-02,5.866244e-02,6.042999e-02,6.202817e-02,6.346063e-02,6.469631e-02,6.576895e-02,6.659587e-02,6.728002e-02,6.775137e-02,6.813098e-02,6.827572e-02,6.832985e-02,6.822092e-02,6.804683e-02,6.771588e-02,6.737733e-02,6.694147e-02,6.653098e-02,6.602413e-02,6.548966e-02,6.505826e-02,6.460824e-02,6.423110e-02,6.384252e-02,6.353301e-02,6.320257e-02,6.288653e-02,6.260346e-02,6.227094e-02,6.192606e-02,6.159284e-02,6.120346e-02,6.073045e-02,6.015321e-02,5.958496e-02,5.896934e-02,5.834056e-02,5.774598e-02,5.715238e-02,5.648644e-02,5.579043e-02,5.504840e-02,5.423729e-02,5.339371e-02,5.247760e-02,5.156051e-02,5.061068e-02,4.966009e-02,4.871504e-02,4.779051e-02,4.689651e-02,4.604840e-02,4.524049e-02,4.448335e-02,4.376696e-02,4.310701e-02,4.248014e-02,4.189317e-02,4.132680e-02,4.079808e-02,4.030224e-02,3.983866e-02,3.939254e-02,3.898387e-02,3.860682e-02,3.825961e-02,3.792907e-02,3.763774e-02,3.736814e-02,3.712268e-02,3.688178e-02,3.667788e-02,3.649133e-02,3.631405e-02,3.613908e-02,3.596675e-02,3.579143e-02,3.559662e-02,3.539436e-02,3.518300e-02,3.495456e-02,3.469112e-02,3.442122e-02,3.412339e-02,3.379676e-02,3.345765e-02,3.310483e-02,3.274477e-02,3.238216e-02,3.201749e-02,3.165001e-02,3.128038e-02,3.093035e-02,3.059234e-02,3.027443e-02,2.997842e-02,2.970962e-02,2.947756e-02,2.925611e-02,2.907605e-02,2.891487e-02,2.878599e-02,2.867075e-02,2.857335e-02,2.850361e-02,2.844340e-02,2.838984e-02,2.832469e-02,2.826120e-02,2.817245e-02,2.804675e-02,2.789969e-02,2.770728e-02,2.748120e-02,2.719637e-02,2.688791e-02,2.654718e-02,2.619051e-02,2.580995e-02,2.542630e-02,2.503608e-02,2.465550e-02,2.428471e-02,2.394507e-02,2.362591e-02,2.333413e-02,2.309182e-02,2.286921e-02,2.268500e-02,2.251118e-02,2.235438e-02,2.218875e-02,2.201742e-02,2.182943e-02,2.162479e-02,2.140164e-02,2.116421e-02,2.091894e-02,2.066831e-02,2.042514e-02,2.019860e-02,1.999214e-02,1.980009e-02,1.963518e-02,1.949689e-02,1.938370e-02,1.928994e-02,1.921473e-02,1.915395e-02,1.910940e-02,1.907162e-02,1.904594e-02,1.902593e-02,1.901572e-02,1.901411e-02,1.901915e-02,1.905278e-02,1.909500e-02,1.919203e-02,1.931482e-02,1.951798e-02,1.979604e-02,2.020484e-02,2.074323e-02,2.147167e-02,2.240236e-02,2.360756e-02,2.510034e-02,2.691961e-02,2.908640e-02,3.164596e-02,3.457905e-02,3.783716e-02,4.145957e-02,4.540798e-02,4.965466e-02,5.411929e-02,5.881599e-02,6.369756e-02,6.868342e-02,7.374247e-02,7.887671e-02,8.404070e-02,8.925132e-02,9.449005e-02,9.977496e-02,1.052115e-01,1.106389e-01,1.161192e-01,1.216893e-01,1.273510e-01,1.331316e-01,1.389929e-01,1.449810e-01,1.510664e-01,1.572427e-01,1.635355e-01,1.701480e-01,1.766294e-01,1.832110e-01,1.897825e-01,1.964865e-01,2.032367e-01,2.100289e-01,2.168388e-01,2.236493e-01,2.304406e-01,2.371924e-01,2.438706e-01,2.505406e-01,2.571570e-01,2.635642e-01,2.698686e-01,2.760818e-01,2.821142e-01,2.879245e-01,2.936628e-01,2.991696e-01,3.042612e-01,3.092762e-01,3.139383e-01,3.185034e-01,3.227140e-01,3.268178e-01,3.305486e-01,3.341397e-01,3.374379e-01,3.405668e-01,3.435583e-01,3.465867e-01,3.497796e-01,3.528950e-01,3.561606e-01,3.593575e-01,3.625698e-01,3.659251e-01,3.691767e-01,3.725754e-01,3.757122e-01,3.789705e-01,3.822158e-01,3.853031e-01,3.884828e-01,3.916337e-01,3.947346e-01,3.976281e-01,4.005831e-01,4.034663e-01,4.062538e-01,4.089227e-01,4.114880e-01,4.139035e-01,4.161723e-01,4.182918e-01,4.202271e-01,4.219757e-01,4.235185e-01,4.248552e-01,4.257446e-01,4.268075e-01,4.278701e-01,4.289389e-01,4.300039e-01,4.310800e-01,4.321693e-01,4.330842e-01,4.341841e-01,4.352810e-01,4.362120e-01,4.373323e-01,4.382737e-01,4.392161e-01,4.401667e-01,4.411227e-01,4.422619e-01,4.432288e-01,4.441939e-01,4.451611e-01,4.461358e-01,4.471150e-01,4.480902e-01,4.488853e-01,4.498790e-01,4.508779e-01,4.518721e-01,4.528827e-01,4.536965e-01,4.547158e-01,4.555380e-01,4.563705e-01,4.574109e-01,4.582516e-01,4.590960e-01,4.599436e-01,4.607943e-01,4.616494e-01,4.625163e-01,4.633790e-01,4.642434e-01,4.651192e-01,4.657796e-01,4.666635e-01,4.675403e-01,4.681927e-01,4.690788e-01,4.699677e-01,4.708461e-01,4.715142e-01,4.721851e-01,4.730677e-01,4.737324e-01,4.744052e-01,4.753046e-01,4.759804e-01,4.766532e-01,4.773376e-01,4.782491e-01,4.789379e-01,4.796302e-01,4.803326e-01,4.810286e-01,4.817365e-01,4.824469e-01,4.831676e-01,4.838837e-01,4.846102e-01,4.853289e-01,4.860619e-01,4.867963e-01,4.872950e-01,4.880339e-01,4.885370e-01,4.892798e-01,4.900241e-01,4.905407e-01,4.912921e-01,4.918007e-01,4.925562e-01,4.930699e-01,4.938198e-01,4.943367e-01,4.948458e-01,4.953621e-01,4.961197e-01,4.966326e-01,4.971383e-01,4.976557e-01,4.984133e-01,4.989277e-01,4.994376e-01,4.999502e-01,5.004514e-01,5.009645e-01,5.014876e-01,5.020019e-01,5.025201e-01,5.030382e-01,5.035718e-01,5.038446e-01,5.043761e-01,5.049239e-01,5.054664e-01,5.057519e-01,5.062986e-01,5.068629e-01,5.074077e-01,5.077056e-01,5.082568e-01,5.088137e-01,5.091122e-01,5.094035e-01,5.099675e-01,5.102585e-01,5.108123e-01,5.111128e-01,5.116729e-01,5.119636e-01,5.122475e-01,5.125393e-01,5.128205e-01,5.131035e-01,5.133978e-01,5.136850e-01,5.139698e-01,5.142508e-01,5.145424e-01,5.148298e-01,5.151175e-01,5.154022e-01,5.156998e-01,5.159933e-01,5.162914e-01,5.165973e-01,5.168899e-01,5.171730e-01,5.174709e-01,5.177778e-01,5.180749e-01,5.183691e-01,5.186525e-01,5.189445e-01,5.192347e-01,5.195224e-01,5.198163e-01,5.201034e-01,5.203909e-01,5.206881e-01,5.209548e-01,5.212122e-01,5.214868e-01,5.217376e-01,5.220095e-01,5.222744e-01,5.224828e-01,5.227268e-01,5.229610e-01,5.232063e-01,5.234509e-01,5.236241e-01,5.238620e-01,5.240901e-01,5.243076e-01,5.245460e-01,5.247493e-01,5.249674e-01,5.252000e-01,5.253707e-01,5.254784e-01,5.256421e-01,5.258387e-01,5.260026e-01,5.261663e-01,5.263305e-01,5.265169e-01,5.267103e-01,5.269192e-01,5.271321e-01,5.273408e-01,5.275207e-01,5.277777e-01,5.280542e-01,5.283126e-01,5.285750e-01,5.288231e-01,5.290935e-01,5.293859e-01,5.296245e-01,5.299065e-01,5.301598e-01,5.303881e-01,5.306600e-01,5.308777e-01,5.311209e-01,5.313718e-01,5.316419e-01,5.318934e-01,5.321714e-01,5.324319e-01,5.327105e-01,5.329819e-01,5.332734e-01,5.335643e-01,5.338631e-01,5.341263e-01,5.344334e-01,5.347523e-01,5.350462e-01,5.353363e-01,5.356527e-01,5.359512e-01,5.362467e-01,5.365268e-01,5.368486e-01,5.371371e-01,5.374081e-01,5.377273e-01,5.380169e-01,5.382952e-01,5.385738e-01,5.388543e-01,5.391258e-01,5.394053e-01,5.396852e-01,5.399732e-01,5.402195e-01,5.405020e-01,5.408027e-01,5.410616e-01,5.413630e-01,5.416224e-01,5.419166e-01,5.421807e-01,5.424954e-01,5.427601e-01,5.430191e-01,5.432843e-01,5.435657e-01,5.438395e-01,5.441136e-01,5.443760e-01,5.446506e-01,5.449136e-01,5.451688e-01,5.454243e-01,5.456432e-01,5.458950e-01,5.461362e-01,5.463805e-01,5.465779e-01,5.467754e-01,5.470042e-01,5.472180e-01,5.474321e-01,5.476463e-01,5.478526e-01,5.480671e-01,5.482738e-01,5.484806e-01,5.486561e-01,5.488755e-01,5.490747e-01,5.492549e-01,5.494586e-01,5.496391e-01,5.498278e-01,5.500401e-01,5.502389e-01,5.504324e-01,5.506179e-01,5.508210e-01,5.510036e-01,5.512039e-01,5.513849e-01,5.515741e-01,5.517648e-01,5.519431e-01,5.521277e-01,5.523135e-01,5.524909e-01,5.526696e-01,5.528359e-01,5.530003e-01,5.531604e-01,5.533125e-01,5.534664e-01,5.536205e-01,5.537526e-01,5.538826e-01,5.540063e-01,5.541141e-01,5.542347e-01,5.543394e-01,5.544333e-01,5.545151e-01,5.546052e-01,5.546972e-01,5.547763e-01,5.548651e-01,5.549394e-01,5.550053e-01,5.550712e-01,5.551307e-01,5.551985e-01,5.552549e-01,5.553215e-01,5.553718e-01,5.554195e-01,5.554560e-01,5.554896e-01,5.555342e-01,5.555787e-01,5.556123e-01,5.556347e-01,5.556460e-01,5.556544e-01,5.556568e-01,5.556759e-01,5.556920e-01,5.557067e-01,5.557049e-01,5.557031e-01,5.557231e-01,5.557378e-01,5.557443e-01,5.557425e-01,5.557325e-01,5.557443e-01,5.557591e-01,5.557656e-01,5.557556e-01,5.557409e-01,5.557640e-01,5.558089e-01,5.558321e-01,5.558222e-01,5.558122e-01,5.558237e-01,5.558221e-01,5.558306e-01,5.558173e-01,5.558040e-01,5.558073e-01,5.558188e-01,5.557974e-01,5.557400e-01,5.556691e-01,5.556230e-01,5.555769e-01,5.554979e-01,5.553317e-01,5.551541e-01,5.549882e-01,5.548390e-01,5.547035e-01,5.545545e-01,5.543516e-01,5.540801e-01,5.537060e-01,5.533408e-01,5.530821e-01,5.528563e-01,5.525658e-01,5.521677e-01,5.517486e-01,5.514597e-01,5.512601e-01,5.510849e-01,5.508776e-01,5.506303e-01,5.504074e-01,5.502034e-01,5.499811e-01,5.498521e-01,5.498033e-01,5.497546e-01,5.497188e-01,5.496830e-01,5.496472e-01,5.496243e-01,5.496014e-01,5.496586e-01,5.496358e-01,5.496990e-01,5.497693e-01,5.498267e-01,5.498040e-01,5.498615e-01,5.499061e-01,5.499507e-01,5.499152e-01,5.498668e-01,5.498986e-01,5.499304e-01,5.499493e-01,5.499811e-01,5.500129e-01,5.499517e-01,5.499835e-01,5.500153e-01,5.500531e-01,5.500049e-01,5.500367e-01,5.499885e-01,5.500204e-01,5.500653e-01,5.500842e-01,5.500360e-01,5.500680e-01,5.500869e-01,5.501189e-01,5.500578e-01,5.500767e-01,5.500957e-01,5.501147e-01,5.501207e-01,5.501396e-01,5.501586e-01,5.502576e-01,5.502766e-01,5.502956e-01,5.503145e-01,5.503335e-01,5.503525e-01,5.500130e-01,5.501119e-01,5.501309e-01,5.501499e-01,5.501689e-01,5.499097e-01,5.499157e-01,5.500145e-01,5.500336e-01,5.496949e-01,5.497009e-01,5.498127e-01,5.495541e-01,5.495791e-01,5.493339e-01,5.493660e-01,5.493980e-01,5.490866e-01,5.491317e-01,5.489002e-01,5.489452e-01,5.486347e-01,5.486928e-01,5.484619e-01,5.481652e-01,5.483023e-01,5.479930e-01,5.480511e-01,5.478273e-01,5.478725e-01,5.476428e-01,5.473347e-01,5.473798e-01,5.470593e-01,5.470914e-01,5.468499e-01,5.465173e-01,5.466150e-01,5.462829e-01,5.460295e-01,5.460359e-01,5.457048e-01,5.454522e-01,5.454715e-01,5.451414e-01,5.448960e-01,5.449282e-01,5.446895e-01,5.443735e-01,5.444057e-01,5.440902e-01,5.441224e-01,5.438074e-01,5.435057e-01,5.436151e-01,5.433010e-01,5.430002e-01,5.431094e-01,5.427962e-01,5.428284e-01,5.425156e-01,5.422034e-01,5.422355e-01,5.419178e-01,5.419500e-01,5.416261e-01,5.415817e-01,5.412584e-01,5.412015e-01,5.408789e-01,5.408221e-01,5.404875e-01,5.405070e-01,5.401096e-01,5.401291e-01,5.400726e-01,5.396761e-01,5.396268e-01,5.395705e-01,5.392507e-01,5.391946e-01,5.391386e-01,5.388195e-01,5.387636e-01,5.387077e-01,5.386518e-01,5.382584e-01,5.382027e-01,5.381471e-01,5.380914e-01,5.379607e-01,5.379051e-01,5.377745e-01,5.377191e-01,5.380000e-01,5.371976e-01,5.374779e-01,5.376835e-01,5.378893e-01,5.380201e-01,5.378896e-01,5.380204e-01,5.378899e-01,5.377595e-01,5.379653e-01,5.377599e-01,5.376297e-01,5.374247e-01,5.375552e-01,5.373504e-01,5.371457e-01,5.369413e-01,5.367372e-01,5.365403e-01,5.359291e-01,5.359845e-01,5.353750e-01,5.351725e-01,5.349703e-01,5.350256e-01,5.350809e-01,5.344004e-01,5.340518e-01,5.337038e-01,5.337589e-01,5.334849e-01,5.329561e-01,5.325977e-01,5.318527e-01,5.311102e-01,5.310198e-01,5.300287e-01,5.294366e-01,5.288463e-01,5.286627e-01,5.280866e-01,5.275121e-01,5.271872e-01,5.264732e-01,5.256908e-01,5.245955e-01,5.238200e-01,5.225611e-01,5.217596e-01,5.205128e-01,5.199589e-01,5.190186e-01,5.181507e-01,5.172184e-01,5.166620e-01,5.157363e-01,5.151839e-01,5.147998e-01,5.156795e-01,5.168782e-01,5.174722e-01,5.165322e-01,5.157639e-01,5.153790e-01,5.149835e-01,5.142211e-01,5.140610e-01,5.137561e-01,5.126333e-01,5.111431e-01,5.092475e-01,5.072306e-01,5.053507e-01,5.034546e-01,5.013864e-01,4.997438e-01,4.983605e-01,4.976944e-01,4.972652e-01,4.977620e-01,4.967474e-01,4.951274e-01,4.925244e-01,4.900445e-01,4.864975e-01,4.825044e-01,4.792454e-01,4.755836e-01,4.728173e-01,4.692965e-01,4.663212e-01,4.631475e-01,4.597495e-01,4.559581e-01,4.539063e-01,4.509360e-01,4.470476e-01,4.437088e-01,4.400123e-01,4.372507e-01,4.336785e-01,4.299813e-01,4.267391e-01,4.239777e-01,4.212942e-01,4.180604e-01,4.148839e-01,4.123385e-01,4.089290e-01,4.059567e-01,4.030339e-01,4.003319e-01,3.980381e-01,3.957802e-01,3.930833e-01,3.905745e-01,3.881078e-01,3.858652e-01,3.839547e-01,3.817783e-01,3.794712e-01,3.773466e-01,3.755699e-01,3.735063e-01,3.714573e-01,3.697435e-01,3.680477e-01,3.668212e-01,3.652958e-01,3.637801e-01,3.627191e-01,3.613643e-01,3.603083e-01,3.595197e-01,3.584873e-01,3.575791e-01,3.568043e-01,3.559172e-01,3.550240e-01,3.542573e-01,3.537744e-01,3.530253e-01,3.527957e-01,3.525665e-01,3.523490e-01,3.518436e-01,3.514921e-01,3.513998e-01,3.511729e-01,3.514687e-01,3.512529e-01,3.511540e-01,3.508200e-01,3.509962e-01,3.506626e-01,3.509618e-01,3.511382e-01,3.515732e-01,3.514787e-01,3.515431e-01,3.519965e-01,3.523139e-01,3.526161e-01,3.530837e-01,3.535413e-01,3.541371e-01,3.548790e-01,3.554797e-01,3.561938e-01,3.568287e-01,3.572922e-01,3.580601e-01,3.588153e-01,3.592959e-01,3.603479e-01,3.609638e-01,3.617325e-01,3.625115e-01,3.632568e-01,3.643459e-01,3.647083e-01,3.652253e-01,3.658904e-01,3.666823e-01,3.671855e-01,3.678468e-01,3.685222e-01,3.691685e-01,3.702849e-01,3.707988e-01,3.716140e-01,3.725853e-01,3.731437e-01,3.739376e-01,3.746373e-01,3.759007e-01,3.767524e-01,3.774301e-01,3.782724e-01,3.792819e-01,3.798174e-01,3.809719e-01,3.819574e-01,3.832820e-01,3.839682e-01,3.848197e-01,3.859968e-01,3.867054e-01,3.874167e-01,3.887716e-01,3.894912e-01,3.903694e-01,3.912404e-01,3.919698e-01,3.930434e-01,3.937434e-01,3.949993e-01,3.960541e-01,3.964428e-01,3.971818e-01,3.986251e-01,3.993406e-01,4.002563e-01,4.011820e-01,4.021070e-01,4.030483e-01,4.036194e-01,4.045568e-01,4.053474e-01,4.057504e-01,4.067167e-01,4.073119e-01,4.079371e-01,4.089213e-01,4.093451e-01,4.105111e-01,4.109435e-01,4.114056e-01,4.118400e-01,4.128448e-01,4.132641e-01,4.136958e-01,4.145254e-01,4.151202e-01,4.155491e-01,4.162000e-01,4.167931e-01,4.172256e-01,4.176521e-01,4.186554e-01,4.190849e-01,4.195153e-01,4.201186e-01,4.205512e-01,4.209847e-01,4.217775e-01,4.223578e-01,4.224847e-01,4.228694e-01,4.230797e-01,4.231340e-01,4.234968e-01,4.237493e-01,4.240599e-01,4.243622e-01,4.246850e-01,4.252273e-01,4.253702e-01,4.257367e-01,4.260998e-01,4.264749e-01,4.268083e-01,4.273637e-01,4.277484e-01,4.278503e-01,4.284512e-01,4.283620e-01,4.288788e-01,4.292159e-01,4.295032e-01,4.301654e-01,4.303469e-01,4.310587e-01,4.311356e-01,4.318067e-01,4.322736e-01,4.325496e-01,4.327463e-01,4.332077e-01,4.334487e-01,4.341600e-01,4.346357e-01,4.354610e-01,4.361906e-01,4.368338e-01,4.370230e-01,4.378245e-01,4.382156e-01,4.388200e-01,4.392769e-01,4.397239e-01,4.402873e-01,4.411095e-01,4.415148e-01,4.419776e-01,4.423955e-01,4.429714e-01,4.434595e-01,4.439155e-01,4.440377e-01,4.446208e-01,4.449866e-01,4.456187e-01,4.459971e-01,4.465746e-01,4.469078e-01,4.472883e-01,4.476117e-01,4.480405e-01,4.483179e-01,4.485364e-01,4.491316e-01,4.495052e-01,4.499376e-01,4.502650e-01,4.502243e-01,4.506104e-01,4.508910e-01,4.510640e-01,4.513452e-01,4.515185e-01,4.515378e-01,4.519346e-01,4.524428e-01,4.528219e-01,4.528999e-01,4.532316e-01,4.535260e-01,4.538587e-01,4.534948e-01,4.540355e-01,4.543221e-01,4.544781e-01,4.543788e-01,4.545347e-01,4.546043e-01,4.543740e-01,4.541779e-01,4.545509e-01,4.541861e-01,4.536626e-01,4.535052e-01,4.534153e-01,4.525724e-01,4.522683e-01,4.520251e-01,4.517307e-01,4.506825e-01,4.501219e-01,4.497171e-01,4.489955e-01,4.485462e-01,4.477825e-01,4.471653e-01,4.464538e-01,4.454348e-01,4.447300e-01,4.437203e-01,4.429848e-01,4.430038e-01,4.451429e-01,4.441315e-01,4.435995e-01,4.428170e-01,4.420403e-01,4.410538e-01,4.404860e-01,4.397083e-01,4.387895e-01,4.378201e-01,4.370645e-01,4.358554e-01,4.349449e-01,4.341932e-01,4.330459e-01,4.321092e-01,4.310175e-01,4.299875e-01,4.289615e-01,4.279850e-01,4.272543e-01,4.265156e-01,4.256352e-01,4.245024e-01,4.237748e-01,4.229684e-01,4.220753e-01,4.211758e-01,4.202001e-01,4.192808e-01,4.185342e-01,4.177111e-01,4.168442e-01,4.164219e-01,4.156871e-01,4.151029e-01,4.143737e-01,4.134344e-01,4.130700e-01,4.126181e-01,4.118606e-01,4.111064e-01,4.105687e-01,4.098200e-01,4.094524e-01,4.088779e-01,4.085234e-01,4.080455e-01,4.075133e-01,4.070450e-01,4.066638e-01,4.062724e-01,4.060115e-01,4.057510e-01,4.055280e-01,4.052422e-01,4.052297e-01,4.054315e-01,4.054976e-01,4.054041e-01,4.058401e-01,4.062136e-01,4.064842e-01,4.067731e-01,4.071748e-01,4.077830e-01,4.082426e-01,4.086096e-01,4.086765e-01,4.090065e-01,4.093440e-01,4.095541e-01,4.096282e-01,4.097586e-01,4.095938e-01,4.094602e-01,4.097604e-01,4.095509e-01,4.094173e-01,4.094156e-01,4.092065e-01,4.089530e-01,4.089067e-01,4.088045e-01,4.088896e-01,4.088056e-01,4.087216e-01,4.086754e-01,4.088289e-01,4.088762e-01,4.091683e-01,4.093221e-01,4.096527e-01,4.096062e-01,4.098993e-01,4.102308e-01,4.107335e-01,4.110665e-01,4.115402e-01,4.120463e-01,4.128104e-01,4.136091e-01,4.139154e-01,4.143386e-01,4.148984e-01,4.152847e-01,4.161084e-01,4.167126e-01,4.169654e-01,4.173954e-01,4.175007e-01,4.179318e-01,4.178313e-01,4.177704e-01,4.174930e-01,4.172554e-01,4.173320e-01,4.178021e-01,4.180958e-01,4.182015e-01,4.185752e-01,4.184155e-01,4.187498e-01,4.190449e-01,4.192489e-01,4.192564e-01,4.196320e-01,4.202201e-01,4.204179e-01,4.204762e-01,4.210636e-01,4.211146e-01,4.213862e-01,4.215851e-01,4.219979e-01,4.221791e-01,4.223636e-01,4.221930e-01,4.223446e-01,4.224887e-01,4.227740e-01,4.227259e-01,4.229108e-01,4.232373e-01,4.236458e-01,4.235675e-01,4.238843e-01,4.241716e-01,4.243168e-01,4.248701e-01,4.248321e-01,4.249778e-01,4.251723e-01,4.251313e-01,4.256456e-01,4.257995e-01,4.259201e-01,4.256227e-01,4.259278e-01,4.263251e-01,4.262609e-01,4.263269e-01,4.265581e-01,4.267482e-01,4.268864e-01,4.274071e-01,4.279291e-01,4.280035e-01,4.284330e-01,4.290198e-01,4.286700e-01,4.286531e-01,4.283474e-01,4.282674e-01,4.284296e-01,4.283943e-01,4.281829e-01,4.275484e-01,4.267307e-01,4.265028e-01,4.260508e-01,4.250060e-01,4.241813e-01,4.237273e-01,4.228693e-01,4.218242e-01,4.207955e-01,4.195868e-01,4.185526e-01,4.165745e-01,4.153933e-01,4.125027e-01,4.102320e-01,4.081356e-01,4.064261e-01,4.038269e-01,4.022758e-01,3.998692e-01,3.986030e-01,3.951469e-01,3.921441e-01,3.891983e-01,3.856255e-01,3.823074e-01,3.779695e-01,3.736281e-01,3.668414e-01,3.615021e-01,3.562923e-01,3.512346e-01,3.452745e-01,3.399431e-01,3.316549e-01,3.255889e-01,3.195710e-01,3.135742e-01,3.068467e-01,2.988652e-01,2.922515e-01,2.862768e-01,2.804708e-01,2.744515e-01,2.671898e-01,2.618085e-01,2.568634e-01,2.522360e-01,2.481077e-01,2.420977e-01,2.383613e-01,2.348097e-01,2.309381e-01,2.270833e-01,2.233102e-01,2.206608e-01,2.180808e-01,2.155606e-01,2.130513e-01,2.106472e-01,2.091200e-01,2.068403e-01,2.054474e-01,2.032096e-01,2.019816e-01,2.007292e-01,1.995638e-01,1.984537e-01,1.973920e-01,1.963377e-01,1.961282e-01,1.949846e-01,1.947391e-01,1.937525e-01,1.934438e-01,1.932715e-01,1.931392e-01,1.921669e-01,1.920345e-01,1.918631e-01,1.917653e-01,1.925005e-01,1.924660e-01,1.924005e-01,1.922646e-01,1.929689e-01,1.929673e-01,1.937816e-01,1.937850e-01,1.944970e-01,1.952902e-01,1.953308e-01,1.961289e-01,1.969370e-01,1.977518e-01,1.986446e-01,1.986533e-01,1.995225e-01,2.005059e-01,2.013536e-01,2.022789e-01,2.031032e-01,2.040485e-01,2.050003e-01,2.059239e-01,2.068558e-01,2.077919e-01,2.087408e-01,2.096965e-01,2.106585e-01,2.116337e-01,2.125341e-01,2.134799e-01,2.153098e-01,2.153632e-01,2.173087e-01,2.183467e-01,2.184903e-01,2.201512e-01,2.210754e-01,2.223089e-01,2.232815e-01,2.247023e-01,2.255490e-01,2.263489e-01,2.278465e-01,2.287848e-01,2.300408e-01,2.309838e-01,2.324920e-01,2.332918e-01,2.346104e-01,2.356953e-01,2.366197e-01,2.379805e-01,2.389318e-01,2.403075e-01,2.411067e-01,2.423438e-01,2.431484e-01,2.443386e-01,2.452880e-01,2.462015e-01,2.469820e-01,2.481447e-01,2.489379e-01,2.499377e-01,2.506229e-01,2.517549e-01,2.524986e-01,2.535240e-01,2.541717e-01,2.546763e-01,2.557267e-01,2.567860e-01,2.573774e-01,2.581803e-01,2.587783e-01,2.595341e-01,2.599344e-01,2.608243e-01,2.611011e-01,2.617210e-01,2.620613e-01,2.628989e-01,2.631775e-01,2.636167e-01,2.637015e-01,2.644039e-01,2.643406e-01,2.640570e-01,2.641421e-01,2.643731e-01,2.647508e-01,2.640360e-01,2.642668e-01,2.642063e-01,2.639301e-01,2.630754e-01,2.633045e-01,2.628859e-01,2.628261e-01,2.622655e-01,2.615647e-01,2.617910e-01,2.609507e-01,2.605398e-01,2.599893e-01,2.593010e-01,2.587559e-01,2.579356e-01,2.580167e-01,2.576153e-01,2.567998e-01,2.562655e-01,2.554613e-01,2.547975e-01,2.542717e-01,2.534804e-01,2.529601e-01,2.527718e-01,2.521248e-01,2.514812e-01,2.507164e-01,2.500826e-01,2.501612e-01,2.492691e-01,2.493497e-01,2.484635e-01,2.485386e-01,2.484878e-01,2.481782e-01,2.481250e-01,2.480694e-01,2.478860e-01,2.482798e-01,2.482242e-01,2.480405e-01,2.478547e-01,2.483728e-01,2.480609e-01,2.484541e-01,2.484008e-01,2.486750e-01,2.484931e-01,2.490215e-01,2.487129e-01,2.491107e-01,2.489331e-01,2.492023e-01,2.496079e-01,2.494271e-01,2.491175e-01,2.495140e-01,2.493309e-01,2.496046e-01,2.492920e-01,2.496890e-01,2.495056e-01,2.497710e-01,2.494580e-01,2.498618e-01,2.495485e-01,2.498165e-01,2.496329e-01,2.499011e-01,2.495939e-01,2.498645e-01,2.496808e-01,2.499490e-01,2.496330e-01,2.499012e-01,2.497210e-01,2.498594e-01,2.502557e-01,2.499389e-01,2.502051e-01,2.503415e-01,2.506148e-01,2.502945e-01,2.505615e-01,2.508290e-01,2.503803e-01,2.506536e-01,2.509213e-01,2.510585e-01,2.507396e-01,2.508765e-01,2.511447e-01,2.512883e-01,2.515574e-01,2.518271e-01,2.520974e-01,2.516439e-01,2.519138e-01,2.520608e-01,2.523316e-01,2.524703e-01,2.526091e-01,2.522922e-01,2.524282e-01,2.525670e-01,2.528389e-01,2.529755e-01,2.531184e-01,2.526585e-01,2.529306e-01,2.530647e-01,2.532076e-01,2.527474e-01,2.528839e-01,2.530179e-01,2.525618e-01,2.526980e-01,2.528318e-01,2.529657e-01,2.530998e-01,2.532340e-01,2.527770e-01,2.527752e-01,2.529091e-01,2.530430e-01,2.531771e-01,2.533174e-01,2.534492e-01,2.535837e-01,2.535818e-01,2.537138e-01,2.538460e-01,2.539817e-01,2.539771e-01,2.541069e-01,2.542341e-01,2.542329e-01,2.543576e-01,2.544824e-01,2.544725e-01,2.552037e-01,2.551971e-01,2.553227e-01,2.553100e-01,2.560461e-01,2.560421e-01,2.561685e-01,2.567723e-01,2.568995e-01,2.568921e-01,2.576436e-01,2.576333e-01,2.582442e-01,2.583728e-01,2.591304e-01,2.597458e-01,2.598732e-01,2.604922e-01,2.604789e-01,2.612402e-01,2.612330e-01,2.620015e-01,2.626309e-01,2.626174e-01,2.633972e-01,2.633864e-01,2.640345e-01,2.646768e-01,2.646716e-01,2.653227e-01,2.659772e-01,2.659782e-01,2.666417e-01,2.666393e-01,2.674554e-01,2.674621e-01,2.681362e-01,2.688137e-01,2.688201e-01,2.695041e-01,2.695168e-01,2.702075e-01,2.702168e-01,2.709111e-01,2.709269e-01,2.716249e-01,2.716374e-01,2.723422e-01,2.723612e-01,2.723737e-01,2.730823e-01,2.729393e-01,2.729583e-01,2.729739e-01,2.736858e-01,2.736984e-01,2.737175e-01,2.737332e-01,2.737458e-01,2.730588e-01,2.729222e-01,2.729347e-01,2.722519e-01,2.715695e-01,2.707407e-01,2.707593e-01,2.700846e-01,2.687363e-01,2.679251e-01,2.672647e-01,2.659511e-01,2.651540e-01,2.638525e-01,2.632125e-01,2.617874e-01,2.605193e-01,2.591293e-01,2.578871e-01,2.559070e-01,2.546959e-01,2.527622e-01,2.515808e-01,2.502801e-01,2.485468e-01,2.472826e-01,2.454653e-01,2.443538e-01,2.425793e-01,2.413726e-01,2.397606e-01,2.385816e-01,2.368897e-01,2.358589e-01,2.342050e-01,2.331929e-01,2.320772e-01,2.304732e-01,2.293809e-01,2.282987e-01,2.272267e-01,2.262750e-01,2.252194e-01,2.241755e-01,2.226772e-01,2.216563e-01,2.212021e-01,2.201945e-01,2.196455e-01,2.185521e-01,2.180167e-01,2.170371e-01,2.166012e-01,2.160695e-01,2.155383e-01,2.150117e-01,2.140562e-01,2.135366e-01,2.130174e-01,2.120790e-01,2.111485e-01,2.105479e-01,2.100457e-01,2.090391e-01,2.081342e-01,2.076400e-01,2.071481e-01,2.061700e-01,2.056847e-01,2.052016e-01,2.047206e-01,2.041546e-01,2.032898e-01,2.027313e-01,2.022614e-01,2.017935e-01,2.013277e-01,2.007794e-01,2.003204e-01,1.997791e-01,1.996960e-01,1.991561e-01,1.990735e-01,1.989079e-01,1.991960e-01,1.990302e-01,1.989476e-01,1.991526e-01,1.994413e-01,1.991901e-01,1.998537e-01,1.996850e-01,1.998914e-01,1.998064e-01,2.003898e-01,2.003025e-01,2.001289e-01,2.002522e-01,2.001649e-01,2.003706e-01,2.001991e-01,2.000279e-01,2.003174e-01,1.996841e-01,1.995119e-01,1.994252e-01,1.992552e-01,1.987093e-01,1.985404e-01,1.980845e-01,1.977483e-01,1.972958e-01,1.971291e-01,1.969645e-01,1.964322e-01,1.961068e-01,1.960245e-01,1.954987e-01,1.953383e-01,1.951782e-01,1.950182e-01,1.947768e-01,1.949752e-01,1.948174e-01,1.950159e-01,1.948579e-01,1.948983e-01,1.951770e-01,1.952960e-01,1.951375e-01,1.949793e-01,1.951799e-01,1.952223e-01,1.954234e-01,1.959864e-01,1.958268e-01,1.960292e-01,1.959892e-01,1.961937e-01,1.963968e-01,1.966003e-01,1.966414e-01,1.964808e-01,1.963204e-01,1.960776e-01,1.962804e-01,1.963178e-01,1.961576e-01,1.959151e-01,1.961159e-01,1.960741e-01,1.963545e-01,1.961114e-01,1.958671e-01,1.960678e-01,1.960260e-01,1.958644e-01,1.956224e-01,1.958208e-01,1.954198e-01,1.952591e-01,1.953782e-01,1.952175e-01,1.948152e-01,1.946536e-01,1.944144e-01,1.942517e-01,1.938548e-01,1.932603e-01,1.930209e-01,1.932124e-01,1.928144e-01,1.926541e-01,1.924126e-01,1.922511e-01,1.918534e-01,4.728085e-03,4.728085e-03,4.728085e-03,4.728085e-03,4.728085e-03,4.728085e-03,4.728085e-03,4.728085e-03,4.728085e-03,4.728085e-03,4.728085e-03,4.728085e-03,4.728085e-03,4.728085e-03,4.728085e-03,4.728085e-03,4.728085e-03,4.728085e-03,4.728085e-03,4.728085e-03,4.728085e-03,4.728085e-03,4.728085e-03,4.728085e-03,4.728085e-03,4.728085e-03,4.728085e-03,4.728085e-03,4.728085e-03,4.728085e-03,4.728085e-03,4.728085e-03,4.728085e-03,4.728085e-03,4.728085e-03,4.728085e-03,4.728085e-03,4.728085e-03,4.728085e-03,4.728085e-03,4.728085e-03,4.728085e-03,4.728085e-03,4.728085e-03,4.728085e-03,4.728085e-03,4.728085e-03,4.728085e-03,4.728085e-03,4.728085e-03,4.728085e-03,4.728085e-03,4.728085e-03,4.728085e-03,4.728085e-03,4.728085e-03,4.728085e-03,4.728085e-03,4.728085e-03,4.728085e-03,4.728085e-03,4.728085e-03,4.728085e-03,4.728085e-03,4.728085e-03,4.728085e-03,4.728085e-03,4.728085e-03,4.728085e-03,4.728085e-03,4.728085e-03,4.728085e-03,4.728085e-03,4.728085e-03,4.728085e-03,4.728085e-03,4.728085e-03,4.728085e-03,4.728085e-03,4.728085e-03,4.728085e-03,4.728085e-03,4.728085e-03,4.728085e-03,4.728085e-03,4.728085e-03,4.728085e-03,4.728085e-03,4.728085e-03,4.728085e-03,4.728085e-03,4.728085e-03,4.728085e-03,4.728085e-03,4.728085e-03,4.728085e-03,4.728085e-03,4.728085e-03,4.728085e-03,4.728085e-03,4.728085e-03,4.728085e-03,4.728085e-03,4.728085e-03,4.728085e-03,4.728085e-03,4.728085e-03,4.728085e-03,4.728085e-03,4.728085e-03,4.728085e-03,4.728085e-03,4.728085e-03,4.728085e-03,4.728085e-03,4.728085e-03,4.728085e-03,4.728085e-03,4.728085e-03,4.728085e-03,4.728085e-03,4.728085e-03,4.728085e-03,4.728085e-03,4.728085e-03,4.728085e-03,4.728085e-03,4.728085e-03,4.728085e-03,4.728085e-03,4.728085e-03,4.728085e-03,4.728085e-03,4.728085e-03,4.728085e-03,4.728085e-03,4.728085e-03,4.728085e-03,4.728085e-03,4.728085e-03,4.728085e-03,4.728085e-03,4.728085e-03,4.728085e-03,4.728085e-03,4.728085e-03,4.728085e-03,4.728085e-03,4.728085e-03,4.728085e-03,4.728085e-03,4.728085e-03,4.728085e-03,4.728085e-03,4.728085e-03,4.728085e-03,4.728085e-03,4.728085e-03,4.728085e-03,4.728085e-03,4.728085e-03
2.153309e-02,2.151566e-02,2.149622e-02,2.147493e-02,2.145238e-02,2.143309e-02,2.140894e-02,2.139073e-02,2.137302e-02,2.135180e-02,2.133735e-02,2.131377e-02,2.129452e-02,2.127415e-02,2.124698e-02,2.122754e-02,2.120780e-02,2.118677e-02,2.117112e-02,2.114875e-02,2.113033e-02,2.110983e-02,2.108832e-02,2.107198e-02,2.105908e-02,2.104231e-02,2.103188e-02,2.102421e-02,2.101249e-02,2.100161e-02,2.099069e-02,2.097262e-02,2.096073e-02,2.094492e-02,2.093612e-02,2.092696e-02,2.091041e-02,2.090076e-02,2.088914e-02,2.087156e-02,2.086100e-02,2.085603e-02,2.084783e-02,2.084200e-02,2.083428e-02,2.083449e-02,2.083434e-02,2.082877e-02,2.083473e-02,2.084636e-02,2.085814e-02,2.088088e-02,2.090780e-02,2.093610e-02,2.096515e-02,2.099555e-02,2.103236e-02,2.106699e-02,2.110084e-02,2.114198e-02,2.117726e-02,2.121510e-02,2.125718e-02,2.129234e-02,2.133836e-02,2.137812e-02,2.142199e-02,2.146551e-02,2.150150e-02,2.153893e-02,2.157234e-02,2.159423e-02,2.161568e-02,2.163132e-02,2.163704e-02,2.164531e-02,2.165139e-02,2.166011e-02,2.166180e-02,2.166944e-02,2.168143e-02,2.169704e-02,2.172511e-02,2.176031e-02,2.180155e-02,2.186042e-02,2.193211e-02,2.200842e-02,2.210754e-02,2.221563e-02,2.234518e-02,2.247972e-02,2.263219e-02,2.279385e-02,2.297389e-02,2.316401e-02,2.337624e-02,2.360132e-02,2.384506e-02,2.411365e-02,2.439956e-02,2.470784e-02,2.504129e-02,2.540095e-02,2.579397e-02,2.621337e-02,2.666476e-02,2.716853e-02,2.772598e-02,2.830983e-02,2.893956e-02,2.960134e-02,3.031172e-02,3.112103e-02,3.199951e-02,3.289877e-02,3.387132e-02,3.492025e-02,3.605212e-02,3.726860e-02,3.857683e-02,3.993276e-02,4.138381e-02,4.289093e-02,4.450489e-02,4.616774e-02,4.793606e-02,4.975435e-02,5.169235e-02,5.366234e-02,5.576086e-02,5.787089e-02,6.012421e-02,6.242218e-02,6.487239e-02,6.735872e-02,7.000671e-02,7.264496e-02,7.545736e-02,7.828830e-02,8.126978e-02,8.429682e-02,8.734918e-02,9.062665e-02,9.395132e-02,9.741700e-02,1.009060e-01,1.045522e-01,1.081871e-01,1.118752e-01,1.155563e-01,1.191255e-01,1.224986e-01,1.260835e-01,1.292188e-01,1.317141e-01,1.332603e-01,1.345114e-01,1.353401e-01,1.357366e-01,1.359860e-01,1.362499e-01,1.363965e-01,1.365354e-01,1.365932e-01,1.366707e-01,1.366614e-01,1.365642e-01,1.364325e-01,1.362776e-01,1.360536e-01,1.357800e-01,1.354610e-01,1.351657e-01,1.348505e-01,1.345311e-01,1.342172e-01,1.339760e-01,1.337507e-01,1.335643e-01,1.333859e-01,1.333300e-01,1.332656e-01,1.332227e-01,1.331705e-01,1.331914e-01,1.332315e-01,1.332341e-01,1.332550e-01,1.333094e-01,1.333960e-01,1.334788e-01,1.335816e-01,1.336946e-01,1.338710e-01,1.340783e-01,1.342829e-01,1.345194e-01,1.347499e-01,1.349600e-01,1.350732e-01,1.351897e-01,1.352419e-01,1.351879e-01,1.349950e-01,1.347512e-01,1.344263e-01,1.339411e-01,1.334340e-01,1.328443e-01,1.322189e-01,1.315055e-01,1.307914e-01,1.300525e-01,1.292487e-01,1.285072e-01,1.277323e-01,1.270222e-01,1.263528e-01,1.257082e-01,1.251886e-01,1.246891e-01,1.243194e-01,1.239825e-01,1.237495e-01,1.235561e-01,1.234189e-01,1.233964e-01,1.233613e-01,1.233844e-01,1.233358e-01,1.232837e-01,1.231051e-01,1.227953e-01,1.223845e-01,1.217581e-01,1.209953e-01,1.199697e-01,1.187906e-01,1.174533e-01,1.159566e-01,1.143248e-01,1.126366e-01,1.108360e-01,1.090141e-01,1.071710e-01,1.054077e-01,1.037042e-01,1.020936e-01,1.007012e-01,9.940243e-02,9.827192e-02,9.721405e-02,9.621595e-02,9.515334e-02,9.398050e-02,9.268677e-02,9.118949e-02,8.951172e-02,8.759104e-02,8.553263e-02,8.323772e-02,8.091210e-02,7.850298e-02,7.611738e-02,7.377187e-02,7.149498e-02,6.948876e-02,6.762572e-02,6.604548e-02,6.459503e-02,6.343959e-02,6.246269e-02,6.169616e-02,6.105236e-02,6.066325e-02,6.036569e-02,6.041611e-02,6.062372e-02,6.138974e-02,6.244869e-02,6.446944e-02,6.687849e-02,7.032863e-02,7.428870e-02,7.930046e-02,8.486070e-02,9.115686e-02,9.804604e-02,1.057094e-01,1.139094e-01,1.226398e-01,1.318791e-01,1.416757e-01,1.517807e-01,1.620485e-01,1.725564e-01,1.832124e-01,1.938592e-01,2.043360e-01,2.147263e-01,2.249928e-01,2.348769e-01,2.444119e-01,2.536347e-01,2.625081e-01,2.710615e-01,2.793017e-01,2.872758e-01,2.952729e-01,3.028254e-01,3.101552e-01,3.173291e-01,3.243287e-01,3.312110e-01,3.379107e-01,3.445020e-01,3.509317e-01,3.572170e-01,3.633730e-01,3.697717e-01,3.756214e-01,3.813431e-01,3.867792e-01,3.921739e-01,3.974026e-01,4.024692e-01,4.073763e-01,4.120953e-01,4.166368e-01,4.209961e-01,4.251651e-01,4.291897e-01,4.330550e-01,4.366561e-01,4.401303e-01,4.434608e-01,4.466174e-01,4.495573e-01,4.524305e-01,4.551418e-01,4.575512e-01,4.599205e-01,4.620649e-01,4.641766e-01,4.660756e-01,4.679500e-01,4.696182e-01,4.712546e-01,4.727268e-01,4.741611e-01,4.754718e-01,4.767775e-01,4.781668e-01,4.794767e-01,4.808588e-01,4.821789e-01,4.834787e-01,4.848505e-01,4.861372e-01,4.875054e-01,4.886995e-01,4.899552e-01,4.911954e-01,4.923412e-01,4.935316e-01,4.947123e-01,4.958691e-01,4.969249e-01,4.980147e-01,4.990898e-01,5.001280e-01,5.011190e-01,5.020922e-01,5.030097e-01,5.038850e-01,5.047274e-01,5.055109e-01,5.062450e-01,5.069233e-01,5.075554e-01,5.079980e-01,5.085213e-01,5.090377e-01,5.095554e-01,5.100669e-01,5.105914e-01,5.111255e-01,5.115641e-01,5.120883e-01,5.126107e-01,5.130567e-01,5.135973e-01,5.140455e-01,5.144876e-01,5.149336e-01,5.153847e-01,5.159118e-01,5.163651e-01,5.168151e-01,5.172634e-01,5.177112e-01,5.181555e-01,5.185982e-01,5.189656e-01,5.194127e-01,5.198608e-01,5.202987e-01,5.207574e-01,5.211156e-01,5.215675e-01,5.219314e-01,5.222962e-01,5.227508e-01,5.231171e-01,5.234840e-01,5.238471e-01,5.242065e-01,5.245710e-01,5.249451e-01,5.253109e-01,5.256595e-01,5.260134e-01,5.262859e-01,5.266498e-01,5.269828e-01,5.271918e-01,5.275437e-01,5.278872e-01,5.281724e-01,5.284115e-01,5.286554e-01,5.289549e-01,5.291675e-01,5.294256e-01,5.297807e-01,5.300214e-01,5.302803e-01,5.305534e-01,5.309013e-01,5.311661e-01,5.314403e-01,5.317153e-01,5.319811e-01,5.322613e-01,5.325419e-01,5.328244e-01,5.331103e-01,5.333970e-01,5.336652e-01,5.339619e-01,5.342497e-01,5.344391e-01,5.347276e-01,5.349267e-01,5.352113e-01,5.354869e-01,5.356974e-01,5.359923e-01,5.361739e-01,5.364649e-01,5.366610e-01,5.369382e-01,5.371348e-01,5.373265e-01,5.375101e-01,5.377836e-01,5.379712e-01,5.381585e-01,5.383606e-01,5.386349e-01,5.388049e-01,5.389835e-01,5.391717e-01,5.393312e-01,5.395054e-01,5.396950e-01,5.398601e-01,5.400443e-01,5.402191e-01,5.403859e-01,5.404693e-01,5.406545e-01,5.408363e-01,5.410175e-01,5.411112e-01,5.413069e-01,5.415089e-01,5.416715e-01,5.417708e-01,5.419624e-01,5.421405e-01,5.422304e-01,5.423295e-01,5.425368e-01,5.426264e-01,5.427899e-01,5.428949e-01,5.430875e-01,5.431581e-01,5.432427e-01,5.433377e-01,5.433982e-01,5.434684e-01,5.435731e-01,5.436676e-01,5.437427e-01,5.437889e-01,5.438647e-01,5.439496e-01,5.440345e-01,5.440953e-01,5.441378e-01,5.441894e-01,5.442701e-01,5.443612e-01,5.443983e-01,5.443675e-01,5.443955e-01,5.444575e-01,5.445140e-01,5.445081e-01,5.444001e-01,5.443748e-01,5.443732e-01,5.443521e-01,5.443316e-01,5.443009e-01,5.442320e-01,5.439731e-01,5.437972e-01,5.437616e-01,5.436342e-01,5.435504e-01,5.434660e-01,5.432955e-01,5.429602e-01,5.426833e-01,5.425465e-01,5.424527e-01,5.421390e-01,5.415658e-01,5.412429e-01,5.410593e-01,5.407752e-01,5.404164e-01,5.400380e-01,5.397552e-01,5.395309e-01,5.388752e-01,5.376713e-01,5.369744e-01,5.365191e-01,5.358258e-01,5.350991e-01,5.344104e-01,5.338624e-01,5.333268e-01,5.329196e-01,5.326118e-01,5.321711e-01,5.315831e-01,5.313780e-01,5.313853e-01,5.313537e-01,5.312696e-01,5.312331e-01,5.311947e-01,5.312587e-01,5.312517e-01,5.313107e-01,5.313605e-01,5.313484e-01,5.314024e-01,5.313853e-01,5.314300e-01,5.315204e-01,5.316496e-01,5.317401e-01,5.319272e-01,5.320982e-01,5.322856e-01,5.324272e-01,5.326547e-01,5.328476e-01,5.330866e-01,5.333055e-01,5.335912e-01,5.338823e-01,5.341114e-01,5.343938e-01,5.347272e-01,5.350568e-01,5.352872e-01,5.355658e-01,5.358595e-01,5.361855e-01,5.364958e-01,5.368322e-01,5.371596e-01,5.374821e-01,5.378051e-01,5.381648e-01,5.384416e-01,5.387659e-01,5.390906e-01,5.394631e-01,5.398212e-01,5.401841e-01,5.405638e-01,5.409289e-01,5.413098e-01,5.416761e-01,5.420104e-01,5.423354e-01,5.427240e-01,5.430500e-01,5.433658e-01,5.436927e-01,5.441166e-01,5.444930e-01,5.448699e-01,5.452418e-01,5.456199e-01,5.459930e-01,5.463179e-01,5.466432e-01,5.469486e-01,5.473181e-01,5.477330e-01,5.480545e-01,5.482680e-01,5.484818e-01,5.487057e-01,5.490184e-01,5.493315e-01,5.496450e-01,5.499094e-01,5.502236e-01,5.504886e-01,5.507538e-01,5.510092e-01,5.512808e-01,5.514970e-01,5.517092e-01,5.518816e-01,5.520941e-01,5.523567e-01,5.525797e-01,5.528088e-01,5.530279e-01,5.531970e-01,5.534214e-01,5.535898e-01,5.538136e-01,5.539358e-01,5.541085e-01,5.542358e-01,5.543573e-01,5.544828e-01,5.546629e-01,5.548320e-01,5.549558e-01,5.550735e-01,5.551447e-01,5.552605e-01,5.553258e-01,5.554396e-01,5.555535e-01,5.556187e-01,5.556749e-01,5.557290e-01,5.557760e-01,5.558291e-01,5.558751e-01,5.559240e-01,5.558665e-01,5.558597e-01,5.559016e-01,5.559374e-01,5.559782e-01,5.559267e-01,5.558641e-01,5.558016e-01,5.557370e-01,5.557231e-01,5.556575e-01,5.556517e-01,5.555843e-01,5.555160e-01,5.553964e-01,5.552759e-01,5.552153e-01,5.551940e-01,5.551215e-01,5.549977e-01,5.548227e-01,5.546469e-01,5.544302e-01,5.543535e-01,5.542759e-01,5.541978e-01,5.540194e-01,5.538413e-01,5.537736e-01,5.536959e-01,5.535681e-01,5.533904e-01,5.531629e-01,5.530458e-01,5.529684e-01,5.528412e-01,5.526145e-01,5.524317e-01,5.524044e-01,5.524869e-01,5.524595e-01,5.522334e-01,5.520075e-01,5.518375e-01,5.516617e-01,5.514529e-01,5.511352e-01,5.508180e-01,5.505998e-01,5.504312e-01,5.500660e-01,5.494666e-01,5.488096e-01,5.483010e-01,5.477936e-01,5.470934e-01,5.459550e-01,5.446846e-01,5.435590e-01,5.425343e-01,5.415726e-01,5.405576e-01,5.393077e-01,5.376064e-01,5.354071e-01,5.332758e-01,5.317519e-01,5.304184e-01,5.287369e-01,5.264629e-01,5.241149e-01,5.224833e-01,5.213365e-01,5.203244e-01,5.191471e-01,5.177652e-01,5.165185e-01,5.152962e-01,5.140645e-01,5.132579e-01,5.128666e-01,5.124762e-01,5.120913e-01,5.117071e-01,5.113238e-01,5.109459e-01,5.105687e-01,5.105998e-01,5.102234e-01,5.102667e-01,5.103025e-01,5.103336e-01,5.099579e-01,5.099890e-01,5.100154e-01,5.100419e-01,5.096621e-01,5.092784e-01,5.093001e-01,5.093218e-01,5.093388e-01,5.093606e-01,5.093823e-01,5.089946e-01,5.090164e-01,5.090381e-01,5.090722e-01,5.086900e-01,5.087117e-01,5.083303e-01,5.083520e-01,5.083784e-01,5.083955e-01,5.080148e-01,5.080365e-01,5.080536e-01,5.080753e-01,5.076907e-01,5.077078e-01,5.077248e-01,5.077419e-01,5.077543e-01,5.077714e-01,5.077884e-01,5.082072e-01,5.082242e-01,5.082413e-01,5.082584e-01,5.082754e-01,5.082925e-01,5.079327e-01,5.083514e-01,5.083685e-01,5.083856e-01,5.084027e-01,5.084445e-01,5.084569e-01,5.088765e-01,5.088936e-01,5.085329e-01,5.085453e-01,5.089696e-01,5.090116e-01,5.090410e-01,5.090877e-01,5.091095e-01,5.091313e-01,5.087801e-01,5.088066e-01,5.088581e-01,5.088847e-01,5.085340e-01,5.085653e-01,5.086167e-01,5.082713e-01,5.087043e-01,5.083540e-01,5.083854e-01,5.084492e-01,5.084759e-01,5.085273e-01,5.081776e-01,5.082043e-01,5.078505e-01,5.078724e-01,5.079190e-01,5.075610e-01,5.079780e-01,5.076200e-01,5.076618e-01,5.076742e-01,5.073169e-01,5.073586e-01,5.073758e-01,5.070191e-01,5.070732e-01,5.070952e-01,5.071417e-01,5.067902e-01,5.068122e-01,5.064614e-01,5.064833e-01,5.061332e-01,5.057884e-01,5.062062e-01,5.058566e-01,5.055124e-01,5.059296e-01,5.055806e-01,5.056025e-01,5.052542e-01,5.049065e-01,5.049284e-01,5.045892e-01,5.046112e-01,5.042601e-01,5.038902e-01,5.035404e-01,5.031673e-01,5.028188e-01,5.024471e-01,5.020954e-01,5.021127e-01,5.013794e-01,5.013966e-01,5.010277e-01,5.002986e-01,4.999445e-01,4.995785e-01,4.992367e-01,4.988720e-01,4.985081e-01,4.981683e-01,4.978057e-01,4.974438e-01,4.970826e-01,4.963683e-01,4.960091e-01,4.956507e-01,4.952929e-01,4.945622e-01,4.942065e-01,4.934798e-01,4.931262e-01,4.931205e-01,4.917063e-01,4.917009e-01,4.913279e-01,4.909557e-01,4.902187e-01,4.895070e-01,4.887755e-01,4.880690e-01,4.873651e-01,4.870006e-01,4.859430e-01,4.852468e-01,4.841987e-01,4.834870e-01,4.824483e-01,4.814151e-01,4.803874e-01,4.793651e-01,4.783615e-01,4.766881e-01,4.756643e-01,4.740139e-01,4.730248e-01,4.720408e-01,4.710415e-01,4.700473e-01,4.681177e-01,4.665105e-01,4.649167e-01,4.639540e-01,4.626982e-01,4.614702e-01,4.599145e-01,4.577748e-01,4.556590e-01,4.541348e-01,4.520777e-01,4.506189e-01,4.491715e-01,4.483075e-01,4.468811e-01,4.454656e-01,4.440431e-01,4.420794e-01,4.398552e-01,4.373970e-01,4.352282e-01,4.331183e-01,4.318212e-01,4.297502e-01,4.284607e-01,4.266701e-01,4.251563e-01,4.233982e-01,4.221509e-01,4.204221e-01,4.191954e-01,4.177130e-01,4.174170e-01,4.173568e-01,4.168316e-01,4.151515e-01,4.132296e-01,4.117967e-01,4.103730e-01,4.085026e-01,4.070911e-01,4.052247e-01,4.029649e-01,4.002950e-01,3.970290e-01,3.933777e-01,3.902252e-01,3.862856e-01,3.818290e-01,3.780678e-01,3.737879e-01,3.697699e-01,3.652754e-01,3.623094e-01,3.569826e-01,3.513465e-01,3.449686e-01,3.396270e-01,3.322395e-01,3.249346e-01,3.180951e-01,3.105276e-01,3.051719e-01,2.978899e-01,2.911811e-01,2.846877e-01,2.775845e-01,2.706681e-01,2.661827e-01,2.608013e-01,2.539671e-01,2.482863e-01,2.427200e-01,2.382679e-01,2.331486e-01,2.281941e-01,2.235620e-01,2.197333e-01,2.165209e-01,2.127661e-01,2.091397e-01,2.062288e-01,2.027277e-01,1.998468e-01,1.970459e-01,1.943672e-01,1.922322e-01,1.901430e-01,1.879759e-01,1.858927e-01,1.838543e-01,1.822452e-01,1.807420e-01,1.791903e-01,1.776211e-01,1.761160e-01,1.750292e-01,1.735708e-01,1.721309e-01,1.710909e-01,1.700629e-01,1.694559e-01,1.684812e-01,1.675170e-01,1.669610e-01,1.660469e-01,1.654959e-01,1.650146e-01,1.644742e-01,1.639658e-01,1.634928e-01,1.629941e-01,1.624943e-01,1.620290e-01,1.619057e-01,1.614476e-01,1.613885e-01,1.613295e-01,1.612743e-01,1.608787e-01,1.607885e-01,1.607651e-01,1.607065e-01,1.610469e-01,1.609919e-01,1.609649e-01,1.608787e-01,1.611883e-01,1.611019e-01,1.614441e-01,1.617559e-01,1.621368e-01,1.621097e-01,1.623958e-01,1.630553e-01,1.634099e-01,1.637616e-01,1.644360e-01,1.651115e-01,1.658300e-01,1.668764e-01,1.676097e-01,1.683791e-01,1.694262e-01,1.701415e-01,1.712454e-01,1.723584e-01,1.731024e-01,1.746313e-01,1.754316e-01,1.765978e-01,1.777837e-01,1.786458e-01,1.802763e-01,1.810484e-01,1.822080e-01,1.834279e-01,1.846996e-01,1.855506e-01,1.868091e-01,1.880899e-01,1.890147e-01,1.908293e-01,1.917364e-01,1.931232e-01,1.945814e-01,1.959230e-01,1.969653e-01,1.983864e-01,2.000137e-01,2.015274e-01,2.025865e-01,2.041320e-01,2.057588e-01,2.068106e-01,2.085254e-01,2.097638e-01,2.115880e-01,2.127471e-01,2.139809e-01,2.158154e-01,2.170284e-01,2.182551e-01,2.202224e-01,2.214854e-01,2.228226e-01,2.241683e-01,2.254771e-01,2.274534e-01,2.282583e-01,2.303558e-01,2.318593e-01,2.325660e-01,2.339672e-01,2.362393e-01,2.371075e-01,2.386332e-01,2.401869e-01,2.417531e-01,2.433489e-01,2.441997e-01,2.458197e-01,2.473976e-01,2.481949e-01,2.498791e-01,2.507781e-01,2.523365e-01,2.540794e-01,2.549226e-01,2.567818e-01,2.576521e-01,2.592185e-01,2.601059e-01,2.619609e-01,2.628572e-01,2.637696e-01,2.655930e-01,2.666003e-01,2.675388e-01,2.693280e-01,2.703640e-01,2.713299e-01,2.723023e-01,2.743292e-01,2.753238e-01,2.763259e-01,2.774184e-01,2.784363e-01,2.794618e-01,2.806758e-01,2.817122e-01,2.823563e-01,2.832976e-01,2.841580e-01,2.850196e-01,2.858851e-01,2.868683e-01,2.876276e-01,2.887320e-01,2.895123e-01,2.904981e-01,2.911861e-01,2.920908e-01,2.929914e-01,2.939087e-01,2.947192e-01,2.957433e-01,2.966796e-01,2.972833e-01,2.984419e-01,2.989440e-01,2.998822e-01,3.007273e-01,3.014581e-01,3.024045e-01,3.032708e-01,3.043601e-01,3.049832e-01,3.059633e-01,3.068235e-01,3.075833e-01,3.081002e-01,3.089719e-01,3.096187e-01,3.107446e-01,3.116437e-01,3.126496e-01,3.138105e-01,3.147214e-01,3.152518e-01,3.161633e-01,3.168221e-01,3.176192e-01,3.184298e-01,3.192331e-01,3.199088e-01,3.208499e-01,3.215306e-01,3.223622e-01,3.230615e-01,3.237448e-01,3.241658e-01,3.249999e-01,3.253024e-01,3.260064e-01,3.265701e-01,3.274205e-01,3.280014e-01,3.287056e-01,3.291487e-01,3.297359e-01,3.301698e-01,3.309048e-01,3.311976e-01,3.318013e-01,3.325348e-01,3.331225e-01,3.338712e-01,3.343167e-01,3.346460e-01,3.352537e-01,3.355546e-01,3.360260e-01,3.363282e-01,3.368019e-01,3.368154e-01,3.374326e-01,3.378909e-01,3.384985e-01,3.386756e-01,3.391344e-01,3.394546e-01,3.399157e-01,3.398065e-01,3.404104e-01,3.407316e-01,3.412042e-01,3.413919e-01,3.418664e-01,3.420453e-01,3.423859e-01,3.422652e-01,3.428877e-01,3.427762e-01,3.426758e-01,3.426976e-01,3.428883e-01,3.423205e-01,3.423655e-01,3.420796e-01,3.421261e-01,3.414169e-01,3.411640e-01,3.408900e-01,3.406474e-01,3.402218e-01,3.398282e-01,3.394127e-01,3.391726e-01,3.384773e-01,3.382388e-01,3.375477e-01,3.371626e-01,3.371761e-01,3.387629e-01,3.380697e-01,3.378241e-01,3.372783e-01,3.367451e-01,3.360624e-01,3.356723e-01,3.351328e-01,3.346162e-01,3.339432e-01,3.334218e-01,3.324716e-01,3.319524e-01,3.314365e-01,3.306419e-01,3.299968e-01,3.293516e-01,3.284167e-01,3.279305e-01,3.271442e-01,3.266437e-01,3.261332e-01,3.256330e-01,3.247413e-01,3.242373e-01,3.234620e-01,3.228464e-01,3.222220e-01,3.213309e-01,3.205904e-01,3.199673e-01,3.190816e-01,3.184843e-01,3.179852e-01,3.173730e-01,3.167667e-01,3.161596e-01,3.153047e-01,3.149564e-01,3.143410e-01,3.136164e-01,3.128954e-01,3.124330e-01,3.117179e-01,3.113672e-01,3.107747e-01,3.104374e-01,3.097169e-01,3.092549e-01,3.085414e-01,3.080878e-01,3.076246e-01,3.071555e-01,3.066879e-01,3.063431e-01,3.057681e-01,3.056605e-01,3.054163e-01,3.051790e-01,3.048304e-01,3.049391e-01,3.048185e-01,3.048145e-01,3.044437e-01,3.044324e-01,3.046532e-01,3.043950e-01,3.042641e-01,3.040287e-01,3.037791e-01,3.035310e-01,3.033003e-01,3.030676e-01,3.025917e-01,3.020153e-01,3.015574e-01,3.011963e-01,3.005081e-01,3.000551e-01,2.995964e-01,2.989160e-01,2.981234e-01,2.975559e-01,2.972250e-01,2.966542e-01,2.959800e-01,2.953090e-01,2.947529e-01,2.944139e-01,2.937436e-01,2.934012e-01,2.930654e-01,2.928348e-01,2.922886e-01,2.919498e-01,2.917211e-01,2.915952e-01,2.913670e-01,2.911336e-01,2.910082e-01,2.912034e-01,2.915069e-01,2.911711e-01,2.911621e-01,2.911465e-01,2.910288e-01,2.913338e-01,2.914271e-01,2.913159e-01,2.913069e-01,2.911923e-01,2.911833e-01,2.908684e-01,2.906626e-01,2.902475e-01,2.899414e-01,2.897304e-01,2.898292e-01,2.898270e-01,2.897137e-01,2.899269e-01,2.898369e-01,2.899424e-01,2.899402e-01,2.900535e-01,2.900544e-01,2.902682e-01,2.906911e-01,2.908040e-01,2.909236e-01,2.913393e-01,2.914584e-01,2.917891e-01,2.919028e-01,2.922277e-01,2.923306e-01,2.924427e-01,2.923499e-01,2.923533e-01,2.923558e-01,2.923514e-01,2.922408e-01,2.923528e-01,2.924581e-01,2.927833e-01,2.925727e-01,2.926680e-01,2.926636e-01,2.926660e-01,2.929847e-01,2.928838e-01,2.928862e-01,2.929996e-01,2.928896e-01,2.930986e-01,2.931019e-01,2.929962e-01,2.925734e-01,2.925710e-01,2.924421e-01,2.922341e-01,2.915774e-01,2.913582e-01,2.910309e-01,2.905861e-01,2.903552e-01,2.901247e-01,2.894790e-01,2.890259e-01,2.885776e-01,2.876331e-01,2.867872e-01,2.856287e-01,2.842710e-01,2.835410e-01,2.827094e-01,2.817972e-01,2.798857e-01,2.779083e-01,2.770176e-01,2.752621e-01,2.724894e-01,2.706077e-01,2.689337e-01,2.663735e-01,2.637706e-01,2.612276e-01,2.586533e-01,2.561999e-01,2.520968e-01,2.497004e-01,2.442033e-01,2.403279e-01,2.360706e-01,2.326468e-01,2.279195e-01,2.242619e-01,2.194254e-01,2.151761e-01,2.085625e-01,2.032919e-01,1.982721e-01,1.925202e-01,1.874925e-01,1.813803e-01,1.759208e-01,1.674279e-01,1.613018e-01,1.553154e-01,1.497207e-01,1.431463e-01,1.377708e-01,1.294936e-01,1.237389e-01,1.183836e-01,1.132384e-01,1.079028e-01,1.015181e-01,9.666508e-02,9.245191e-02,8.843116e-02,8.445460e-02,7.975857e-02,7.641305e-02,7.346076e-02,7.077777e-02,6.847586e-02,6.512566e-02,6.318091e-02,6.138569e-02,5.952926e-02,5.765399e-02,5.586859e-02,5.470863e-02,5.358427e-02,5.249728e-02,5.144529e-02,5.042835e-02,4.989333e-02,4.893417e-02,4.843312e-02,4.751584e-02,4.705027e-02,4.658815e-02,4.614519e-02,4.570892e-02,4.528303e-02,4.486775e-02,4.484190e-02,4.441840e-02,4.439350e-02,4.399102e-02,4.395530e-02,4.393784e-02,4.391977e-02,4.352406e-02,4.350610e-02,4.348886e-02,4.347436e-02,4.383666e-02,4.383316e-02,4.382195e-02,4.380368e-02,4.416736e-02,4.416728e-02,4.454699e-02,4.454280e-02,4.492141e-02,4.530876e-02,4.530839e-02,4.570580e-02,4.610495e-02,4.651009e-02,4.693339e-02,4.692954e-02,4.735133e-02,4.779573e-02,4.822671e-02,4.867661e-02,4.911689e-02,4.957679e-02,5.004808e-02,5.051836e-02,5.099616e-02,5.148554e-02,5.197885e-02,5.248009e-02,5.299345e-02,5.351134e-02,5.402787e-02,5.456163e-02,5.564119e-02,5.564297e-02,5.677317e-02,5.735451e-02,5.736760e-02,5.836666e-02,5.896203e-02,5.970025e-02,6.021776e-02,6.110601e-02,6.162901e-02,6.209561e-02,6.298160e-02,6.359104e-02,6.436797e-02,6.494155e-02,6.588949e-02,6.640446e-02,6.730117e-02,6.793371e-02,6.849036e-02,6.943131e-02,7.007791e-02,7.098800e-02,7.156356e-02,7.248206e-02,7.308088e-02,7.395152e-02,7.465831e-02,7.544261e-02,7.607140e-02,7.699646e-02,7.764720e-02,7.849435e-02,7.914781e-02,8.004188e-02,8.064344e-02,8.154907e-02,8.223626e-02,8.273840e-02,8.368174e-02,8.464339e-02,8.527307e-02,8.613142e-02,8.678001e-02,8.765100e-02,8.818826e-02,8.910633e-02,8.963586e-02,9.043325e-02,9.098803e-02,9.194422e-02,9.250281e-02,9.330518e-02,9.384065e-02,9.471368e-02,9.512686e-02,9.582796e-02,9.638857e-02,9.709548e-02,9.795410e-02,9.825716e-02,9.898789e-02,9.943399e-02,1.001891e-01,1.003551e-01,1.011131e-01,1.017377e-01,1.022055e-01,1.026867e-01,1.030158e-01,1.038089e-01,1.039857e-01,1.046415e-01,1.051429e-01,1.054858e-01,1.059943e-01,1.061777e-01,1.068476e-01,1.075352e-01,1.077233e-01,1.082508e-01,1.084412e-01,1.088033e-01,1.093401e-01,1.095339e-01,1.100771e-01,1.104381e-01,1.108122e-01,1.111885e-01,1.113878e-01,1.117678e-01,1.125010e-01,1.125232e-01,1.132653e-01,1.132878e-01,1.140385e-01,1.146102e-01,1.148094e-01,1.153878e-01,1.159712e-01,1.163669e-01,1.169466e-01,1.175440e-01,1.179492e-01,1.183568e-01,1.191551e-01,1.193685e-01,1.199756e-01,1.206008e-01,1.210125e-01,1.214394e-01,1.222755e-01,1.224994e-01,1.231352e-01,1.235758e-01,1.240059e-01,1.246558e-01,1.251060e-01,1.253393e-01,1.260014e-01,1.264601e-01,1.269084e-01,1.271475e-01,1.278268e-01,1.282975e-01,1.287570e-01,1.290024e-01,1.297000e-01,1.299487e-01,1.304190e-01,1.309070e-01,1.313835e-01,1.316387e-01,1.321203e-01,1.326198e-01,1.331076e-01,1.333681e-01,1.338609e-01,1.343728e-01,1.346226e-01,1.353749e-01,1.356435e-01,1.361513e-01,1.364070e-01,1.369208e-01,1.371948e-01,1.377132e-01,1.382351e-01,1.382522e-01,1.387788e-01,1.393081e-01,1.395746e-01,1.398585e-01,1.401269e-01,1.406655e-01,1.409379e-01,1.414822e-01,1.420303e-01,1.425822e-01,1.426005e-01,1.431564e-01,1.434380e-01,1.439999e-01,1.442830e-01,1.445672e-01,1.448712e-01,1.451572e-01,1.454445e-01,1.460208e-01,1.463110e-01,1.466037e-01,1.466228e-01,1.472077e-01,1.475020e-01,1.477991e-01,1.478185e-01,1.481153e-01,1.484129e-01,1.484338e-01,1.487329e-01,1.490328e-01,1.493339e-01,1.496360e-01,1.499393e-01,1.499607e-01,1.499615e-01,1.502660e-01,1.505717e-01,1.508785e-01,1.511881e-01,1.514970e-01,1.518073e-01,1.518082e-01,1.521194e-01,1.524318e-01,1.527468e-01,1.527475e-01,1.530620e-01,1.533775e-01,1.533797e-01,1.536961e-01,1.540137e-01,1.540140e-01,1.546329e-01,1.546346e-01,1.549559e-01,1.549558e-01,1.555817e-01,1.555838e-01,1.559087e-01,1.562147e-01,1.565420e-01,1.565426e-01,1.571822e-01,1.571825e-01,1.574931e-01,1.578254e-01,1.584745e-01,1.587896e-01,1.591266e-01,1.594441e-01,1.594442e-01,1.601033e-01,1.601054e-01,1.607699e-01,1.610934e-01,1.610936e-01,1.617658e-01,1.617663e-01,1.620963e-01,1.624250e-01,1.624261e-01,1.627567e-01,1.630885e-01,1.630918e-01,1.634254e-01,1.634268e-01,1.641183e-01,1.641223e-01,1.644602e-01,1.647993e-01,1.648016e-01,1.651424e-01,1.651470e-01,1.654894e-01,1.654920e-01,1.658358e-01,1.658407e-01,1.661858e-01,1.661887e-01,1.665355e-01,1.665408e-01,1.665437e-01,1.668919e-01,1.665269e-01,1.665322e-01,1.665354e-01,1.668836e-01,1.668865e-01,1.668918e-01,1.668950e-01,1.668979e-01,1.665555e-01,1.661939e-01,1.661968e-01,1.658568e-01,1.655178e-01,1.648190e-01,1.648240e-01,1.644887e-01,1.638193e-01,1.631332e-01,1.628040e-01,1.621487e-01,1.614748e-01,1.608268e-01,1.605057e-01,1.595239e-01,1.588898e-01,1.579272e-01,1.573042e-01,1.560496e-01,1.554397e-01,1.542110e-01,1.536138e-01,1.527054e-01,1.518260e-01,1.509375e-01,1.497714e-01,1.492043e-01,1.480617e-01,1.472106e-01,1.463860e-01,1.455516e-01,1.444576e-01,1.439260e-01,1.428531e-01,1.423309e-01,1.415364e-01,1.404941e-01,1.397171e-01,1.389475e-01,1.381853e-01,1.376924e-01,1.369417e-01,1.361983e-01,1.352230e-01,1.344956e-01,1.342599e-01,1.335414e-01,1.330609e-01,1.321089e-01,1.316374e-01,1.309427e-01,1.307173e-01,1.302541e-01,1.297934e-01,1.293356e-01,1.286612e-01,1.282102e-01,1.277617e-01,1.271012e-01,1.264465e-01,1.257836e-01,1.253489e-01,1.244883e-01,1.238562e-01,1.234331e-01,1.230123e-01,1.221789e-01,1.217654e-01,1.213541e-01,1.209452e-01,1.203302e-01,1.197332e-01,1.191285e-01,1.187320e-01,1.183377e-01,1.179456e-01,1.173559e-01,1.169682e-01,1.163867e-01,1.161891e-01,1.156139e-01,1.154183e-01,1.150302e-01,1.150167e-01,1.146308e-01,1.144379e-01,1.142336e-01,1.142203e-01,1.136491e-01,1.138135e-01,1.134339e-01,1.132324e-01,1.130431e-01,1.130183e-01,1.128294e-01,1.124563e-01,1.120726e-01,1.118863e-01,1.116890e-01,1.113207e-01,1.109544e-01,1.109412e-01,1.102292e-01,1.098686e-01,1.096881e-01,1.093305e-01,1.088110e-01,1.084581e-01,1.081178e-01,1.074249e-01,1.070899e-01,1.067461e-01,1.064043e-01,1.059078e-01,1.052368e-01,1.050685e-01,1.045825e-01,1.042520e-01,1.039233e-01,1.035961e-01,1.031116e-01,1.029390e-01,1.026170e-01,1.024457e-01,1.021262e-01,1.016413e-01,1.016316e-01,1.013064e-01,1.009926e-01,1.006803e-01,1.005142e-01,1.000417e-01,9.987726e-02,9.985625e-02,9.954956e-02,9.938633e-02,9.877204e-02,9.861096e-02,9.845013e-02,9.828971e-02,9.783370e-02,9.753684e-02,9.724142e-02,9.680199e-02,9.664575e-02,9.620418e-02,9.591517e-02,9.548534e-02,9.533227e-02,9.475761e-02,9.474617e-02,9.432464e-02,9.390868e-02,9.375953e-02,9.319999e-02,9.292504e-02,9.251640e-02,9.237333e-02,9.170232e-02,9.143435e-02,9.115948e-02,9.089399e-02,9.024272e-02,8.998133e-02,8.959314e-02,8.933753e-02,8.870137e-02,8.820448e-02,8.783121e-02,8.769650e-02,8.708160e-02,8.683440e-02,8.647019e-02,8.622558e-02,8.562698e-02,4.722992e-03,4.722992e-03,4.722992e-03,4.722992e-03,4.722992e-03,4.722992e-03,4.722992e-03,4.722992e-03,4.722992e-03,4.722992e-03,4.722992e-03,4.722992e-03,4.722992e-03,4.722992e-03,4.722992e-03,4.722992e-03,4.722992e-03,4.722992e-03,4.722992e-03,4.722992e-03,4.722992e-03,4.722992e-03,4.722992e-03,4.722992e-03,4.722992e-03,4.722992e-03,4.722992e-03,4.722992e-03,4.722992e-03,4.722992e-03,4.722992e-03,4.722992e-03,4.722992e-03,4.722992e-03,4.722992e-03,4.722992e-03,4.722992e-03,4.722992e-03,4.722992e-03,4.722992e-03,4.722992e-03,4.722992e-03,4.722992e-03,4.722992e-03,4.722992e-03,4.722992e-03,4.722992e-03,4.722992e-03,4.722992e-03,4.722992e-03,4.722992e-03,4.722992e-03,4.722992e-03,4.722992e-03,4.722992e-03,4.722992e-03,4.722992e-03,4.722992e-03,4.722992e-03,4.722992e-03,4.722992e-03,4.722992e-03,4.722992e-03,4.722992e-03,4.722992e-03,4.722992e-03,4.722992e-03,4.722992e-03,4.722992e-03,4.722992e-03,4.722992e-03,4.722992e-03,4.722992e-03,4.722992e-03,4.722992e-03,4.722992e-03,4.722992e-03,4.722992e-03,4.722992e-03,4.722992e-03,4.722992e-03,4.722992e-03,4.722992e-03,4.722992e-03,4.722992e-03,4.722992e-03,4.722992e-03,4.722992e-03,4.722992e-03,4.722992e-03,4.722992e-03,4.722992e-03,4.722992e-03,4.722992e-03,4.722992e-03,4.722992e-03,4.722992e-03,4.722992e-03,4.722992e-03,4.722992e-03,4.722992e-03,4.722992e-03,4.722992e-03,4.722992e-03,4.722992e-03,4.722992e-03,4.722992e-03,4.722992e-03,4.722992e-03,4.722992e-03,4.722992e-03,4.722992e-03,4.722992e-03,4.722992e-03,4.722992e-03,4.722992e-03,4.722992e-03,4.722992e-03,4.722992e-03,4.722992e-03,4.722992e-03,4.722992e-03,4.722992e-03,4.722992e-03,4.722992e-03,4.722992e-03,4.722992e-03,4.722992e-03,4.722992e-03,4.722992e-03,4.722992e-03,4.722992e-03,4.722992e-03,4.722992e-03,4.722992e-03,4.722992e-03,4.722992e-03,4.722992e-03,4.722992e-03,4.722992e-03,4.722992e-03,4.722992e-03,4.722992e-03,4.722992e-03,4.722992e-03,4.722992e-03,4.722992e-03,4.722992e-03,4.722992e-03,4.722992e-03,4.722992e-03,4.722992e-03,4.722992e-03,4.722992e-03,4.722992e-03,4.722992e-03,4.722992e-03,4.722992e-03,4.722992e-03,4.722992e-03,4.722992e-03
1.334690e-02,1.333208e-02,1.331375e-02,1.329555e-02,1.327751e-02,1.326002e-02,1.323950e-02,1.322216e-02,1.320525e-02,1.318475e-02,1.316775e-02,1.314711e-02,1.313055e-02,1.311412e-02,1.309417e-02,1.307783e-02,1.306150e-02,1.304517e-02,1.303242e-02,1.301649e-02,1.300358e-02,1.299053e-02,1.297788e-02,1.296839e-02,1.295947e-02,1.294693e-02,1.293784e-02,1.293219e-02,1.292307e-02,1.291440e-02,1.290913e-02,1.290025e-02,1.289541e-02,1.288709e-02,1.288238e-02,1.287772e-02,1.286950e-02,1.286493e-02,1.286080e-02,1.285277e-02,1.284841e-02,1.284434e-02,1.283689e-02,1.283264e-02,1.282551e-02,1.282183e-02,1.281836e-02,1.281116e-02,1.280868e-02,1.280647e-02,1.280158e-02,1.280123e-02,1.280178e-02,1.280320e-02,1.280540e-02,1.280823e-02,1.281537e-02,1.281987e-02,1.282401e-02,1.283162e-02,1.283534e-02,1.283886e-02,1.284427e-02,1.284574e-02,1.285110e-02,1.285379e-02,1.285913e-02,1.286404e-02,1.286450e-02,1.286888e-02,1.287315e-02,1.287244e-02,1.287504e-02,1.287844e-02,1.287792e-02,1.288110e-02,1.288460e-02,1.289068e-02,1.289334e-02,1.290009e-02,1.290774e-02,1.291555e-02,1.292959e-02,1.294536e-02,1.296191e-02,1.298611e-02,1.301454e-02,1.304555e-02,1.308712e-02,1.313402e-02,1.319034e-02,1.325234e-02,1.332966e-02,1.341749e-02,1.352105e-02,1.363812e-02,1.377792e-02,1.393718e-02,1.412053e-02,1.433315e-02,1.457589e-02,1.485009e-02,1.515984e-02,1.551091e-02,1.590852e-02,1.634929e-02,1.684331e-02,1.739587e-02,1.800817e-02,1.867465e-02,1.940809e-02,2.020978e-02,2.107900e-02,2.203003e-02,2.305184e-02,2.411293e-02,2.522370e-02,2.636835e-02,2.753037e-02,2.869538e-02,2.984229e-02,3.093940e-02,3.198257e-02,3.293119e-02,3.376726e-02,3.446713e-02,3.501778e-02,3.542577e-02,3.569275e-02,3.581082e-02,3.581628e-02,3.570758e-02,3.552602e-02,3.522552e-02,3.487028e-02,3.445054e-02,3.399923e-02,3.350404e-02,3.301408e-02,3.250723e-02,3.202534e-02,3.153086e-02,3.104851e-02,3.062303e-02,3.021220e-02,2.985392e-02,2.951329e-02,2.922133e-02,2.893759e-02,2.867946e-02,2.844624e-02,2.821100e-02,2.798585e-02,2.776613e-02,2.754280e-02,2.730557e-02,2.705263e-02,2.681043e-02,2.655398e-02,2.629853e-02,2.605367e-02,2.580733e-02,2.552915e-02,2.523353e-02,2.491508e-02,2.456956e-02,2.420840e-02,2.381728e-02,2.342204e-02,2.301431e-02,2.260544e-02,2.219938e-02,2.180259e-02,2.142193e-02,2.106251e-02,2.072009e-02,2.040056e-02,2.010150e-02,1.982814e-02,1.956924e-02,1.932754e-02,1.909843e-02,1.888595e-02,1.868636e-02,1.850126e-02,1.832384e-02,1.816175e-02,1.801264e-02,1.787574e-02,1.774473e-02,1.763107e-02,1.752551e-02,1.742987e-02,1.733639e-02,1.725780e-02,1.718636e-02,1.711813e-02,1.705300e-02,1.698743e-02,1.692043e-02,1.684603e-02,1.676756e-02,1.668615e-02,1.659549e-02,1.649141e-02,1.638484e-02,1.626575e-02,1.613715e-02,1.600194e-02,1.586280e-02,1.572053e-02,1.557967e-02,1.543701e-02,1.529561e-02,1.515502e-02,1.502077e-02,1.489391e-02,1.477462e-02,1.466445e-02,1.456535e-02,1.447965e-02,1.439741e-02,1.433133e-02,1.427280e-02,1.422690e-02,1.418505e-02,1.414959e-02,1.412347e-02,1.410267e-02,1.408222e-02,1.405812e-02,1.403552e-02,1.400446e-02,1.395868e-02,1.390677e-02,1.383972e-02,1.376100e-02,1.366171e-02,1.355696e-02,1.344235e-02,1.332637e-02,1.320295e-02,1.308043e-02,1.295852e-02,1.284201e-02,1.273090e-02,1.263289e-02,1.254128e-02,1.245924e-02,1.239412e-02,1.233377e-02,1.228654e-02,1.224050e-02,1.220137e-02,1.215875e-02,1.211747e-02,1.207087e-02,1.202333e-02,1.197072e-02,1.191832e-02,1.186414e-02,1.181317e-02,1.176328e-02,1.172155e-02,1.168561e-02,1.165157e-02,1.162623e-02,1.160380e-02,1.158870e-02,1.157474e-02,1.156617e-02,1.155745e-02,1.155337e-02,1.154785e-02,1.154664e-02,1.154332e-02,1.154397e-02,1.154277e-02,1.154268e-02,1.154836e-02,1.155236e-02,1.156624e-02,1.158163e-02,1.161040e-02,1.165626e-02,1.172747e-02,1.183240e-02,1.199326e-02,1.221872e-02,1.254162e-02,1.298265e-02,1.357171e-02,1.433168e-02,1.529904e-02,1.648879e-02,1.789386e-02,1.954625e-02,2.143911e-02,2.357286e-02,2.591123e-02,2.846495e-02,3.120625e-02,3.409852e-02,3.711694e-02,4.025971e-02,4.349628e-02,4.683302e-02,5.025566e-02,5.377364e-02,5.744257e-02,6.118072e-02,6.501537e-02,6.897347e-02,7.305413e-02,7.728086e-02,8.162359e-02,8.612077e-02,9.074822e-02,9.550532e-02,1.004114e-01,1.055827e-01,1.107517e-01,1.160622e-01,1.214413e-01,1.269708e-01,1.325973e-01,1.383172e-01,1.440985e-01,1.499468e-01,1.558334e-01,1.617387e-01,1.676298e-01,1.735638e-01,1.794979e-01,1.852973e-01,1.910331e-01,1.967240e-01,2.022818e-01,2.076778e-01,2.130218e-01,2.181708e-01,2.229789e-01,2.277172e-01,2.321475e-01,2.364792e-01,2.404939e-01,2.443922e-01,2.479483e-01,2.513480e-01,2.544808e-01,2.574187e-01,2.602780e-01,2.631770e-01,2.662225e-01,2.692199e-01,2.723461e-01,2.754393e-01,2.785511e-01,2.817835e-01,2.849456e-01,2.882340e-01,2.913198e-01,2.945024e-01,2.976756e-01,3.007230e-01,3.038320e-01,3.069158e-01,3.099489e-01,3.128034e-01,3.156821e-01,3.184869e-01,3.211896e-01,3.237616e-01,3.262228e-01,3.285186e-01,3.306537e-01,3.326271e-01,3.343951e-01,3.359573e-01,3.372934e-01,3.384013e-01,3.391224e-01,3.399775e-01,3.408309e-01,3.416890e-01,3.425377e-01,3.433995e-01,3.442724e-01,3.450060e-01,3.458870e-01,3.467592e-01,3.475046e-01,3.484003e-01,3.491533e-01,3.499021e-01,3.506620e-01,3.514258e-01,3.523289e-01,3.531006e-01,3.538695e-01,3.546346e-01,3.554106e-01,3.561900e-01,3.569594e-01,3.575918e-01,3.583817e-01,3.591753e-01,3.599587e-01,3.607606e-01,3.614070e-01,3.622153e-01,3.628676e-01,3.635291e-01,3.643546e-01,3.650220e-01,3.656921e-01,3.663646e-01,3.670396e-01,3.677175e-01,3.684056e-01,3.690891e-01,3.697742e-01,3.704694e-01,3.709931e-01,3.716938e-01,3.723884e-01,3.729008e-01,3.736016e-01,3.743047e-01,3.749998e-01,3.755282e-01,3.760585e-01,3.767543e-01,3.772791e-01,3.778084e-01,3.785148e-01,3.790467e-01,3.795740e-01,3.801111e-01,3.808264e-01,3.813669e-01,3.819096e-01,3.824615e-01,3.830071e-01,3.835628e-01,3.841203e-01,3.846925e-01,3.852539e-01,3.858246e-01,3.863884e-01,3.869635e-01,3.875399e-01,3.879328e-01,3.885123e-01,3.889080e-01,3.894905e-01,3.900742e-01,3.904869e-01,3.910751e-01,3.914753e-01,3.920665e-01,3.924698e-01,3.930554e-01,3.934610e-01,3.938592e-01,3.942703e-01,3.948614e-01,3.952624e-01,3.956560e-01,3.960597e-01,3.966485e-01,3.970566e-01,3.974535e-01,3.978520e-01,3.982411e-01,3.986403e-01,3.990539e-01,3.994542e-01,3.998567e-01,4.002595e-01,4.006833e-01,4.008978e-01,4.013119e-01,4.017475e-01,4.021717e-01,4.023970e-01,4.028237e-01,4.032726e-01,4.036990e-01,4.039352e-01,4.043651e-01,4.048074e-01,4.050443e-01,4.052736e-01,4.057200e-01,4.059495e-01,4.063821e-01,4.066257e-01,4.070619e-01,4.072917e-01,4.075140e-01,4.077496e-01,4.079707e-01,4.081928e-01,4.084299e-01,4.086542e-01,4.088775e-01,4.090989e-01,4.093350e-01,4.095597e-01,4.097848e-01,4.100084e-01,4.102520e-01,4.104844e-01,4.107192e-01,4.109671e-01,4.111994e-01,4.114271e-01,4.116715e-01,4.119154e-01,4.121502e-01,4.123930e-01,4.126257e-01,4.128677e-01,4.130996e-01,4.133304e-01,4.135736e-01,4.138042e-01,4.140445e-01,4.142914e-01,4.145125e-01,4.147262e-01,4.149513e-01,4.151619e-01,4.153814e-01,4.156069e-01,4.157878e-01,4.159940e-01,4.161925e-01,4.163916e-01,4.166076e-01,4.167718e-01,4.169754e-01,4.171713e-01,4.173573e-01,4.175707e-01,4.177499e-01,4.179364e-01,4.181394e-01,4.183075e-01,4.184576e-01,4.186224e-01,4.188082e-01,4.189733e-01,4.191477e-01,4.193131e-01,4.194894e-01,4.196786e-01,4.198660e-01,4.200615e-01,4.202584e-01,4.204320e-01,4.206572e-01,4.208782e-01,4.210963e-01,4.213105e-01,4.215192e-01,4.217375e-01,4.219760e-01,4.221662e-01,4.223952e-01,4.226022e-01,4.227830e-01,4.230025e-01,4.231736e-01,4.233712e-01,4.235726e-01,4.237776e-01,4.239793e-01,4.241988e-01,4.243957e-01,4.246156e-01,4.248320e-01,4.250537e-01,4.252844e-01,4.255191e-01,4.257190e-01,4.259579e-01,4.262073e-01,4.264305e-01,4.266578e-01,4.269015e-01,4.271331e-01,4.273573e-01,4.275753e-01,4.278267e-01,4.280489e-01,4.282484e-01,4.284940e-01,4.287168e-01,4.289295e-01,4.291424e-01,4.293467e-01,4.295562e-01,4.297697e-01,4.299834e-01,4.302010e-01,4.303852e-01,4.305908e-01,4.308197e-01,4.310149e-01,4.312442e-01,4.314399e-01,4.316658e-01,4.318686e-01,4.321094e-01,4.323127e-01,4.325038e-01,4.327075e-01,4.329190e-01,4.331269e-01,4.333350e-01,4.335325e-01,4.337409e-01,4.339388e-01,4.341329e-01,4.343273e-01,4.344859e-01,4.346735e-01,4.348525e-01,4.350365e-01,4.351894e-01,4.353423e-01,4.355190e-01,4.356799e-01,4.358408e-01,4.360019e-01,4.361592e-01,4.363205e-01,4.364780e-01,4.366356e-01,4.367695e-01,4.369383e-01,4.370922e-01,4.372335e-01,4.373948e-01,4.375362e-01,4.376816e-01,4.378471e-01,4.380121e-01,4.381650e-01,4.383140e-01,4.384759e-01,4.386227e-01,4.387824e-01,4.389319e-01,4.390855e-01,4.392440e-01,4.393914e-01,4.395454e-01,4.397043e-01,4.398489e-01,4.399983e-01,4.401367e-01,4.402776e-01,4.404113e-01,4.405412e-01,4.406703e-01,4.407994e-01,4.409207e-01,4.410322e-01,4.411390e-01,4.412321e-01,4.413365e-01,4.414272e-01,4.415163e-01,4.415943e-01,4.416762e-01,4.417573e-01,4.418270e-01,4.419058e-01,4.419863e-01,4.420522e-01,4.421182e-01,4.421793e-01,4.422444e-01,4.423031e-01,4.423756e-01,4.424297e-01,4.424819e-01,4.425280e-01,4.425718e-01,4.426299e-01,4.426774e-01,4.427189e-01,4.427543e-01,4.427835e-01,4.428105e-01,4.428435e-01,4.428740e-01,4.429024e-01,4.429297e-01,4.429489e-01,4.429682e-01,4.430077e-01,4.430350e-01,4.430583e-01,4.430776e-01,4.430930e-01,4.431285e-01,4.431559e-01,4.431792e-01,4.431946e-01,4.432024e-01,4.432338e-01,4.432854e-01,4.433168e-01,4.433322e-01,4.433477e-01,4.433787e-01,4.433982e-01,4.434375e-01,4.434566e-01,4.434758e-01,4.435029e-01,4.435341e-01,4.435493e-01,4.435568e-01,4.435481e-01,4.435514e-01,4.435547e-01,4.435421e-01,4.434820e-01,4.434216e-01,4.433615e-01,4.433095e-01,4.432738e-01,4.432219e-01,4.431384e-01,4.430269e-01,4.428602e-01,4.426976e-01,4.425868e-01,4.424919e-01,4.423653e-01,4.421959e-01,4.420065e-01,4.418804e-01,4.417978e-01,4.417271e-01,4.416407e-01,4.415347e-01,4.414405e-01,4.413705e-01,4.412765e-01,4.412334e-01,4.412297e-01,4.412259e-01,4.412338e-01,4.412416e-01,4.412495e-01,4.412690e-01,4.412885e-01,4.413473e-01,4.413668e-01,4.414382e-01,4.415087e-01,4.415677e-01,4.415874e-01,4.416464e-01,4.416938e-01,4.417413e-01,4.417494e-01,4.417459e-01,4.417817e-01,4.418176e-01,4.418418e-01,4.418777e-01,4.419136e-01,4.418985e-01,4.419344e-01,4.419703e-01,4.420188e-01,4.420154e-01,4.420513e-01,4.420479e-01,4.420839e-01,4.421316e-01,4.421559e-01,4.421525e-01,4.421885e-01,4.422128e-01,4.422489e-01,4.422338e-01,4.422581e-01,4.422825e-01,4.423068e-01,4.423194e-01,4.423437e-01,4.423681e-01,4.424318e-01,4.424561e-01,4.424805e-01,4.425048e-01,4.425292e-01,4.425535e-01,4.420918e-01,4.421554e-01,4.421797e-01,4.422041e-01,4.422285e-01,4.418070e-01,4.418196e-01,4.418832e-01,4.419076e-01,4.414479e-01,4.414605e-01,4.415357e-01,4.411161e-01,4.411532e-01,4.407462e-01,4.407823e-01,4.408183e-01,4.403850e-01,4.404328e-01,4.400392e-01,4.400869e-01,4.396556e-01,4.397149e-01,4.393231e-01,4.389052e-01,4.390029e-01,4.385744e-01,4.386335e-01,4.382572e-01,4.383048e-01,4.379165e-01,4.374907e-01,4.375382e-01,4.371020e-01,4.371380e-01,4.367408e-01,4.362951e-01,4.363576e-01,4.359129e-01,4.355071e-01,4.355202e-01,4.350777e-01,4.346738e-01,4.346983e-01,4.342579e-01,4.338692e-01,4.339050e-01,4.335153e-01,4.330891e-01,4.331249e-01,4.326998e-01,4.327356e-01,4.323114e-01,4.318995e-01,4.319723e-01,4.315500e-01,4.311399e-01,4.312126e-01,4.307922e-01,4.308279e-01,4.304085e-01,4.299901e-01,4.300258e-01,4.296107e-01,4.296464e-01,4.292189e-01,4.292180e-01,4.287916e-01,4.287798e-01,4.283545e-01,4.283427e-01,4.279076e-01,4.279321e-01,4.274728e-01,4.274974e-01,4.274858e-01,4.270278e-01,4.270299e-01,4.270184e-01,4.265977e-01,4.265863e-01,4.265750e-01,4.261554e-01,4.261441e-01,4.261329e-01,4.261216e-01,4.256675e-01,4.256563e-01,4.256452e-01,4.256340e-01,4.255871e-01,4.255760e-01,4.255291e-01,4.255180e-01,4.259489e-01,4.250192e-01,4.254490e-01,4.258439e-01,4.262396e-01,4.266000e-01,4.265529e-01,4.269139e-01,4.268667e-01,4.268195e-01,4.272168e-01,4.271336e-01,4.270863e-01,4.270032e-01,4.273647e-01,4.272814e-01,4.271982e-01,4.271151e-01,4.270320e-01,4.269626e-01,4.264008e-01,4.267251e-01,4.261641e-01,4.260816e-01,4.259992e-01,4.263228e-01,4.266468e-01,4.260507e-01,4.258970e-01,4.257435e-01,4.260665e-01,4.259485e-01,4.254260e-01,4.252621e-01,4.246354e-01,4.240109e-01,4.242604e-01,4.232375e-01,4.226879e-01,4.221399e-01,4.220706e-01,4.215353e-01,4.210017e-01,4.208636e-01,4.202628e-01,4.196297e-01,4.185745e-01,4.179473e-01,4.165501e-01,4.156474e-01,4.142675e-01,4.137551e-01,4.127896e-01,4.118621e-01,4.109066e-01,4.103938e-01,4.094460e-01,4.089375e-01,4.087669e-01,4.102317e-01,4.121263e-01,4.132153e-01,4.122435e-01,4.116182e-01,4.114451e-01,4.112620e-01,4.106403e-01,4.108308e-01,4.109456e-01,4.098884e-01,4.083940e-01,4.064654e-01,4.044794e-01,4.025680e-01,4.009055e-01,3.991658e-01,3.978816e-01,3.972065e-01,3.976019e-01,3.985930e-01,4.005395e-01,4.010057e-01,4.006730e-01,3.991040e-01,3.973547e-01,3.948197e-01,3.915984e-01,3.894692e-01,3.871207e-01,3.852382e-01,3.831806e-01,3.818445e-01,3.801681e-01,3.785811e-01,3.763388e-01,3.756643e-01,3.740554e-01,3.719340e-01,3.700992e-01,3.676477e-01,3.661132e-01,3.637189e-01,3.610606e-01,3.590392e-01,3.572836e-01,3.551878e-01,3.526001e-01,3.500530e-01,3.480550e-01,3.450458e-01,3.422972e-01,3.395955e-01,3.372091e-01,3.350687e-01,3.329637e-01,3.301450e-01,3.276095e-01,3.251215e-01,3.226276e-01,3.206471e-01,3.182413e-01,3.156296e-01,3.132939e-01,3.111742e-01,3.089233e-01,3.066918e-01,3.046659e-01,3.026683e-01,3.010877e-01,2.993492e-01,2.976268e-01,2.963023e-01,2.948198e-01,2.935069e-01,2.925958e-01,2.913189e-01,2.902305e-01,2.893411e-01,2.882834e-01,2.872191e-01,2.863447e-01,2.856258e-01,2.847767e-01,2.844330e-01,2.840903e-01,2.837635e-01,2.832753e-01,2.827542e-01,2.826119e-01,2.822741e-01,2.824442e-01,2.821219e-01,2.819700e-01,2.814738e-01,2.814678e-01,2.809737e-01,2.811467e-01,2.811407e-01,2.815082e-01,2.813617e-01,2.811916e-01,2.813305e-01,2.815233e-01,2.816968e-01,2.818511e-01,2.819906e-01,2.823254e-01,2.826112e-01,2.829474e-01,2.834463e-01,2.835675e-01,2.837039e-01,2.840075e-01,2.842920e-01,2.844442e-01,2.848779e-01,2.852144e-01,2.855012e-01,2.857990e-01,2.863076e-01,2.867619e-01,2.867304e-01,2.866481e-01,2.867668e-01,2.870566e-01,2.872112e-01,2.873151e-01,2.874342e-01,2.877762e-01,2.882194e-01,2.883751e-01,2.886678e-01,2.891650e-01,2.891013e-01,2.896209e-01,2.897416e-01,2.906078e-01,2.909201e-01,2.912697e-01,2.915632e-01,2.920698e-01,2.922242e-01,2.929112e-01,2.936491e-01,2.945490e-01,2.948864e-01,2.954369e-01,2.961289e-01,2.964853e-01,2.968424e-01,2.977460e-01,2.981060e-01,2.986680e-01,2.992166e-01,2.995800e-01,3.000929e-01,3.007012e-01,3.014385e-01,3.022032e-01,3.024063e-01,3.027614e-01,3.037166e-01,3.043339e-01,3.049032e-01,3.054848e-01,3.060583e-01,3.066496e-01,3.070707e-01,3.076501e-01,3.080384e-01,3.082383e-01,3.088431e-01,3.092810e-01,3.094466e-01,3.100615e-01,3.102750e-01,3.111115e-01,3.113365e-01,3.112852e-01,3.115104e-01,3.121330e-01,3.123380e-01,3.125588e-01,3.129586e-01,3.133803e-01,3.135968e-01,3.137709e-01,3.141889e-01,3.144063e-01,3.146182e-01,3.152195e-01,3.154323e-01,3.156454e-01,3.160681e-01,3.162819e-01,3.164960e-01,3.171475e-01,3.175714e-01,3.175043e-01,3.176855e-01,3.176551e-01,3.174001e-01,3.175844e-01,3.175724e-01,3.177227e-01,3.177350e-01,3.179012e-01,3.182982e-01,3.182425e-01,3.184276e-01,3.186029e-01,3.187943e-01,3.189673e-01,3.193726e-01,3.195707e-01,3.194960e-01,3.199211e-01,3.196162e-01,3.200043e-01,3.201784e-01,3.203279e-01,3.209244e-01,3.208803e-01,3.215073e-01,3.214034e-01,3.220134e-01,3.223759e-01,3.225149e-01,3.226222e-01,3.229798e-01,3.231063e-01,3.237255e-01,3.241012e-01,3.249230e-01,3.255649e-01,3.261706e-01,3.262638e-01,3.270928e-01,3.274273e-01,3.280201e-01,3.283982e-01,3.287613e-01,3.293389e-01,3.301895e-01,3.305366e-01,3.309201e-01,3.312845e-01,3.318677e-01,3.324220e-01,3.327937e-01,3.328724e-01,3.334703e-01,3.338037e-01,3.344251e-01,3.347762e-01,3.353647e-01,3.356972e-01,3.360508e-01,3.363685e-01,3.367440e-01,3.370424e-01,3.371636e-01,3.377760e-01,3.381176e-01,3.384966e-01,3.388187e-01,3.386622e-01,3.390213e-01,3.393234e-01,3.394249e-01,3.397276e-01,3.398293e-01,3.398521e-01,3.402203e-01,3.408008e-01,3.411480e-01,3.412080e-01,3.415348e-01,3.418569e-01,3.421849e-01,3.417132e-01,3.422965e-01,3.426128e-01,3.426926e-01,3.425038e-01,3.425836e-01,3.426367e-01,3.422119e-01,3.419815e-01,3.423235e-01,3.418521e-01,3.411495e-01,3.409261e-01,3.407469e-01,3.397334e-01,3.392982e-01,3.390429e-01,3.386166e-01,3.373628e-01,3.366607e-01,3.361779e-01,3.352508e-01,3.347522e-01,3.338138e-01,3.330859e-01,3.321777e-01,3.309753e-01,3.300798e-01,3.288939e-01,3.279979e-01,3.280202e-01,3.304967e-01,3.293083e-01,3.286504e-01,3.277278e-01,3.268203e-01,3.256667e-01,3.250061e-01,3.240993e-01,3.230011e-01,3.218765e-01,3.210044e-01,3.196438e-01,3.185624e-01,3.177039e-01,3.163910e-01,3.153251e-01,3.140508e-01,3.129454e-01,3.117246e-01,3.106538e-01,3.098355e-01,3.090062e-01,3.079892e-01,3.067538e-01,3.059420e-01,3.051017e-01,3.041111e-01,3.031119e-01,3.020871e-01,3.011014e-01,3.003053e-01,2.994818e-01,2.985302e-01,2.981230e-01,2.973436e-01,2.967619e-01,2.959902e-01,2.950161e-01,2.946501e-01,2.942389e-01,2.934659e-01,2.926973e-01,2.921454e-01,2.913841e-01,2.910128e-01,2.904425e-01,2.900892e-01,2.896769e-01,2.891271e-01,2.887227e-01,2.883644e-01,2.879917e-01,2.877866e-01,2.875818e-01,2.873919e-01,2.871886e-01,2.871991e-01,2.875222e-01,2.876746e-01,2.876510e-01,2.881810e-01,2.886987e-01,2.890496e-01,2.895253e-01,2.900471e-01,2.907704e-01,2.914373e-01,2.919508e-01,2.921075e-01,2.926082e-01,2.931157e-01,2.934620e-01,2.936254e-01,2.939319e-01,2.938814e-01,2.938410e-01,2.943371e-01,2.942660e-01,2.942254e-01,2.943589e-01,2.942877e-01,2.941962e-01,2.943091e-01,2.942787e-01,2.945658e-01,2.946636e-01,2.947615e-01,2.948748e-01,2.951885e-01,2.954618e-01,2.959577e-01,2.962736e-01,2.967876e-01,2.969023e-01,2.974028e-01,2.979207e-01,2.986350e-01,2.991571e-01,2.998668e-01,3.005904e-01,3.015535e-01,3.025335e-01,3.030585e-01,3.036341e-01,3.043978e-01,3.049621e-01,3.059756e-01,3.067678e-01,3.071512e-01,3.077423e-01,3.079216e-01,3.085157e-01,3.084867e-01,3.084746e-01,3.082379e-01,3.080184e-01,3.081970e-01,3.088087e-01,3.092137e-01,3.093947e-01,3.098352e-01,3.096472e-01,3.100713e-01,3.104796e-01,3.107178e-01,3.107236e-01,3.111677e-01,3.118367e-01,3.120710e-01,3.121099e-01,3.127729e-01,3.128060e-01,3.130704e-01,3.133065e-01,3.137692e-01,3.139844e-01,3.142098e-01,3.140102e-01,3.142241e-01,3.144324e-01,3.148397e-01,3.148162e-01,3.150427e-01,3.154691e-01,3.159319e-01,3.159065e-01,3.163193e-01,3.167314e-01,3.169427e-01,3.176120e-01,3.176040e-01,3.178164e-01,3.180530e-01,3.180352e-01,3.186910e-01,3.189109e-01,3.191193e-01,3.188591e-01,3.192898e-01,3.198929e-01,3.198789e-01,3.202099e-01,3.206141e-01,3.210011e-01,3.213549e-01,3.221781e-01,3.230055e-01,3.233492e-01,3.241296e-01,3.251421e-01,3.250030e-01,3.253070e-01,3.253204e-01,3.257443e-01,3.262756e-01,3.265595e-01,3.266266e-01,3.264988e-01,3.261387e-01,3.261832e-01,3.262817e-01,3.259601e-01,3.255789e-01,3.256706e-01,3.255752e-01,3.252328e-01,3.249071e-01,3.243460e-01,3.239999e-01,3.230737e-01,3.225195e-01,3.210072e-01,3.196313e-01,3.187739e-01,3.180932e-01,3.168269e-01,3.166265e-01,3.158632e-01,3.166233e-01,3.155707e-01,3.144588e-01,3.133611e-01,3.119075e-01,3.104377e-01,3.082795e-01,3.057018e-01,3.019015e-01,2.986122e-01,2.956109e-01,2.926560e-01,2.894006e-01,2.861171e-01,2.813017e-01,2.777072e-01,2.738953e-01,2.700567e-01,2.653356e-01,2.601903e-01,2.554793e-01,2.511423e-01,2.469888e-01,2.425140e-01,2.372018e-01,2.331866e-01,2.293768e-01,2.257671e-01,2.224292e-01,2.177502e-01,2.146103e-01,2.115509e-01,2.080342e-01,2.046781e-01,2.013371e-01,1.987814e-01,1.963011e-01,1.938797e-01,1.914237e-01,1.891178e-01,1.873329e-01,1.851863e-01,1.836211e-01,1.814839e-01,1.801955e-01,1.788518e-01,1.776577e-01,1.765594e-01,1.755418e-01,1.745252e-01,1.741352e-01,1.729457e-01,1.724867e-01,1.715800e-01,1.710084e-01,1.706878e-01,1.704443e-01,1.695558e-01,1.693135e-01,1.689969e-01,1.688192e-01,1.692769e-01,1.692135e-01,1.690967e-01,1.688518e-01,1.692463e-01,1.692443e-01,1.698316e-01,1.698414e-01,1.702303e-01,1.707614e-01,1.708376e-01,1.713643e-01,1.719039e-01,1.724467e-01,1.731167e-01,1.731327e-01,1.737531e-01,1.745668e-01,1.751293e-01,1.758189e-01,1.763205e-01,1.770292e-01,1.777349e-01,1.783843e-01,1.790381e-01,1.796859e-01,1.803486e-01,1.810138e-01,1.816751e-01,1.823516e-01,1.828862e-01,1.834868e-01,1.845540e-01,1.846459e-01,1.858660e-01,1.865720e-01,1.868180e-01,1.878121e-01,1.882887e-01,1.890601e-01,1.898191e-01,1.906512e-01,1.911719e-01,1.917218e-01,1.927468e-01,1.932765e-01,1.940912e-01,1.947236e-01,1.956934e-01,1.961844e-01,1.969221e-01,1.977417e-01,1.984106e-01,1.991735e-01,1.997392e-01,2.006158e-01,2.010400e-01,2.016626e-01,2.020766e-01,2.027224e-01,2.032247e-01,2.035326e-01,2.038759e-01,2.044275e-01,2.047735e-01,2.051769e-01,2.053401e-01,2.059288e-01,2.062973e-01,2.066969e-01,2.067726e-01,2.068864e-01,2.073002e-01,2.077156e-01,2.078125e-01,2.079550e-01,2.080521e-01,2.081134e-01,2.080414e-01,2.082900e-01,2.080308e-01,2.080044e-01,2.078365e-01,2.079884e-01,2.077274e-01,2.074314e-01,2.068940e-01,2.069698e-01,2.063578e-01,2.050496e-01,2.045243e-01,2.040744e-01,2.036990e-01,2.022202e-01,2.017802e-01,2.012004e-01,1.999663e-01,1.984705e-01,1.980463e-01,1.967814e-01,1.962292e-01,1.949199e-01,1.935615e-01,1.931575e-01,1.917581e-01,1.905692e-01,1.893313e-01,1.880465e-01,1.868397e-01,1.855263e-01,1.850937e-01,1.839824e-01,1.827047e-01,1.815623e-01,1.803185e-01,1.791474e-01,1.780468e-01,1.768480e-01,1.757739e-01,1.752748e-01,1.741669e-01,1.730721e-01,1.719476e-01,1.708810e-01,1.705132e-01,1.693591e-01,1.689994e-01,1.678645e-01,1.675070e-01,1.671030e-01,1.666000e-01,1.661983e-01,1.657965e-01,1.653477e-01,1.655113e-01,1.651126e-01,1.646674e-01,1.642225e-01,1.644248e-01,1.639351e-01,1.640905e-01,1.637002e-01,1.638185e-01,1.633817e-01,1.635877e-01,1.631064e-01,1.632622e-01,1.628320e-01,1.629399e-01,1.631047e-01,1.626735e-01,1.621973e-01,1.623497e-01,1.619204e-01,1.620346e-01,1.615602e-01,1.617115e-01,1.612854e-01,1.613878e-01,1.609170e-01,1.610763e-01,1.606072e-01,1.607106e-01,1.602895e-01,1.603925e-01,1.599363e-01,1.600407e-01,1.596230e-01,1.597252e-01,1.592618e-01,1.593636e-01,1.589565e-01,1.590126e-01,1.591577e-01,1.586974e-01,1.587967e-01,1.588509e-01,1.589595e-01,1.584985e-01,1.585976e-01,1.586968e-01,1.581943e-01,1.583020e-01,1.584009e-01,1.584548e-01,1.579985e-01,1.580522e-01,1.581508e-01,1.582135e-01,1.583123e-01,1.584111e-01,1.585101e-01,1.580088e-01,1.581073e-01,1.581718e-01,1.582705e-01,1.583244e-01,1.583783e-01,1.579315e-01,1.579833e-01,1.580370e-01,1.581355e-01,1.581875e-01,1.582484e-01,1.577471e-01,1.578453e-01,1.578953e-01,1.579560e-01,1.574565e-01,1.575081e-01,1.575579e-01,1.570678e-01,1.571191e-01,1.571687e-01,1.572183e-01,1.572679e-01,1.573176e-01,1.568289e-01,1.568324e-01,1.568818e-01,1.569312e-01,1.569807e-01,1.570390e-01,1.570868e-01,1.571363e-01,1.571398e-01,1.571876e-01,1.572354e-01,1.572903e-01,1.572920e-01,1.573380e-01,1.573823e-01,1.573911e-01,1.574337e-01,1.574762e-01,1.574744e-01,1.580683e-01,1.580736e-01,1.581164e-01,1.581127e-01,1.587111e-01,1.587181e-01,1.587613e-01,1.593187e-01,1.593622e-01,1.593621e-01,1.599781e-01,1.599761e-01,1.605414e-01,1.605854e-01,1.612082e-01,1.617796e-01,1.618224e-01,1.623978e-01,1.623939e-01,1.630184e-01,1.630237e-01,1.636545e-01,1.642419e-01,1.642379e-01,1.648793e-01,1.648772e-01,1.654858e-01,1.660872e-01,1.660889e-01,1.666982e-01,1.673116e-01,1.673227e-01,1.679442e-01,1.679478e-01,1.686239e-01,1.686390e-01,1.692714e-01,1.699082e-01,1.699178e-01,1.705610e-01,1.705803e-01,1.712301e-01,1.712418e-01,1.718961e-01,1.719176e-01,1.725767e-01,1.725906e-01,1.732563e-01,1.732801e-01,1.732941e-01,1.739648e-01,1.739255e-01,1.739494e-01,1.739655e-01,1.746408e-01,1.746549e-01,1.746789e-01,1.746951e-01,1.747092e-01,1.740616e-01,1.740322e-01,1.740463e-01,1.734034e-01,1.727628e-01,1.720766e-01,1.721002e-01,1.714687e-01,1.702070e-01,1.695396e-01,1.689255e-01,1.677078e-01,1.670566e-01,1.658524e-01,1.652629e-01,1.640346e-01,1.628703e-01,1.616835e-01,1.605496e-01,1.588264e-01,1.577289e-01,1.560586e-01,1.549957e-01,1.539034e-01,1.523510e-01,1.513006e-01,1.497551e-01,1.487704e-01,1.472712e-01,1.462771e-01,1.448609e-01,1.438958e-01,1.424838e-01,1.415911e-01,1.402193e-01,1.393446e-01,1.384445e-01,1.371251e-01,1.362489e-01,1.353827e-01,1.345262e-01,1.337193e-01,1.328800e-01,1.320515e-01,1.308382e-01,1.300320e-01,1.296512e-01,1.288579e-01,1.284523e-01,1.276415e-01,1.272506e-01,1.264830e-01,1.261203e-01,1.257298e-01,1.253402e-01,1.249539e-01,1.242092e-01,1.238291e-01,1.234497e-01,1.227205e-01,1.219989e-01,1.216013e-01,1.212397e-01,1.205044e-01,1.198054e-01,1.194472e-01,1.190909e-01,1.183794e-01,1.180286e-01,1.176796e-01,1.173324e-01,1.169609e-01,1.162971e-01,1.159312e-01,1.155929e-01,1.152563e-01,1.149214e-01,1.145630e-01,1.142369e-01,1.138834e-01,1.138627e-01,1.135099e-01,1.134893e-01,1.134439e-01,1.137288e-01,1.136833e-01,1.136626e-01,1.139235e-01,1.142105e-01,1.141384e-01,1.147378e-01,1.146903e-01,1.149554e-01,1.149331e-01,1.155142e-01,1.154905e-01,1.154358e-01,1.156782e-01,1.156545e-01,1.159222e-01,1.158726e-01,1.158231e-01,1.161173e-01,1.157187e-01,1.156681e-01,1.156443e-01,1.155949e-01,1.152236e-01,1.151746e-01,1.148374e-01,1.147315e-01,1.143966e-01,1.143481e-01,1.143009e-01,1.139378e-01,1.138410e-01,1.138191e-01,1.134598e-01,1.134144e-01,1.133690e-01,1.133236e-01,1.132483e-01,1.135089e-01,1.134646e-01,1.137261e-01,1.136817e-01,1.138953e-01,1.141794e-01,1.144185e-01,1.143737e-01,1.143288e-01,1.145949e-01,1.148127e-01,1.150808e-01,1.156659e-01,1.156202e-01,1.158915e-01,1.160866e-01,1.163610e-01,1.166354e-01,1.169108e-01,1.171350e-01,1.170883e-01,1.170415e-01,1.169675e-01,1.172443e-01,1.174628e-01,1.174158e-01,1.173413e-01,1.176184e-01,1.178173e-01,1.181216e-01,1.180463e-01,1.179656e-01,1.182452e-01,1.184459e-01,1.183970e-01,1.183214e-01,1.185968e-01,1.184689e-01,1.184200e-01,1.186747e-01,1.186256e-01,1.184907e-01,1.184405e-01,1.183648e-01,1.183090e-01,1.181804e-01,1.177750e-01,1.176932e-01,1.179693e-01,1.178331e-01,1.177821e-01,1.176978e-01,1.176456e-01,1.175076e-01,3.550113e-03,3.550113e-03,3.550113e-03,3.550113e-03,3.550113e-03,3.550113e-03,3.550113e-03,3.550113e-03,3.550113e-03,3.550113e-03,3.550113e-03,3.550113e-03,3.550113e-03,3.550113e-03,3.550113e-03,3.550113e-03,3.550113e-03,3.550113e-03,3.550113e-03,3.550113e-03,3.550113e-03,3.550113e-03,3.550113e-03,3.550113e-03,3.550113e-03,3.550113e-03,3.550113e-03,3.550113e-03,3.550113e-03,3.550113e-03,3.550113e-03,3.550113e-03,3.550113e-03,3.550113e-03,3.550113e-03,3.550113e-03,3.550113e-03,3.550113e-03,3.550113e-03,3.550113e-03,3.550113e-03,3.550113e-03,3.550113e-03,3.550113e-03,3.550113e-03,3.550113e-03,3.550113e-03,3.550113e-03,3.550113e-03,3.550113e-03,3.550113e-03,3.550113e-03,3.550113e-03,3.550113e-03,3.550113e-03,3.550113e-03,3.550113e-03,3.550113e-03,3.550113e-03,3.550113e-03,3.550113e-03,3.550113e-03,3.550113e-03,3.550113e-03,3.550113e-03,3.550113e-03,3.550113e-03,3.550113e-03,3.550113e-03,3.550113e-03,3.550113e-03,3.550113e-03,3.550113e-03,3.550113e-03,3.550113e-03,3.550113e-03,3.550113e-03,3.550113e-03,3.550113e-03,3.550113e-03,3.550113e-03,3.550113e-03,3.550113e-03,3.550113e-03,3.550113e-03,3.550113e-03,3.550113e-03,3.550113e-03,3.550113e-03,3.550113e-03,3.550113e-03,3.550113e-03,3.550113e-03,3.550113e-03,3.550113e-03,3.550113e-03,3.550113e-03,3.550113e-03,3.550113e-03,3.550113e-03,3.550113e-03,3.550113e-03,3.550113e-03,3.550113e-03,3.550113e-03,3.550113e-03,3.550113e-03,3.550113e-03,3.550113e-03,3.550113e-03,3.550113e-03,3.550113e-03,3.550113e-03,3.550113e-03,3.550113e-03,3.550113e-03,3.550113e-03,3.550113e-03,3.550113e-03,3.550113e-03,3.550113e-03,3.550113e-03,3.550113e-03,3.550113e-03,3.550113e-03,3.550113e-03,3.550113e-03,3.550113e-03,3.550113e-03,3.550113e-03,3.550113e-03,3.550113e-03,3.550113e-03,3.550113e-03,3.550113e-03,3.550113e-03,3.550113e-03,3.550113e-03,3.550113e-03,3.550113e-03,3.550113e-03,3.550113e-03,3.550113e-03,3.550113e-03,3.550113e-03,3.550113e-03,3.550113e-03,3.550113e-03,3.550113e-03,3.550113e-03,3.550113e-03,3.550113e-03,3.550113e-03,3.550113e-03,3.550113e-03,3.550113e-03,3.550113e-03,3.550113e-03,3.550113e-03,3.550113e-03,3.550113e-03
2.902944e-02,2.900818e-02,2.898612e-02,2.896510e-02,2.894904e-02,2.894467e-02,2.894018e-02,2.894424e-02,2.894917e-02,2.894858e-02,2.895197e-02,2.894021e-02,2.893899e-02,2.894307e-02,2.894090e-02,2.894987e-02,2.895817e-02,2.896281e-02,2.897401e-02,2.897511e-02,2.897351e-02,2.896163e-02,2.894716e-02,2.893798e-02,2.894090e-02,2.893674e-02,2.893368e-02,2.892637e-02,2.891846e-02,2.891430e-02,2.889975e-02,2.887161e-02,2.885368e-02,2.883639e-02,2.883198e-02,2.882832e-02,2.881529e-02,2.881639e-02,2.881605e-02,2.881380e-02,2.882570e-02,2.886334e-02,2.890543e-02,2.894917e-02,2.900111e-02,2.907429e-02,2.914855e-02,2.921878e-02,2.932334e-02,2.944783e-02,2.958769e-02,2.975199e-02,2.993477e-02,3.012030e-02,3.030777e-02,3.049232e-02,3.068385e-02,3.087493e-02,3.105851e-02,3.123831e-02,3.140188e-02,3.156360e-02,3.171274e-02,3.184643e-02,3.199605e-02,3.214070e-02,3.228173e-02,3.241677e-02,3.253458e-02,3.265430e-02,3.276814e-02,3.285188e-02,3.293252e-02,3.300746e-02,3.306708e-02,3.312591e-02,3.318336e-02,3.325964e-02,3.332647e-02,3.340057e-02,3.348688e-02,3.359731e-02,3.373878e-02,3.390221e-02,3.409083e-02,3.431945e-02,3.458902e-02,3.488315e-02,3.523092e-02,3.561820e-02,3.605298e-02,3.650898e-02,3.701183e-02,3.756154e-02,3.814502e-02,3.876653e-02,3.944236e-02,4.017103e-02,4.094112e-02,4.176367e-02,4.264964e-02,4.356287e-02,4.454051e-02,4.557464e-02,4.667133e-02,4.781907e-02,4.902902e-02,5.033491e-02,5.173558e-02,5.314623e-02,5.464339e-02,5.618727e-02,5.779413e-02,5.955010e-02,6.138375e-02,6.320848e-02,6.510107e-02,6.705509e-02,6.906304e-02,7.112020e-02,7.322022e-02,7.528751e-02,7.738122e-02,7.943103e-02,8.148493e-02,8.346672e-02,8.537645e-02,8.724507e-02,8.909231e-02,9.081468e-02,9.251957e-02,9.414851e-02,9.583960e-02,9.734788e-02,9.885034e-02,1.002398e-01,1.016239e-01,1.028612e-01,1.041154e-01,1.052601e-01,1.064885e-01,1.074727e-01,1.083809e-01,1.094418e-01,1.103667e-01,1.113953e-01,1.122839e-01,1.132924e-01,1.141462e-01,1.149692e-01,1.158459e-01,1.165288e-01,1.171151e-01,1.177199e-01,1.181473e-01,1.183479e-01,1.182533e-01,1.181820e-01,1.178944e-01,1.175056e-01,1.171154e-01,1.168063e-01,1.163195e-01,1.158790e-01,1.153714e-01,1.147868e-01,1.141403e-01,1.133096e-01,1.125342e-01,1.116988e-01,1.108281e-01,1.099309e-01,1.090244e-01,1.081299e-01,1.072590e-01,1.064132e-01,1.056074e-01,1.048408e-01,1.041260e-01,1.034435e-01,1.027981e-01,1.021800e-01,1.015948e-01,1.010470e-01,1.005285e-01,1.000350e-01,9.958757e-02,9.916984e-02,9.879042e-02,9.843601e-02,9.813514e-02,9.786190e-02,9.762368e-02,9.733127e-02,9.715935e-02,9.701553e-02,9.688372e-02,9.675228e-02,9.662584e-02,9.648952e-02,9.624638e-02,9.604847e-02,9.582009e-02,9.555129e-02,9.514238e-02,9.476589e-02,9.432925e-02,9.375307e-02,9.320590e-02,9.260953e-02,9.198973e-02,9.128391e-02,9.062287e-02,8.993536e-02,8.917053e-02,8.849817e-02,8.777713e-02,8.714493e-02,8.655207e-02,8.596153e-02,8.550589e-02,8.502770e-02,8.469157e-02,8.434969e-02,8.412933e-02,8.390233e-02,8.372091e-02,8.366157e-02,8.356811e-02,8.355015e-02,8.345011e-02,8.339169e-02,8.321222e-02,8.293706e-02,8.263413e-02,8.214741e-02,8.160116e-02,8.083347e-02,7.996683e-02,7.902412e-02,7.794756e-02,7.677536e-02,7.559749e-02,7.431621e-02,7.302560e-02,7.172566e-02,7.051710e-02,6.932419e-02,6.820056e-02,6.726034e-02,6.635978e-02,6.558339e-02,6.485392e-02,6.419369e-02,6.346498e-02,6.266809e-02,6.178636e-02,6.079302e-02,5.965718e-02,5.836715e-02,5.698766e-02,5.546437e-02,5.394134e-02,5.236629e-02,5.082108e-02,4.932428e-02,4.787913e-02,4.661531e-02,4.545858e-02,4.449315e-02,4.361033e-02,4.290982e-02,4.233452e-02,4.187644e-02,4.149874e-02,4.127683e-02,4.110682e-02,4.113832e-02,4.127156e-02,4.173432e-02,4.237998e-02,4.361374e-02,4.510181e-02,4.728301e-02,4.983159e-02,5.312035e-02,5.686468e-02,6.117858e-02,6.598023e-02,7.143358e-02,7.732881e-02,8.368511e-02,9.047302e-02,9.777422e-02,1.053194e-01,1.130221e-01,1.209394e-01,1.290772e-01,1.371654e-01,1.451552e-01,1.530966e-01,1.610869e-01,1.686986e-01,1.760676e-01,1.832209e-01,1.901240e-01,1.968119e-01,2.032832e-01,2.095744e-01,2.161202e-01,2.221504e-01,2.280343e-01,2.338181e-01,2.394997e-01,2.451121e-01,2.506163e-01,2.560602e-01,2.614119e-01,2.666752e-01,2.718668e-01,2.776565e-01,2.826907e-01,2.876502e-01,2.922877e-01,2.970460e-01,3.017036e-01,3.062632e-01,3.107804e-01,3.151260e-01,3.193590e-01,3.234762e-01,3.274704e-01,3.313774e-01,3.351853e-01,3.387484e-01,3.422887e-01,3.457368e-01,3.490638e-01,3.521690e-01,3.553025e-01,3.583186e-01,3.609630e-01,3.636539e-01,3.660992e-01,3.685983e-01,3.708592e-01,3.731814e-01,3.752658e-01,3.774072e-01,3.793441e-01,3.813345e-01,3.830699e-01,3.848126e-01,3.867215e-01,3.884911e-01,3.904201e-01,3.922191e-01,3.940167e-01,3.959753e-01,3.977849e-01,3.997638e-01,4.014203e-01,4.032334e-01,4.050434e-01,4.066843e-01,4.084723e-01,4.102592e-01,4.120345e-01,4.136259e-01,4.153610e-01,4.170864e-01,4.187895e-01,4.204603e-01,4.221178e-01,4.237334e-01,4.253165e-01,4.268725e-01,4.283821e-01,4.298503e-01,4.312696e-01,4.326470e-01,4.336241e-01,4.347965e-01,4.359709e-01,4.371529e-01,4.383357e-01,4.395308e-01,4.407399e-01,4.417534e-01,4.429739e-01,4.441968e-01,4.452309e-01,4.464786e-01,4.475257e-01,4.485757e-01,4.496337e-01,4.506990e-01,4.519739e-01,4.530528e-01,4.541329e-01,4.552177e-01,4.563092e-01,4.574058e-01,4.585035e-01,4.593954e-01,4.605103e-01,4.616319e-01,4.627523e-01,4.638900e-01,4.648039e-01,4.659514e-01,4.668766e-01,4.678107e-01,4.689808e-01,4.699253e-01,4.708744e-01,4.718269e-01,4.727828e-01,4.737448e-01,4.747190e-01,4.756908e-01,4.766619e-01,4.776439e-01,4.783857e-01,4.793794e-01,4.803635e-01,4.810910e-01,4.820897e-01,4.830907e-01,4.840731e-01,4.848236e-01,4.855784e-01,4.865731e-01,4.873195e-01,4.880837e-01,4.891090e-01,4.898742e-01,4.906434e-01,4.914251e-01,4.924649e-01,4.932508e-01,4.940428e-01,4.948430e-01,4.956383e-01,4.964465e-01,4.972580e-01,4.980769e-01,4.988966e-01,4.997247e-01,5.005449e-01,5.013830e-01,5.022216e-01,5.027867e-01,5.036311e-01,5.042034e-01,5.050522e-01,5.059013e-01,5.064871e-01,5.073488e-01,5.079251e-01,5.087913e-01,5.093768e-01,5.102387e-01,5.108283e-01,5.114126e-01,5.119986e-01,5.128699e-01,5.134583e-01,5.140428e-01,5.146396e-01,5.155167e-01,5.161035e-01,5.166921e-01,5.172858e-01,5.178651e-01,5.184570e-01,5.190590e-01,5.196508e-01,5.202513e-01,5.208500e-01,5.214558e-01,5.217637e-01,5.223761e-01,5.229974e-01,5.236176e-01,5.239382e-01,5.245665e-01,5.252074e-01,5.258270e-01,5.261587e-01,5.267920e-01,5.274246e-01,5.277553e-01,5.280841e-01,5.287314e-01,5.290581e-01,5.296892e-01,5.300255e-01,5.306706e-01,5.309930e-01,5.313153e-01,5.316442e-01,5.319583e-01,5.322765e-01,5.326106e-01,5.329390e-01,5.332605e-01,5.335714e-01,5.338963e-01,5.342230e-01,5.345503e-01,5.348687e-01,5.351887e-01,5.355106e-01,5.358443e-01,5.361846e-01,5.365024e-01,5.367943e-01,5.371115e-01,5.374466e-01,5.377738e-01,5.380792e-01,5.383493e-01,5.386479e-01,5.389542e-01,5.392533e-01,5.395550e-01,5.398512e-01,5.401345e-01,5.403930e-01,5.406328e-01,5.408949e-01,5.411544e-01,5.413979e-01,5.416688e-01,5.419073e-01,5.420491e-01,5.422435e-01,5.424602e-01,5.426992e-01,5.428807e-01,5.429261e-01,5.431020e-01,5.433000e-01,5.434622e-01,5.436248e-01,5.437483e-01,5.439108e-01,5.440987e-01,5.441141e-01,5.439263e-01,5.439222e-01,5.440127e-01,5.440086e-01,5.439909e-01,5.439869e-01,5.440413e-01,5.441015e-01,5.442145e-01,5.443475e-01,5.444468e-01,5.444819e-01,5.446877e-01,5.449770e-01,5.452280e-01,5.454788e-01,5.457216e-01,5.459927e-01,5.463092e-01,5.465580e-01,5.468665e-01,5.471415e-01,5.473825e-01,5.476832e-01,5.479159e-01,5.481832e-01,5.484707e-01,5.487981e-01,5.490864e-01,5.494238e-01,5.497472e-01,5.500856e-01,5.504045e-01,5.507674e-01,5.511163e-01,5.514860e-01,5.518160e-01,5.522070e-01,5.526078e-01,5.529744e-01,5.533416e-01,5.537556e-01,5.541445e-01,5.545137e-01,5.548742e-01,5.552797e-01,5.556620e-01,5.560302e-01,5.564491e-01,5.568333e-01,5.572088e-01,5.575849e-01,5.579771e-01,5.583336e-01,5.587116e-01,5.590901e-01,5.594901e-01,5.598453e-01,5.602414e-01,5.606530e-01,5.610195e-01,5.614324e-01,5.618002e-01,5.621933e-01,5.625508e-01,5.629761e-01,5.633347e-01,5.636890e-01,5.640488e-01,5.644518e-01,5.648341e-01,5.652170e-01,5.655908e-01,5.659749e-01,5.663499e-01,5.667039e-01,5.670584e-01,5.673715e-01,5.677387e-01,5.681009e-01,5.684475e-01,5.687138e-01,5.689804e-01,5.692847e-01,5.695955e-01,5.699067e-01,5.702183e-01,5.705084e-01,5.708207e-01,5.711115e-01,5.714026e-01,5.716562e-01,5.719581e-01,5.722282e-01,5.724708e-01,5.727295e-01,5.729726e-01,5.732381e-01,5.735198e-01,5.737784e-01,5.740328e-01,5.742652e-01,5.745267e-01,5.747558e-01,5.750140e-01,5.752240e-01,5.754565e-01,5.756735e-01,5.758803e-01,5.760900e-01,5.763161e-01,5.765344e-01,5.767370e-01,5.769293e-01,5.771020e-01,5.772869e-01,5.774494e-01,5.776268e-01,5.778044e-01,5.779454e-01,5.780862e-01,5.782192e-01,5.783379e-01,5.784672e-01,5.785820e-01,5.786866e-01,5.787485e-01,5.788330e-01,5.789325e-01,5.790213e-01,5.791169e-01,5.791674e-01,5.792100e-01,5.792525e-01,5.792872e-01,5.793447e-01,5.793755e-01,5.794294e-01,5.794528e-01,5.794732e-01,5.794674e-01,5.794581e-01,5.794725e-01,5.795015e-01,5.795048e-01,5.794819e-01,5.794328e-01,5.793802e-01,5.793056e-01,5.792913e-01,5.792734e-01,5.792538e-01,5.791889e-01,5.791241e-01,5.791087e-01,5.790891e-01,5.790470e-01,5.789822e-01,5.788949e-01,5.788570e-01,5.788375e-01,5.787955e-01,5.787084e-01,5.786330e-01,5.786362e-01,5.786887e-01,5.786918e-01,5.786048e-01,5.785178e-01,5.784642e-01,5.783998e-01,5.783280e-01,5.782070e-01,5.780860e-01,5.780102e-01,5.779568e-01,5.778137e-01,5.775627e-01,5.772855e-01,5.770757e-01,5.768662e-01,5.765676e-01,5.760582e-01,5.754940e-01,5.749872e-01,5.745257e-01,5.740919e-01,5.736324e-01,5.730536e-01,5.722678e-01,5.712345e-01,5.702277e-01,5.695065e-01,5.688739e-01,5.680713e-01,5.669770e-01,5.658410e-01,5.650495e-01,5.644933e-01,5.640019e-01,5.634274e-01,5.627496e-01,5.621367e-01,5.615407e-01,5.609314e-01,5.605411e-01,5.603588e-01,5.601767e-01,5.600047e-01,5.598329e-01,5.596612e-01,5.594997e-01,5.593383e-01,5.593833e-01,5.592221e-01,5.592723e-01,5.593274e-01,5.593724e-01,5.592114e-01,5.592565e-01,5.592917e-01,5.593269e-01,5.591560e-01,5.589753e-01,5.590005e-01,5.590258e-01,5.590410e-01,5.590663e-01,5.590915e-01,5.589010e-01,5.589263e-01,5.589515e-01,5.589821e-01,5.588018e-01,5.588270e-01,5.586469e-01,5.586721e-01,5.587074e-01,5.587227e-01,5.585427e-01,5.585680e-01,5.585833e-01,5.586086e-01,5.584188e-01,5.584341e-01,5.584494e-01,5.584647e-01,5.584700e-01,5.584853e-01,5.585006e-01,5.587210e-01,5.587364e-01,5.587517e-01,5.587670e-01,5.587823e-01,5.587976e-01,5.583701e-01,5.585902e-01,5.586055e-01,5.586209e-01,5.586362e-01,5.584138e-01,5.584190e-01,5.586392e-01,5.586545e-01,5.582275e-01,5.582328e-01,5.584628e-01,5.582407e-01,5.582612e-01,5.580494e-01,5.580748e-01,5.581001e-01,5.576946e-01,5.577299e-01,5.575288e-01,5.575641e-01,5.571598e-01,5.572051e-01,5.570046e-01,5.566114e-01,5.568597e-01,5.564568e-01,5.565021e-01,5.563078e-01,5.563432e-01,5.561437e-01,5.557424e-01,5.557778e-01,5.553673e-01,5.553926e-01,5.551842e-01,5.547650e-01,5.549815e-01,5.545628e-01,5.543453e-01,5.543508e-01,5.539334e-01,5.537167e-01,5.537321e-01,5.533160e-01,5.531055e-01,5.531308e-01,5.529248e-01,5.525203e-01,5.525455e-01,5.521418e-01,5.521670e-01,5.517640e-01,5.513716e-01,5.515947e-01,5.511928e-01,5.508016e-01,5.510241e-01,5.506234e-01,5.506487e-01,5.502488e-01,5.498497e-01,5.498749e-01,5.494725e-01,5.494977e-01,5.490905e-01,5.489202e-01,5.485141e-01,5.483347e-01,5.479298e-01,5.477509e-01,5.473375e-01,5.473530e-01,5.467566e-01,5.467721e-01,5.465943e-01,5.460002e-01,5.458289e-01,5.456520e-01,5.452525e-01,5.450761e-01,5.448999e-01,5.445019e-01,5.443262e-01,5.441507e-01,5.439753e-01,5.433889e-01,5.432142e-01,5.430397e-01,5.428653e-01,5.425017e-01,5.423279e-01,5.419652e-01,5.417919e-01,5.420263e-01,5.408511e-01,5.410846e-01,5.411302e-01,5.411757e-01,5.410332e-01,5.406730e-01,5.405309e-01,5.401716e-01,5.398130e-01,5.398583e-01,5.393138e-01,5.389567e-01,5.384145e-01,5.382741e-01,5.377337e-01,5.371948e-01,5.366573e-01,5.361212e-01,5.355927e-01,5.344830e-01,5.341635e-01,5.330613e-01,5.325346e-01,5.320091e-01,5.316935e-01,5.313784e-01,5.301125e-01,5.292377e-01,5.283666e-01,5.280566e-01,5.273665e-01,5.264751e-01,5.256068e-01,5.242021e-01,5.228068e-01,5.221616e-01,5.205822e-01,5.195500e-01,5.185230e-01,5.180409e-01,5.170298e-01,5.160237e-01,5.152152e-01,5.138877e-01,5.124049e-01,5.105817e-01,5.091226e-01,5.073028e-01,5.061591e-01,5.043655e-01,5.034202e-01,5.019789e-01,5.007026e-01,4.992807e-01,4.983514e-01,4.969461e-01,4.960277e-01,4.951376e-01,4.956936e-01,4.965857e-01,4.968251e-01,4.954234e-01,4.940554e-01,4.931744e-01,4.922899e-01,4.909434e-01,4.902391e-01,4.892379e-01,4.874541e-01,4.852263e-01,4.824431e-01,4.794133e-01,4.766969e-01,4.736344e-01,4.702216e-01,4.674108e-01,4.645531e-01,4.623067e-01,4.599951e-01,4.589970e-01,4.558431e-01,4.520988e-01,4.473110e-01,4.430837e-01,4.371403e-01,4.309245e-01,4.253896e-01,4.192063e-01,4.147018e-01,4.087019e-01,4.033033e-01,3.978725e-01,3.919389e-01,3.858492e-01,3.821101e-01,3.773194e-01,3.711430e-01,3.659260e-01,3.605675e-01,3.563704e-01,3.513229e-01,3.462987e-01,3.417017e-01,3.378505e-01,3.344319e-01,3.303835e-01,3.264430e-01,3.232784e-01,3.192983e-01,3.159454e-01,3.126694e-01,3.095787e-01,3.070483e-01,3.045653e-01,3.018223e-01,2.992284e-01,2.966850e-01,2.945420e-01,2.926246e-01,2.905496e-01,2.884080e-01,2.863942e-01,2.848301e-01,2.828744e-01,2.809428e-01,2.794419e-01,2.779581e-01,2.769757e-01,2.756064e-01,2.742494e-01,2.733779e-01,2.721285e-01,2.712670e-01,2.705738e-01,2.697269e-01,2.689617e-01,2.682810e-01,2.675286e-01,2.667766e-01,2.661056e-01,2.657999e-01,2.651380e-01,2.649902e-01,2.648425e-01,2.646989e-01,2.641933e-01,2.639694e-01,2.639038e-01,2.637574e-01,2.641222e-01,2.639793e-01,2.639118e-01,2.636942e-01,2.639835e-01,2.637657e-01,2.641324e-01,2.644227e-01,2.648729e-01,2.648069e-01,2.650248e-01,2.656787e-01,2.660569e-01,2.664304e-01,2.670957e-01,2.677605e-01,2.685127e-01,2.695579e-01,2.703209e-01,2.711641e-01,2.721531e-01,2.728429e-01,2.739285e-01,2.750170e-01,2.757266e-01,2.772261e-01,2.780342e-01,2.791578e-01,2.802935e-01,2.812046e-01,2.827733e-01,2.834367e-01,2.844268e-01,2.855201e-01,2.867098e-01,2.874857e-01,2.885998e-01,2.897279e-01,2.906162e-01,2.922956e-01,2.931045e-01,2.943635e-01,2.957375e-01,2.968300e-01,2.978610e-01,2.990689e-01,3.006898e-01,3.020258e-01,3.029978e-01,3.043484e-01,3.058258e-01,3.067155e-01,3.083204e-01,3.095517e-01,3.113020e-01,3.123322e-01,3.134870e-01,3.151651e-01,3.162291e-01,3.173010e-01,3.191433e-01,3.202370e-01,3.214569e-01,3.226813e-01,3.238018e-01,3.254856e-01,3.263066e-01,3.281487e-01,3.295548e-01,3.301479e-01,3.313204e-01,3.333537e-01,3.342160e-01,3.355505e-01,3.368999e-01,3.382583e-01,3.396352e-01,3.404030e-01,3.417931e-01,3.430689e-01,3.437141e-01,3.451441e-01,3.459463e-01,3.471139e-01,3.485790e-01,3.492542e-01,3.508828e-01,3.515709e-01,3.526363e-01,3.533321e-01,3.548565e-01,3.555520e-01,3.562571e-01,3.576566e-01,3.585113e-01,3.592259e-01,3.604955e-01,3.613619e-01,3.620892e-01,3.628160e-01,3.644158e-01,3.651532e-01,3.658938e-01,3.667895e-01,3.675376e-01,3.682891e-01,3.693588e-01,3.702055e-01,3.705815e-01,3.712649e-01,3.717944e-01,3.722309e-01,3.728556e-01,3.734665e-01,3.740125e-01,3.747084e-01,3.752652e-01,3.760620e-01,3.764592e-01,3.770998e-01,3.777401e-01,3.783896e-01,3.789627e-01,3.797813e-01,3.804428e-01,3.807705e-01,3.816782e-01,3.818348e-01,3.825868e-01,3.831741e-01,3.836780e-01,3.845286e-01,3.850233e-01,3.859654e-01,3.862882e-01,3.871544e-01,3.878384e-01,3.883473e-01,3.886947e-01,3.893805e-01,3.898141e-01,3.907758e-01,3.914766e-01,3.924613e-01,3.934447e-01,3.942609e-01,3.946133e-01,3.955358e-01,3.960791e-01,3.968200e-01,3.974666e-01,3.981087e-01,3.987695e-01,3.997187e-01,4.002797e-01,4.009390e-01,4.015106e-01,4.021868e-01,4.026864e-01,4.033477e-01,4.035480e-01,4.042340e-01,4.047177e-01,4.055001e-01,4.059940e-01,4.066825e-01,4.070868e-01,4.075850e-01,4.079845e-01,4.085787e-01,4.088866e-01,4.092806e-01,4.099884e-01,4.104878e-01,4.110902e-01,4.114973e-01,4.115958e-01,4.121063e-01,4.124200e-01,4.127257e-01,4.130405e-01,4.133472e-01,4.133590e-01,4.138794e-01,4.144116e-01,4.149230e-01,4.150386e-01,4.154545e-01,4.157806e-01,4.161982e-01,4.158877e-01,4.165113e-01,4.168340e-01,4.171347e-01,4.171323e-01,4.174335e-01,4.175451e-01,4.175203e-01,4.173213e-01,4.178353e-01,4.175219e-01,4.171005e-01,4.169934e-01,4.169961e-01,4.161633e-01,4.159555e-01,4.156597e-01,4.154578e-01,4.144234e-01,4.139132e-01,4.135094e-01,4.128908e-01,4.123938e-01,4.116840e-01,4.110754e-01,4.104654e-01,4.094600e-01,4.088556e-01,4.078594e-01,4.071728e-01,4.071842e-01,4.093143e-01,4.083157e-01,4.078282e-01,4.070479e-01,4.062725e-01,4.052960e-01,4.047257e-01,4.039542e-01,4.030875e-01,4.021288e-01,4.013751e-01,4.001395e-01,3.992855e-01,3.985394e-01,3.974114e-01,3.964851e-01,3.954571e-01,3.943583e-01,3.934347e-01,3.924338e-01,3.917125e-01,3.909880e-01,3.901693e-01,3.890132e-01,3.883002e-01,3.874249e-01,3.865470e-01,3.856676e-01,3.846301e-01,3.836858e-01,3.829145e-01,3.819867e-01,3.811368e-01,3.806404e-01,3.798830e-01,3.792262e-01,3.784752e-01,3.774813e-01,3.770792e-01,3.765174e-01,3.757015e-01,3.748896e-01,3.743245e-01,3.735193e-01,3.731211e-01,3.724849e-01,3.720948e-01,3.714746e-01,3.709196e-01,3.703079e-01,3.698527e-01,3.693931e-01,3.690207e-01,3.686491e-01,3.683520e-01,3.679140e-01,3.678542e-01,3.678874e-01,3.678313e-01,3.676207e-01,3.679552e-01,3.681487e-01,3.683250e-01,3.683660e-01,3.686281e-01,3.691244e-01,3.693255e-01,3.695149e-01,3.694582e-01,3.695736e-01,3.696931e-01,3.697279e-01,3.696752e-01,3.695602e-01,3.692034e-01,3.689171e-01,3.689622e-01,3.685289e-01,3.682438e-01,3.680445e-01,3.676137e-01,3.671068e-01,3.668319e-01,3.666186e-01,3.664289e-01,3.660825e-01,3.657369e-01,3.654643e-01,3.654165e-01,3.651560e-01,3.651961e-01,3.651484e-01,3.652607e-01,3.649888e-01,3.650288e-01,3.651410e-01,3.654094e-01,3.655219e-01,3.657224e-01,3.659917e-01,3.665681e-01,3.672156e-01,3.672601e-01,3.675242e-01,3.678739e-01,3.680655e-01,3.687270e-01,3.691531e-01,3.692602e-01,3.695275e-01,3.695435e-01,3.698112e-01,3.695981e-01,3.694593e-01,3.690868e-01,3.687890e-01,3.687364e-01,3.690767e-01,3.692578e-01,3.692737e-01,3.696032e-01,3.694525e-01,3.697082e-01,3.698899e-01,3.700640e-01,3.700681e-01,3.703992e-01,3.709628e-01,3.711338e-01,3.712181e-01,3.717834e-01,3.718638e-01,3.721821e-01,3.723544e-01,3.727613e-01,3.729246e-01,3.730892e-01,3.729310e-01,3.730241e-01,3.731130e-01,3.732898e-01,3.732098e-01,3.733746e-01,3.736277e-01,3.740333e-01,3.738821e-01,3.741306e-01,3.743085e-01,3.743980e-01,3.748942e-01,3.748187e-01,3.749084e-01,3.750791e-01,3.750025e-01,3.754237e-01,3.755180e-01,3.755399e-01,3.751492e-01,3.753367e-01,3.755314e-01,3.753874e-01,3.751191e-01,3.751575e-01,3.751192e-01,3.749992e-01,3.752154e-01,3.754318e-01,3.751677e-01,3.752255e-01,3.753775e-01,3.747021e-01,3.742825e-01,3.735384e-01,3.728312e-01,3.725749e-01,3.721512e-01,3.715717e-01,3.702443e-01,3.687682e-01,3.681912e-01,3.670441e-01,3.650261e-01,3.635870e-01,3.624676e-01,3.606526e-01,3.587031e-01,3.567815e-01,3.547326e-01,3.528492e-01,3.495349e-01,3.475764e-01,3.429680e-01,3.395795e-01,3.360594e-01,3.332031e-01,3.291176e-01,3.261858e-01,3.220941e-01,3.189202e-01,3.131625e-01,3.084069e-01,3.038055e-01,2.984081e-01,2.935619e-01,2.874906e-01,2.818194e-01,2.729370e-01,2.662846e-01,2.597551e-01,2.535435e-01,2.461898e-01,2.399505e-01,2.302501e-01,2.233392e-01,2.167216e-01,2.102474e-01,2.033110e-01,1.949815e-01,1.884120e-01,1.826006e-01,1.769883e-01,1.713155e-01,1.645309e-01,1.595978e-01,1.551602e-01,1.510697e-01,1.474933e-01,1.422656e-01,1.391405e-01,1.362125e-01,1.331166e-01,1.299942e-01,1.269798e-01,1.249573e-01,1.229875e-01,1.210714e-01,1.191941e-01,1.173804e-01,1.163469e-01,1.146292e-01,1.136699e-01,1.120054e-01,1.111314e-01,1.102529e-01,1.094220e-01,1.086126e-01,1.078279e-01,1.070580e-01,1.069676e-01,1.061605e-01,1.060623e-01,1.053236e-01,1.051937e-01,1.051249e-01,1.050658e-01,1.043379e-01,1.042786e-01,1.042099e-01,1.041644e-01,1.047838e-01,1.047699e-01,1.047370e-01,1.046756e-01,1.052866e-01,1.052857e-01,1.059455e-01,1.059403e-01,1.065697e-01,1.072302e-01,1.072404e-01,1.079144e-01,1.085907e-01,1.092745e-01,1.100021e-01,1.099998e-01,1.107165e-01,1.114919e-01,1.122101e-01,1.129723e-01,1.136915e-01,1.144664e-01,1.152566e-01,1.160340e-01,1.168207e-01,1.176217e-01,1.184277e-01,1.192426e-01,1.200732e-01,1.209093e-01,1.217197e-01,1.225628e-01,1.242353e-01,1.242523e-01,1.260092e-01,1.269206e-01,1.269774e-01,1.285030e-01,1.293911e-01,1.305155e-01,1.313363e-01,1.326648e-01,1.334507e-01,1.341628e-01,1.355078e-01,1.364013e-01,1.375607e-01,1.384181e-01,1.398173e-01,1.405690e-01,1.418556e-01,1.428103e-01,1.436391e-01,1.449723e-01,1.458947e-01,1.471997e-01,1.479989e-01,1.492607e-01,1.500831e-01,1.512809e-01,1.522451e-01,1.532652e-01,1.540976e-01,1.553296e-01,1.561828e-01,1.572811e-01,1.580954e-01,1.592775e-01,1.600642e-01,1.612181e-01,1.620418e-01,1.626531e-01,1.638390e-01,1.650411e-01,1.657884e-01,1.668083e-01,1.675706e-01,1.685757e-01,1.691685e-01,1.702581e-01,1.707953e-01,1.716837e-01,1.722622e-01,1.733541e-01,1.739087e-01,1.747194e-01,1.751773e-01,1.761406e-01,1.764400e-01,1.768826e-01,1.773514e-01,1.779895e-01,1.788004e-01,1.787453e-01,1.793931e-01,1.797045e-01,1.801604e-01,1.799339e-01,1.805900e-01,1.808779e-01,1.811944e-01,1.813109e-01,1.812544e-01,1.819199e-01,1.816892e-01,1.819805e-01,1.820980e-01,1.820411e-01,1.821587e-01,1.819273e-01,1.824225e-01,1.827162e-01,1.824821e-01,1.826003e-01,1.823678e-01,1.823106e-01,1.824286e-01,1.821964e-01,1.823143e-01,1.824604e-01,1.824045e-01,1.823486e-01,1.821155e-01,1.820611e-01,1.825587e-01,1.821524e-01,1.826519e-01,1.822451e-01,1.827424e-01,1.830670e-01,1.830376e-01,1.833619e-01,1.836859e-01,1.838329e-01,1.843623e-01,1.846898e-01,1.848384e-01,1.849858e-01,1.857069e-01,1.856754e-01,1.862204e-01,1.865558e-01,1.869209e-01,1.870745e-01,1.878156e-01,1.877864e-01,1.883449e-01,1.885036e-01,1.888785e-01,1.894411e-01,1.896003e-01,1.895706e-01,1.901381e-01,1.902969e-01,1.906753e-01,1.906439e-01,1.912177e-01,1.913784e-01,1.917617e-01,1.917300e-01,1.923081e-01,1.922763e-01,1.926647e-01,1.928278e-01,1.932184e-01,1.931841e-01,1.935776e-01,1.937423e-01,1.941365e-01,1.941027e-01,1.944984e-01,1.946611e-01,1.948595e-01,1.954572e-01,1.954229e-01,1.958225e-01,1.960219e-01,1.964218e-01,1.963858e-01,1.967893e-01,1.971945e-01,1.969559e-01,1.973597e-01,1.977672e-01,1.979706e-01,1.979356e-01,1.981393e-01,1.985500e-01,1.987529e-01,1.991662e-01,1.995811e-01,1.999978e-01,1.997526e-01,2.001700e-01,2.003779e-01,2.007979e-01,2.010075e-01,2.012176e-01,2.011796e-01,2.013885e-01,2.015994e-01,2.020245e-01,2.022352e-01,2.024444e-01,2.021918e-01,2.026195e-01,2.028299e-01,2.030403e-01,2.027862e-01,2.029985e-01,2.032098e-01,2.029516e-01,2.031643e-01,2.033760e-01,2.035880e-01,2.038005e-01,2.040135e-01,2.037533e-01,2.037465e-01,2.039594e-01,2.041728e-01,2.043866e-01,2.045988e-01,2.048119e-01,2.050270e-01,2.050203e-01,2.052343e-01,2.054488e-01,2.056601e-01,2.056517e-01,2.058655e-01,2.060782e-01,2.060662e-01,2.062777e-01,2.064897e-01,2.064781e-01,2.071761e-01,2.071608e-01,2.073746e-01,2.073614e-01,2.080655e-01,2.080517e-01,2.082675e-01,2.087488e-01,2.089661e-01,2.089560e-01,2.096690e-01,2.096572e-01,2.101451e-01,2.103653e-01,2.110865e-01,2.115794e-01,2.118011e-01,2.122973e-01,2.122838e-01,2.130186e-01,2.130030e-01,2.137445e-01,2.142500e-01,2.142363e-01,2.149881e-01,2.149761e-01,2.154890e-01,2.160045e-01,2.159958e-01,2.165173e-01,2.170412e-01,2.170306e-01,2.175604e-01,2.175534e-01,2.183357e-01,2.183285e-01,2.188665e-01,2.194071e-01,2.194052e-01,2.199502e-01,2.199465e-01,2.204960e-01,2.204959e-01,2.210481e-01,2.210462e-01,2.216012e-01,2.216029e-01,2.221625e-01,2.221623e-01,2.221640e-01,2.227265e-01,2.224682e-01,2.224680e-01,2.224715e-01,2.230356e-01,2.230373e-01,2.230371e-01,2.230406e-01,2.230423e-01,2.224813e-01,2.222215e-01,2.222231e-01,2.216660e-01,2.211097e-01,2.203026e-01,2.203020e-01,2.197522e-01,2.186606e-01,2.178703e-01,2.173319e-01,2.162608e-01,2.154851e-01,2.144317e-01,2.139091e-01,2.126317e-01,2.116044e-01,2.103504e-01,2.093438e-01,2.076242e-01,2.066420e-01,2.049624e-01,2.040038e-01,2.028354e-01,2.014313e-01,2.002873e-01,1.987061e-01,1.978029e-01,1.962581e-01,1.951725e-01,1.938657e-01,1.928046e-01,1.913315e-01,1.904859e-01,1.890453e-01,1.882216e-01,1.872167e-01,1.858199e-01,1.848370e-01,1.838636e-01,1.828996e-01,1.821190e-01,1.811700e-01,1.802315e-01,1.789283e-01,1.780107e-01,1.776382e-01,1.767326e-01,1.761969e-01,1.751384e-01,1.746085e-01,1.737304e-01,1.733737e-01,1.728560e-01,1.723398e-01,1.718276e-01,1.709731e-01,1.704681e-01,1.699644e-01,1.691263e-01,1.682956e-01,1.676498e-01,1.671562e-01,1.661902e-01,1.653849e-01,1.649074e-01,1.644323e-01,1.634953e-01,1.630273e-01,1.625617e-01,1.620984e-01,1.614939e-01,1.607282e-01,1.601327e-01,1.596814e-01,1.592323e-01,1.587854e-01,1.582023e-01,1.577554e-01,1.571800e-01,1.570372e-01,1.564651e-01,1.563234e-01,1.560468e-01,1.561960e-01,1.559198e-01,1.557788e-01,1.557928e-01,1.559416e-01,1.555304e-01,1.559697e-01,1.556927e-01,1.557067e-01,1.555647e-01,1.558694e-01,1.557259e-01,1.554535e-01,1.553333e-01,1.551905e-01,1.552032e-01,1.549270e-01,1.546517e-01,1.547974e-01,1.541088e-01,1.538347e-01,1.536941e-01,1.534224e-01,1.528736e-01,1.526043e-01,1.521856e-01,1.516651e-01,1.512508e-01,1.509863e-01,1.507238e-01,1.501928e-01,1.496809e-01,1.495475e-01,1.490249e-01,1.487692e-01,1.485142e-01,1.482600e-01,1.478889e-01,1.479019e-01,1.476505e-01,1.476634e-01,1.474127e-01,1.471822e-01,1.473240e-01,1.472146e-01,1.469651e-01,1.467162e-01,1.467300e-01,1.465024e-01,1.465161e-01,1.467920e-01,1.465435e-01,1.465573e-01,1.462080e-01,1.462227e-01,1.462364e-01,1.462500e-01,1.460222e-01,1.457757e-01,1.455300e-01,1.451643e-01,1.451776e-01,1.449572e-01,1.447137e-01,1.443515e-01,1.443634e-01,1.440214e-01,1.441500e-01,1.437900e-01,1.434374e-01,1.434491e-01,1.431106e-01,1.428710e-01,1.425163e-01,1.425337e-01,1.419515e-01,1.417150e-01,1.416118e-01,1.413762e-01,1.408068e-01,1.405723e-01,1.402271e-01,1.400002e-01,1.394343e-01,1.388523e-01,1.385191e-01,1.385273e-01,1.379753e-01,1.377474e-01,1.374165e-01,1.371891e-01,1.366440e-01,5.844415e-03,5.844415e-03,5.844415e-03,5.844415e-03,5.844415e-03,5.844415e-03,5.844415e-03,5.844415e-03,5.844415e-03,5.844415e-03,5.844415e-03,5.844415e-03,5.844415e-03,5.844415e-03,5.844415e-03,5.844415e-03,5.844415e-03,5.844415e-03,5.844415e-03,5.844415e-03,5.844415e-03,5.844415e-03,5.844415e-03,5.844415e-03,5.844415e-03,5.844415e-03,5.844415e-03,5.844415e-03,5.844415e-03,5.844415e-03,5.844415e-03,5.844415e-03,5.844415e-03,5.844415e-03,5.844415e-03,5.844415e-03,5.844415e-03,5.844415e-03,5.844415e-03,5.844415e-03,5.844415e-03,5.844415e-03,5.844415e-03,5.844415e-03,5.844415e-03,5.844415e-03,5.844415e-03,5.844415e-03,5.844415e-03,5.844415e-03,5.844415e-03,5.844415e-03,5.844415e-03,5.844415e-03,5.844415e-03,5.844415e-03,5.844415e-03,5.844415e-03,5.844415e-03,5.844415e-03,5.844415e-03,5.844415e-03,5.844415e-03,5.844415e-03,5.844415e-03,5.844415e-03,5.844415e-03,5.844415e-03,5.844415e-03,5.844415e-03,5.844415e-03,5.844415e-03,5.844415e-03,5.844415e-03,5.844415e-03,5.844415e-03,5.844415e-03,5.844415e-03,5.844415e-03,5.844415e-03,5.844415e-03,5.844415e-03,5.844415e-03,5.844415e-03,5.844415e-03,5.844415e-03,5.844415e-03,5.844415e-03,5.844415e-03,5.844415e-03,5.844415e-03,5.844415e-03,5.844415e-03,5.844415e-03,5.844415e-03,5.844415e-03,5.844415e-03,5.844415e-03,5.844415e-03,5.844415e-03,5.844415e-03,5.844415e-03,5.844415e-03,5.844415e-03,5.844415e-03,5.844415e-03,5.844415e-03,5.844415e-03,5.844415e-03,5.844415e-03,5.844415e-03,5.844415e-03,5.844415e-03,5.844415e-03,5.844415e-03,5.844415e-03,5.844415e-03,5.844415e-03,5.844415e-03,5.844415e-03,5.844415e-03,5.844415e-03,5.844415e-03,5.844415e-03,5.844415e-03,5.844415e-03,5.844415e-03,5.844415e-03,5.844415e-03,5.844415e-03,5.844415e-03,5.844415e-03,5.844415e-03,5.844415e-03,5.844415e-03,5.844415e-03,5.844415e-03,5.844415e-03,5.844415e-03,5.844415e-03,5.844415e-03,5.844415e-03,5.844415e-03,5.844415e-03,5.844415e-03,5.844415e-03,5.844415e-03,5.844415e-03,5.844415e-03,5.844415e-03,5.844415e-03,5.844415e-03,5.844415e-03,5.844415e-03,5.844415e-03,5.844415e-03,5.844415e-03,5.844415e-03,5.844415e-03,5.844415e-03,5.844415e-03
2.323177e-02,2.321116e-02,2.318696e-02,2.316135e-02,2.313464e-02,2.310997e-02,2.307959e-02,2.305533e-02,2.303175e-02,2.300350e-02,2.298255e-02,2.295337e-02,2.292943e-02,2.290429e-02,2.287204e-02,2.284745e-02,2.282263e-02,2.279704e-02,2.277736e-02,2.275116e-02,2.273002e-02,2.270785e-02,2.268519e-02,2.266810e-02,2.265329e-02,2.263382e-02,2.262133e-02,2.261335e-02,2.260010e-02,2.258773e-02,2.257784e-02,2.256093e-02,2.255064e-02,2.253521e-02,2.252677e-02,2.251791e-02,2.250154e-02,2.249194e-02,2.248103e-02,2.246325e-02,2.245221e-02,2.244442e-02,2.243183e-02,2.242280e-02,2.241022e-02,2.240481e-02,2.239900e-02,2.238687e-02,2.238463e-02,2.238586e-02,2.238476e-02,2.239324e-02,2.240405e-02,2.241587e-02,2.242847e-02,2.244223e-02,2.246282e-02,2.247991e-02,2.249676e-02,2.252170e-02,2.254083e-02,2.256230e-02,2.258973e-02,2.261049e-02,2.264138e-02,2.266574e-02,2.269568e-02,2.272589e-02,2.274913e-02,2.277546e-02,2.279903e-02,2.281257e-02,2.282728e-02,2.283801e-02,2.283908e-02,2.284399e-02,2.284714e-02,2.285187e-02,2.284948e-02,2.285343e-02,2.286072e-02,2.286863e-02,2.288759e-02,2.291218e-02,2.293937e-02,2.298180e-02,2.303400e-02,2.308716e-02,2.316000e-02,2.323760e-02,2.333432e-02,2.343279e-02,2.354734e-02,2.366729e-02,2.380369e-02,2.394651e-02,2.410904e-02,2.428107e-02,2.446819e-02,2.467817e-02,2.490217e-02,2.514395e-02,2.540863e-02,2.569627e-02,2.601555e-02,2.635724e-02,2.672781e-02,2.715386e-02,2.763662e-02,2.814111e-02,2.869265e-02,2.927345e-02,2.990395e-02,3.064861e-02,3.147070e-02,3.230974e-02,3.323266e-02,3.424738e-02,3.536309e-02,3.658436e-02,3.792427e-02,3.932332e-02,4.084951e-02,4.245166e-02,4.420646e-02,4.603838e-02,4.802712e-02,5.009811e-02,5.235871e-02,5.467222e-02,5.719685e-02,5.975810e-02,6.257108e-02,6.546877e-02,6.863769e-02,7.188957e-02,7.544553e-02,7.900292e-02,8.289774e-02,8.685314e-02,9.113626e-02,9.549655e-02,9.994775e-02,1.048942e-01,1.099788e-01,1.153873e-01,1.208817e-01,1.267798e-01,1.327336e-01,1.388417e-01,1.450905e-01,1.511451e-01,1.569067e-01,1.633007e-01,1.688010e-01,1.729304e-01,1.748730e-01,1.762993e-01,1.769315e-01,1.767730e-01,1.766325e-01,1.766471e-01,1.764403e-01,1.763257e-01,1.761394e-01,1.759030e-01,1.755915e-01,1.750614e-01,1.746197e-01,1.741237e-01,1.735773e-01,1.729918e-01,1.723806e-01,1.717788e-01,1.711788e-01,1.705946e-01,1.700367e-01,1.695238e-01,1.690460e-01,1.686038e-01,1.681887e-01,1.678250e-01,1.674769e-01,1.671654e-01,1.668674e-01,1.666110e-01,1.663944e-01,1.661852e-01,1.660102e-01,1.658675e-01,1.657715e-01,1.656963e-01,1.656545e-01,1.655164e-01,1.655479e-01,1.656107e-01,1.656826e-01,1.657582e-01,1.658408e-01,1.659093e-01,1.658031e-01,1.657933e-01,1.657351e-01,1.656183e-01,1.652855e-01,1.650185e-01,1.646809e-01,1.641153e-01,1.636278e-01,1.630670e-01,1.624771e-01,1.617230e-01,1.610644e-01,1.603659e-01,1.595211e-01,1.588309e-01,1.580245e-01,1.573655e-01,1.567494e-01,1.560868e-01,1.556323e-01,1.551137e-01,1.548076e-01,1.544529e-01,1.542857e-01,1.540770e-01,1.539265e-01,1.539734e-01,1.539289e-01,1.540278e-01,1.539783e-01,1.540127e-01,1.538458e-01,1.535557e-01,1.532545e-01,1.526646e-01,1.520256e-01,1.510496e-01,1.499223e-01,1.487149e-01,1.472667e-01,1.456780e-01,1.440983e-01,1.423211e-01,1.405114e-01,1.386687e-01,1.369623e-01,1.352388e-01,1.336013e-01,1.322450e-01,1.309169e-01,1.297601e-01,1.286756e-01,1.277085e-01,1.266091e-01,1.253854e-01,1.240249e-01,1.224882e-01,1.206881e-01,1.186050e-01,1.163521e-01,1.138122e-01,1.112580e-01,1.085341e-01,1.058089e-01,1.031421e-01,1.004858e-01,9.812640e-02,9.591601e-02,9.406371e-02,9.231916e-02,9.092622e-02,8.977477e-02,8.884915e-02,8.807139e-02,8.763973e-02,8.729104e-02,8.737942e-02,8.769456e-02,8.867757e-02,9.005505e-02,9.258591e-02,9.557420e-02,9.983129e-02,1.046075e-01,1.105500e-01,1.170724e-01,1.242629e-01,1.319689e-01,1.404207e-01,1.491920e-01,1.583071e-01,1.677158e-01,1.775454e-01,1.873222e-01,1.969989e-01,2.066437e-01,2.163337e-01,2.256238e-01,2.345412e-01,2.431744e-01,2.517318e-01,2.595974e-01,2.670348e-01,2.740942e-01,2.807689e-01,2.871002e-01,2.931098e-01,2.988451e-01,3.048490e-01,3.101563e-01,3.152503e-01,3.201825e-01,3.249474e-01,3.295873e-01,3.340667e-01,3.384387e-01,3.426715e-01,3.467832e-01,3.507844e-01,3.553689e-01,3.591455e-01,3.628263e-01,3.661737e-01,3.696295e-01,3.729781e-01,3.762246e-01,3.794286e-01,3.824697e-01,3.854095e-01,3.882491e-01,3.909893e-01,3.936509e-01,3.962330e-01,3.986194e-01,4.010050e-01,4.033203e-01,4.055504e-01,4.076068e-01,4.097009e-01,4.117175e-01,4.134524e-01,4.152371e-01,4.168441e-01,4.185090e-01,4.200031e-01,4.215606e-01,4.229499e-01,4.243992e-01,4.257024e-01,4.270633e-01,4.282259e-01,4.293859e-01,4.306674e-01,4.318365e-01,4.331192e-01,4.343024e-01,4.354785e-01,4.367685e-01,4.379457e-01,4.392446e-01,4.403047e-01,4.414763e-01,4.426440e-01,4.436897e-01,4.448381e-01,4.459877e-01,4.471294e-01,4.481428e-01,4.492571e-01,4.503687e-01,4.514679e-01,4.525459e-01,4.536229e-01,4.546715e-01,4.557034e-01,4.567252e-01,4.577200e-01,4.586945e-01,4.596421e-01,4.605726e-01,4.612381e-01,4.620331e-01,4.628255e-01,4.636212e-01,4.644130e-01,4.652108e-01,4.660179e-01,4.666948e-01,4.675067e-01,4.683155e-01,4.690011e-01,4.698243e-01,4.705152e-01,4.712070e-01,4.719024e-01,4.726009e-01,4.734313e-01,4.741353e-01,4.748359e-01,4.755382e-01,4.762435e-01,4.769508e-01,4.776545e-01,4.782276e-01,4.789422e-01,4.796594e-01,4.803720e-01,4.810954e-01,4.816773e-01,4.824045e-01,4.829907e-01,4.835843e-01,4.843244e-01,4.849221e-01,4.855216e-01,4.861224e-01,4.867245e-01,4.873290e-01,4.879422e-01,4.885504e-01,4.891584e-01,4.897747e-01,4.902390e-01,4.908597e-01,4.914727e-01,4.919278e-01,4.925463e-01,4.931656e-01,4.937737e-01,4.942371e-01,4.947020e-01,4.953103e-01,4.957677e-01,4.962316e-01,4.968510e-01,4.973152e-01,4.977764e-01,4.982466e-01,4.988711e-01,4.993426e-01,4.998164e-01,5.002976e-01,5.007725e-01,5.012566e-01,5.017418e-01,5.022335e-01,5.027216e-01,5.032173e-01,5.037055e-01,5.042047e-01,5.047041e-01,5.050438e-01,5.055452e-01,5.058875e-01,5.063905e-01,5.068935e-01,5.072444e-01,5.077518e-01,5.080956e-01,5.086046e-01,5.089515e-01,5.094541e-01,5.098025e-01,5.101442e-01,5.104902e-01,5.109960e-01,5.113391e-01,5.116758e-01,5.120218e-01,5.125245e-01,5.128657e-01,5.132038e-01,5.135436e-01,5.138735e-01,5.142126e-01,5.145589e-01,5.148979e-01,5.152398e-01,5.155811e-01,5.159336e-01,5.161147e-01,5.164656e-01,5.168283e-01,5.171869e-01,5.173774e-01,5.177388e-01,5.181131e-01,5.184716e-01,5.186710e-01,5.190340e-01,5.194005e-01,5.195997e-01,5.197930e-01,5.201644e-01,5.203571e-01,5.207195e-01,5.209191e-01,5.212861e-01,5.214774e-01,5.216634e-01,5.218553e-01,5.220387e-01,5.222234e-01,5.224170e-01,5.226051e-01,5.227909e-01,5.229733e-01,5.231639e-01,5.233514e-01,5.235391e-01,5.237240e-01,5.239183e-01,5.241096e-01,5.243048e-01,5.245059e-01,5.246959e-01,5.248774e-01,5.250709e-01,5.252721e-01,5.254653e-01,5.256550e-01,5.258350e-01,5.260225e-01,5.262090e-01,5.263931e-01,5.265818e-01,5.267650e-01,5.269477e-01,5.271274e-01,5.272923e-01,5.274557e-01,5.276272e-01,5.277846e-01,5.279544e-01,5.281173e-01,5.282380e-01,5.283830e-01,5.285263e-01,5.286788e-01,5.288232e-01,5.289128e-01,5.290520e-01,5.291894e-01,5.293171e-01,5.294556e-01,5.295708e-01,5.296987e-01,5.298385e-01,5.299242e-01,5.299490e-01,5.300284e-01,5.301367e-01,5.302162e-01,5.302949e-01,5.303745e-01,5.304732e-01,5.305774e-01,5.306953e-01,5.308218e-01,5.309389e-01,5.310316e-01,5.311891e-01,5.313649e-01,5.315301e-01,5.316933e-01,5.318503e-01,5.320202e-01,5.322084e-01,5.323583e-01,5.325383e-01,5.327002e-01,5.328418e-01,5.330136e-01,5.331468e-01,5.333005e-01,5.334608e-01,5.336319e-01,5.337924e-01,5.339745e-01,5.341427e-01,5.343251e-01,5.345011e-01,5.346936e-01,5.348850e-01,5.350831e-01,5.352577e-01,5.354627e-01,5.356765e-01,5.358701e-01,5.360659e-01,5.362781e-01,5.364807e-01,5.366751e-01,5.368627e-01,5.370780e-01,5.372726e-01,5.374533e-01,5.376668e-01,5.378619e-01,5.380483e-01,5.382348e-01,5.384229e-01,5.386031e-01,5.387900e-01,5.389771e-01,5.391710e-01,5.393372e-01,5.395263e-01,5.397295e-01,5.399052e-01,5.401088e-01,5.402847e-01,5.404820e-01,5.406605e-01,5.408738e-01,5.410527e-01,5.412268e-01,5.414060e-01,5.415986e-01,5.417848e-01,5.419711e-01,5.421484e-01,5.423350e-01,5.425125e-01,5.426835e-01,5.428546e-01,5.430019e-01,5.431707e-01,5.433366e-01,5.434989e-01,5.436287e-01,5.437587e-01,5.439078e-01,5.440513e-01,5.441949e-01,5.443386e-01,5.444756e-01,5.446194e-01,5.447565e-01,5.448937e-01,5.450118e-01,5.451584e-01,5.452890e-01,5.454098e-01,5.455432e-01,5.456641e-01,5.457918e-01,5.459321e-01,5.460673e-01,5.461979e-01,5.463218e-01,5.464600e-01,5.465821e-01,5.467186e-01,5.468396e-01,5.469675e-01,5.470962e-01,5.472155e-01,5.473405e-01,5.474676e-01,5.475882e-01,5.477096e-01,5.478215e-01,5.479323e-01,5.480405e-01,5.481419e-01,5.482464e-01,5.483508e-01,5.484397e-01,5.485258e-01,5.486081e-01,5.486789e-01,5.487593e-01,5.488281e-01,5.488900e-01,5.489412e-01,5.489993e-01,5.490604e-01,5.491118e-01,5.491709e-01,5.492190e-01,5.492605e-01,5.493020e-01,5.493397e-01,5.493842e-01,5.494199e-01,5.494651e-01,5.494971e-01,5.495275e-01,5.495493e-01,5.495694e-01,5.495993e-01,5.496296e-01,5.496515e-01,5.496647e-01,5.496693e-01,5.496722e-01,5.496709e-01,5.496839e-01,5.496952e-01,5.497056e-01,5.497022e-01,5.496988e-01,5.497138e-01,5.497242e-01,5.497278e-01,5.497244e-01,5.497142e-01,5.497223e-01,5.497328e-01,5.497363e-01,5.497262e-01,5.497131e-01,5.497304e-01,5.497661e-01,5.497834e-01,5.497733e-01,5.497632e-01,5.497698e-01,5.497665e-01,5.497709e-01,5.497569e-01,5.497429e-01,5.497427e-01,5.497494e-01,5.497287e-01,5.496781e-01,5.496162e-01,5.495749e-01,5.495336e-01,5.494649e-01,5.493247e-01,5.491739e-01,5.490339e-01,5.489077e-01,5.487931e-01,5.486671e-01,5.484972e-01,5.482691e-01,5.479564e-01,5.476511e-01,5.474346e-01,5.472454e-01,5.470022e-01,5.466692e-01,5.463186e-01,5.460765e-01,5.459089e-01,5.457617e-01,5.455876e-01,5.453801e-01,5.451929e-01,5.450205e-01,5.448338e-01,5.447239e-01,5.446811e-01,5.446383e-01,5.446053e-01,5.445723e-01,5.445393e-01,5.445160e-01,5.444928e-01,5.445365e-01,5.445133e-01,5.445620e-01,5.446156e-01,5.446594e-01,5.446363e-01,5.446802e-01,5.447144e-01,5.447486e-01,5.447158e-01,5.446733e-01,5.446978e-01,5.447222e-01,5.447369e-01,5.447614e-01,5.447859e-01,5.447336e-01,5.447581e-01,5.447826e-01,5.448120e-01,5.447696e-01,5.447941e-01,5.447517e-01,5.447762e-01,5.448106e-01,5.448253e-01,5.447829e-01,5.448075e-01,5.448222e-01,5.448468e-01,5.447946e-01,5.448094e-01,5.448241e-01,5.448388e-01,5.448438e-01,5.448585e-01,5.448732e-01,5.449549e-01,5.449696e-01,5.449844e-01,5.449991e-01,5.450139e-01,5.450286e-01,5.445481e-01,5.446297e-01,5.446444e-01,5.446592e-01,5.446739e-01,5.442610e-01,5.442659e-01,5.443474e-01,5.443621e-01,5.438834e-01,5.438884e-01,5.439795e-01,5.435681e-01,5.435878e-01,5.431872e-01,5.432117e-01,5.432363e-01,5.427800e-01,5.428143e-01,5.424250e-01,5.424594e-01,5.420049e-01,5.420490e-01,5.416612e-01,5.412182e-01,5.413280e-01,5.408761e-01,5.409201e-01,5.405397e-01,5.405740e-01,5.401891e-01,5.397398e-01,5.397741e-01,5.393160e-01,5.393406e-01,5.389485e-01,5.384827e-01,5.385624e-01,5.380975e-01,5.376982e-01,5.377035e-01,5.372405e-01,5.368429e-01,5.368578e-01,5.363968e-01,5.360063e-01,5.360307e-01,5.356450e-01,5.351963e-01,5.352207e-01,5.347730e-01,5.347973e-01,5.343505e-01,5.339141e-01,5.340019e-01,5.335569e-01,5.331222e-01,5.332098e-01,5.327665e-01,5.327908e-01,5.323485e-01,5.319071e-01,5.319314e-01,5.314873e-01,5.315116e-01,5.310628e-01,5.310245e-01,5.305768e-01,5.305294e-01,5.300828e-01,5.300356e-01,5.295808e-01,5.295958e-01,5.290893e-01,5.291043e-01,5.290573e-01,5.285523e-01,5.285112e-01,5.284645e-01,5.280226e-01,5.279760e-01,5.279293e-01,5.274887e-01,5.274422e-01,5.273958e-01,5.273493e-01,5.268488e-01,5.268025e-01,5.267562e-01,5.267100e-01,5.266026e-01,5.265564e-01,5.264492e-01,5.264030e-01,5.268098e-01,5.257981e-01,5.262037e-01,5.265490e-01,5.268947e-01,5.271796e-01,5.270721e-01,5.273572e-01,5.272496e-01,5.271420e-01,5.274885e-01,5.273196e-01,5.272120e-01,5.270433e-01,5.273282e-01,5.271594e-01,5.269908e-01,5.268223e-01,5.266540e-01,5.264916e-01,5.258115e-01,5.260339e-01,5.253554e-01,5.251883e-01,5.250215e-01,5.252431e-01,5.254649e-01,5.247279e-01,5.244406e-01,5.241537e-01,5.243744e-01,5.241480e-01,5.235361e-01,5.232415e-01,5.224527e-01,5.216669e-01,5.217659e-01,5.206023e-01,5.199417e-01,5.192833e-01,5.191304e-01,5.184834e-01,5.178384e-01,5.175697e-01,5.168112e-01,5.159973e-01,5.147590e-01,5.139532e-01,5.124183e-01,5.114280e-01,5.099115e-01,5.092929e-01,5.081973e-01,5.071632e-01,5.060789e-01,5.054636e-01,5.043882e-01,5.037781e-01,5.034650e-01,5.048215e-01,5.066054e-01,5.075775e-01,5.064833e-01,5.056932e-01,5.053772e-01,5.050535e-01,5.042690e-01,5.042981e-01,5.042094e-01,5.029699e-01,5.012753e-01,4.990981e-01,4.968315e-01,4.946867e-01,4.926891e-01,4.905573e-01,4.889255e-01,4.878026e-01,4.877053e-01,4.880968e-01,4.895473e-01,4.893095e-01,4.882694e-01,4.859680e-01,4.836230e-01,4.802538e-01,4.762399e-01,4.732613e-01,4.699501e-01,4.673832e-01,4.643225e-01,4.619717e-01,4.593187e-01,4.565965e-01,4.532836e-01,4.518006e-01,4.492907e-01,4.459967e-01,4.431607e-01,4.397818e-01,4.374273e-01,4.341505e-01,4.306558e-01,4.277707e-01,4.252948e-01,4.226743e-01,4.194810e-01,4.163436e-01,4.138550e-01,4.103302e-01,4.071956e-01,4.041162e-01,4.013304e-01,3.989026e-01,3.965127e-01,3.934864e-01,3.907265e-01,3.880148e-01,3.854211e-01,3.832909e-01,3.807771e-01,3.780869e-01,3.756459e-01,3.735105e-01,3.711443e-01,3.688041e-01,3.667559e-01,3.647335e-01,3.631847e-01,3.613954e-01,3.596226e-01,3.583046e-01,3.567493e-01,3.554472e-01,3.545109e-01,3.532350e-01,3.521367e-01,3.512200e-01,3.501436e-01,3.490668e-01,3.481649e-01,3.474976e-01,3.466127e-01,3.462889e-01,3.459659e-01,3.456513e-01,3.451036e-01,3.446161e-01,3.444709e-01,3.441517e-01,3.443900e-01,3.440787e-01,3.439292e-01,3.434563e-01,3.435307e-01,3.430591e-01,3.432986e-01,3.433729e-01,3.437864e-01,3.436401e-01,3.435568e-01,3.438550e-01,3.441063e-01,3.443473e-01,3.446548e-01,3.449550e-01,3.454310e-01,3.459594e-01,3.464384e-01,3.470772e-01,3.474492e-01,3.477517e-01,3.482957e-01,3.488306e-01,3.491435e-01,3.499137e-01,3.504015e-01,3.509435e-01,3.514921e-01,3.521514e-01,3.529441e-01,3.530891e-01,3.532878e-01,3.536709e-01,3.542241e-01,3.545473e-01,3.549255e-01,3.553125e-01,3.558165e-01,3.566193e-01,3.569472e-01,3.575116e-01,3.582672e-01,3.584834e-01,3.591718e-01,3.595687e-01,3.606940e-01,3.612793e-01,3.618018e-01,3.623798e-01,3.631580e-01,3.634954e-01,3.644594e-01,3.653671e-01,3.665374e-01,3.670650e-01,3.677946e-01,3.687769e-01,3.693196e-01,3.698641e-01,3.710583e-01,3.716084e-01,3.723579e-01,3.731027e-01,3.736594e-01,3.744800e-01,3.751719e-01,3.762100e-01,3.771754e-01,3.774700e-01,3.780330e-01,3.792947e-01,3.800023e-01,3.807814e-01,3.815681e-01,3.823544e-01,3.831523e-01,3.836682e-01,3.844641e-01,3.850625e-01,3.853665e-01,3.861823e-01,3.867154e-01,3.871018e-01,3.879298e-01,3.882472e-01,3.892990e-01,3.896226e-01,3.897963e-01,3.901207e-01,3.909631e-01,3.912774e-01,3.916003e-01,3.922232e-01,3.927580e-01,3.930792e-01,3.934790e-01,3.940133e-01,3.943366e-01,3.946560e-01,3.954989e-01,3.958203e-01,3.961423e-01,3.966845e-01,3.970079e-01,3.973319e-01,3.981070e-01,3.986319e-01,3.986350e-01,3.989227e-01,3.989880e-01,3.988459e-01,3.991151e-01,3.992115e-01,3.994422e-01,3.995745e-01,3.998134e-01,4.003082e-01,4.003202e-01,4.005914e-01,4.008597e-01,4.011363e-01,4.013817e-01,4.018853e-01,4.021680e-01,4.021482e-01,4.026857e-01,4.024307e-01,4.029054e-01,4.031530e-01,4.033644e-01,4.040417e-01,4.040809e-01,4.047959e-01,4.047584e-01,4.054439e-01,4.058844e-01,4.060891e-01,4.062340e-01,4.066716e-01,4.068494e-01,4.075673e-01,4.080157e-01,4.089159e-01,4.096496e-01,4.103199e-01,4.104601e-01,4.113466e-01,4.117346e-01,4.123789e-01,4.128152e-01,4.132448e-01,4.138605e-01,4.147683e-01,4.151685e-01,4.156111e-01,4.160206e-01,4.166481e-01,4.172113e-01,4.176511e-01,4.177403e-01,4.183758e-01,4.187490e-01,4.194226e-01,4.198053e-01,4.204402e-01,4.207899e-01,4.211752e-01,4.215187e-01,4.219407e-01,4.222502e-01,4.224118e-01,4.230628e-01,4.234451e-01,4.238712e-01,4.242195e-01,4.240825e-01,4.244742e-01,4.247877e-01,4.249154e-01,4.252296e-01,4.253575e-01,4.253703e-01,4.257700e-01,4.263599e-01,4.267487e-01,4.268051e-01,4.271585e-01,4.274835e-01,4.278381e-01,4.273512e-01,4.279691e-01,4.282898e-01,4.284064e-01,4.282239e-01,4.283405e-01,4.283914e-01,4.280050e-01,4.277503e-01,4.281359e-01,4.276484e-01,4.269361e-01,4.267119e-01,4.265369e-01,4.254843e-01,4.250454e-01,4.247578e-01,4.243262e-01,4.230243e-01,4.222952e-01,4.217867e-01,4.208386e-01,4.202994e-01,4.193246e-01,4.185634e-01,4.176323e-01,4.163779e-01,4.154582e-01,4.142189e-01,4.132819e-01,4.132944e-01,4.158524e-01,4.146107e-01,4.139207e-01,4.129502e-01,4.119870e-01,4.107770e-01,4.100691e-01,4.091143e-01,4.079634e-01,4.067805e-01,4.058505e-01,4.044088e-01,4.032811e-01,4.023648e-01,4.009825e-01,3.998481e-01,3.985164e-01,3.973250e-01,3.960499e-01,3.949055e-01,3.940280e-01,3.931479e-01,3.920819e-01,3.907524e-01,3.898889e-01,3.889714e-01,3.879093e-01,3.868467e-01,3.857335e-01,3.846631e-01,3.838018e-01,3.828886e-01,3.818640e-01,3.814016e-01,3.805568e-01,3.799003e-01,3.790630e-01,3.780001e-01,3.775826e-01,3.771048e-01,3.762544e-01,3.754084e-01,3.747947e-01,3.739561e-01,3.735419e-01,3.729058e-01,3.725011e-01,3.720115e-01,3.714075e-01,3.709251e-01,3.705032e-01,3.700755e-01,3.698154e-01,3.695558e-01,3.693225e-01,3.690446e-01,3.690334e-01,3.693242e-01,3.694454e-01,3.693783e-01,3.699103e-01,3.703987e-01,3.707401e-01,3.711716e-01,3.716829e-01,3.724176e-01,3.730494e-01,3.735398e-01,3.736638e-01,3.741294e-01,3.746002e-01,3.749033e-01,3.750323e-01,3.752797e-01,3.751606e-01,3.750642e-01,3.755106e-01,3.753603e-01,3.752639e-01,3.753394e-01,3.751893e-01,3.750084e-01,3.750530e-01,3.749794e-01,3.751957e-01,3.752134e-01,3.752311e-01,3.752757e-01,3.755420e-01,3.757320e-01,3.761758e-01,3.764435e-01,3.769162e-01,3.769611e-01,3.774081e-01,3.778834e-01,3.785626e-01,3.790411e-01,3.797015e-01,3.803878e-01,3.813425e-01,3.823262e-01,3.827915e-01,3.833423e-01,3.840759e-01,3.846025e-01,3.856137e-01,3.863854e-01,3.867352e-01,3.872987e-01,3.874588e-01,3.880246e-01,3.879492e-01,3.879027e-01,3.876137e-01,3.873540e-01,3.874921e-01,3.880868e-01,3.884688e-01,3.886300e-01,3.890713e-01,3.888674e-01,3.892802e-01,3.896648e-01,3.898967e-01,3.899013e-01,3.903458e-01,3.910336e-01,3.912628e-01,3.913035e-01,3.919930e-01,3.920292e-01,3.923142e-01,3.925450e-01,3.930210e-01,3.932413e-01,3.934639e-01,3.932500e-01,3.934474e-01,3.936404e-01,3.940249e-01,3.939903e-01,3.942137e-01,3.946294e-01,3.951062e-01,3.950480e-01,3.954589e-01,3.958473e-01,3.960427e-01,3.967174e-01,3.966889e-01,3.968852e-01,3.971168e-01,3.970864e-01,3.977345e-01,3.979367e-01,3.981134e-01,3.978021e-01,3.982051e-01,3.987682e-01,3.987183e-01,3.989439e-01,3.992927e-01,3.996115e-01,3.998933e-01,4.006409e-01,4.013916e-01,4.016255e-01,4.023112e-01,4.032075e-01,4.029414e-01,4.031094e-01,4.029702e-01,4.031825e-01,4.035789e-01,4.037359e-01,4.036658e-01,4.032758e-01,4.026544e-01,4.025732e-01,4.024124e-01,4.017083e-01,4.010809e-01,4.009166e-01,4.004426e-01,3.997349e-01,3.990365e-01,3.981096e-01,3.974064e-01,3.958839e-01,3.949736e-01,3.926542e-01,3.907271e-01,3.891867e-01,3.879433e-01,3.859202e-01,3.850418e-01,3.834015e-01,3.832245e-01,3.808932e-01,3.787412e-01,3.766205e-01,3.739840e-01,3.714581e-01,3.680131e-01,3.643278e-01,3.587020e-01,3.540991e-01,3.497272e-01,3.454660e-01,3.405570e-01,3.359602e-01,3.289624e-01,3.238084e-01,3.185524e-01,3.132921e-01,3.071744e-01,3.001413e-01,2.940775e-01,2.885636e-01,2.832274e-01,2.776049e-01,2.708664e-01,2.658272e-01,2.611331e-01,2.567220e-01,2.527220e-01,2.469828e-01,2.433059e-01,2.397666e-01,2.358240e-01,2.319613e-01,2.281513e-01,2.253784e-01,2.226742e-01,2.200327e-01,2.173858e-01,2.148653e-01,2.131040e-01,2.107375e-01,2.091599e-01,2.068199e-01,2.054713e-01,2.040819e-01,2.028214e-01,2.016332e-01,2.005126e-01,1.994026e-01,1.990818e-01,1.978284e-01,1.974583e-01,1.964346e-01,1.959661e-01,1.957066e-01,1.955017e-01,1.944960e-01,1.942925e-01,1.940361e-01,1.938846e-01,1.945265e-01,1.944751e-01,1.943732e-01,1.941678e-01,1.947600e-01,1.947590e-01,1.955104e-01,1.955114e-01,1.961106e-01,1.968205e-01,1.968752e-01,1.975904e-01,1.983117e-01,1.990381e-01,1.998779e-01,1.998823e-01,2.006765e-01,2.016397e-01,2.023919e-01,2.032590e-01,2.039664e-01,2.048478e-01,2.057364e-01,2.065748e-01,2.074199e-01,2.082702e-01,2.091288e-01,2.099930e-01,2.108639e-01,2.117433e-01,2.125078e-01,2.133375e-01,2.148891e-01,2.149568e-01,2.166562e-01,2.175833e-01,2.177805e-01,2.191983e-01,2.199491e-01,2.210156e-01,2.219331e-01,2.231325e-01,2.238627e-01,2.245759e-01,2.259168e-01,2.266927e-01,2.277979e-01,2.286308e-01,2.299474e-01,2.306278e-01,2.317241e-01,2.327313e-01,2.335732e-01,2.346985e-01,2.355051e-01,2.366979e-01,2.373412e-01,2.383234e-01,2.389714e-01,2.399400e-01,2.407045e-01,2.413447e-01,2.419333e-01,2.428424e-01,2.434383e-01,2.441732e-01,2.446132e-01,2.455171e-01,2.460977e-01,2.468476e-01,2.472168e-01,2.475311e-01,2.482926e-01,2.490588e-01,2.494071e-01,2.498959e-01,2.502466e-01,2.506572e-01,2.508113e-01,2.513935e-01,2.513785e-01,2.516750e-01,2.517434e-01,2.522428e-01,2.522260e-01,2.522690e-01,2.519959e-01,2.523808e-01,2.519905e-01,2.510949e-01,2.508243e-01,2.506682e-01,2.506262e-01,2.494041e-01,2.492498e-01,2.488707e-01,2.479998e-01,2.466927e-01,2.465416e-01,2.455774e-01,2.452092e-01,2.441471e-01,2.429869e-01,2.428403e-01,2.415863e-01,2.406601e-01,2.396365e-01,2.385182e-01,2.375125e-01,2.363121e-01,2.360719e-01,2.351867e-01,2.340078e-01,2.330390e-01,2.318825e-01,2.308340e-01,2.298907e-01,2.287644e-01,2.278375e-01,2.274254e-01,2.264171e-01,2.254174e-01,2.243365e-01,2.233558e-01,2.231417e-01,2.219902e-01,2.217799e-01,2.206419e-01,2.204314e-01,2.201343e-01,2.196606e-01,2.193642e-01,2.190672e-01,2.186837e-01,2.189473e-01,2.186513e-01,2.182692e-01,2.178870e-01,2.182353e-01,2.177680e-01,2.180305e-01,2.177382e-01,2.179167e-01,2.175382e-01,2.178894e-01,2.174260e-01,2.176890e-01,2.173139e-01,2.174903e-01,2.177549e-01,2.173781e-01,2.169167e-01,2.171773e-01,2.168011e-01,2.169768e-01,2.165156e-01,2.167753e-01,2.164003e-01,2.165727e-01,2.161132e-01,2.163732e-01,2.159143e-01,2.160873e-01,2.157145e-01,2.158872e-01,2.154315e-01,2.156049e-01,2.152337e-01,2.154056e-01,2.149493e-01,2.151207e-01,2.147509e-01,2.148376e-01,2.150921e-01,2.146369e-01,2.148066e-01,2.148921e-01,2.150633e-01,2.146069e-01,2.147765e-01,2.149464e-01,2.144076e-01,2.145780e-01,2.147475e-01,2.148330e-01,2.143786e-01,2.144637e-01,2.146331e-01,2.147195e-01,2.148893e-01,2.150594e-01,2.152297e-01,2.146892e-01,2.148590e-01,2.149468e-01,2.151170e-01,2.152026e-01,2.152884e-01,2.148329e-01,2.149171e-01,2.150026e-01,2.151728e-01,2.152573e-01,2.153427e-01,2.148001e-01,2.149701e-01,2.150530e-01,2.151383e-01,2.145966e-01,2.146805e-01,2.147632e-01,2.142228e-01,2.143065e-01,2.143889e-01,2.144713e-01,2.145539e-01,2.146364e-01,2.140965e-01,2.140934e-01,2.141757e-01,2.142579e-01,2.143403e-01,2.144235e-01,2.145047e-01,2.145872e-01,2.145841e-01,2.146654e-01,2.147467e-01,2.148276e-01,2.148232e-01,2.149034e-01,2.149822e-01,2.149773e-01,2.150549e-01,2.151326e-01,2.151255e-01,2.158335e-01,2.158258e-01,2.159041e-01,2.158956e-01,2.166086e-01,2.166022e-01,2.166810e-01,2.173125e-01,2.173918e-01,2.173859e-01,2.181093e-01,2.181021e-01,2.187418e-01,2.188221e-01,2.195535e-01,2.202002e-01,2.202802e-01,2.209311e-01,2.209223e-01,2.216653e-01,2.216574e-01,2.224067e-01,2.230699e-01,2.230610e-01,2.238210e-01,2.238134e-01,2.244886e-01,2.251655e-01,2.251607e-01,2.258444e-01,2.265322e-01,2.265283e-01,2.272231e-01,2.272197e-01,2.280135e-01,2.280125e-01,2.287177e-01,2.294272e-01,2.294282e-01,2.301435e-01,2.301455e-01,2.308667e-01,2.308692e-01,2.315949e-01,2.315984e-01,2.323286e-01,2.323327e-01,2.330690e-01,2.330742e-01,2.330782e-01,2.338192e-01,2.337236e-01,2.337288e-01,2.337344e-01,2.344796e-01,2.344838e-01,2.344890e-01,2.344946e-01,2.344988e-01,2.337616e-01,2.336669e-01,2.336710e-01,2.329388e-01,2.322094e-01,2.313881e-01,2.313929e-01,2.306727e-01,2.292430e-01,2.284417e-01,2.277391e-01,2.263447e-01,2.255612e-01,2.241901e-01,2.235122e-01,2.220743e-01,2.207434e-01,2.193396e-01,2.180396e-01,2.160309e-01,2.147679e-01,2.128145e-01,2.115867e-01,2.102907e-01,2.084960e-01,2.072352e-01,2.054111e-01,2.042634e-01,2.024878e-01,2.012954e-01,1.996414e-01,1.984799e-01,1.967966e-01,1.957362e-01,1.940956e-01,1.930624e-01,1.919706e-01,1.903866e-01,1.893213e-01,1.882669e-01,1.872232e-01,1.862540e-01,1.852294e-01,1.842162e-01,1.827471e-01,1.817583e-01,1.812979e-01,1.803233e-01,1.798084e-01,1.787879e-01,1.782805e-01,1.773349e-01,1.768943e-01,1.763968e-01,1.759008e-01,1.754082e-01,1.744888e-01,1.740032e-01,1.735192e-01,1.726173e-01,1.717238e-01,1.711951e-01,1.707230e-01,1.697910e-01,1.689233e-01,1.684639e-01,1.680067e-01,1.671017e-01,1.666510e-01,1.662024e-01,1.657559e-01,1.652592e-01,1.644319e-01,1.639421e-01,1.635062e-01,1.630723e-01,1.626404e-01,1.621599e-01,1.617299e-01,1.612548e-01,1.612016e-01,1.607284e-01,1.606754e-01,1.605726e-01,1.608881e-01,1.607851e-01,1.607320e-01,1.609981e-01,1.613151e-01,1.611606e-01,1.618515e-01,1.617465e-01,1.620157e-01,1.619611e-01,1.626075e-01,1.625516e-01,1.624473e-01,1.626676e-01,1.626117e-01,1.628827e-01,1.627757e-01,1.626687e-01,1.629911e-01,1.624574e-01,1.623498e-01,1.622940e-01,1.621875e-01,1.617080e-01,1.616021e-01,1.611742e-01,1.609703e-01,1.605453e-01,1.604406e-01,1.603370e-01,1.598678e-01,1.596660e-01,1.596124e-01,1.591478e-01,1.590463e-01,1.589449e-01,1.588436e-01,1.586961e-01,1.589573e-01,1.588568e-01,1.591184e-01,1.590177e-01,1.591824e-01,1.594978e-01,1.597120e-01,1.596106e-01,1.595094e-01,1.597739e-01,1.599410e-01,1.602068e-01,1.608436e-01,1.607410e-01,1.610093e-01,1.611277e-01,1.613981e-01,1.616684e-01,1.619396e-01,1.621100e-01,1.620060e-01,1.619020e-01,1.617467e-01,1.620182e-01,1.621905e-01,1.620863e-01,1.619306e-01,1.622018e-01,1.623209e-01,1.626436e-01,1.624869e-01,1.623331e-01,1.626056e-01,1.627253e-01,1.626195e-01,1.624628e-01,1.627384e-01,1.624802e-01,1.623746e-01,1.625962e-01,1.624905e-01,1.622347e-01,1.621285e-01,1.619725e-01,1.618692e-01,1.616124e-01,1.610821e-01,1.609296e-01,1.611962e-01,1.609421e-01,1.608364e-01,1.606825e-01,1.605762e-01,1.603221e-01,4.667530e-03,4.667530e-03,4.667530e-03,4.667530e-03,4.667530e-03,4.667530e-03,4.667530e-03,4.667530e-03,4.667530e-03,4.667530e-03,4.667530e-03,4.667530e-03,4.667530e-03,4.667530e-03,4.667530e-03,4.667530e-03,4.667530e-03,4.667530e-03,4.667530e-03,4.667530e-03,4.667530e-03,4.667530e-03,4.667530e-03,4.667530e-03,4.667530e-03,4.667530e-03,4.667530e-03,4.667530e-03,4.667530e-03,4.667530e-03,4.667530e-03,4.667530e-03,4.667530e-03,4.667530e-03,4.667530e-03,4.667530e-03,4.667530e-03,4.667530e-03,4.667530e-03,4.667530e-03,4.667530e-03,4.667530e-03,4.667530e-03,4.667530e-03,4.667530e-03,4.667530e-03,4.667530e-03,4.667530e-03,4.667530e-03,4.667530e-03,4.667530e-03,4.667530e-03,4.667530e-03,4.667530e-03,4.667530e-03,4.667530e-03,4.667530e-03,4.667530e-03,4.667530e-03,4.667530e-03,4.667530e-03,4.667530e-03,4.667530e-03,4.667530e-03,4.667530e-03,4.667530e-03,4.667530e-03,4.667530e-03,4.667530e-03,4.667530e-03,4.667530e-03,4.667530e-03,4.667530e-03,4.667530e-03,4.667530e-03,4.667530e-03,4.667530e-03,4.667530e-03,4.667530e-03,4.667530e-03,4.667530e-03,4.667530e-03,4.667530e-03,4.667530e-03,4.667530e-03,4.667530e-03,4.667530e-03,4.667530e-03,4.667530e-03,4.667530e-03,4.667530e-03,4.667530e-03,4.667530e-03,4.667530e-03,4.667530e-03,4.667530e-03,4.667530e-03,4.667530e-03,4.667530e-03,4.667530e-03,4.667530e-03,4.667530e-03,4.667530e-03,4.667530e-03,4.667530e-03,4.667530e-03,4.667530e-03,4.667530e-03,4.667530e-03,4.667530e-03,4.667530e-03,4.667530e-03,4.667530e-03,4.667530e-03,4.667530e-03,4.667530e-03,4.667530e-03,4.667530e-03,4.667530e-03,4.667530e-03,4.667530e-03,4.667530e-03,4.667530e-03,4.667530e-03,4.667530e-03,4.667530e-03,4.667530e-03,4.667530e-03,4.667530e-03,4.667530e-03,4.667530e-03,4.667530e-03,4.667530e-03,4.667530e-03,4.667530e-03,4.667530e-03,4.667530e-03,4.667530e-03,4.667530e-03,4.667530e-03,4.667530e-03,4.667530e-03,4.667530e-03,4.667530e-03,4.667530e-03,4.667530e-03,4.667530e-03,4.667530e-03,4.667530e-03,4.667530e-03,4.667530e-03,4.667530e-03,4.667530e-03,4.667530e-03,4.667530e-03,4.667530e-03,4.667530e-03,4.667530e-03,4.667530e-03,4.667530e-03,4.667530e-03
2.747832e-02,2.744854e-02,2.741131e-02,2.737409e-02,2.733689e-02,2.729970e-02,2.725509e-02,2.721792e-02,2.718077e-02,2.713619e-02,2.709905e-02,2.705449e-02,2.701738e-02,2.698028e-02,2.693577e-02,2.689868e-02,2.686161e-02,2.682454e-02,2.679490e-02,2.675785e-02,2.672822e-02,2.669859e-02,2.666898e-02,2.664677e-02,2.662458e-02,2.659498e-02,2.657279e-02,2.655801e-02,2.653582e-02,2.651365e-02,2.649889e-02,2.647672e-02,2.646196e-02,2.643981e-02,2.642506e-02,2.641031e-02,2.638817e-02,2.637342e-02,2.635869e-02,2.633655e-02,2.632181e-02,2.630708e-02,2.628495e-02,2.627021e-02,2.624809e-02,2.623336e-02,2.621863e-02,2.619650e-02,2.618178e-02,2.616706e-02,2.614496e-02,2.613027e-02,2.611557e-02,2.610089e-02,2.608622e-02,2.607156e-02,2.606430e-02,2.604966e-02,2.603503e-02,2.602778e-02,2.601316e-02,2.599854e-02,2.599128e-02,2.597665e-02,2.596940e-02,2.595479e-02,2.594755e-02,2.594030e-02,2.592567e-02,2.591842e-02,2.591118e-02,2.589653e-02,2.588925e-02,2.588199e-02,2.586734e-02,2.586007e-02,2.585281e-02,2.584558e-02,2.583099e-02,2.582378e-02,2.581658e-02,2.580208e-02,2.579500e-02,2.578796e-02,2.577363e-02,2.576676e-02,2.575998e-02,2.574596e-02,2.573947e-02,2.572583e-02,2.571974e-02,2.570654e-02,2.570105e-02,2.568863e-02,2.568402e-02,2.567267e-02,2.566944e-02,2.565983e-02,2.565136e-02,2.565161e-02,2.564638e-02,2.564312e-02,2.564241e-02,2.564488e-02,2.565845e-02,2.566920e-02,2.568550e-02,2.570899e-02,2.573392e-02,2.577426e-02,2.582609e-02,2.589019e-02,2.596886e-02,2.606062e-02,2.617967e-02,2.630798e-02,2.646434e-02,2.663574e-02,2.683495e-02,2.704752e-02,2.727787e-02,2.752259e-02,2.777073e-02,2.801564e-02,2.826284e-02,2.848502e-02,2.868459e-02,2.885931e-02,2.900999e-02,2.912232e-02,2.921104e-02,2.926665e-02,2.930944e-02,2.930256e-02,2.928678e-02,2.924324e-02,2.918893e-02,2.910272e-02,2.902264e-02,2.892769e-02,2.883407e-02,2.872806e-02,2.861203e-02,2.852379e-02,2.842425e-02,2.834851e-02,2.826307e-02,2.820138e-02,2.812804e-02,2.806628e-02,2.800622e-02,2.793776e-02,2.787455e-02,2.780870e-02,2.773460e-02,2.764789e-02,2.754553e-02,2.745499e-02,2.734858e-02,2.724107e-02,2.713891e-02,2.704084e-02,2.692980e-02,2.681672e-02,2.669693e-02,2.656987e-02,2.644538e-02,2.630435e-02,2.616587e-02,2.602549e-02,2.588661e-02,2.575039e-02,2.561862e-02,2.549309e-02,2.538159e-02,2.526967e-02,2.516496e-02,2.506680e-02,2.498266e-02,2.489645e-02,2.481517e-02,2.473779e-02,2.467147e-02,2.460203e-02,2.454283e-02,2.447932e-02,2.441951e-02,2.436935e-02,2.432205e-02,2.426967e-02,2.422763e-02,2.418746e-02,2.414934e-02,2.410456e-02,2.407016e-02,2.403725e-02,2.400507e-02,2.398016e-02,2.394852e-02,2.391662e-02,2.388273e-02,2.384868e-02,2.382076e-02,2.378444e-02,2.374517e-02,2.371269e-02,2.367148e-02,2.363499e-02,2.359141e-02,2.355424e-02,2.351015e-02,2.347309e-02,2.342976e-02,2.339386e-02,2.335820e-02,2.331754e-02,2.328486e-02,2.325400e-02,2.322473e-02,2.319706e-02,2.317172e-02,2.314003e-02,2.311767e-02,2.309623e-02,2.308352e-02,2.306441e-02,2.304618e-02,2.302938e-02,2.301989e-02,2.300384e-02,2.298714e-02,2.297760e-02,2.296681e-02,2.294739e-02,2.293415e-02,2.291893e-02,2.290255e-02,2.287690e-02,2.285773e-02,2.283790e-02,2.282503e-02,2.280497e-02,2.278558e-02,2.276666e-02,2.274874e-02,2.273176e-02,2.272330e-02,2.270873e-02,2.269520e-02,2.269018e-02,2.267868e-02,2.267521e-02,2.266496e-02,2.266226e-02,2.265239e-02,2.264966e-02,2.263968e-02,2.263675e-02,2.262661e-02,2.262363e-02,2.261365e-02,2.261101e-02,2.260154e-02,2.259959e-02,2.259800e-02,2.258951e-02,2.258849e-02,2.258056e-02,2.258001e-02,2.257242e-02,2.257212e-02,2.256473e-02,2.256459e-02,2.255730e-02,2.255725e-02,2.255004e-02,2.255004e-02,2.254289e-02,2.253576e-02,2.253591e-02,2.252892e-02,2.252934e-02,2.252274e-02,2.251665e-02,2.251840e-02,2.251438e-02,2.251241e-02,2.252135e-02,2.252900e-02,2.254703e-02,2.258112e-02,2.264756e-02,2.274504e-02,2.290009e-02,2.313999e-02,2.347168e-02,2.393367e-02,2.455266e-02,2.535131e-02,2.634607e-02,2.754764e-02,2.897231e-02,3.059789e-02,3.241931e-02,3.443669e-02,3.662282e-02,3.899103e-02,4.152144e-02,4.421698e-02,4.714554e-02,5.018983e-02,5.339041e-02,5.675952e-02,6.030742e-02,6.403807e-02,6.793670e-02,7.201947e-02,7.627814e-02,8.069340e-02,8.528814e-02,9.028567e-02,9.521727e-02,1.003049e-01,1.054381e-01,1.107808e-01,1.162374e-01,1.218020e-01,1.274729e-01,1.331941e-01,1.389664e-01,1.447696e-01,1.505709e-01,1.564262e-01,1.622922e-01,1.680170e-01,1.737212e-01,1.793980e-01,1.849670e-01,1.903685e-01,1.957729e-01,2.010172e-01,2.058730e-01,2.107251e-01,2.152646e-01,2.197781e-01,2.239673e-01,2.281197e-01,2.319207e-01,2.356539e-01,2.390991e-01,2.424511e-01,2.455996e-01,2.488121e-01,2.522438e-01,2.555854e-01,2.591460e-01,2.626089e-01,2.661169e-01,2.698469e-01,2.734471e-01,2.772727e-01,2.807569e-01,2.844475e-01,2.881534e-01,2.916640e-01,2.953652e-01,2.990594e-01,3.027313e-01,3.061487e-01,3.097306e-01,3.132609e-01,3.167163e-01,3.200791e-01,3.233476e-01,3.264915e-01,3.295002e-01,3.323623e-01,3.350494e-01,3.375492e-01,3.398432e-01,3.419183e-01,3.433274e-01,3.450299e-01,3.467461e-01,3.484800e-01,3.502289e-01,3.520035e-01,3.538007e-01,3.553069e-01,3.571308e-01,3.589741e-01,3.605296e-01,3.624187e-01,3.640054e-01,3.656022e-01,3.672153e-01,3.688465e-01,3.708161e-01,3.724812e-01,3.741607e-01,3.758549e-01,3.775635e-01,3.792854e-01,3.810245e-01,3.824347e-01,3.842041e-01,3.859909e-01,3.877895e-01,3.896190e-01,3.910875e-01,3.929433e-01,3.944423e-01,3.959516e-01,3.978554e-01,3.993929e-01,4.009432e-01,4.025029e-01,4.040720e-01,4.056580e-01,4.072632e-01,4.088765e-01,4.104884e-01,4.121160e-01,4.133518e-01,4.150121e-01,4.166612e-01,4.178732e-01,4.195634e-01,4.212605e-01,4.229215e-01,4.241983e-01,4.254877e-01,4.272000e-01,4.284820e-01,4.298149e-01,4.316170e-01,4.329542e-01,4.343199e-01,4.357062e-01,4.375542e-01,4.389544e-01,4.403735e-01,4.418007e-01,4.432311e-01,4.446834e-01,4.461464e-01,4.476163e-01,4.491053e-01,4.506033e-01,4.520957e-01,4.536256e-01,4.551576e-01,4.561799e-01,4.577313e-01,4.587765e-01,4.603428e-01,4.619113e-01,4.629834e-01,4.645922e-01,4.656528e-01,4.672776e-01,4.683674e-01,4.700004e-01,4.711047e-01,4.722118e-01,4.733089e-01,4.749757e-01,4.760982e-01,4.772289e-01,4.783796e-01,4.800895e-01,4.812139e-01,4.823614e-01,4.835260e-01,4.846661e-01,4.858267e-01,4.870040e-01,4.881661e-01,4.893572e-01,4.905435e-01,4.917159e-01,4.923057e-01,4.935177e-01,4.947214e-01,4.959390e-01,4.965500e-01,4.977957e-01,4.990448e-01,5.002633e-01,5.008904e-01,5.021554e-01,5.034018e-01,5.040260e-01,5.046665e-01,5.059638e-01,5.065977e-01,5.078593e-01,5.085089e-01,5.098188e-01,5.104391e-01,5.110821e-01,5.117309e-01,5.123463e-01,5.129760e-01,5.136429e-01,5.143080e-01,5.149497e-01,5.155549e-01,5.161912e-01,5.168512e-01,5.175131e-01,5.181448e-01,5.187409e-01,5.193608e-01,5.200216e-01,5.206880e-01,5.212938e-01,5.218094e-01,5.223956e-01,5.230369e-01,5.236757e-01,5.242203e-01,5.246343e-01,5.251546e-01,5.257193e-01,5.262588e-01,5.267895e-01,5.273181e-01,5.277839e-01,5.281168e-01,5.284458e-01,5.289048e-01,5.293028e-01,5.296955e-01,5.301583e-01,5.304889e-01,5.305393e-01,5.307307e-01,5.310529e-01,5.314454e-01,5.315723e-01,5.312808e-01,5.314044e-01,5.316589e-01,5.317782e-01,5.318367e-01,5.318189e-01,5.319382e-01,5.321294e-01,5.317048e-01,5.305329e-01,5.300432e-01,5.298928e-01,5.294044e-01,5.288527e-01,5.283665e-01,5.280836e-01,5.278044e-01,5.277242e-01,5.277147e-01,5.275705e-01,5.272214e-01,5.274182e-01,5.279439e-01,5.283393e-01,5.287319e-01,5.291240e-01,5.295858e-01,5.301881e-01,5.306429e-01,5.312431e-01,5.317718e-01,5.322250e-01,5.328245e-01,5.332750e-01,5.338034e-01,5.344024e-01,5.351386e-01,5.357409e-01,5.364895e-01,5.372326e-01,5.379860e-01,5.386713e-01,5.395023e-01,5.402682e-01,5.411078e-01,5.418714e-01,5.427888e-01,5.437149e-01,5.445645e-01,5.454202e-01,5.464246e-01,5.473604e-01,5.482235e-01,5.490873e-01,5.500388e-01,5.509838e-01,5.519247e-01,5.529573e-01,5.539140e-01,5.548689e-01,5.558276e-01,5.568645e-01,5.577547e-01,5.587250e-01,5.596993e-01,5.607551e-01,5.617265e-01,5.627895e-01,5.638648e-01,5.648548e-01,5.659394e-01,5.669379e-01,5.679519e-01,5.688846e-01,5.699936e-01,5.709341e-01,5.718771e-01,5.728251e-01,5.739405e-01,5.749787e-01,5.760214e-01,5.770620e-01,5.781135e-01,5.791630e-01,5.801329e-01,5.811067e-01,5.819933e-01,5.830527e-01,5.841176e-01,5.851002e-01,5.858229e-01,5.865476e-01,5.873667e-01,5.882694e-01,5.891753e-01,5.900845e-01,5.909092e-01,5.918246e-01,5.926549e-01,5.934879e-01,5.942287e-01,5.950741e-01,5.958256e-01,5.964908e-01,5.971638e-01,5.978326e-01,5.985935e-01,5.993627e-01,6.000440e-01,6.007278e-01,6.013220e-01,6.020071e-01,6.025945e-01,6.032732e-01,6.037593e-01,6.043387e-01,6.048247e-01,6.053039e-01,6.057720e-01,6.063252e-01,6.068708e-01,6.073218e-01,6.077658e-01,6.081045e-01,6.085298e-01,6.088617e-01,6.092682e-01,6.096753e-01,6.099590e-01,6.102544e-01,6.105299e-01,6.107875e-01,6.110534e-01,6.113014e-01,6.115298e-01,6.115675e-01,6.117003e-01,6.119082e-01,6.121080e-01,6.123060e-01,6.123016e-01,6.122885e-01,6.122754e-01,6.122420e-01,6.123039e-01,6.122604e-01,6.123004e-01,6.122375e-01,6.121666e-01,6.119912e-01,6.118069e-01,6.117081e-01,6.116959e-01,6.115805e-01,6.113611e-01,6.110379e-01,6.107059e-01,6.102693e-01,6.101090e-01,6.099396e-01,6.097658e-01,6.094036e-01,6.090420e-01,6.088675e-01,6.086945e-01,6.084278e-01,6.080677e-01,6.076146e-01,6.073479e-01,6.071761e-01,6.069111e-01,6.064603e-01,6.060951e-01,6.060171e-01,6.061238e-01,6.060458e-01,6.055967e-01,6.051484e-01,6.048014e-01,6.044468e-01,6.040076e-01,6.033864e-01,6.027668e-01,6.023317e-01,6.019887e-01,6.012815e-01,6.001217e-01,5.988778e-01,5.979097e-01,5.969454e-01,5.956283e-01,5.935145e-01,5.911636e-01,5.890876e-01,5.872012e-01,5.854149e-01,5.835567e-01,5.812850e-01,5.782102e-01,5.742675e-01,5.704686e-01,5.677595e-01,5.653953e-01,5.624319e-01,5.584347e-01,5.543522e-01,5.515235e-01,5.495366e-01,5.477854e-01,5.457577e-01,5.433889e-01,5.412572e-01,5.391530e-01,5.370601e-01,5.356833e-01,5.350048e-01,5.343283e-01,5.336591e-01,5.329918e-01,5.323266e-01,5.316684e-01,5.310122e-01,5.310360e-01,5.303816e-01,5.304084e-01,5.304373e-01,5.304610e-01,5.298084e-01,5.298321e-01,5.298507e-01,5.298693e-01,5.292133e-01,5.285541e-01,5.285675e-01,5.285809e-01,5.285892e-01,5.286026e-01,5.286160e-01,5.279535e-01,5.279669e-01,5.279803e-01,5.279968e-01,5.273415e-01,5.273548e-01,5.267014e-01,5.267147e-01,5.267332e-01,5.267415e-01,5.260899e-01,5.261032e-01,5.261115e-01,5.261249e-01,5.254701e-01,5.254784e-01,5.254867e-01,5.254950e-01,5.254982e-01,5.255064e-01,5.255147e-01,5.261860e-01,5.261943e-01,5.262026e-01,5.262108e-01,5.262191e-01,5.262274e-01,5.259621e-01,5.266345e-01,5.266428e-01,5.266510e-01,5.266593e-01,5.270589e-01,5.270620e-01,5.277374e-01,5.277456e-01,5.274787e-01,5.274817e-01,5.281634e-01,5.285655e-01,5.285767e-01,5.289846e-01,5.289981e-01,5.290115e-01,5.287536e-01,5.287723e-01,5.291857e-01,5.292045e-01,5.289464e-01,5.289704e-01,5.293842e-01,5.291312e-01,5.298282e-01,5.295695e-01,5.295936e-01,5.300115e-01,5.300304e-01,5.304461e-01,5.301868e-01,5.302057e-01,5.299413e-01,5.299549e-01,5.303651e-01,5.300952e-01,5.307790e-01,5.305086e-01,5.309144e-01,5.309173e-01,5.306468e-01,5.310528e-01,5.310610e-01,5.307904e-01,5.311994e-01,5.312131e-01,5.316253e-01,5.313594e-01,5.313731e-01,5.311075e-01,5.311212e-01,5.308559e-01,5.305964e-01,5.312866e-01,5.310212e-01,5.307615e-01,5.314521e-01,5.311866e-01,5.312002e-01,5.309350e-01,5.306701e-01,5.306838e-01,5.304166e-01,5.304303e-01,5.301606e-01,5.295013e-01,5.292328e-01,5.285708e-01,5.283034e-01,5.276443e-01,5.273727e-01,5.273810e-01,5.264512e-01,5.264595e-01,5.258058e-01,5.248825e-01,5.242365e-01,5.235893e-01,5.233280e-01,5.226835e-01,5.220409e-01,5.217815e-01,5.211415e-01,5.205033e-01,5.198670e-01,5.189682e-01,5.183362e-01,5.177061e-01,5.170778e-01,5.158183e-01,5.151954e-01,5.139465e-01,5.133288e-01,5.129699e-01,5.112226e-01,5.108672e-01,5.098960e-01,5.089291e-01,5.073572e-01,5.061518e-01,5.045995e-01,5.034092e-01,5.022253e-01,5.012916e-01,4.995312e-01,4.983681e-01,4.966311e-01,4.951448e-01,4.934332e-01,4.917351e-01,4.900502e-01,4.883784e-01,4.867236e-01,4.843031e-01,4.823563e-01,4.799845e-01,4.783894e-01,4.768062e-01,4.749266e-01,4.730637e-01,4.702802e-01,4.677416e-01,4.652335e-01,4.634544e-01,4.614879e-01,4.598263e-01,4.574082e-01,4.543502e-01,4.513370e-01,4.487480e-01,4.460838e-01,4.440905e-01,4.421167e-01,4.407910e-01,4.388521e-01,4.369318e-01,4.347763e-01,4.320429e-01,4.289277e-01,4.256913e-01,4.226743e-01,4.201730e-01,4.186588e-01,4.162083e-01,4.144961e-01,4.122535e-01,4.104169e-01,4.082213e-01,4.065766e-01,4.044246e-01,4.028123e-01,4.006391e-01,3.994371e-01,3.983919e-01,3.970601e-01,3.950118e-01,3.924359e-01,3.903796e-01,3.883439e-01,3.858588e-01,3.836784e-01,3.808714e-01,3.780334e-01,3.747935e-01,3.708734e-01,3.664326e-01,3.626846e-01,3.577020e-01,3.520283e-01,3.471813e-01,3.413824e-01,3.355851e-01,3.289739e-01,3.242055e-01,3.168181e-01,3.093678e-01,3.013949e-01,2.948935e-01,2.860001e-01,2.774673e-01,2.692862e-01,2.603190e-01,2.540708e-01,2.455235e-01,2.376005e-01,2.300841e-01,2.218936e-01,2.141275e-01,2.089885e-01,2.030091e-01,1.954950e-01,1.893129e-01,1.833985e-01,1.786352e-01,1.732827e-01,1.681718e-01,1.633697e-01,1.594335e-01,1.562197e-01,1.524968e-01,1.489218e-01,1.460567e-01,1.426859e-01,1.399554e-01,1.373113e-01,1.347697e-01,1.327728e-01,1.308249e-01,1.288667e-01,1.269767e-01,1.251324e-01,1.237304e-01,1.223878e-01,1.210335e-01,1.196899e-01,1.183868e-01,1.174881e-01,1.162213e-01,1.149795e-01,1.141227e-01,1.132763e-01,1.128085e-01,1.119925e-01,1.111860e-01,1.107461e-01,1.099683e-01,1.095392e-01,1.091406e-01,1.087134e-01,1.083058e-01,1.079144e-01,1.075084e-01,1.071080e-01,1.067233e-01,1.066664e-01,1.062810e-01,1.062511e-01,1.062212e-01,1.061880e-01,1.058350e-01,1.057920e-01,1.057722e-01,1.057424e-01,1.060621e-01,1.060289e-01,1.060124e-01,1.059660e-01,1.062736e-01,1.062271e-01,1.065495e-01,1.068601e-01,1.071962e-01,1.071796e-01,1.074765e-01,1.081256e-01,1.084550e-01,1.087892e-01,1.094487e-01,1.101183e-01,1.108060e-01,1.118429e-01,1.125491e-01,1.132808e-01,1.143389e-01,1.150598e-01,1.161617e-01,1.172845e-01,1.180340e-01,1.195824e-01,1.203735e-01,1.215656e-01,1.227749e-01,1.236222e-01,1.252933e-01,1.261141e-01,1.273673e-01,1.286575e-01,1.299912e-01,1.308839e-01,1.322374e-01,1.336124e-01,1.345678e-01,1.364994e-01,1.374694e-01,1.389611e-01,1.404998e-01,1.420023e-01,1.430859e-01,1.446582e-01,1.463533e-01,1.480106e-01,1.491482e-01,1.508614e-01,1.526315e-01,1.538055e-01,1.556620e-01,1.569536e-01,1.589007e-01,1.601866e-01,1.615165e-01,1.635352e-01,1.648852e-01,1.662547e-01,1.684058e-01,1.698262e-01,1.712974e-01,1.727915e-01,1.742768e-01,1.765477e-01,1.773789e-01,1.797527e-01,1.814103e-01,1.822154e-01,1.838452e-01,1.864071e-01,1.873212e-01,1.890673e-01,1.908418e-01,1.926460e-01,1.944804e-01,1.954282e-01,1.973096e-01,1.991846e-01,2.001343e-01,2.020972e-01,2.031126e-01,2.050458e-01,2.070957e-01,2.081142e-01,2.102622e-01,2.113089e-01,2.133396e-01,2.144141e-01,2.166350e-01,2.177384e-01,2.188528e-01,2.211101e-01,2.223019e-01,2.234585e-01,2.257536e-01,2.269907e-01,2.281919e-01,2.294044e-01,2.319124e-01,2.331611e-01,2.344222e-01,2.357471e-01,2.370339e-01,2.383336e-01,2.397536e-01,2.410026e-01,2.418848e-01,2.430971e-01,2.442659e-01,2.455245e-01,2.466339e-01,2.479744e-01,2.489614e-01,2.504688e-01,2.514759e-01,2.526938e-01,2.536580e-01,2.548365e-01,2.560240e-01,2.572237e-01,2.582827e-01,2.595632e-01,2.607947e-01,2.616625e-01,2.631310e-01,2.639485e-01,2.651234e-01,2.662441e-01,2.672119e-01,2.683181e-01,2.695600e-01,2.708510e-01,2.717793e-01,2.729228e-01,2.740036e-01,2.750239e-01,2.757099e-01,2.768110e-01,2.776786e-01,2.790420e-01,2.801706e-01,2.812753e-01,2.826747e-01,2.837261e-01,2.844517e-01,2.854084e-01,2.862178e-01,2.871099e-01,2.881173e-01,2.891291e-01,2.898506e-01,2.908433e-01,2.916832e-01,2.927216e-01,2.935744e-01,2.943167e-01,2.946758e-01,2.957323e-01,2.961291e-01,2.968854e-01,2.975615e-01,2.985236e-01,2.992093e-01,2.999784e-01,3.004692e-01,3.011636e-01,3.016556e-01,3.025593e-01,3.028512e-01,3.036770e-01,3.044709e-01,3.051808e-01,3.061050e-01,3.066128e-01,3.071616e-01,3.078863e-01,3.081882e-01,3.088300e-01,3.091337e-01,3.097793e-01,3.097829e-01,3.105207e-01,3.109188e-01,3.116582e-01,3.118806e-01,3.124072e-01,3.127203e-01,3.132496e-01,3.132930e-01,3.139134e-01,3.142283e-01,3.148910e-01,3.152466e-01,3.159135e-01,3.161406e-01,3.168504e-01,3.167635e-01,3.175290e-01,3.175734e-01,3.177509e-01,3.178854e-01,3.182487e-01,3.178817e-01,3.181522e-01,3.178385e-01,3.181101e-01,3.176509e-01,3.176039e-01,3.174229e-01,3.175077e-01,3.171030e-01,3.169641e-01,3.166905e-01,3.167749e-01,3.163193e-01,3.164035e-01,3.159490e-01,3.158121e-01,3.158157e-01,3.169627e-01,3.165066e-01,3.164610e-01,3.161002e-01,3.157413e-01,3.152897e-01,3.150235e-01,3.146646e-01,3.144380e-01,3.139900e-01,3.136356e-01,3.128806e-01,3.126542e-01,3.123015e-01,3.117689e-01,3.113291e-01,3.110149e-01,3.101449e-01,3.100491e-01,3.093973e-01,3.090504e-01,3.087021e-01,3.084792e-01,3.077487e-01,3.074033e-01,3.066389e-01,3.062116e-01,3.057835e-01,3.049413e-01,3.043119e-01,3.037678e-01,3.028159e-01,3.023986e-01,3.018253e-01,3.012896e-01,3.006389e-01,3.001073e-01,2.992946e-01,2.989337e-01,2.981740e-01,2.974527e-01,2.967348e-01,2.962976e-01,2.955849e-01,2.952306e-01,2.946028e-01,2.942523e-01,2.933223e-01,2.928939e-01,2.919730e-01,2.914390e-01,2.909053e-01,2.902624e-01,2.896222e-01,2.891719e-01,2.883511e-01,2.881681e-01,2.875803e-01,2.871025e-01,2.865511e-01,2.864119e-01,2.859068e-01,2.856926e-01,2.848238e-01,2.845042e-01,2.844416e-01,2.836544e-01,2.831570e-01,2.826927e-01,2.820195e-01,2.813502e-01,2.807884e-01,2.803322e-01,2.794219e-01,2.785486e-01,2.778534e-01,2.770292e-01,2.759971e-01,2.753136e-01,2.745332e-01,2.735183e-01,2.723418e-01,2.714096e-01,2.709119e-01,2.698918e-01,2.688114e-01,2.677389e-01,2.668354e-01,2.661634e-01,2.650165e-01,2.642604e-01,2.636002e-01,2.630085e-01,2.621341e-01,2.613929e-01,2.608102e-01,2.602933e-01,2.597149e-01,2.590498e-01,2.585392e-01,2.583975e-01,2.584072e-01,2.576857e-01,2.574202e-01,2.570666e-01,2.566520e-01,2.566629e-01,2.564611e-01,2.561361e-01,2.558735e-01,2.556371e-01,2.553754e-01,2.549305e-01,2.546350e-01,2.541316e-01,2.537771e-01,2.533976e-01,2.532865e-01,2.531151e-01,2.528833e-01,2.530049e-01,2.529455e-01,2.529207e-01,2.527497e-01,2.528115e-01,2.528121e-01,2.529336e-01,2.532615e-01,2.533229e-01,2.534706e-01,2.538002e-01,2.539478e-01,2.543041e-01,2.543660e-01,2.546363e-01,2.546973e-01,2.547580e-01,2.546972e-01,2.546103e-01,2.545228e-01,2.543484e-01,2.541999e-01,2.542603e-01,2.542339e-01,2.545032e-01,2.542070e-01,2.541804e-01,2.540063e-01,2.539191e-01,2.541010e-01,2.539530e-01,2.538658e-01,2.539267e-01,2.537793e-01,2.538136e-01,2.537272e-01,2.534943e-01,2.529937e-01,2.528223e-01,2.524192e-01,2.521285e-01,2.510891e-01,2.506323e-01,2.500335e-01,2.492945e-01,2.486764e-01,2.480611e-01,2.470522e-01,2.461650e-01,2.452019e-01,2.439626e-01,2.427106e-01,2.411452e-01,2.391770e-01,2.380219e-01,2.368235e-01,2.355824e-01,2.330817e-01,2.305767e-01,2.293929e-01,2.270564e-01,2.235333e-01,2.212064e-01,2.190138e-01,2.157509e-01,2.125288e-01,2.093886e-01,2.062856e-01,2.033037e-01,1.984300e-01,1.956002e-01,1.892257e-01,1.848420e-01,1.799160e-01,1.759821e-01,1.706728e-01,1.664455e-01,1.610105e-01,1.560463e-01,1.488187e-01,1.431749e-01,1.378710e-01,1.319066e-01,1.267784e-01,1.206743e-01,1.153678e-01,1.072358e-01,1.015231e-01,9.600793e-02,9.095592e-02,8.510529e-02,8.045882e-02,7.345902e-02,6.874018e-02,6.447000e-02,6.047039e-02,5.646597e-02,5.178922e-02,4.837891e-02,4.551329e-02,4.284889e-02,4.030159e-02,3.740180e-02,3.540892e-02,3.370814e-02,3.221358e-02,3.096600e-02,2.920657e-02,2.822924e-02,2.734703e-02,2.646822e-02,2.559557e-02,2.478947e-02,2.428691e-02,2.380393e-02,2.334566e-02,2.291649e-02,2.250344e-02,2.229480e-02,2.192003e-02,2.172807e-02,2.138072e-02,2.120460e-02,2.103215e-02,2.087189e-02,2.070962e-02,2.055184e-02,2.040452e-02,2.039435e-02,2.024239e-02,2.023843e-02,2.009243e-02,2.008079e-02,2.007804e-02,2.006918e-02,1.992684e-02,1.991802e-02,1.991533e-02,1.990705e-02,2.003203e-02,2.003148e-02,2.002370e-02,2.001481e-02,2.014234e-02,2.014233e-02,2.027488e-02,2.026820e-02,2.040910e-02,2.054802e-02,2.054196e-02,2.069120e-02,2.083748e-02,2.098759e-02,2.114966e-02,2.114302e-02,2.130185e-02,2.147366e-02,2.164033e-02,2.181956e-02,2.199444e-02,2.217627e-02,2.236968e-02,2.256060e-02,2.275664e-02,2.296464e-02,2.317139e-02,2.338373e-02,2.360852e-02,2.383258e-02,2.406078e-02,2.430287e-02,2.479772e-02,2.479215e-02,2.532313e-02,2.559391e-02,2.559074e-02,2.607009e-02,2.636481e-02,2.672547e-02,2.697438e-02,2.742031e-02,2.768766e-02,2.792123e-02,2.837351e-02,2.869094e-02,2.910166e-02,2.940226e-02,2.990893e-02,3.018577e-02,3.068335e-02,3.102458e-02,3.132792e-02,3.185929e-02,3.222980e-02,3.274893e-02,3.308255e-02,3.362398e-02,3.398268e-02,3.450253e-02,3.492808e-02,3.541351e-02,3.580144e-02,3.638175e-02,3.679047e-02,3.732989e-02,3.775407e-02,3.832612e-02,3.871348e-02,3.931411e-02,3.977875e-02,4.011674e-02,4.075120e-02,4.140414e-02,4.184152e-02,4.244764e-02,4.290510e-02,4.352886e-02,4.392022e-02,4.457764e-02,4.497881e-02,4.557429e-02,4.599508e-02,4.670421e-02,4.713959e-02,4.776689e-02,4.820755e-02,4.887625e-02,4.923279e-02,4.986818e-02,5.034276e-02,5.093268e-02,5.164451e-02,5.199041e-02,5.261355e-02,5.301806e-02,5.373136e-02,5.398243e-02,5.464641e-02,5.527320e-02,5.571285e-02,5.623298e-02,5.663250e-02,5.735186e-02,5.763226e-02,5.831723e-02,5.887849e-02,5.930985e-02,5.988703e-02,6.018849e-02,6.083937e-02,6.158837e-02,6.190414e-02,6.252348e-02,6.284729e-02,6.332774e-02,6.397062e-02,6.430690e-02,6.496611e-02,6.537787e-02,6.589045e-02,6.640961e-02,6.676121e-02,6.729176e-02,6.807297e-02,6.827110e-02,6.907087e-02,6.927384e-02,7.009261e-02,7.074252e-02,7.102992e-02,7.169391e-02,7.236786e-02,7.285865e-02,7.342932e-02,7.412983e-02,7.464010e-02,7.515600e-02,7.596807e-02,7.629077e-02,7.691187e-02,7.766649e-02,7.808395e-02,7.863884e-02,7.951227e-02,7.985983e-02,8.052828e-02,8.111137e-02,8.156532e-02,8.225100e-02,8.285421e-02,8.322567e-02,8.393977e-02,8.456284e-02,8.504248e-02,8.542984e-02,8.617447e-02,8.682435e-02,8.733063e-02,8.773486e-02,8.850618e-02,8.891923e-02,8.944535e-02,9.013515e-02,9.067282e-02,9.109664e-02,9.164367e-02,9.236081e-02,9.291993e-02,9.336649e-02,9.393538e-02,9.467576e-02,9.496321e-02,9.584489e-02,9.631423e-02,9.691207e-02,9.721048e-02,9.781183e-02,9.829669e-02,9.891442e-02,9.953835e-02,9.971912e-02,1.003458e-01,1.009844e-01,1.013034e-01,1.018164e-01,1.021397e-01,1.027966e-01,1.031196e-01,1.037867e-01,1.044608e-01,1.051418e-01,1.053396e-01,1.060298e-01,1.063698e-01,1.070710e-01,1.074217e-01,1.077742e-01,1.083358e-01,1.086932e-01,1.090526e-01,1.097824e-01,1.101475e-01,1.105094e-01,1.107240e-01,1.114720e-01,1.118462e-01,1.122173e-01,1.124374e-01,1.128170e-01,1.131986e-01,1.134165e-01,1.138016e-01,1.141887e-01,1.145779e-01,1.149693e-01,1.153628e-01,1.155878e-01,1.155823e-01,1.159794e-01,1.163786e-01,1.167801e-01,1.171787e-01,1.175846e-01,1.179930e-01,1.179875e-01,1.183980e-01,1.188108e-01,1.192207e-01,1.192151e-01,1.196325e-01,1.200521e-01,1.200413e-01,1.204632e-01,1.208875e-01,1.208816e-01,1.214874e-01,1.214763e-01,1.219065e-01,1.219005e-01,1.225147e-01,1.225037e-01,1.229399e-01,1.231169e-01,1.235567e-01,1.235510e-01,1.241737e-01,1.241678e-01,1.243478e-01,1.247949e-01,1.254279e-01,1.256108e-01,1.260652e-01,1.262497e-01,1.262436e-01,1.268937e-01,1.268825e-01,1.275382e-01,1.277263e-01,1.277202e-01,1.283831e-01,1.283772e-01,1.285625e-01,1.287533e-01,1.287476e-01,1.289391e-01,1.291312e-01,1.291204e-01,1.293132e-01,1.293076e-01,1.299850e-01,1.299745e-01,1.301696e-01,1.303651e-01,1.303600e-01,1.305563e-01,1.305460e-01,1.307429e-01,1.307379e-01,1.309353e-01,1.309252e-01,1.311231e-01,1.311183e-01,1.313168e-01,1.313068e-01,1.313020e-01,1.315010e-01,1.310023e-01,1.309922e-01,1.309875e-01,1.311858e-01,1.311809e-01,1.311708e-01,1.311661e-01,1.311612e-01,1.309530e-01,1.304517e-01,1.304468e-01,1.302403e-01,1.300340e-01,1.293437e-01,1.293334e-01,1.291293e-01,1.287276e-01,1.280478e-01,1.278467e-01,1.274457e-01,1.267759e-01,1.263851e-01,1.261878e-01,1.253379e-01,1.249538e-01,1.241112e-01,1.237328e-01,1.227241e-01,1.223521e-01,1.213605e-01,1.209947e-01,1.201978e-01,1.196605e-01,1.188713e-01,1.179228e-01,1.175726e-01,1.166398e-01,1.158863e-01,1.153780e-01,1.146368e-01,1.137393e-01,1.134018e-01,1.125189e-01,1.121925e-01,1.114820e-01,1.106216e-01,1.099260e-01,1.092371e-01,1.085547e-01,1.082392e-01,1.075660e-01,1.068992e-01,1.060915e-01,1.054384e-01,1.052871e-01,1.046414e-01,1.041442e-01,1.031666e-01,1.026740e-01,1.020521e-01,1.019077e-01,1.014298e-01,1.009551e-01,1.004838e-01,9.988156e-02,9.941773e-02,9.895700e-02,9.836832e-02,9.778486e-02,9.702334e-02,9.657275e-02,9.569937e-02,9.513934e-02,9.470773e-02,9.427900e-02,9.343654e-02,9.301633e-02,9.259889e-02,9.218422e-02,9.148677e-02,9.096296e-02,9.027924e-02,8.987983e-02,8.948302e-02,8.908877e-02,8.842584e-02,8.803196e-02,8.738067e-02,8.710889e-02,8.646760e-02,8.619994e-02,8.567480e-02,8.551660e-02,8.499755e-02,8.473645e-02,8.432806e-02,8.417337e-02,8.341760e-02,8.336730e-02,8.286720e-02,8.247192e-02,8.222189e-02,8.193050e-02,8.168275e-02,8.120395e-02,8.058421e-02,8.034237e-02,7.996453e-02,7.949408e-02,7.902770e-02,7.888652e-02,7.811366e-02,7.765914e-02,7.742992e-02,7.698127e-02,7.645333e-02,7.601304e-02,7.570237e-02,7.485171e-02,7.454801e-02,7.412382e-02,7.370322e-02,7.320875e-02,7.239320e-02,7.218625e-02,7.170708e-02,7.130666e-02,7.090951e-02,7.051559e-02,6.994099e-02,6.963288e-02,6.924943e-02,6.894574e-02,6.856780e-02,6.790283e-02,6.779592e-02,6.732140e-02,6.695650e-02,6.659449e-02,6.630769e-02,6.567495e-02,6.539392e-02,6.518516e-02,6.483706e-02,6.456120e-02,6.378672e-02,6.351743e-02,6.324973e-02,6.298366e-02,6.239713e-02,6.207064e-02,6.174664e-02,6.126869e-02,6.101469e-02,6.046203e-02,6.015034e-02,5.969063e-02,5.944612e-02,5.876101e-02,5.866790e-02,5.822485e-02,5.779376e-02,5.756055e-02,5.690764e-02,5.662252e-02,5.620228e-02,5.598542e-02,5.530405e-02,5.503075e-02,5.468213e-02,5.441334e-02,5.376739e-02,5.350525e-02,5.311912e-02,5.286865e-02,5.224355e-02,5.182108e-02,5.146007e-02,5.126347e-02,5.067384e-02,5.043384e-02,5.008755e-02,4.985167e-02,4.928683e-02,5.421301e-03,5.421301e-03,5.421301e-03,5.421301e-03,5.421301e-03,5.421301e-03,5.421301e-03,5.421301e-03,5.421301e-03,5.421301e-03,5.421301e-03,5.421301e-03,5.421301e-03,5.421301e-03,5.421301e-03,5.421301e-03,5.421301e-03,5.421301e-03,5.421301e-03,5.421301e-03,5.421301e-03,5.421301e-03,5.421301e-03,5.421301e-03,5.421301e-03,5.421301e-03,5.421301e-03,5.421301e-03,5.421301e-03,5.421301e-03,5.421301e-03,5.421301e-03,5.421301e-03,5.421301e-03,5.421301e-03,5.421301e-03,5.421301e-03,5.421301e-03,5.421301e-03,5.421301e-03,5.421301e-03,5.421301e-03,5.421301e-03,5.421301e-03,5.421301e-03,5.421301e-03,5.421301e-03,5.421301e-03,5.421301e-03,5.421301e-03,5.421301e-03,5.421301e-03,5.421301e-03,5.421301e-03,5.421301e-03,5.421301e-03,5.421301e-03,5.421301e-03,5.421301e-03,5.421301e-03,5.421301e-03,5.421301e-03,5.421301e-03,5.421301e-03,5.421301e-03,5.421301e-03,5.421301e-03,5.421301e-03,5.421301e-03,5.421301e-03,5.421301e-03,5.421301e-03,5.421301e-03,5.421301e-03,5.421301e-03,5.421301e-03,5.421301e-03,5.421301e-03,5.421301e-03,5.421301e-03,5.421301e-03,5.421301e-03,5.421301e-03,5.421301e-03,5.421301e-03,5.421301e-03,5.421301e-03,5.421301e-03,5.421301e-03,5.421301e-03,5.421301e-03,5.421301e-03,5.421301e-03,5.421301e-03,5.421301e-03,5.421301e-03,5.421301e-03,5.421301e-03,5.421301e-03,5.421301e-03,5.421301e-03,5.421301e-03,5.421301e-03,5.421301e-03,5.421301e-03,5.421301e-03,5.421301e-03,5.421301e-03,5.421301e-03,5.421301e-03,5.421301e-03,5.421301e-03,5.421301e-03,5.421301e-03,5.421301e-03,5.421301e-03,5.421301e-03,5.421301e-03,5.421301e-03,5.421301e-03,5.421301e-03,5.421301e-03,5.421301e-03,5.421301e-03,5.421301e-03,5.421301e-03,5.421301e-03,5.421301e-03,5.421301e-03,5.421301e-03,5.421301e-03,5.421301e-03,5.421301e-03,5.421301e-03,5.421301e-03,5.421301e-03,5.421301e-03,5.421301e-03,5.421301e-03,5.421301e-03,5.421301e-03,5.421301e-03,5.421301e-03,5.421301e-03,5.421301e-03,5.421301e-03,5.421301e-03,5.421301e-03,5.421301e-03,5.421301e-03,5.421301e-03,5.421301e-03,5.421301e-03,5.421301e-03,5.421301e-03,5.421301e-03,5.421301e-03,5.421301e-03,5.421301e-03,5.421301e-03,5.421301e-03
2.645870e-02,2.638033e-02,2.630443e-02,2.624073e-02,2.619252e-02,2.616999e-02,2.616348e-02,2.615678e-02,2.615655e-02,2.615144e-02,2.614363e-02,2.612226e-02,2.612068e-02,2.612894e-02,2.613576e-02,2.615075e-02,2.616599e-02,2.617876e-02,2.619753e-02,2.621390e-02,2.621838e-02,2.621125e-02,2.621064e-02,2.620827e-02,2.622519e-02,2.623476e-02,2.624165e-02,2.624332e-02,2.624808e-02,2.626139e-02,2.626653e-02,2.626208e-02,2.627375e-02,2.628722e-02,2.631091e-02,2.633697e-02,2.635848e-02,2.639242e-02,2.643365e-02,2.646917e-02,2.651807e-02,2.658848e-02,2.666494e-02,2.673836e-02,2.682642e-02,2.692623e-02,2.703037e-02,2.712693e-02,2.726194e-02,2.740865e-02,2.757039e-02,2.775599e-02,2.795669e-02,2.816200e-02,2.836838e-02,2.857350e-02,2.878486e-02,2.899570e-02,2.918806e-02,2.937752e-02,2.954970e-02,2.971501e-02,2.985866e-02,2.998841e-02,3.012848e-02,3.027093e-02,3.040389e-02,3.052969e-02,3.063666e-02,3.074873e-02,3.085601e-02,3.093797e-02,3.101605e-02,3.110021e-02,3.116941e-02,3.124641e-02,3.132427e-02,3.142793e-02,3.152481e-02,3.163422e-02,3.175226e-02,3.190577e-02,3.208855e-02,3.228635e-02,3.252010e-02,3.279691e-02,3.310166e-02,3.344257e-02,3.384041e-02,3.428600e-02,3.476126e-02,3.527407e-02,3.584924e-02,3.647258e-02,3.714198e-02,3.786638e-02,3.865705e-02,3.951264e-02,4.042760e-02,4.141693e-02,4.248478e-02,4.362105e-02,4.482929e-02,4.611381e-02,4.748797e-02,4.894144e-02,5.048475e-02,5.213300e-02,5.388780e-02,5.571028e-02,5.762378e-02,5.962743e-02,6.171291e-02,6.394553e-02,6.626878e-02,6.860892e-02,7.101147e-02,7.345105e-02,7.590748e-02,7.837194e-02,8.081802e-02,8.318003e-02,8.548941e-02,8.767161e-02,8.971999e-02,9.158742e-02,9.328387e-02,9.478301e-02,9.611319e-02,9.720483e-02,9.815777e-02,9.889701e-02,9.952668e-02,9.994042e-02,1.002545e-01,1.004152e-01,1.005007e-01,1.004398e-01,1.003627e-01,1.001843e-01,1.000181e-01,9.977989e-02,9.950672e-02,9.930968e-02,9.910551e-02,9.896086e-02,9.882237e-02,9.876176e-02,9.867505e-02,9.862844e-02,9.859268e-02,9.852634e-02,9.843349e-02,9.836049e-02,9.822062e-02,9.798164e-02,9.762347e-02,9.725257e-02,9.682166e-02,9.634636e-02,9.588303e-02,9.540291e-02,9.483838e-02,9.421039e-02,9.350791e-02,9.273252e-02,9.189100e-02,9.095972e-02,8.999331e-02,8.897588e-02,8.792241e-02,8.685277e-02,8.578506e-02,8.475420e-02,8.375099e-02,8.277843e-02,8.186530e-02,8.100674e-02,8.020833e-02,7.945287e-02,7.874095e-02,7.807087e-02,7.743689e-02,7.684497e-02,7.629175e-02,7.576398e-02,7.528298e-02,7.482964e-02,7.441485e-02,7.402004e-02,7.368381e-02,7.336610e-02,7.308926e-02,7.282337e-02,7.260307e-02,7.240962e-02,7.221971e-02,7.204047e-02,7.186605e-02,7.168323e-02,7.146673e-02,7.123006e-02,7.096649e-02,7.066591e-02,7.030322e-02,6.991775e-02,6.947565e-02,6.897255e-02,6.844172e-02,6.786633e-02,6.728411e-02,6.668030e-02,6.607412e-02,6.544643e-02,6.481118e-02,6.420774e-02,6.361839e-02,6.305166e-02,6.252878e-02,6.205604e-02,6.164846e-02,6.126939e-02,6.096031e-02,6.069069e-02,6.047430e-02,6.029474e-02,6.015039e-02,6.005846e-02,5.998171e-02,5.992134e-02,5.983931e-02,5.974907e-02,5.960820e-02,5.938867e-02,5.911817e-02,5.875228e-02,5.830761e-02,5.774236e-02,5.711147e-02,5.639834e-02,5.564136e-02,5.482634e-02,5.398777e-02,5.312152e-02,5.226160e-02,5.140829e-02,5.060324e-02,4.984491e-02,4.914151e-02,4.854188e-02,4.799576e-02,4.753352e-02,4.709668e-02,4.668807e-02,4.626118e-02,4.580015e-02,4.529386e-02,4.471496e-02,4.407963e-02,4.336393e-02,4.261868e-02,4.181436e-02,4.100939e-02,4.021939e-02,3.946594e-02,3.874646e-02,3.808359e-02,3.752074e-02,3.702336e-02,3.662076e-02,3.626517e-02,3.599822e-02,3.577841e-02,3.561956e-02,3.549789e-02,3.543237e-02,3.539536e-02,3.543526e-02,3.551750e-02,3.573095e-02,3.601249e-02,3.654847e-02,3.720506e-02,3.819019e-02,3.938883e-02,4.100047e-02,4.291423e-02,4.524544e-02,4.797030e-02,5.119025e-02,5.487469e-02,5.903161e-02,6.368381e-02,6.885504e-02,7.448153e-02,8.046595e-02,8.686634e-02,9.360087e-02,1.006401e-01,1.078360e-01,1.152457e-01,1.227700e-01,1.303133e-01,1.378410e-01,1.453532e-01,1.527934e-01,1.601799e-01,1.674939e-01,1.747616e-01,1.820914e-01,1.893380e-01,1.965432e-01,2.037561e-01,2.109662e-01,2.182103e-01,2.254280e-01,2.326908e-01,2.399227e-01,2.471300e-01,2.543181e-01,2.616576e-01,2.687587e-01,2.758221e-01,2.827541e-01,2.896476e-01,2.964364e-01,3.031152e-01,3.096491e-01,3.160447e-01,3.222758e-01,3.283274e-01,3.341954e-01,3.399005e-01,3.454503e-01,3.507429e-01,3.557965e-01,3.606673e-01,3.652939e-01,3.696771e-01,3.738974e-01,3.778655e-01,3.815010e-01,3.849712e-01,3.881598e-01,3.912064e-01,3.939897e-01,3.966363e-01,3.990251e-01,4.012392e-01,4.032891e-01,4.051880e-01,4.070127e-01,4.088471e-01,4.107334e-01,4.125787e-01,4.144714e-01,4.163156e-01,4.181526e-01,4.200299e-01,4.218457e-01,4.236949e-01,4.254265e-01,4.271833e-01,4.289123e-01,4.305588e-01,4.322206e-01,4.338409e-01,4.354165e-01,4.368920e-01,4.383662e-01,4.397817e-01,4.411330e-01,4.424188e-01,4.436649e-01,4.448032e-01,4.458600e-01,4.468280e-01,4.477075e-01,4.484915e-01,4.491417e-01,4.497224e-01,4.501007e-01,4.505733e-01,4.510115e-01,4.514505e-01,4.518946e-01,4.523039e-01,4.527496e-01,4.531354e-01,4.535784e-01,4.540280e-01,4.544174e-01,4.548670e-01,4.552577e-01,4.556866e-01,4.560771e-01,4.564698e-01,4.569236e-01,4.573176e-01,4.576776e-01,4.580775e-01,4.584372e-01,4.587961e-01,4.591617e-01,4.594664e-01,4.598269e-01,4.601878e-01,4.605528e-01,4.609179e-01,4.612205e-01,4.615837e-01,4.618887e-01,4.622277e-01,4.626261e-01,4.629662e-01,4.633067e-01,4.636462e-01,4.639847e-01,4.643251e-01,4.647029e-01,4.650442e-01,4.653801e-01,4.657520e-01,4.660334e-01,4.664092e-01,4.667409e-01,4.670093e-01,4.673477e-01,4.676836e-01,4.679661e-01,4.682036e-01,4.684429e-01,4.686964e-01,4.688912e-01,4.691012e-01,4.693736e-01,4.695780e-01,4.697541e-01,4.699695e-01,4.702399e-01,4.704526e-01,4.706686e-01,4.709194e-01,4.711328e-01,4.713856e-01,4.716387e-01,4.718847e-01,4.721397e-01,4.724298e-01,4.726793e-01,4.729730e-01,4.732640e-01,4.734920e-01,4.737835e-01,4.740151e-01,4.743056e-01,4.745934e-01,4.748212e-01,4.751157e-01,4.753421e-01,4.756356e-01,4.758671e-01,4.761214e-01,4.763533e-01,4.765486e-01,4.767334e-01,4.769869e-01,4.771812e-01,4.773403e-01,4.775394e-01,4.777585e-01,4.779039e-01,4.780604e-01,4.782200e-01,4.783350e-01,4.784901e-01,4.786422e-01,4.787944e-01,4.789529e-01,4.791084e-01,4.792885e-01,4.794180e-01,4.796125e-01,4.798331e-01,4.800618e-01,4.802304e-01,4.804642e-01,4.807275e-01,4.809505e-01,4.811569e-01,4.813898e-01,4.816102e-01,4.818138e-01,4.819850e-01,4.822153e-01,4.823835e-01,4.826078e-01,4.827730e-01,4.830072e-01,4.831694e-01,4.833006e-01,4.834270e-01,4.835503e-01,4.836768e-01,4.838066e-01,4.839413e-01,4.840696e-01,4.841883e-01,4.843087e-01,4.844403e-01,4.845721e-01,4.846958e-01,4.848412e-01,4.849980e-01,4.851644e-01,4.853261e-01,4.854783e-01,4.856080e-01,4.857489e-01,4.859456e-01,4.861045e-01,4.862344e-01,4.863748e-01,4.864983e-01,4.866381e-01,4.867715e-01,4.868968e-01,4.870270e-01,4.871363e-01,4.871607e-01,4.872425e-01,4.873235e-01,4.874215e-01,4.874864e-01,4.875627e-01,4.876017e-01,4.875905e-01,4.876020e-01,4.876128e-01,4.876825e-01,4.876731e-01,4.875810e-01,4.875763e-01,4.875710e-01,4.875761e-01,4.875506e-01,4.875233e-01,4.875284e-01,4.875450e-01,4.874589e-01,4.871431e-01,4.870412e-01,4.869774e-01,4.868757e-01,4.867535e-01,4.866520e-01,4.865988e-01,4.865413e-01,4.865364e-01,4.865907e-01,4.865654e-01,4.864965e-01,4.865894e-01,4.867290e-01,4.868799e-01,4.869875e-01,4.871005e-01,4.872243e-01,4.873759e-01,4.874714e-01,4.875852e-01,4.876925e-01,4.877501e-01,4.878259e-01,4.878454e-01,4.879147e-01,4.880002e-01,4.880745e-01,4.881600e-01,4.883159e-01,4.884380e-01,4.885940e-01,4.887340e-01,4.889489e-01,4.891434e-01,4.893541e-01,4.895630e-01,4.897902e-01,4.900560e-01,4.902718e-01,4.905315e-01,4.907757e-01,4.910520e-01,4.912686e-01,4.914905e-01,4.917577e-01,4.919963e-01,4.922011e-01,4.924466e-01,4.926858e-01,4.928864e-01,4.930872e-01,4.933091e-01,4.934938e-01,4.936950e-01,4.938963e-01,4.941142e-01,4.942867e-01,4.945096e-01,4.947668e-01,4.949787e-01,4.952363e-01,4.954485e-01,4.956899e-01,4.959249e-01,4.962224e-01,4.964578e-01,4.966981e-01,4.969339e-01,4.972030e-01,4.974558e-01,4.977088e-01,4.979226e-01,4.981760e-01,4.983901e-01,4.985877e-01,4.987855e-01,4.989815e-01,4.991568e-01,4.993817e-01,4.995404e-01,4.996589e-01,4.997774e-01,4.999027e-01,5.000549e-01,5.002072e-01,5.003595e-01,5.004951e-01,5.006476e-01,5.007832e-01,5.009190e-01,5.010480e-01,5.012236e-01,5.013426e-01,5.014946e-01,5.016366e-01,5.017888e-01,5.019580e-01,5.021171e-01,5.023041e-01,5.024965e-01,5.026720e-01,5.029038e-01,5.030789e-01,5.033103e-01,5.035073e-01,5.037214e-01,5.039580e-01,5.041547e-01,5.043902e-01,5.045975e-01,5.048096e-01,5.050443e-01,5.052389e-01,5.054554e-01,5.056489e-01,5.058254e-01,5.060177e-01,5.062102e-01,5.063386e-01,5.064730e-01,5.066061e-01,5.066982e-01,5.068307e-01,5.069221e-01,5.069671e-01,5.070230e-01,5.070959e-01,5.071847e-01,5.072330e-01,5.073211e-01,5.073690e-01,5.074215e-01,5.074740e-01,5.075252e-01,5.075935e-01,5.076440e-01,5.077057e-01,5.077550e-01,5.078037e-01,5.078347e-01,5.078650e-01,5.079068e-01,5.079702e-01,5.080160e-01,5.080441e-01,5.080544e-01,5.080641e-01,5.080509e-01,5.080937e-01,5.081359e-01,5.081777e-01,5.081854e-01,5.081931e-01,5.082298e-01,5.082718e-01,5.082967e-01,5.083045e-01,5.082952e-01,5.083150e-01,5.083571e-01,5.083820e-01,5.083729e-01,5.083401e-01,5.083994e-01,5.084877e-01,5.085469e-01,5.085379e-01,5.085289e-01,5.085777e-01,5.085859e-01,5.086126e-01,5.086104e-01,5.086082e-01,5.086402e-01,5.086893e-01,5.086702e-01,5.085610e-01,5.084400e-01,5.083701e-01,5.083004e-01,5.081629e-01,5.078321e-01,5.074919e-01,5.071626e-01,5.068676e-01,5.065855e-01,5.062917e-01,5.058740e-01,5.053301e-01,5.045640e-01,5.038173e-01,5.032889e-01,5.028280e-01,5.022362e-01,5.014121e-01,5.005626e-01,4.999775e-01,4.995733e-01,4.992188e-01,4.988000e-01,4.983012e-01,4.978522e-01,4.974402e-01,4.969933e-01,4.967473e-01,4.966623e-01,4.965773e-01,4.965318e-01,4.964863e-01,4.964410e-01,4.964352e-01,4.964294e-01,4.965837e-01,4.965780e-01,4.967293e-01,4.969233e-01,4.970780e-01,4.970725e-01,4.972272e-01,4.973425e-01,4.974579e-01,4.974131e-01,4.973288e-01,4.974047e-01,4.974807e-01,4.975171e-01,4.975931e-01,4.976691e-01,4.975454e-01,4.976214e-01,4.976974e-01,4.977704e-01,4.976864e-01,4.977625e-01,4.976786e-01,4.977547e-01,4.978704e-01,4.979070e-01,4.978232e-01,4.978994e-01,4.979359e-01,4.980122e-01,4.978889e-01,4.979255e-01,4.979621e-01,4.979987e-01,4.979957e-01,4.980324e-01,4.980690e-01,4.982655e-01,4.983022e-01,4.983388e-01,4.983755e-01,4.984122e-01,4.984488e-01,4.984057e-01,4.986024e-01,4.986391e-01,4.986758e-01,4.987125e-01,4.988294e-01,4.988263e-01,4.990232e-01,4.990599e-01,4.990167e-01,4.990136e-01,4.992503e-01,4.993674e-01,4.994010e-01,4.995580e-01,4.996346e-01,4.997113e-01,4.997478e-01,4.998644e-01,5.000615e-01,5.001782e-01,5.002149e-01,5.003716e-01,5.005690e-01,5.006458e-01,5.009636e-01,5.010004e-01,5.011576e-01,5.013524e-01,5.014696e-01,5.016676e-01,5.017046e-01,5.018220e-01,5.018189e-01,5.018962e-01,5.020542e-01,5.020110e-01,5.022093e-01,5.021660e-01,5.022840e-01,5.022809e-01,5.022377e-01,5.023556e-01,5.023928e-01,5.023496e-01,5.024645e-01,5.025419e-01,5.027002e-01,5.026973e-01,5.027748e-01,5.027719e-01,5.028494e-01,5.028465e-01,5.028840e-01,5.031230e-01,5.031201e-01,5.031577e-01,5.033968e-01,5.033940e-01,5.034718e-01,5.034690e-01,5.034663e-01,5.035441e-01,5.034980e-01,5.035758e-01,5.035327e-01,5.034493e-01,5.034064e-01,5.032827e-01,5.032399e-01,5.031164e-01,5.030332e-01,5.030707e-01,5.028673e-01,5.029047e-01,5.027816e-01,5.025787e-01,5.024530e-01,5.023303e-01,5.022880e-01,5.021655e-01,5.020431e-01,5.020009e-01,5.018787e-01,5.017566e-01,5.016347e-01,5.014334e-01,5.013117e-01,5.011902e-01,5.010687e-01,5.007887e-01,5.006676e-01,5.003882e-01,5.002674e-01,5.002257e-01,4.997896e-01,4.997480e-01,4.995488e-01,4.993499e-01,4.989939e-01,4.987174e-01,4.983627e-01,4.980871e-01,4.978119e-01,4.976150e-01,4.971848e-01,4.969111e-01,4.964825e-01,4.961322e-01,4.957054e-01,4.952795e-01,4.948546e-01,4.944307e-01,4.940059e-01,4.933547e-01,4.928578e-01,4.922103e-01,4.917923e-01,4.913752e-01,4.908833e-01,4.903927e-01,4.896032e-01,4.888914e-01,4.881822e-01,4.876983e-01,4.871416e-01,4.866607e-01,4.859210e-01,4.850022e-01,4.840874e-01,4.833221e-01,4.824876e-01,4.818734e-01,4.812610e-01,4.809041e-01,4.803328e-01,4.797632e-01,4.791238e-01,4.782735e-01,4.772855e-01,4.762323e-01,4.752545e-01,4.744214e-01,4.739392e-01,4.731118e-01,4.725638e-01,4.717742e-01,4.711249e-01,4.703411e-01,4.697646e-01,4.689862e-01,4.684138e-01,4.676405e-01,4.672367e-01,4.669371e-01,4.665042e-01,4.657028e-01,4.647049e-01,4.639462e-01,4.631546e-01,4.621693e-01,4.613192e-01,4.601769e-01,4.590121e-01,4.576262e-01,4.559330e-01,4.539994e-01,4.522993e-01,4.500552e-01,4.474684e-01,4.452157e-01,4.425098e-01,4.397803e-01,4.365903e-01,4.342493e-01,4.305267e-01,4.266525e-01,4.223682e-01,4.187569e-01,4.136822e-01,4.086686e-01,4.037408e-01,3.981755e-01,3.941874e-01,3.885862e-01,3.832688e-01,3.780372e-01,3.722044e-01,3.664839e-01,3.626303e-01,3.580085e-01,3.520541e-01,3.470110e-01,3.420528e-01,3.379737e-01,3.332867e-01,3.286905e-01,3.243037e-01,3.206326e-01,3.175497e-01,3.139540e-01,3.104441e-01,3.075857e-01,3.042004e-01,3.014055e-01,2.986651e-01,2.960226e-01,2.939215e-01,2.918722e-01,2.897896e-01,2.877554e-01,2.857713e-01,2.842515e-01,2.827947e-01,2.813169e-01,2.798268e-01,2.783948e-01,2.774126e-01,2.760154e-01,2.746267e-01,2.736745e-01,2.727298e-01,2.722364e-01,2.713421e-01,2.704365e-01,2.699734e-01,2.691168e-01,2.686521e-01,2.682296e-01,2.677758e-01,2.673367e-01,2.669193e-01,2.664909e-01,2.660570e-01,2.656266e-01,2.655911e-01,2.651696e-01,2.651735e-01,2.651773e-01,2.651882e-01,2.648005e-01,2.647850e-01,2.648155e-01,2.648195e-01,2.652539e-01,2.652649e-01,2.653064e-01,2.653159e-01,2.657500e-01,2.657595e-01,2.662145e-01,2.666513e-01,2.671362e-01,2.671961e-01,2.676230e-01,2.684644e-01,2.689536e-01,2.694188e-01,2.702785e-01,2.711363e-01,2.720273e-01,2.733114e-01,2.742167e-01,2.751229e-01,2.764230e-01,2.773013e-01,2.786438e-01,2.799730e-01,2.808819e-01,2.826786e-01,2.836277e-01,2.850064e-01,2.863869e-01,2.873771e-01,2.892687e-01,2.902164e-01,2.916145e-01,2.930582e-01,2.945332e-01,2.955406e-01,2.970168e-01,2.985160e-01,2.995764e-01,3.016301e-01,3.026876e-01,3.042644e-01,3.058923e-01,3.074798e-01,3.086251e-01,3.102472e-01,3.119886e-01,3.136751e-01,3.148482e-01,3.165369e-01,3.183031e-01,3.194608e-01,3.212822e-01,3.225505e-01,3.244235e-01,3.256499e-01,3.269238e-01,3.287889e-01,3.300577e-01,3.313366e-01,3.333101e-01,3.346153e-01,3.359629e-01,3.373142e-01,3.386520e-01,3.406520e-01,3.414190e-01,3.434944e-01,3.449435e-01,3.456623e-01,3.470618e-01,3.492441e-01,3.500260e-01,3.514978e-01,3.529648e-01,3.544626e-01,3.559811e-01,3.567835e-01,3.583152e-01,3.598567e-01,3.606584e-01,3.622580e-01,3.631413e-01,3.647064e-01,3.663689e-01,3.672530e-01,3.689778e-01,3.698543e-01,3.714388e-01,3.723267e-01,3.740596e-01,3.749257e-01,3.758026e-01,3.774998e-01,3.783953e-01,3.792606e-01,3.809204e-01,3.818047e-01,3.826858e-01,3.835428e-01,3.852919e-01,3.861609e-01,3.870339e-01,3.879479e-01,3.888292e-01,3.897145e-01,3.906855e-01,3.915352e-01,3.921227e-01,3.929282e-01,3.936986e-01,3.945110e-01,3.952718e-01,3.961419e-01,3.968121e-01,3.978099e-01,3.984916e-01,3.993076e-01,3.999780e-01,4.007595e-01,4.015684e-01,4.023860e-01,4.031130e-01,4.039781e-01,4.048354e-01,4.054285e-01,4.063986e-01,4.069483e-01,4.077334e-01,4.084788e-01,4.090993e-01,4.098131e-01,4.105836e-01,4.113745e-01,4.119183e-01,4.126159e-01,4.132615e-01,4.138336e-01,4.142400e-01,4.148594e-01,4.153675e-01,4.161719e-01,4.168021e-01,4.174609e-01,4.182784e-01,4.188959e-01,4.193072e-01,4.198765e-01,4.203407e-01,4.208616e-01,4.214673e-01,4.220702e-01,4.224917e-01,4.231016e-01,4.236051e-01,4.242182e-01,4.247286e-01,4.252158e-01,4.254661e-01,4.260799e-01,4.263313e-01,4.267933e-01,4.271994e-01,4.277691e-01,4.281810e-01,4.286425e-01,4.289494e-01,4.293633e-01,4.296671e-01,4.301892e-01,4.303868e-01,4.308569e-01,4.313277e-01,4.317417e-01,4.322684e-01,4.325758e-01,4.328877e-01,4.333082e-01,4.335083e-01,4.338755e-01,4.340759e-01,4.344440e-01,4.344812e-01,4.349380e-01,4.351974e-01,4.356181e-01,4.357687e-01,4.360804e-01,4.362861e-01,4.365984e-01,4.366057e-01,4.369395e-01,4.371118e-01,4.374466e-01,4.376194e-01,4.379549e-01,4.380725e-01,4.384088e-01,4.383601e-01,4.387520e-01,4.387589e-01,4.388556e-01,4.389146e-01,4.391223e-01,4.389379e-01,4.390901e-01,4.389609e-01,4.391473e-01,4.389077e-01,4.388933e-01,4.388201e-01,4.388614e-01,4.386773e-01,4.386079e-01,4.384455e-01,4.384868e-01,4.382484e-01,4.382898e-01,4.380518e-01,4.380169e-01,4.380544e-01,4.387912e-01,4.385528e-01,4.385730e-01,4.384585e-01,4.383133e-01,4.381100e-01,4.380202e-01,4.378723e-01,4.377831e-01,4.375808e-01,4.374369e-01,4.370369e-01,4.369450e-01,4.367679e-01,4.364787e-01,4.362479e-01,4.360684e-01,4.355834e-01,4.355168e-01,4.351416e-01,4.349329e-01,4.347208e-01,4.345631e-01,4.341398e-01,4.339287e-01,4.335031e-01,4.332429e-01,4.329795e-01,4.325027e-01,4.321375e-01,4.318224e-01,4.312954e-01,4.310386e-01,4.307251e-01,4.304124e-01,4.300513e-01,4.297397e-01,4.292713e-01,4.290696e-01,4.286549e-01,4.282413e-01,4.278287e-01,4.275436e-01,4.271326e-01,4.269294e-01,4.265713e-01,4.263728e-01,4.258610e-01,4.256080e-01,4.251312e-01,4.248648e-01,4.245948e-01,4.242740e-01,4.239538e-01,4.237360e-01,4.233195e-01,4.232875e-01,4.230197e-01,4.227704e-01,4.225037e-01,4.224570e-01,4.222126e-01,4.221157e-01,4.216660e-01,4.215190e-01,4.215228e-01,4.211247e-01,4.208779e-01,4.206317e-01,4.202856e-01,4.199726e-01,4.196821e-01,4.194700e-01,4.190098e-01,4.185833e-01,4.182245e-01,4.178168e-01,4.172630e-01,4.169069e-01,4.165026e-01,4.159529e-01,4.152757e-01,4.147462e-01,4.144602e-01,4.138847e-01,4.132631e-01,4.126435e-01,4.121215e-01,4.117124e-01,4.110503e-01,4.106275e-01,4.102217e-01,4.098952e-01,4.093810e-01,4.089621e-01,4.086379e-01,4.083611e-01,4.080381e-01,4.077001e-01,4.074247e-01,4.074138e-01,4.074649e-01,4.070817e-01,4.069781e-01,4.068280e-01,4.066318e-01,4.067449e-01,4.066879e-01,4.065384e-01,4.064353e-01,4.063274e-01,4.062245e-01,4.059834e-01,4.058349e-01,4.055485e-01,4.053546e-01,4.051607e-01,4.051506e-01,4.050946e-01,4.049877e-01,4.051155e-01,4.051059e-01,4.051418e-01,4.050859e-01,4.051989e-01,4.052299e-01,4.053577e-01,4.055924e-01,4.056746e-01,4.058028e-01,4.060639e-01,4.061613e-01,4.063970e-01,4.064793e-01,4.066691e-01,4.067152e-01,4.067352e-01,4.066942e-01,4.066530e-01,4.065805e-01,4.064619e-01,4.063384e-01,4.063583e-01,4.063320e-01,4.064903e-01,4.062796e-01,4.062482e-01,4.061297e-01,4.060574e-01,4.061692e-01,4.060509e-01,4.059786e-01,4.060296e-01,4.059375e-01,4.059570e-01,4.059159e-01,4.058139e-01,4.054973e-01,4.054414e-01,4.052429e-01,4.050957e-01,4.045224e-01,4.043155e-01,4.040179e-01,4.036249e-01,4.033285e-01,4.030326e-01,4.024974e-01,4.020179e-01,4.015000e-01,4.007607e-01,4.000243e-01,3.990339e-01,3.978205e-01,3.971099e-01,3.963532e-01,3.955619e-01,3.938814e-01,3.921737e-01,3.913653e-01,3.897353e-01,3.872461e-01,3.855641e-01,3.839558e-01,3.815550e-01,3.791397e-01,3.767622e-01,3.743491e-01,3.719996e-01,3.681496e-01,3.658493e-01,3.606314e-01,3.569183e-01,3.527346e-01,3.492935e-01,3.445761e-01,3.407305e-01,3.357294e-01,3.310867e-01,3.240935e-01,3.184504e-01,3.130286e-01,3.067407e-01,3.011586e-01,2.943653e-01,2.882405e-01,2.785493e-01,2.714573e-01,2.643494e-01,2.576038e-01,2.495411e-01,2.428705e-01,2.324523e-01,2.250363e-01,2.180615e-01,2.112556e-01,2.041620e-01,1.955137e-01,1.888622e-01,1.830005e-01,1.773364e-01,1.716975e-01,1.649700e-01,1.600893e-01,1.557496e-01,1.517709e-01,1.483209e-01,1.432860e-01,1.403163e-01,1.375616e-01,1.347037e-01,1.318006e-01,1.290168e-01,1.271871e-01,1.254183e-01,1.236980e-01,1.220213e-01,1.204028e-01,1.195676e-01,1.180283e-01,1.172428e-01,1.157703e-01,1.150452e-01,1.143163e-01,1.136146e-01,1.129339e-01,1.122651e-01,1.116062e-01,1.115953e-01,1.109341e-01,1.109217e-01,1.102913e-01,1.102714e-01,1.102656e-01,1.102710e-01,1.096393e-01,1.096352e-01,1.096198e-01,1.096187e-01,1.102349e-01,1.102318e-01,1.102241e-01,1.102004e-01,1.108209e-01,1.108112e-01,1.114488e-01,1.114474e-01,1.120849e-01,1.127452e-01,1.127569e-01,1.134368e-01,1.141239e-01,1.148196e-01,1.155421e-01,1.155708e-01,1.163080e-01,1.170563e-01,1.178089e-01,1.185693e-01,1.193378e-01,1.201172e-01,1.209179e-01,1.217144e-01,1.225214e-01,1.233401e-01,1.241690e-01,1.249989e-01,1.258512e-01,1.267147e-01,1.275817e-01,1.284654e-01,1.302289e-01,1.302650e-01,1.320886e-01,1.330407e-01,1.330867e-01,1.347025e-01,1.356785e-01,1.368736e-01,1.377081e-01,1.391365e-01,1.399833e-01,1.407423e-01,1.421451e-01,1.431421e-01,1.443694e-01,1.452868e-01,1.467655e-01,1.475939e-01,1.490036e-01,1.499927e-01,1.508579e-01,1.523204e-01,1.533345e-01,1.547331e-01,1.556355e-01,1.570578e-01,1.579742e-01,1.593138e-01,1.603937e-01,1.616052e-01,1.625713e-01,1.639703e-01,1.649656e-01,1.662562e-01,1.672527e-01,1.685953e-01,1.695051e-01,1.708803e-01,1.719398e-01,1.727265e-01,1.741572e-01,1.756121e-01,1.765888e-01,1.778987e-01,1.789011e-01,1.802399e-01,1.810871e-01,1.824765e-01,1.833272e-01,1.845506e-01,1.854161e-01,1.868503e-01,1.877285e-01,1.889729e-01,1.898430e-01,1.911546e-01,1.918364e-01,1.930255e-01,1.939339e-01,1.950520e-01,1.963870e-01,1.970194e-01,1.981739e-01,1.989224e-01,2.002059e-01,2.006500e-01,2.018480e-01,2.029517e-01,2.037371e-01,2.046397e-01,2.053268e-01,2.065821e-01,2.070549e-01,2.082170e-01,2.091601e-01,2.098781e-01,2.108365e-01,2.113290e-01,2.124201e-01,2.136439e-01,2.141342e-01,2.151322e-01,2.156450e-01,2.164085e-01,2.174281e-01,2.179519e-01,2.189861e-01,2.196451e-01,2.204532e-01,2.212671e-01,2.218300e-01,2.226699e-01,2.238981e-01,2.242021e-01,2.254633e-01,2.257714e-01,2.270173e-01,2.280171e-01,2.284536e-01,2.294496e-01,2.304377e-01,2.311503e-01,2.319984e-01,2.330093e-01,2.337384e-01,2.344553e-01,2.356355e-01,2.360847e-01,2.369997e-01,2.380728e-01,2.387221e-01,2.395053e-01,2.407896e-01,2.412936e-01,2.422666e-01,2.431080e-01,2.437789e-01,2.447771e-01,2.456177e-01,2.461413e-01,2.471353e-01,2.479741e-01,2.486592e-01,2.491775e-01,2.501963e-01,2.510560e-01,2.517343e-01,2.522655e-01,2.533154e-01,2.538532e-01,2.545652e-01,2.554552e-01,2.561762e-01,2.567318e-01,2.574785e-01,2.583889e-01,2.591264e-01,2.596701e-01,2.604149e-01,2.613332e-01,2.617222e-01,2.628274e-01,2.633870e-01,2.641343e-01,2.645125e-01,2.652722e-01,2.658231e-01,2.665846e-01,2.673505e-01,2.675476e-01,2.683250e-01,2.691011e-01,2.694939e-01,2.700826e-01,2.704783e-01,2.712671e-01,2.716722e-01,2.724681e-01,2.732687e-01,2.740742e-01,2.742813e-01,2.750928e-01,2.755294e-01,2.763483e-01,2.767627e-01,2.771783e-01,2.778076e-01,2.782061e-01,2.786261e-01,2.794639e-01,2.798674e-01,2.802781e-01,2.804743e-01,2.813235e-01,2.817121e-01,2.821284e-01,2.823273e-01,2.827395e-01,2.831322e-01,2.833180e-01,2.837332e-01,2.841290e-01,2.845260e-01,2.849242e-01,2.853237e-01,2.855125e-01,2.854560e-01,2.858571e-01,2.862595e-01,2.866631e-01,2.870739e-01,2.874589e-01,2.878662e-01,2.878090e-01,2.881963e-01,2.885848e-01,2.889593e-01,2.888806e-01,2.892501e-01,2.895995e-01,2.895051e-01,2.898341e-01,2.901642e-01,2.900422e-01,2.905994e-01,2.904615e-01,2.907938e-01,2.906499e-01,2.912106e-01,2.910935e-01,2.914279e-01,2.915334e-01,2.918692e-01,2.917673e-01,2.923397e-01,2.922160e-01,2.923225e-01,2.926610e-01,2.932164e-01,2.933024e-01,2.936223e-01,2.937089e-01,2.935623e-01,2.940954e-01,2.939539e-01,2.945110e-01,2.945986e-01,2.944512e-01,2.950330e-01,2.949070e-01,2.950442e-01,2.951544e-01,2.950720e-01,2.952261e-01,2.953804e-01,2.953030e-01,2.955013e-01,2.954406e-01,2.961161e-01,2.960823e-01,2.963038e-01,2.965257e-01,2.965308e-01,2.967751e-01,2.967852e-01,2.970520e-01,2.970791e-01,2.973464e-01,2.973786e-01,2.976463e-01,2.976957e-01,2.979861e-01,2.980406e-01,2.980901e-01,2.983810e-01,2.979468e-01,2.980013e-01,2.980730e-01,2.983638e-01,2.984133e-01,2.984679e-01,2.985398e-01,2.985894e-01,2.983975e-01,2.979691e-01,2.980187e-01,2.978278e-01,2.976150e-01,2.969454e-01,2.969999e-01,2.967885e-01,2.963397e-01,2.956765e-01,2.954673e-01,2.950279e-01,2.943493e-01,2.938866e-01,2.936802e-01,2.927545e-01,2.922969e-01,2.913851e-01,2.909320e-01,2.897969e-01,2.893489e-01,2.882049e-01,2.877618e-01,2.868739e-01,2.862350e-01,2.853616e-01,2.842917e-01,2.838821e-01,2.828237e-01,2.819879e-01,2.813716e-01,2.805447e-01,2.795121e-01,2.791219e-01,2.781002e-01,2.777094e-01,2.769049e-01,2.758795e-01,2.750655e-01,2.742564e-01,2.734521e-01,2.730595e-01,2.722421e-01,2.714498e-01,2.704649e-01,2.696831e-01,2.694921e-01,2.687159e-01,2.681377e-01,2.669842e-01,2.664380e-01,2.656796e-01,2.654944e-01,2.649303e-01,2.643489e-01,2.637896e-01,2.630269e-01,2.624732e-01,2.619025e-01,2.611505e-01,2.604028e-01,2.594771e-01,2.589235e-01,2.578100e-01,2.570809e-01,2.565329e-01,2.559872e-01,2.549171e-01,2.543780e-01,2.538412e-01,2.533066e-01,2.524299e-01,2.517303e-01,2.508643e-01,2.503419e-01,2.498215e-01,2.493033e-01,2.484535e-01,2.479449e-01,2.471226e-01,2.467791e-01,2.459462e-01,2.456058e-01,2.449420e-01,2.447474e-01,2.440880e-01,2.437525e-01,2.432395e-01,2.430472e-01,2.420615e-01,2.420286e-01,2.413651e-01,2.408614e-01,2.405162e-01,2.401711e-01,2.398098e-01,2.391359e-01,2.383330e-01,2.379766e-01,2.374680e-01,2.368098e-01,2.361549e-01,2.359544e-01,2.348516e-01,2.341891e-01,2.338433e-01,2.332033e-01,2.323994e-01,2.317665e-01,2.312821e-01,2.300582e-01,2.295802e-01,2.289613e-01,2.283625e-01,2.276058e-01,2.264550e-01,2.261461e-01,2.254199e-01,2.248552e-01,2.242933e-01,2.237340e-01,2.229038e-01,2.224854e-01,2.219515e-01,2.215365e-01,2.210070e-01,2.200839e-01,2.199519e-01,2.192822e-01,2.187633e-01,2.182469e-01,2.178615e-01,2.169805e-01,2.165996e-01,2.163470e-01,2.158418e-01,2.154648e-01,2.143367e-01,2.139811e-01,2.136105e-01,2.132412e-01,2.123813e-01,2.118942e-01,2.114094e-01,2.106690e-01,2.103096e-01,2.094543e-01,2.089804e-01,2.082563e-01,2.078892e-01,2.068221e-01,2.066765e-01,2.059676e-01,2.052610e-01,2.049038e-01,2.038659e-01,2.034007e-01,2.027133e-01,2.023621e-01,2.012541e-01,2.008002e-01,2.002386e-01,1.997890e-01,1.986910e-01,1.982328e-01,1.975785e-01,1.971230e-01,1.960549e-01,1.952803e-01,1.946275e-01,1.942744e-01,1.932039e-01,1.927539e-01,1.920871e-01,1.916269e-01,1.905536e-01,8.308732e-03,8.308732e-03,8.308732e-03,8.308732e-03,8.308732e-03,8.308732e-03,8.308732e-03,8.308732e-03,8.308732e-03,8.308732e-03,8.308732e-03,8.308732e-03,8.308732e-03,8.308732e-03,8.308732e-03,8.308732e-03,8.308732e-03,8.308732e-03,8.308732e-03,8.308732e-03,8.308732e-03,8.308732e-03,8.308732e-03,8.308732e-03,8.308732e-03,8.308732e-03,8.308732e-03,8.308732e-03,8.308732e-03,8.308732e-03,8.308732e-03,8.308732e-03,8.308732e-03,8.308732e-03,8.308732e-03,8.308732e-03,8.308732e-03,8.308732e-03,8.308732e-03,8.308732e-03,8.308732e-03,8.308732e-03,8.308732e-03,8.308732e-03,8.308732e-03,8.308732e-03,8.308732e-03,8.308732e-03,8.308732e-03,8.308732e-03,8.308732e-03,8.308732e-03,8.308732e-03,8.308732e-03,8.308732e-03,8.308732e-03,8.308732e-03,8.308732e-03,8.308732e-03,8.308732e-03,8.308732e-03,8.308732e-03,8.308732e-03,8.308732e-03,8.308732e-03,8.308732e-03,8.308732e-03,8.308732e-03,8.308732e-03,8.308732e-03,8.308732e-03,8.308732e-03,8.308732e-03,8.308732e-03,8.308732e-03,8.308732e-03,8.308732e-03,8.308732e-03,8.308732e-03,8.308732e-03,8.308732e-03,8.308732e-03,8.308732e-03,8.308732e-03,8.308732e-03,8.308732e-03,8.308732e-03,8.308732e-03,8.308732e-03,8.308732e-03,8.308732e-03,8.308732e-03,8.308732e-03,8.308732e-03,8.308732e-03,8.308732e-03,8.308732e-03,8.308732e-03,8.308732e-03,8.308732e-03,8.308732e-03,8.308732e-03,8.308732e-03,8.308732e-03,8.308732e-03,8.308732e-03,8.308732e-03,8.308732e-03,8.308732e-03,8.308732e-03,8.308732e-03,8.308732e-03,8.308732e-03,8.308732e-03,8.308732e-03,8.308732e-03,8.308732e-03,8.308732e-03,8.308732e-03,8.308732e-03,8.308732e-03,8.308732e-03,8.308732e-03,8.308732e-03,8.308732e-03,8.308732e-03,8.308732e-03,8.308732e-03,8.308732e-03,8.308732e-03,8.308732e-03,8.308732e-03,8.308732e-03,8.308732e-03,8.308732e-03,8.308732e-03,8.308732e-03,8.308732e-03,8.308732e-03,8.308732e-03,8.308732e-03,8.308732e-03,8.308732e-03,8.308732e-03,8.308732e-03,8.308732e-03,8.308732e-03,8.308732e-03,8.308732e-03,8.308732e-03,8.308732e-03,8.308732e-03,8.308732e-03,8.308732e-03,8.308732e-03,8.308732e-03,8.308732e-03,8.308732e-03,8.308732e-03,8.308732e-03,8.308732e-03
2.824892e-02,2.800991e-02,2.778117e-02,2.760823e-02,2.749912e-02,2.744583e-02,2.743511e-02,2.743598e-02,2.743325e-02,2.741800e-02,2.737721e-02,2.731318e-02,2.728629e-02,2.729812e-02,2.732057e-02,2.735307e-02,2.738677e-02,2.741470e-02,2.745129e-02,2.747024e-02,2.746319e-02,2.742036e-02,2.737730e-02,2.734096e-02,2.733827e-02,2.731677e-02,2.727007e-02,2.719977e-02,2.714856e-02,2.710164e-02,2.702705e-02,2.693408e-02,2.685869e-02,2.679846e-02,2.675938e-02,2.672845e-02,2.669761e-02,2.669505e-02,2.669787e-02,2.672006e-02,2.677285e-02,2.689039e-02,2.703676e-02,2.719354e-02,2.738186e-02,2.762149e-02,2.787687e-02,2.814381e-02,2.849560e-02,2.889797e-02,2.935051e-02,2.985421e-02,3.042102e-02,3.099487e-02,3.156869e-02,3.212460e-02,3.268251e-02,3.323384e-02,3.374694e-02,3.419504e-02,3.459119e-02,3.494981e-02,3.522164e-02,3.546117e-02,3.570400e-02,3.596988e-02,3.619698e-02,3.640094e-02,3.656092e-02,3.674281e-02,3.692800e-02,3.705467e-02,3.720098e-02,3.736552e-02,3.752935e-02,3.769278e-02,3.786737e-02,3.812016e-02,3.836734e-02,3.861932e-02,3.888654e-02,3.922753e-02,3.963186e-02,4.006805e-02,4.056379e-02,4.112313e-02,4.176076e-02,4.248344e-02,4.329531e-02,4.422032e-02,4.520406e-02,4.626911e-02,4.745375e-02,4.878248e-02,5.018498e-02,5.171077e-02,5.337197e-02,5.519196e-02,5.713334e-02,5.919704e-02,6.144759e-02,6.377890e-02,6.625523e-02,6.888634e-02,7.165194e-02,7.454245e-02,7.758371e-02,8.075755e-02,8.405093e-02,8.738201e-02,9.087362e-02,9.448625e-02,9.818144e-02,1.019433e-01,1.057324e-01,1.094627e-01,1.131054e-01,1.166089e-01,1.198990e-01,1.229424e-01,1.256749e-01,1.280622e-01,1.300798e-01,1.316696e-01,1.327704e-01,1.334122e-01,1.334661e-01,1.332090e-01,1.325450e-01,1.315434e-01,1.302636e-01,1.288633e-01,1.273863e-01,1.256104e-01,1.237371e-01,1.217880e-01,1.198029e-01,1.178030e-01,1.158493e-01,1.139257e-01,1.121643e-01,1.103014e-01,1.085277e-01,1.069697e-01,1.054392e-01,1.041212e-01,1.028370e-01,1.017445e-01,1.006640e-01,9.967000e-02,9.882166e-02,9.795287e-02,9.714290e-02,9.635303e-02,9.560002e-02,9.486159e-02,9.414326e-02,9.351065e-02,9.282362e-02,9.216251e-02,9.153476e-02,9.094013e-02,9.021742e-02,8.948090e-02,8.867578e-02,8.778143e-02,8.682927e-02,8.574659e-02,8.467263e-02,8.354240e-02,8.239163e-02,8.122885e-02,8.007361e-02,7.894354e-02,7.785640e-02,7.681108e-02,7.582073e-02,7.487843e-02,7.400146e-02,7.316497e-02,7.237568e-02,7.161411e-02,7.089526e-02,7.021993e-02,6.958104e-02,6.896873e-02,6.840699e-02,6.788265e-02,6.739953e-02,6.694285e-02,6.654025e-02,6.616846e-02,6.583138e-02,6.548766e-02,6.521511e-02,6.496938e-02,6.473731e-02,6.450498e-02,6.427819e-02,6.404427e-02,6.375844e-02,6.347403e-02,6.316693e-02,6.282872e-02,6.241074e-02,6.198730e-02,6.151538e-02,6.096779e-02,6.041148e-02,5.982093e-02,5.921425e-02,5.857847e-02,5.794932e-02,5.730519e-02,5.663651e-02,5.601519e-02,5.539273e-02,5.481605e-02,5.427492e-02,5.376964e-02,5.334448e-02,5.293105e-02,5.260368e-02,5.230118e-02,5.206791e-02,5.185590e-02,5.167945e-02,5.156984e-02,5.146302e-02,5.138569e-02,5.127318e-02,5.116823e-02,5.099920e-02,5.075841e-02,5.047417e-02,5.008101e-02,4.962210e-02,4.902747e-02,4.836778e-02,4.763678e-02,4.684178e-02,4.598584e-02,4.511549e-02,4.420448e-02,4.329834e-02,4.239736e-02,4.155409e-02,4.074658e-02,3.999397e-02,3.935548e-02,3.876172e-02,3.825446e-02,3.777928e-02,3.734064e-02,3.687449e-02,3.637365e-02,3.582443e-02,3.520645e-02,3.452186e-02,3.376150e-02,3.296061e-02,3.209793e-02,3.124399e-02,3.039298e-02,2.957881e-02,2.880130e-02,2.807938e-02,2.746059e-02,2.691071e-02,2.645371e-02,2.605167e-02,2.573414e-02,2.547629e-02,2.527209e-02,2.510776e-02,2.500338e-02,2.492806e-02,2.493293e-02,2.497661e-02,2.516533e-02,2.542703e-02,2.595630e-02,2.661210e-02,2.760952e-02,2.883773e-02,3.049895e-02,3.248010e-02,3.489197e-02,3.770782e-02,4.104585e-02,4.483637e-02,4.910426e-02,5.384661e-02,5.911422e-02,6.479283e-02,7.078961e-02,7.715796e-02,8.384703e-02,9.075776e-02,9.778608e-02,1.049668e-01,1.122786e-01,1.195267e-01,1.267188e-01,1.338697e-01,1.409293e-01,1.479244e-01,1.548402e-01,1.617063e-01,1.687640e-01,1.756099e-01,1.824236e-01,1.892533e-01,1.960968e-01,2.029895e-01,2.098821e-01,2.168290e-01,2.237938e-01,2.307714e-01,2.377877e-01,2.452809e-01,2.523319e-01,2.594033e-01,2.662996e-01,2.733258e-01,2.803182e-01,2.872747e-01,2.942060e-01,3.010362e-01,3.077812e-01,3.144258e-01,3.209420e-01,3.273973e-01,3.337515e-01,3.398238e-01,3.458143e-01,3.516903e-01,3.573810e-01,3.628017e-01,3.681964e-01,3.733823e-01,3.780868e-01,3.827824e-01,3.871146e-01,3.914306e-01,3.953865e-01,3.993281e-01,4.028984e-01,4.064376e-01,4.096696e-01,4.128504e-01,4.157754e-01,4.187339e-01,4.219102e-01,4.249496e-01,4.281980e-01,4.313173e-01,4.344510e-01,4.377951e-01,4.409751e-01,4.443751e-01,4.473897e-01,4.506009e-01,4.538110e-01,4.568075e-01,4.599816e-01,4.631465e-01,4.662836e-01,4.691658e-01,4.722084e-01,4.752125e-01,4.781531e-01,4.810119e-01,4.838051e-01,4.864961e-01,4.890866e-01,4.915773e-01,4.939348e-01,4.961593e-01,4.982390e-01,5.001672e-01,5.015014e-01,5.031041e-01,5.047169e-01,5.063439e-01,5.079768e-01,5.096374e-01,5.113167e-01,5.127214e-01,5.144198e-01,5.161284e-01,5.175727e-01,5.193246e-01,5.207935e-01,5.222640e-01,5.237529e-01,5.252567e-01,5.270639e-01,5.285941e-01,5.301353e-01,5.316826e-01,5.332457e-01,5.348182e-01,5.363994e-01,5.376844e-01,5.392935e-01,5.409161e-01,5.425416e-01,5.441985e-01,5.455258e-01,5.472012e-01,5.485525e-01,5.499111e-01,5.516224e-01,5.530024e-01,5.543921e-01,5.557879e-01,5.571900e-01,5.586058e-01,5.600370e-01,5.614732e-01,5.629047e-01,5.643483e-01,5.654435e-01,5.669133e-01,5.683688e-01,5.694293e-01,5.709190e-01,5.724118e-01,5.738660e-01,5.749845e-01,5.761132e-01,5.776085e-01,5.787254e-01,5.798895e-01,5.814624e-01,5.826255e-01,5.838142e-01,5.850202e-01,5.866245e-01,5.878386e-01,5.890684e-01,5.903034e-01,5.915393e-01,5.927936e-01,5.940555e-01,5.953254e-01,5.966071e-01,5.978946e-01,5.991742e-01,6.004867e-01,6.017984e-01,6.026722e-01,6.039977e-01,6.048901e-01,6.062250e-01,6.075591e-01,6.084755e-01,6.098428e-01,6.107413e-01,6.121186e-01,6.130412e-01,6.144213e-01,6.153541e-01,6.162882e-01,6.172152e-01,6.186177e-01,6.195612e-01,6.205112e-01,6.214782e-01,6.229111e-01,6.238537e-01,6.248125e-01,6.257859e-01,6.267351e-01,6.277018e-01,6.286857e-01,6.296506e-01,6.306407e-01,6.316248e-01,6.325977e-01,6.330850e-01,6.340885e-01,6.350860e-01,6.360912e-01,6.365950e-01,6.376234e-01,6.386564e-01,6.396565e-01,6.401718e-01,6.412118e-01,6.422363e-01,6.427468e-01,6.432717e-01,6.443391e-01,6.448567e-01,6.458856e-01,6.464194e-01,6.474894e-01,6.479920e-01,6.485149e-01,6.490457e-01,6.495427e-01,6.500522e-01,6.505980e-01,6.511386e-01,6.516575e-01,6.521431e-01,6.526594e-01,6.531934e-01,6.537288e-01,6.542363e-01,6.547143e-01,6.552103e-01,6.557425e-01,6.562823e-01,6.567642e-01,6.571647e-01,6.576311e-01,6.581434e-01,6.586530e-01,6.590809e-01,6.593884e-01,6.597938e-01,6.602357e-01,6.606545e-01,6.610682e-01,6.614766e-01,6.618316e-01,6.620524e-01,6.622819e-01,6.626365e-01,6.629270e-01,6.632221e-01,6.635700e-01,6.638030e-01,6.637901e-01,6.638962e-01,6.641279e-01,6.644187e-01,6.644700e-01,6.641534e-01,6.641989e-01,6.643701e-01,6.644179e-01,6.644085e-01,6.643349e-01,6.643828e-01,6.644972e-01,6.640631e-01,6.629643e-01,6.624729e-01,6.622853e-01,6.617954e-01,6.612525e-01,6.607648e-01,6.604572e-01,6.601560e-01,6.600279e-01,6.599717e-01,6.597903e-01,6.594246e-01,6.595446e-01,6.599525e-01,6.602539e-01,6.605436e-01,6.608420e-01,6.611923e-01,6.616692e-01,6.620192e-01,6.624939e-01,6.629114e-01,6.632594e-01,6.637325e-01,6.640777e-01,6.644940e-01,6.649719e-01,6.655607e-01,6.660406e-01,6.666483e-01,6.672477e-01,6.678585e-01,6.684089e-01,6.690833e-01,6.697029e-01,6.703865e-01,6.710067e-01,6.717568e-01,6.725136e-01,6.732002e-01,6.739008e-01,6.747238e-01,6.754927e-01,6.761884e-01,6.768936e-01,6.776672e-01,6.784414e-01,6.792088e-01,6.800505e-01,6.808325e-01,6.816125e-01,6.823950e-01,6.832415e-01,6.839633e-01,6.847536e-01,6.855465e-01,6.864087e-01,6.872048e-01,6.880688e-01,6.889449e-01,6.897543e-01,6.906366e-01,6.914517e-01,6.922718e-01,6.930286e-01,6.939280e-01,6.946901e-01,6.954510e-01,6.962180e-01,6.971270e-01,6.979694e-01,6.988146e-01,6.996576e-01,7.005088e-01,7.013576e-01,7.021381e-01,7.029210e-01,7.036346e-01,7.044889e-01,7.053544e-01,7.061422e-01,7.067171e-01,7.072933e-01,7.079411e-01,7.086665e-01,7.093941e-01,7.101237e-01,7.107815e-01,7.115151e-01,7.121766e-01,7.128397e-01,7.134328e-01,7.141050e-01,7.146981e-01,7.152261e-01,7.157523e-01,7.162824e-01,7.168894e-01,7.174949e-01,7.180362e-01,7.185770e-01,7.190427e-01,7.195843e-01,7.200444e-01,7.205809e-01,7.209572e-01,7.214111e-01,7.217873e-01,7.221580e-01,7.225205e-01,7.229561e-01,7.233837e-01,7.237331e-01,7.240767e-01,7.243340e-01,7.246634e-01,7.249151e-01,7.252302e-01,7.255458e-01,7.257627e-01,7.259864e-01,7.261953e-01,7.263903e-01,7.265919e-01,7.267796e-01,7.269543e-01,7.269695e-01,7.270634e-01,7.272211e-01,7.273724e-01,7.275227e-01,7.275082e-01,7.274855e-01,7.274627e-01,7.274248e-01,7.274658e-01,7.274203e-01,7.274468e-01,7.273870e-01,7.273211e-01,7.271696e-01,7.270115e-01,7.269268e-01,7.269125e-01,7.268136e-01,7.266293e-01,7.263600e-01,7.260842e-01,7.257244e-01,7.255920e-01,7.254529e-01,7.253104e-01,7.250120e-01,7.247141e-01,7.245731e-01,7.244312e-01,7.242118e-01,7.239150e-01,7.235411e-01,7.233237e-01,7.231828e-01,7.229647e-01,7.225925e-01,7.222916e-01,7.222284e-01,7.223204e-01,7.222572e-01,7.218863e-01,7.215161e-01,7.212294e-01,7.209368e-01,7.205758e-01,7.200615e-01,7.195483e-01,7.191882e-01,7.189046e-01,7.183184e-01,7.173579e-01,7.163248e-01,7.155205e-01,7.147191e-01,7.136233e-01,7.118626e-01,7.099016e-01,7.081684e-01,7.065920e-01,7.051004e-01,7.035446e-01,7.016406e-01,6.990587e-01,6.957416e-01,6.925390e-01,6.902519e-01,6.882536e-01,6.857448e-01,6.823565e-01,6.788855e-01,6.764769e-01,6.747838e-01,6.732905e-01,6.715591e-01,6.695338e-01,6.677092e-01,6.659094e-01,6.641142e-01,6.629331e-01,6.623521e-01,6.617727e-01,6.611990e-01,6.606269e-01,6.600563e-01,6.594914e-01,6.589280e-01,6.589509e-01,6.583889e-01,6.584178e-01,6.584449e-01,6.584678e-01,6.579072e-01,6.579301e-01,6.579488e-01,6.579675e-01,6.574042e-01,6.568381e-01,6.568527e-01,6.568672e-01,6.568775e-01,6.568920e-01,6.569065e-01,6.563379e-01,6.563524e-01,6.563669e-01,6.563877e-01,6.558247e-01,6.558393e-01,6.552778e-01,6.552923e-01,6.553110e-01,6.553214e-01,6.547615e-01,6.547760e-01,6.547864e-01,6.548010e-01,6.542384e-01,6.542488e-01,6.542592e-01,6.542696e-01,6.542759e-01,6.542864e-01,6.542968e-01,6.548801e-01,6.548905e-01,6.549009e-01,6.549113e-01,6.549217e-01,6.549321e-01,6.547596e-01,6.553437e-01,6.553541e-01,6.553645e-01,6.553748e-01,6.557767e-01,6.557829e-01,6.563693e-01,6.563797e-01,6.562061e-01,6.562122e-01,6.568038e-01,6.572079e-01,6.572243e-01,6.576333e-01,6.576478e-01,6.576624e-01,6.574964e-01,6.575152e-01,6.579289e-01,6.579477e-01,6.577815e-01,6.578047e-01,6.582188e-01,6.580568e-01,6.586613e-01,6.584946e-01,6.585179e-01,6.589392e-01,6.589582e-01,6.593743e-01,6.592072e-01,6.592262e-01,6.590548e-01,6.590695e-01,6.594814e-01,6.593055e-01,6.598998e-01,6.597236e-01,6.601321e-01,6.601380e-01,6.599616e-01,6.603704e-01,6.603807e-01,6.602042e-01,6.606191e-01,6.606338e-01,6.610480e-01,6.608754e-01,6.608901e-01,6.607176e-01,6.607323e-01,6.605600e-01,6.603924e-01,6.609931e-01,6.608207e-01,6.606529e-01,6.612542e-01,6.610816e-01,6.610963e-01,6.609238e-01,6.607515e-01,6.607663e-01,6.605955e-01,6.606102e-01,6.604338e-01,6.598643e-01,6.596886e-01,6.591167e-01,6.589416e-01,6.583718e-01,6.581930e-01,6.582033e-01,6.574514e-01,6.574618e-01,6.568960e-01,6.561487e-01,6.555924e-01,6.550316e-01,6.548601e-01,6.543013e-01,6.537439e-01,6.535735e-01,6.530181e-01,6.524641e-01,6.519116e-01,6.511816e-01,6.506324e-01,6.500846e-01,6.495382e-01,6.484391e-01,6.478970e-01,6.468062e-01,6.462681e-01,6.459059e-01,6.444782e-01,6.441191e-01,6.432196e-01,6.423238e-01,6.408965e-01,6.398406e-01,6.384295e-01,6.373856e-01,6.363468e-01,6.354793e-01,6.339313e-01,6.329091e-01,6.313794e-01,6.300227e-01,6.285134e-01,6.270147e-01,6.255264e-01,6.240485e-01,6.225885e-01,6.204882e-01,6.187161e-01,6.166535e-01,6.152360e-01,6.138280e-01,6.121105e-01,6.104070e-01,6.079644e-01,6.056946e-01,6.034491e-01,6.018142e-01,6.000511e-01,5.986014e-01,5.964279e-01,5.937135e-01,5.910342e-01,5.886558e-01,5.863224e-01,5.845554e-01,5.828036e-01,5.816016e-01,5.798774e-01,5.781676e-01,5.762039e-01,5.737452e-01,5.709320e-01,5.680367e-01,5.653014e-01,5.631048e-01,5.617806e-01,5.596222e-01,5.580756e-01,5.560686e-01,5.544347e-01,5.524641e-01,5.509705e-01,5.490341e-01,5.475664e-01,5.455408e-01,5.442969e-01,5.431691e-01,5.418363e-01,5.399863e-01,5.376078e-01,5.356830e-01,5.337756e-01,5.314719e-01,5.293937e-01,5.267219e-01,5.241015e-01,5.211218e-01,5.175197e-01,5.134017e-01,5.099310e-01,5.052369e-01,4.998577e-01,4.952306e-01,4.896150e-01,4.839113e-01,4.773499e-01,4.725336e-01,4.651928e-01,4.577970e-01,4.498992e-01,4.434447e-01,4.345588e-01,4.260019e-01,4.176949e-01,4.085058e-01,4.020669e-01,3.931671e-01,3.848242e-01,3.768593e-01,3.680937e-01,3.597292e-01,3.541256e-01,3.475846e-01,3.392904e-01,3.324040e-01,3.257761e-01,3.203825e-01,3.142885e-01,3.084346e-01,3.028662e-01,2.982685e-01,2.945060e-01,2.901190e-01,2.858755e-01,2.824513e-01,2.784160e-01,2.751255e-01,2.719193e-01,2.688132e-01,2.663661e-01,2.639672e-01,2.615663e-01,2.592248e-01,2.569283e-01,2.551892e-01,2.535087e-01,2.518235e-01,2.501414e-01,2.484992e-01,2.473765e-01,2.457772e-01,2.441954e-01,2.431136e-01,2.420419e-01,2.414710e-01,2.404296e-01,2.393976e-01,2.388544e-01,2.378513e-01,2.373115e-01,2.368032e-01,2.362723e-01,2.357543e-01,2.352530e-01,2.347436e-01,2.342326e-01,2.337379e-01,2.336855e-01,2.331971e-01,2.331729e-01,2.331488e-01,2.331284e-01,2.326665e-01,2.326285e-01,2.326221e-01,2.325981e-01,2.330395e-01,2.330191e-01,2.330090e-01,2.329747e-01,2.334037e-01,2.333693e-01,2.338139e-01,2.342462e-01,2.347124e-01,2.347022e-01,2.351276e-01,2.360146e-01,2.364740e-01,2.369313e-01,2.378368e-01,2.387457e-01,2.396808e-01,2.410750e-01,2.420297e-01,2.430036e-01,2.444281e-01,2.453915e-01,2.468620e-01,2.483469e-01,2.493481e-01,2.513795e-01,2.524237e-01,2.539815e-01,2.555648e-01,2.566593e-01,2.588264e-01,2.599032e-01,2.615268e-01,2.631957e-01,2.649012e-01,2.660522e-01,2.677795e-01,2.695366e-01,2.707513e-01,2.731810e-01,2.744121e-01,2.762807e-01,2.782035e-01,2.800936e-01,2.814306e-01,2.833908e-01,2.854621e-01,2.875072e-01,2.889075e-01,2.910016e-01,2.931591e-01,2.945981e-01,2.968329e-01,2.983843e-01,3.007148e-01,3.022563e-01,3.038471e-01,3.062427e-01,3.078555e-01,3.094876e-01,3.120117e-01,3.136941e-01,3.154242e-01,3.171691e-01,3.189153e-01,3.215617e-01,3.225241e-01,3.252760e-01,3.271776e-01,3.281194e-01,3.299993e-01,3.329311e-01,3.339729e-01,3.359625e-01,3.379871e-01,3.400327e-01,3.421149e-01,3.431915e-01,3.453111e-01,3.474357e-01,3.485098e-01,3.507153e-01,3.518563e-01,3.540332e-01,3.563219e-01,3.574620e-01,3.598401e-01,3.610148e-01,3.632902e-01,3.644916e-01,3.669433e-01,3.681646e-01,3.694040e-01,3.718950e-01,3.731955e-01,3.744751e-01,3.770070e-01,3.783503e-01,3.796723e-01,3.810050e-01,3.837205e-01,3.850874e-01,3.864659e-01,3.878915e-01,3.892942e-01,3.907091e-01,3.922178e-01,3.935611e-01,3.945360e-01,3.958432e-01,3.971234e-01,3.985048e-01,3.997053e-01,4.011653e-01,4.022255e-01,4.038604e-01,4.049471e-01,4.062350e-01,4.072882e-01,4.085537e-01,4.098200e-01,4.111052e-01,4.122402e-01,4.135862e-01,4.149009e-01,4.158460e-01,4.173857e-01,4.182918e-01,4.195197e-01,4.207123e-01,4.217433e-01,4.228798e-01,4.242120e-01,4.255465e-01,4.265412e-01,4.277186e-01,4.288383e-01,4.299174e-01,4.306472e-01,4.317853e-01,4.327030e-01,4.340947e-01,4.352649e-01,4.363674e-01,4.377981e-01,4.388666e-01,4.396246e-01,4.405757e-01,4.414014e-01,4.423011e-01,4.433365e-01,4.443684e-01,4.450896e-01,4.460708e-01,4.469230e-01,4.479853e-01,4.488562e-01,4.495875e-01,4.499325e-01,4.510031e-01,4.514232e-01,4.521735e-01,4.528530e-01,4.538121e-01,4.545072e-01,4.552607e-01,4.557559e-01,4.564583e-01,4.569471e-01,4.578615e-01,4.581459e-01,4.589996e-01,4.597812e-01,4.604894e-01,4.614214e-01,4.619235e-01,4.625135e-01,4.632418e-01,4.635345e-01,4.641980e-01,4.644922e-01,4.651591e-01,4.651695e-01,4.659090e-01,4.662845e-01,4.670179e-01,4.672561e-01,4.677740e-01,4.680831e-01,4.686032e-01,4.687018e-01,4.692930e-01,4.696035e-01,4.702779e-01,4.706704e-01,4.713487e-01,4.715910e-01,4.723537e-01,4.723009e-01,4.730568e-01,4.731572e-01,4.734124e-01,4.735755e-01,4.739756e-01,4.736973e-01,4.740253e-01,4.737372e-01,4.740662e-01,4.737157e-01,4.737452e-01,4.736114e-01,4.737947e-01,4.734351e-01,4.733925e-01,4.731861e-01,4.733689e-01,4.730199e-01,4.732026e-01,4.728539e-01,4.728125e-01,4.728229e-01,4.737878e-01,4.734381e-01,4.734684e-01,4.731933e-01,4.729268e-01,4.725799e-01,4.723859e-01,4.721114e-01,4.719989e-01,4.716538e-01,4.713898e-01,4.707517e-01,4.706309e-01,4.703674e-01,4.699540e-01,4.696211e-01,4.694297e-01,4.686482e-01,4.686864e-01,4.681269e-01,4.678662e-01,4.675968e-01,4.674762e-01,4.668603e-01,4.665925e-01,4.658925e-01,4.655664e-01,4.652319e-01,4.644689e-01,4.639317e-01,4.634551e-01,4.625553e-01,4.622356e-01,4.616872e-01,4.612167e-01,4.606136e-01,4.601460e-01,4.594047e-01,4.590819e-01,4.583362e-01,4.576683e-01,4.570029e-01,4.566182e-01,4.559569e-01,4.556316e-01,4.550387e-01,4.547240e-01,4.537948e-01,4.534094e-01,4.524880e-01,4.519791e-01,4.514629e-01,4.508131e-01,4.501658e-01,4.497178e-01,4.488870e-01,4.487014e-01,4.480535e-01,4.475396e-01,4.469662e-01,4.467727e-01,4.462015e-01,4.459473e-01,4.449860e-01,4.446033e-01,4.444735e-01,4.435811e-01,4.430117e-01,4.425126e-01,4.417584e-01,4.410082e-01,4.403963e-01,4.399056e-01,4.389189e-01,4.380053e-01,4.372791e-01,4.363655e-01,4.352830e-01,4.345683e-01,4.337340e-01,4.326679e-01,4.314302e-01,4.304338e-01,4.299140e-01,4.288074e-01,4.276526e-01,4.265055e-01,4.255375e-01,4.247992e-01,4.235558e-01,4.227119e-01,4.219858e-01,4.213168e-01,4.203779e-01,4.195498e-01,4.188904e-01,4.182860e-01,4.176316e-01,4.168694e-01,4.162723e-01,4.160532e-01,4.159958e-01,4.151896e-01,4.148693e-01,4.144403e-01,4.139614e-01,4.139059e-01,4.136391e-01,4.132709e-01,4.129543e-01,4.126878e-01,4.123723e-01,4.119061e-01,4.115989e-01,4.110846e-01,4.107289e-01,4.103172e-01,4.101626e-01,4.099583e-01,4.096965e-01,4.098046e-01,4.097634e-01,4.097155e-01,4.095117e-01,4.095706e-01,4.095711e-01,4.096792e-01,4.099926e-01,4.100510e-01,4.102159e-01,4.105229e-01,4.106877e-01,4.110598e-01,4.111185e-01,4.113843e-01,4.114345e-01,4.114922e-01,4.114499e-01,4.113506e-01,4.112508e-01,4.110440e-01,4.108863e-01,4.109437e-01,4.108942e-01,4.111590e-01,4.108521e-01,4.107947e-01,4.105885e-01,4.104891e-01,4.106464e-01,4.104970e-01,4.103977e-01,4.104555e-01,4.102991e-01,4.102996e-01,4.102010e-01,4.099469e-01,4.094376e-01,4.092342e-01,4.087626e-01,4.084613e-01,4.073353e-01,4.068285e-01,4.061706e-01,4.053556e-01,4.046488e-01,4.039449e-01,4.028496e-01,4.018482e-01,4.007597e-01,3.994446e-01,3.980873e-01,3.963993e-01,3.942584e-01,3.929876e-01,3.916747e-01,3.903355e-01,3.876380e-01,3.849420e-01,3.836496e-01,3.811021e-01,3.772706e-01,3.747349e-01,3.723248e-01,3.687357e-01,3.651824e-01,3.617150e-01,3.582871e-01,3.549628e-01,3.495281e-01,3.463606e-01,3.391808e-01,3.342127e-01,3.285711e-01,3.240369e-01,3.178744e-01,3.129077e-01,3.064871e-01,3.005206e-01,2.917991e-01,2.849197e-01,2.783819e-01,2.709329e-01,2.644574e-01,2.566467e-01,2.497673e-01,2.389910e-01,2.312691e-01,2.236573e-01,2.165352e-01,2.080982e-01,2.012460e-01,1.905969e-01,1.831681e-01,1.762622e-01,1.696004e-01,1.627133e-01,1.543475e-01,1.480015e-01,1.424648e-01,1.371385e-01,1.318550e-01,1.255533e-01,1.210371e-01,1.170376e-01,1.133826e-01,1.102406e-01,1.056134e-01,1.029298e-01,1.004470e-01,9.788173e-02,9.525939e-02,9.275204e-02,9.113434e-02,8.955946e-02,8.802993e-02,8.654638e-02,8.510207e-02,8.437395e-02,8.299650e-02,8.230230e-02,8.097889e-02,8.031852e-02,7.966498e-02,7.902914e-02,7.839865e-02,7.777829e-02,7.717107e-02,7.715467e-02,7.654478e-02,7.653179e-02,7.593728e-02,7.591564e-02,7.590649e-02,7.589403e-02,7.530741e-02,7.529501e-02,7.528597e-02,7.527537e-02,7.583860e-02,7.583677e-02,7.582794e-02,7.581542e-02,7.638391e-02,7.638390e-02,7.696536e-02,7.696021e-02,7.754873e-02,7.814358e-02,7.814039e-02,7.874826e-02,7.935901e-02,7.997792e-02,8.061428e-02,8.060927e-02,8.124712e-02,8.190494e-02,8.255832e-02,8.322995e-02,8.389937e-02,8.458469e-02,8.528463e-02,8.598722e-02,8.669982e-02,8.742752e-02,8.816078e-02,8.890468e-02,8.966430e-02,9.043022e-02,9.120250e-02,9.199352e-02,9.360112e-02,9.359912e-02,9.526578e-02,9.611641e-02,9.612010e-02,9.759264e-02,9.847581e-02,9.955638e-02,1.002957e-01,1.015972e-01,1.023584e-01,1.030314e-01,1.043062e-01,1.051960e-01,1.063142e-01,1.071373e-01,1.084993e-01,1.092417e-01,1.105389e-01,1.114277e-01,1.122131e-01,1.135692e-01,1.144946e-01,1.157886e-01,1.166181e-01,1.179436e-01,1.188047e-01,1.200522e-01,1.210656e-01,1.222126e-01,1.231222e-01,1.244517e-01,1.253915e-01,1.266179e-01,1.275785e-01,1.288531e-01,1.297131e-01,1.310207e-01,1.320381e-01,1.327755e-01,1.341364e-01,1.355230e-01,1.364507e-01,1.377117e-01,1.386672e-01,1.399576e-01,1.407675e-01,1.421052e-01,1.429273e-01,1.441182e-01,1.449676e-01,1.463743e-01,1.472427e-01,1.484805e-01,1.493544e-01,1.506499e-01,1.513546e-01,1.525914e-01,1.535111e-01,1.546418e-01,1.559920e-01,1.566788e-01,1.578538e-01,1.586233e-01,1.599716e-01,1.604764e-01,1.617058e-01,1.628826e-01,1.636992e-01,1.646775e-01,1.654386e-01,1.667414e-01,1.672878e-01,1.685431e-01,1.695773e-01,1.703824e-01,1.714384e-01,1.720147e-01,1.731695e-01,1.745109e-01,1.751073e-01,1.762203e-01,1.768281e-01,1.777008e-01,1.788459e-01,1.794714e-01,1.806387e-01,1.813631e-01,1.822797e-01,1.832054e-01,1.838599e-01,1.848014e-01,1.861283e-01,1.865173e-01,1.878684e-01,1.882645e-01,1.896404e-01,1.907361e-01,1.912402e-01,1.923540e-01,1.934806e-01,1.943092e-01,1.952441e-01,1.964043e-01,1.972578e-01,1.981185e-01,1.994170e-01,1.999674e-01,2.009577e-01,2.021861e-01,2.028594e-01,2.037695e-01,2.051427e-01,2.057252e-01,2.067730e-01,2.077185e-01,2.084295e-01,2.095050e-01,2.104757e-01,2.110889e-01,2.121921e-01,2.131878e-01,2.139370e-01,2.145706e-01,2.157108e-01,2.167400e-01,2.175143e-01,2.181696e-01,2.193490e-01,2.200155e-01,2.208137e-01,2.218928e-01,2.227049e-01,2.233928e-01,2.242162e-01,2.253293e-01,2.261672e-01,2.268764e-01,2.277261e-01,2.288757e-01,2.293078e-01,2.306124e-01,2.313504e-01,2.322346e-01,2.326797e-01,2.335753e-01,2.343328e-01,2.352405e-01,2.361555e-01,2.364694e-01,2.373953e-01,2.383277e-01,2.387972e-01,2.395901e-01,2.400648e-01,2.410190e-01,2.415007e-01,2.424667e-01,2.434407e-01,2.444228e-01,2.447599e-01,2.457531e-01,2.462549e-01,2.472607e-01,2.477675e-01,2.482765e-01,2.491375e-01,2.496522e-01,2.501693e-01,2.512088e-01,2.517325e-01,2.522601e-01,2.526201e-01,2.536809e-01,2.542154e-01,2.547539e-01,2.551214e-01,2.556624e-01,2.562057e-01,2.565792e-01,2.571267e-01,2.576765e-01,2.582289e-01,2.587837e-01,2.593410e-01,2.597242e-01,2.597256e-01,2.602872e-01,2.608514e-01,2.614181e-01,2.619893e-01,2.625612e-01,2.631358e-01,2.631373e-01,2.637144e-01,2.642943e-01,2.648786e-01,2.648800e-01,2.654651e-01,2.660529e-01,2.660561e-01,2.666465e-01,2.672398e-01,2.672409e-01,2.680273e-01,2.680303e-01,2.686301e-01,2.686311e-01,2.694262e-01,2.694294e-01,2.700358e-01,2.702307e-01,2.708410e-01,2.708423e-01,2.716533e-01,2.716546e-01,2.718519e-01,2.724700e-01,2.732913e-01,2.734911e-01,2.741170e-01,2.743181e-01,2.743192e-01,2.751502e-01,2.751534e-01,2.759900e-01,2.761939e-01,2.761951e-01,2.770385e-01,2.770398e-01,2.772478e-01,2.774539e-01,2.774554e-01,2.776621e-01,2.778692e-01,2.778727e-01,2.780804e-01,2.780820e-01,2.789385e-01,2.789424e-01,2.791518e-01,2.793617e-01,2.793637e-01,2.795740e-01,2.795782e-01,2.797889e-01,2.797911e-01,2.800023e-01,2.800065e-01,2.802180e-01,2.802203e-01,2.804323e-01,2.804366e-01,2.804389e-01,2.806512e-01,2.799962e-01,2.800005e-01,2.800029e-01,2.802145e-01,2.802167e-01,2.802209e-01,2.802233e-01,2.802255e-01,2.800183e-01,2.793681e-01,2.793703e-01,2.791643e-01,2.789586e-01,2.781051e-01,2.781090e-01,2.779048e-01,2.774954e-01,2.766512e-01,2.764491e-01,2.760459e-01,2.752106e-01,2.748092e-01,2.746099e-01,2.735840e-01,2.731875e-01,2.721741e-01,2.717817e-01,2.705826e-01,2.701950e-01,2.690102e-01,2.686272e-01,2.676470e-01,2.670784e-01,2.661110e-01,2.649631e-01,2.645919e-01,2.634574e-01,2.625157e-01,2.619691e-01,2.610383e-01,2.599348e-01,2.595787e-01,2.584877e-01,2.581347e-01,2.572314e-01,2.561604e-01,2.552710e-01,2.543879e-01,2.535109e-01,2.531719e-01,2.523033e-01,2.514408e-01,2.504180e-01,2.495685e-01,2.494040e-01,2.485614e-01,2.478871e-01,2.465492e-01,2.458861e-01,2.450672e-01,2.449084e-01,2.442538e-01,2.436025e-01,2.429548e-01,2.421552e-01,2.415151e-01,2.408783e-01,2.400922e-01,2.393112e-01,2.382142e-01,2.375943e-01,2.363648e-01,2.356077e-01,2.350014e-01,2.343982e-01,2.332013e-01,2.326072e-01,2.320160e-01,2.314277e-01,2.304011e-01,2.296811e-01,2.286697e-01,2.280979e-01,2.275290e-01,2.269628e-01,2.259747e-01,2.254151e-01,2.244401e-01,2.240217e-01,2.230583e-01,2.226448e-01,2.218233e-01,2.215441e-01,2.207304e-01,2.203251e-01,2.196478e-01,2.193738e-01,2.181790e-01,2.180344e-01,2.172454e-01,2.165862e-01,2.161953e-01,2.156656e-01,2.152778e-01,2.145092e-01,2.134860e-01,2.131056e-01,2.124703e-01,2.117195e-01,2.109737e-01,2.107198e-01,2.094990e-01,2.087681e-01,2.084035e-01,2.076800e-01,2.068491e-01,2.061358e-01,2.056673e-01,2.042648e-01,2.038043e-01,2.031109e-01,2.024220e-01,2.016311e-01,2.002789e-01,1.999418e-01,1.991695e-01,1.985057e-01,1.978462e-01,1.971907e-01,1.962187e-01,1.956756e-01,1.950337e-01,1.944967e-01,1.938620e-01,1.927059e-01,1.924940e-01,1.916611e-01,1.910436e-01,1.904297e-01,1.899161e-01,1.888038e-01,1.882983e-01,1.878901e-01,1.872949e-01,1.867968e-01,1.854278e-01,1.849390e-01,1.844524e-01,1.839682e-01,1.829195e-01,1.823530e-01,1.817897e-01,1.809522e-01,1.804846e-01,1.794755e-01,1.789284e-01,1.781150e-01,1.776607e-01,1.764128e-01,1.762296e-01,1.754385e-01,1.746574e-01,1.742190e-01,1.730151e-01,1.725032e-01,1.717424e-01,1.713208e-01,1.700744e-01,1.695782e-01,1.689185e-01,1.684283e-01,1.672237e-01,1.667423e-01,1.660270e-01,1.655557e-01,1.643844e-01,1.636137e-01,1.629264e-01,1.625394e-01,1.614104e-01,1.609586e-01,1.602914e-01,1.598451e-01,1.587497e-01,4.862594e-03,4.862594e-03,4.862594e-03,4.862594e-03,4.862594e-03,4.862594e-03,4.862594e-03,4.862594e-03,4.862594e-03,4.862594e-03,4.862594e-03,4.862594e-03,4.862594e-03,4.862594e-03,4.862594e-03,4.862594e-03,4.862594e-03,4.862594e-03,4.862594e-03,4.862594e-03,4.862594e-03,4.862594e-03,4.862594e-03,4.862594e-03,4.862594e-03,4.862594e-03,4.862594e-03,4.862594e-03,4.862594e-03,4.862594e-03,4.862594e-03,4.862594e-03,4.862594e-03,4.862594e-03,4.862594e-03,4.862594e-03,4.862594e-03,4.862594e-03,4.862594e-03,4.862594e-03,4.862594e-03,4.862594e-03,4.862594e-03,4.862594e-03,4.862594e-03,4.862594e-03,4.862594e-03,4.862594e-03,4.862594e-03,4.862594e-03,4.862594e-03,4.862594e-03,4.862594e-03,4.862594e-03,4.862594e-03,4.862594e-03,4.862594e-03,4.862594e-03,4.862594e-03,4.862594e-03,4.862594e-03,4.862594e-03,4.862594e-03,4.862594e-03,4.862594e-03,4.862594e-03,4.862594e-03,4.862594e-03,4.862594e-03,4.862594e-03,4.862594e-03,4.862594e-03,4.862594e-03,4.862594e-03,4.862594e-03,4.862594e-03,4.862594e-03,4.862594e-03,4.862594e-03,4.862594e-03,4.862594e-03,4.862594e-03,4.862594e-03,4.862594e-03,4.862594e-03,4.862594e-03,4.862594e-03,4.862594e-03,4.862594e-03,4.862594e-03,4.862594e-03,4.862594e-03,4.862594e-03,4.862594e-03,4.862594e-03,4.862594e-03,4.862594e-03,4.862594e-03,4.862594e-03,4.862594e-03,4.862594e-03,4.862594e-03,4.862594e-03,4.862594e-03,4.862594e-03,4.862594e-03,4.862594e-03,4.862594e-03,4.862594e-03,4.862594e-03,4.862594e-03,4.862594e-03,4.862594e-03,4.862594e-03,4.862594e-03,4.862594e-03,4.862594e-03,4.862594e-03,4.862594e-03,4.862594e-03,4.862594e-03,4.862594e-03,4.862594e-03,4.862594e-03,4.862594e-03,4.862594e-03,4.862594e-03,4.862594e-03,4.862594e-03,4.862594e-03,4.862594e-03,4.862594e-03,4.862594e-03,4.862594e-03,4.862594e-03,4.862594e-03,4.862594e-03,4.862594e-03,4.862594e-03,4.862594e-03,4.862594e-03,4.862594e-03,4.862594e-03,4.862594e-03,4.862594e-03,4.862594e-03,4.862594e-03,4.862594e-03,4.862594e-03,4.862594e-03,4.862594e-03,4.862594e-03,4.862594e-03,4.862594e-03,4.862594e-03,4.862594e-03,4.862594e-03,4.862594e-03,4.862594e-03,4.862594e-03,4.862594e-03
4.273867e-02,4.272641e-02,4.271349e-02,4.270215e-02,4.269235e-02,4.273655e-02,4.283296e-02,4.287837e-02,4.297636e-02,4.307276e-02,4.317003e-02,4.326536e-02,4.341548e-02,4.356640e-02,4.371614e-02,4.386753e-02,4.401896e-02,4.417028e-02,4.432320e-02,4.452697e-02,4.467891e-02,4.483005e-02,4.503383e-02,4.518652e-02,4.539264e-02,4.559699e-02,4.580223e-02,4.600835e-02,4.621353e-02,4.647142e-02,4.673011e-02,4.698706e-02,4.729844e-02,4.760874e-02,4.792085e-02,4.823315e-02,4.854402e-02,4.885686e-02,4.922241e-02,4.953424e-02,4.984811e-02,5.016329e-02,5.047775e-02,5.074127e-02,5.105689e-02,5.132260e-02,5.158900e-02,5.180198e-02,5.207169e-02,5.229087e-02,5.251102e-02,5.273535e-02,5.291050e-02,5.308737e-02,5.326551e-02,5.344451e-02,5.362620e-02,5.380774e-02,5.393569e-02,5.411576e-02,5.429278e-02,5.446862e-02,5.464150e-02,5.481169e-02,5.498378e-02,5.515624e-02,5.532781e-02,5.549821e-02,5.566485e-02,5.583380e-02,5.600242e-02,5.616661e-02,5.628023e-02,5.644736e-02,5.656049e-02,5.672750e-02,5.689513e-02,5.706798e-02,5.723941e-02,5.746528e-02,5.769249e-02,5.797709e-02,5.826784e-02,5.856103e-02,5.891208e-02,5.932325e-02,5.968845e-02,6.006205e-02,6.049945e-02,6.094839e-02,6.135321e-02,6.176931e-02,6.225473e-02,6.270393e-02,6.316917e-02,6.365342e-02,6.416107e-02,6.469248e-02,6.519786e-02,6.578374e-02,6.640198e-02,6.705340e-02,6.773694e-02,6.840693e-02,6.916995e-02,6.997362e-02,7.082400e-02,7.172269e-02,7.267112e-02,7.371747e-02,7.476119e-02,7.591210e-02,7.706040e-02,7.832085e-02,7.962826e-02,8.095846e-02,8.236483e-02,8.372742e-02,8.507935e-02,8.641062e-02,8.769913e-02,8.892104e-02,9.007240e-02,9.112159e-02,9.199251e-02,9.273286e-02,9.334342e-02,9.381541e-02,9.416161e-02,9.427786e-02,9.435761e-02,9.428682e-02,9.414974e-02,9.389043e-02,9.359604e-02,9.326754e-02,9.292539e-02,9.251416e-02,9.217118e-02,9.177542e-02,9.145517e-02,9.115699e-02,9.087944e-02,9.063953e-02,9.048406e-02,9.031023e-02,9.022148e-02,9.021925e-02,9.018362e-02,9.028116e-02,9.034066e-02,9.046716e-02,9.060464e-02,9.080474e-02,9.100841e-02,9.120852e-02,9.140497e-02,9.160475e-02,9.185924e-02,9.206292e-02,9.232897e-02,9.253439e-02,9.277596e-02,9.294327e-02,9.309235e-02,9.322181e-02,9.333647e-02,9.343435e-02,9.352124e-02,9.359736e-02,9.361613e-02,9.363474e-02,9.365799e-02,9.374573e-02,9.379239e-02,9.379790e-02,9.387310e-02,9.396343e-02,9.407102e-02,9.419041e-02,9.432215e-02,9.446403e-02,9.461652e-02,9.477985e-02,9.500579e-02,9.518578e-02,9.537745e-02,9.557717e-02,9.578633e-02,9.594819e-02,9.617579e-02,9.635631e-02,9.659803e-02,9.679242e-02,9.699487e-02,9.720324e-02,9.736086e-02,9.757293e-02,9.778591e-02,9.799745e-02,9.820474e-02,9.840584e-02,9.860243e-02,9.879189e-02,9.897153e-02,9.919758e-02,9.936065e-02,9.951519e-02,9.966269e-02,9.975130e-02,9.989114e-02,9.997870e-02,1.001166e-01,1.002003e-01,1.002857e-01,1.003762e-01,1.004726e-01,1.005210e-01,1.006301e-01,1.007506e-01,1.008819e-01,1.010194e-01,1.011688e-01,1.013266e-01,1.014932e-01,1.016668e-01,1.018465e-01,1.020339e-01,1.022258e-01,1.024187e-01,1.026092e-01,1.027979e-01,1.029795e-01,1.030956e-01,1.032552e-01,1.034006e-01,1.035329e-01,1.036471e-01,1.037530e-01,1.038467e-01,1.039895e-01,1.041250e-01,1.042590e-01,1.043926e-01,1.045302e-01,1.046718e-01,1.048231e-01,1.049830e-01,1.051523e-01,1.053371e-01,1.055295e-01,1.057343e-01,1.058900e-01,1.060506e-01,1.062094e-01,1.063664e-01,1.065188e-01,1.066659e-01,1.068084e-01,1.068944e-01,1.070316e-01,1.071680e-01,1.072547e-01,1.074001e-01,1.075522e-01,1.077089e-01,1.078742e-01,1.080472e-01,1.082276e-01,1.084658e-01,1.086568e-01,1.089040e-01,1.091031e-01,1.093563e-01,1.096128e-01,1.098705e-01,1.101309e-01,1.103931e-01,1.107096e-01,1.109808e-01,1.112539e-01,1.115414e-01,1.118358e-01,1.122048e-01,1.125435e-01,1.129213e-01,1.133406e-01,1.138228e-01,1.143753e-01,1.149722e-01,1.157302e-01,1.165613e-01,1.175855e-01,1.187161e-01,1.200093e-01,1.214510e-01,1.230598e-01,1.248178e-01,1.267286e-01,1.286996e-01,1.308481e-01,1.330849e-01,1.353438e-01,1.377087e-01,1.401224e-01,1.425643e-01,1.450353e-01,1.475263e-01,1.500426e-01,1.525928e-01,1.552293e-01,1.578870e-01,1.605815e-01,1.633072e-01,1.660771e-01,1.688681e-01,1.717629e-01,1.746191e-01,1.774957e-01,1.803356e-01,1.832560e-01,1.861117e-01,1.889782e-01,1.918401e-01,1.946885e-01,1.975174e-01,2.003231e-01,2.030802e-01,2.058089e-01,2.084874e-01,2.111076e-01,2.137268e-01,2.162303e-01,2.187416e-01,2.212291e-01,2.235514e-01,2.258036e-01,2.279579e-01,2.300272e-01,2.320167e-01,2.339002e-01,2.356730e-01,2.372978e-01,2.388171e-01,2.402587e-01,2.416019e-01,2.428677e-01,2.440370e-01,2.450474e-01,2.460657e-01,2.469979e-01,2.479334e-01,2.488727e-01,2.498160e-01,2.507593e-01,2.517039e-01,2.526458e-01,2.535841e-01,2.545199e-01,2.554477e-01,2.563694e-01,2.572787e-01,2.581784e-01,2.590649e-01,2.599350e-01,2.607903e-01,2.616263e-01,2.624415e-01,2.632326e-01,2.640008e-01,2.647416e-01,2.654528e-01,2.661338e-01,2.668606e-01,2.674733e-01,2.680485e-01,2.685830e-01,2.690770e-01,2.695273e-01,2.698519e-01,2.702096e-01,2.704579e-01,2.707898e-01,2.710410e-01,2.712924e-01,2.715454e-01,2.717175e-01,2.719704e-01,2.722202e-01,2.724718e-01,2.727255e-01,2.729759e-01,2.732291e-01,2.734796e-01,2.738117e-01,2.740619e-01,2.743126e-01,2.745662e-01,2.748170e-01,2.749875e-01,2.752400e-01,2.754100e-01,2.755796e-01,2.757513e-01,2.759202e-01,2.760899e-01,2.762596e-01,2.764305e-01,2.766012e-01,2.767687e-01,2.769386e-01,2.771067e-01,2.773548e-01,2.776048e-01,2.778531e-01,2.781014e-01,2.783494e-01,2.785968e-01,2.788448e-01,2.791740e-01,2.794221e-01,2.796684e-01,2.799953e-01,2.802414e-01,2.805694e-01,2.808140e-01,2.810555e-01,2.813021e-01,2.815477e-01,2.817068e-01,2.818690e-01,2.820317e-01,2.821120e-01,2.821910e-01,2.822748e-01,2.823608e-01,2.824427e-01,2.824462e-01,2.825314e-01,2.826165e-01,2.827008e-01,2.827861e-01,2.829517e-01,2.830360e-01,2.832022e-01,2.833684e-01,2.835325e-01,2.836992e-01,2.839464e-01,2.841112e-01,2.843594e-01,2.846066e-01,2.848517e-01,2.850990e-01,2.853451e-01,2.855920e-01,2.858381e-01,2.860832e-01,2.863313e-01,2.865756e-01,2.868233e-01,2.870692e-01,2.872349e-01,2.874808e-01,2.876457e-01,2.878076e-01,2.879729e-01,2.881374e-01,2.882212e-01,2.883871e-01,2.884718e-01,2.885517e-01,2.886345e-01,2.887184e-01,2.887186e-01,2.888010e-01,2.888828e-01,2.889643e-01,2.890477e-01,2.891301e-01,2.892902e-01,2.894520e-01,2.896162e-01,2.898586e-01,2.901030e-01,2.903467e-01,2.905927e-01,2.909180e-01,2.911607e-01,2.914859e-01,2.917316e-01,2.919739e-01,2.922982e-01,2.925427e-01,2.927881e-01,2.930317e-01,2.932747e-01,2.935178e-01,2.937639e-01,2.940056e-01,2.941679e-01,2.943293e-01,2.944891e-01,2.946500e-01,2.948124e-01,2.949758e-01,2.951372e-01,2.952957e-01,2.954551e-01,2.956176e-01,2.957801e-01,2.959401e-01,2.961772e-01,2.964174e-01,2.966605e-01,2.969027e-01,2.971415e-01,2.973733e-01,2.976092e-01,2.979317e-01,2.981725e-01,2.984050e-01,2.987102e-01,2.989407e-01,2.991758e-01,2.994088e-01,2.996399e-01,2.998720e-01,3.000982e-01,3.002239e-01,3.004411e-01,3.005903e-01,3.008125e-01,3.009568e-01,3.011022e-01,3.012367e-01,3.013569e-01,3.014823e-01,3.015398e-01,3.016851e-01,3.018046e-01,3.018998e-01,3.020202e-01,3.020728e-01,3.021980e-01,3.023126e-01,3.024279e-01,3.025531e-01,3.026826e-01,3.028497e-01,3.028745e-01,3.030367e-01,3.031412e-01,3.033035e-01,3.034600e-01,3.036222e-01,3.037994e-01,3.039759e-01,3.041681e-01,3.044511e-01,3.046376e-01,3.048099e-01,3.051030e-01,3.053400e-01,3.056530e-01,3.058800e-01,3.061113e-01,3.063434e-01,3.065848e-01,3.067400e-01,3.068997e-01,3.070592e-01,3.071326e-01,3.072104e-01,3.072020e-01,3.072797e-01,3.073624e-01,3.073691e-01,3.074518e-01,3.076263e-01,3.077197e-01,3.078943e-01,3.080640e-01,3.083262e-01,3.085828e-01,3.088445e-01,3.091068e-01,3.093736e-01,3.097226e-01,3.099852e-01,3.103341e-01,3.106063e-01,3.109605e-01,3.112235e-01,3.114907e-01,3.118404e-01,3.121128e-01,3.123038e-01,3.125766e-01,3.128493e-01,3.130398e-01,3.132304e-01,3.134268e-01,3.136123e-01,3.138030e-01,3.139938e-01,3.141897e-01,3.143031e-01,3.144998e-01,3.147782e-01,3.149742e-01,3.152527e-01,3.154488e-01,3.157224e-01,3.159959e-01,3.163573e-01,3.166310e-01,3.169055e-01,3.171793e-01,3.174636e-01,3.177427e-01,3.180220e-01,3.182188e-01,3.184982e-01,3.186950e-01,3.188868e-01,3.190785e-01,3.192709e-01,3.193852e-01,3.195873e-01,3.196965e-01,3.197951e-01,3.198937e-01,3.199926e-01,3.201016e-01,3.202107e-01,3.203198e-01,3.204237e-01,3.205329e-01,3.206368e-01,3.207408e-01,3.208445e-01,3.210314e-01,3.211302e-01,3.213117e-01,3.214882e-01,3.216697e-01,3.218566e-01,3.220384e-01,3.223022e-01,3.225669e-01,3.228264e-01,3.231742e-01,3.234339e-01,3.237818e-01,3.241193e-01,3.244622e-01,3.248830e-01,3.252208e-01,3.256418e-01,3.259842e-01,3.263275e-01,3.267488e-01,3.270870e-01,3.275032e-01,3.278415e-01,3.281746e-01,3.285130e-01,3.288516e-01,3.291007e-01,3.293506e-01,3.296005e-01,3.297671e-01,3.300170e-01,3.301836e-01,3.302660e-01,3.304219e-01,3.305831e-01,3.307497e-01,3.308328e-01,3.309993e-01,3.311545e-01,3.313103e-01,3.314662e-01,3.316220e-01,3.317833e-01,3.319391e-01,3.320996e-01,3.322555e-01,3.324113e-01,3.325618e-01,3.327123e-01,3.328674e-01,3.330287e-01,3.331845e-01,3.333350e-01,3.334801e-01,3.336252e-01,3.337642e-01,3.339200e-01,3.340759e-01,3.342317e-01,3.343768e-01,3.345219e-01,3.346771e-01,3.348330e-01,3.349835e-01,3.351287e-01,3.352685e-01,3.354184e-01,3.355744e-01,3.357250e-01,3.358649e-01,3.359264e-01,3.360878e-01,3.362593e-01,3.364207e-01,3.365606e-01,3.367006e-01,3.369297e-01,3.370750e-01,3.372981e-01,3.375111e-01,3.377242e-01,3.379480e-01,3.381772e-01,3.383849e-01,3.385652e-01,3.387408e-01,3.389325e-01,3.391242e-01,3.392944e-01,3.393327e-01,3.394388e-01,3.394774e-01,3.395268e-01,3.395812e-01,3.396308e-01,3.395703e-01,3.395406e-01,3.393694e-01,3.392042e-01,3.391082e-01,3.390335e-01,3.389172e-01,3.387280e-01,3.385294e-01,3.384148e-01,3.383577e-01,3.383164e-01,3.382546e-01,3.381672e-01,3.380956e-01,3.381073e-01,3.380362e-01,3.380997e-01,3.382146e-01,3.383295e-01,3.385274e-01,3.387254e-01,3.389234e-01,3.392045e-01,3.394857e-01,3.398181e-01,3.400993e-01,3.404320e-01,3.408477e-01,3.411805e-01,3.414618e-01,3.417947e-01,3.420444e-01,3.422941e-01,3.424924e-01,3.426074e-01,3.427740e-01,3.429406e-01,3.430240e-01,3.431906e-01,3.433573e-01,3.433891e-01,3.435558e-01,3.437225e-01,3.438893e-01,3.440045e-01,3.441712e-01,3.442864e-01,3.444532e-01,3.447032e-01,3.447867e-01,3.449019e-01,3.450688e-01,3.451523e-01,3.453191e-01,3.453510e-01,3.454346e-01,3.455181e-01,3.456016e-01,3.456018e-01,3.456854e-01,3.457689e-01,3.459041e-01,3.459877e-01,3.460712e-01,3.461548e-01,3.462384e-01,3.463220e-01,3.463975e-01,3.465328e-01,3.466164e-01,3.467000e-01,3.467836e-01,3.469109e-01,3.469110e-01,3.470465e-01,3.471301e-01,3.472056e-01,3.472058e-01,3.474248e-01,3.475522e-01,3.476360e-01,3.478470e-01,3.480142e-01,3.481815e-01,3.484242e-01,3.486751e-01,3.489699e-01,3.492209e-01,3.494638e-01,3.497986e-01,3.500937e-01,3.504204e-01,3.508077e-01,3.510508e-01,3.513860e-01,3.516818e-01,3.519333e-01,3.522291e-01,3.524725e-01,3.527242e-01,3.528838e-01,3.530517e-01,3.532639e-01,3.533397e-01,3.534764e-01,3.535522e-01,3.536807e-01,3.536808e-01,3.537567e-01,3.538852e-01,3.539693e-01,3.540451e-01,3.541738e-01,3.543419e-01,3.545545e-01,3.547143e-01,3.548825e-01,3.550424e-01,3.552106e-01,3.553705e-01,3.556145e-01,3.558356e-01,3.559956e-01,3.562397e-01,3.564610e-01,3.566211e-01,3.567895e-01,3.569496e-01,3.571097e-01,3.572782e-01,3.573543e-01,3.575228e-01,3.575988e-01,3.577143e-01,3.577903e-01,3.578216e-01,3.578976e-01,3.579290e-01,3.579209e-01,3.580052e-01,3.580283e-01,3.581127e-01,3.581441e-01,3.581672e-01,3.581990e-01,3.582305e-01,3.583066e-01,3.583381e-01,3.583697e-01,3.584458e-01,3.584774e-01,3.585091e-01,3.585407e-01,3.585642e-01,3.585959e-01,3.586277e-01,3.586595e-01,3.586388e-01,3.586706e-01,3.586501e-01,3.586820e-01,3.587222e-01,3.586855e-01,3.587258e-01,3.587138e-01,3.587020e-01,3.586381e-01,3.586183e-01,3.585548e-01,3.585353e-01,3.585159e-01,3.585047e-01,3.584338e-01,3.584148e-01,3.583443e-01,3.582822e-01,3.582122e-01,3.581424e-01,3.580730e-01,3.580037e-01,3.579354e-01,3.578078e-01,3.576966e-01,3.575699e-01,3.575022e-01,3.574347e-01,3.573250e-01,3.572157e-01,3.570408e-01,3.568746e-01,3.567090e-01,3.566017e-01,3.564870e-01,3.564145e-01,3.561680e-01,3.559483e-01,3.557296e-01,3.555273e-01,3.553517e-01,3.552332e-01,3.551150e-01,3.551362e-01,3.551015e-01,3.550672e-01,3.549927e-01,3.548631e-01,3.546865e-01,3.545036e-01,3.543294e-01,3.542362e-01,3.542455e-01,3.541533e-01,3.541236e-01,3.539577e-01,3.538392e-01,3.536745e-01,3.535644e-01,3.534009e-01,3.532917e-01,3.530977e-01,3.528977e-01,3.527872e-01,3.526628e-01,3.524211e-01,3.520962e-01,3.519068e-01,3.516366e-01,3.513152e-01,3.510091e-01,3.505334e-01,3.501647e-01,3.496652e-01,3.490754e-01,3.483996e-01,3.477342e-01,3.468641e-01,3.458733e-01,3.449823e-01,3.439034e-01,3.427729e-01,3.413852e-01,3.402676e-01,3.387085e-01,3.371222e-01,3.354290e-01,3.339821e-01,3.319600e-01,3.300447e-01,3.281187e-01,3.259574e-01,3.244211e-01,3.222235e-01,3.201661e-01,3.180796e-01,3.158248e-01,3.136245e-01,3.121355e-01,3.103171e-01,3.080049e-01,3.060218e-01,3.040824e-01,3.024466e-01,3.005984e-01,2.987258e-01,2.969723e-01,2.954830e-01,2.941640e-01,2.927201e-01,2.913052e-01,2.901260e-01,2.888306e-01,2.877531e-01,2.866935e-01,2.857237e-01,2.849578e-01,2.842716e-01,2.835915e-01,2.829193e-01,2.823256e-01,2.819142e-01,2.815135e-01,2.811172e-01,2.807184e-01,2.803953e-01,2.802453e-01,2.799349e-01,2.796241e-01,2.794821e-01,2.793420e-01,2.793742e-01,2.793073e-01,2.791743e-01,2.792112e-01,2.791511e-01,2.791843e-01,2.792229e-01,2.792618e-01,2.792987e-01,2.793384e-01,2.793809e-01,2.794189e-01,2.793923e-01,2.795224e-01,2.795011e-01,2.796361e-01,2.797710e-01,2.799109e-01,2.798899e-01,2.800224e-01,2.801648e-01,2.802997e-01,2.805958e-01,2.807358e-01,2.809408e-01,2.811459e-01,2.815078e-01,2.817131e-01,2.820783e-01,2.824417e-01,2.828159e-01,2.830890e-01,2.834565e-01,2.839826e-01,2.844249e-01,2.847951e-01,2.853313e-01,2.858648e-01,2.864084e-01,2.871133e-01,2.876630e-01,2.881444e-01,2.888642e-01,2.893462e-01,2.900777e-01,2.907409e-01,2.912378e-01,2.920885e-01,2.925957e-01,2.932790e-01,2.939040e-01,2.944191e-01,2.953100e-01,2.958295e-01,2.965339e-01,2.972524e-01,2.979748e-01,2.985124e-01,2.992422e-01,2.999835e-01,3.005358e-01,3.014897e-01,3.020478e-01,3.028113e-01,3.035901e-01,3.044368e-01,3.050135e-01,3.058046e-01,3.066113e-01,3.074204e-01,3.080173e-01,3.087622e-01,3.095949e-01,3.101303e-01,3.109745e-01,3.115296e-01,3.123242e-01,3.128757e-01,3.134399e-01,3.141721e-01,3.147417e-01,3.153150e-01,3.161433e-01,3.167263e-01,3.173172e-01,3.179070e-01,3.185019e-01,3.193551e-01,3.197071e-01,3.205819e-01,3.211988e-01,3.215492e-01,3.221643e-01,3.230691e-01,3.233605e-01,3.239931e-01,3.245608e-01,3.252026e-01,3.258539e-01,3.262257e-01,3.268793e-01,3.276131e-01,3.280569e-01,3.288029e-01,3.293354e-01,3.301508e-01,3.309857e-01,3.315918e-01,3.324402e-01,3.329802e-01,3.338136e-01,3.343581e-01,3.352194e-01,3.356879e-01,3.361625e-01,3.369544e-01,3.373575e-01,3.377615e-01,3.384831e-01,3.388152e-01,3.392249e-01,3.395591e-01,3.402234e-01,3.405617e-01,3.409012e-01,3.412431e-01,3.415854e-01,3.419290e-01,3.422804e-01,3.425983e-01,3.428388e-01,3.431492e-01,3.434596e-01,3.437958e-01,3.441573e-01,3.445056e-01,3.448304e-01,3.452942e-01,3.456251e-01,3.459934e-01,3.463988e-01,3.467677e-01,3.472120e-01,3.476615e-01,3.480764e-01,3.485299e-01,3.490615e-01,3.494377e-01,3.499311e-01,3.503033e-01,3.507261e-01,3.511481e-01,3.514552e-01,3.517707e-01,3.521473e-01,3.524262e-01,3.526474e-01,3.528904e-01,3.531245e-01,3.532776e-01,3.534353e-01,3.535914e-01,3.537875e-01,3.540679e-01,3.542293e-01,3.544411e-01,3.547273e-01,3.549377e-01,3.550946e-01,3.552734e-01,3.554369e-01,3.556102e-01,3.558962e-01,3.561794e-01,3.563149e-01,3.565755e-01,3.568209e-01,3.571092e-01,3.573588e-01,3.576524e-01,3.577909e-01,3.580773e-01,3.582430e-01,3.584607e-01,3.586690e-01,3.589267e-01,3.591389e-01,3.593542e-01,3.595270e-01,3.597397e-01,3.599095e-01,3.601625e-01,3.602926e-01,3.605398e-01,3.607598e-01,3.609705e-01,3.612249e-01,3.613957e-01,3.615976e-01,3.618123e-01,3.619431e-01,3.621518e-01,3.622827e-01,3.624916e-01,3.625757e-01,3.628721e-01,3.630128e-01,3.632256e-01,3.633536e-01,3.635258e-01,3.636603e-01,3.638327e-01,3.638669e-01,3.639647e-01,3.640183e-01,3.641444e-01,3.642262e-01,3.643525e-01,3.643997e-01,3.645545e-01,3.645541e-01,3.646872e-01,3.647216e-01,3.648720e-01,3.649098e-01,3.650732e-01,3.651316e-01,3.652887e-01,3.653252e-01,3.655636e-01,3.656155e-01,3.657248e-01,3.657962e-01,3.659404e-01,3.659704e-01,3.660732e-01,3.660568e-01,3.662010e-01,3.662529e-01,3.663972e-01,3.664491e-01,3.666335e-01,3.667179e-01,3.669933e-01,3.670453e-01,3.672362e-01,3.674577e-01,3.676006e-01,3.677341e-01,3.678836e-01,3.680236e-01,3.682017e-01,3.683352e-01,3.684783e-01,3.684823e-01,3.686574e-01,3.687190e-01,3.687646e-01,3.688197e-01,3.689067e-01,3.687944e-01,3.689260e-01,3.688552e-01,3.688353e-01,3.688125e-01,3.688245e-01,3.687504e-01,3.687276e-01,3.686223e-01,3.685961e-01,3.685669e-01,3.684554e-01,3.683883e-01,3.683245e-01,3.681789e-01,3.681530e-01,3.680614e-01,3.679980e-01,3.679034e-01,3.678402e-01,3.677298e-01,3.676827e-01,3.675511e-01,3.674476e-01,3.673443e-01,3.672099e-01,3.671069e-01,3.670570e-01,3.669605e-01,3.669140e-01,3.667435e-01,3.666876e-01,3.665987e-01,3.665936e-01,3.665852e-01,3.665433e-01,3.665014e-01,3.664997e-01,3.664216e-01,3.665471e-01,3.664848e-01,3.663752e-01,3.663405e-01,3.662832e-01,3.661503e-01,3.660870e-01,3.658722e-01,3.657760e-01,3.657254e-01,3.655178e-01,3.653829e-01,3.652751e-01,3.651016e-01,3.650091e-01,3.648727e-01,3.648463e-01,3.647098e-01,3.646809e-01,3.646105e-01,3.644814e-01,3.643346e-01,3.642651e-01,3.641636e-01,3.640183e-01,3.637552e-01,3.635369e-01,3.634268e-01,3.631776e-01,3.629232e-01,3.626697e-01,3.624544e-01,3.622029e-01,3.619201e-01,3.617184e-01,3.614686e-01,3.613049e-01,3.610930e-01,3.608933e-01,3.607308e-01,3.605744e-01,3.604126e-01,3.603000e-01,3.601446e-01,3.601475e-01,3.601073e-01,3.599901e-01,3.599819e-01,3.599433e-01,3.598992e-01,3.600182e-01,3.600160e-01,3.600026e-01,3.599949e-01,3.600080e-01,3.600004e-01,3.599761e-01,3.599877e-01,3.599579e-01,3.599641e-01,3.599458e-01,3.599745e-01,3.599977e-01,3.600111e-01,3.601058e-01,3.601836e-01,3.602426e-01,3.602658e-01,3.604342e-01,3.605135e-01,3.606082e-01,3.606649e-01,3.607541e-01,3.608734e-01,3.610054e-01,3.610454e-01,3.611269e-01,3.612160e-01,3.612673e-01,3.612730e-01,3.612033e-01,3.612019e-01,3.611758e-01,3.610703e-01,3.609347e-01,3.608195e-01,3.607499e-01,3.606502e-01,3.606220e-01,3.604753e-01,3.603714e-01,3.602361e-01,3.601308e-01,3.600724e-01,3.599617e-01,3.598565e-01,3.598662e-01,3.598306e-01,3.597367e-01,3.597109e-01,3.597288e-01,3.596209e-01,3.596446e-01,3.595988e-01,3.596114e-01,3.595025e-01,3.595352e-01,3.595327e-01,3.594912e-01,3.594652e-01,3.594396e-01,3.594126e-01,3.593137e-01,3.591907e-01,3.590413e-01,3.588693e-01,3.585413e-01,3.581726e-01,3.579318e-01,3.576824e-01,3.574334e-01,3.567727e-01,3.561123e-01,3.557870e-01,3.550670e-01,3.540236e-01,3.533023e-01,3.525237e-01,3.514360e-01,3.503503e-01,3.492812e-01,3.481421e-01,3.470143e-01,3.453099e-01,3.442125e-01,3.419098e-01,3.402034e-01,3.383477e-01,3.367194e-01,3.345891e-01,3.327064e-01,3.304355e-01,3.282481e-01,3.250950e-01,3.224968e-01,3.200474e-01,3.171803e-01,3.145417e-01,3.114781e-01,3.086372e-01,3.042660e-01,3.010209e-01,2.976305e-01,2.943815e-01,2.905199e-01,2.872434e-01,2.823460e-01,2.786860e-01,2.752197e-01,2.717662e-01,2.682622e-01,2.640465e-01,2.607325e-01,2.577469e-01,2.548474e-01,2.520231e-01,2.488050e-01,2.463023e-01,2.440850e-01,2.420730e-01,2.402319e-01,2.378004e-01,2.362179e-01,2.347299e-01,2.332058e-01,2.317195e-01,2.302858e-01,2.292387e-01,2.282733e-01,2.273286e-01,2.264017e-01,2.255535e-01,2.250759e-01,2.243112e-01,2.239050e-01,2.232224e-01,2.229439e-01,2.226119e-01,2.223402e-01,2.221307e-01,2.219251e-01,2.217216e-01,2.217772e-01,2.215771e-01,2.216311e-01,2.214926e-01,2.215469e-01,2.216016e-01,2.217145e-01,2.215224e-01,2.215787e-01,2.215767e-01,2.216334e-01,2.218819e-01,2.218815e-01,2.218819e-01,2.218249e-01,2.220763e-01,2.220196e-01,2.222756e-01,2.222769e-01,2.225339e-01,2.228533e-01,2.229119e-01,2.232907e-01,2.236747e-01,2.240626e-01,2.245110e-01,2.246836e-01,2.251945e-01,2.256524e-01,2.261716e-01,2.266375e-01,2.271653e-01,2.276419e-01,2.281790e-01,2.286647e-01,2.291553e-01,2.296491e-01,2.301498e-01,2.305979e-01,2.311071e-01,2.316235e-01,2.321444e-01,2.326694e-01,2.335632e-01,2.337402e-01,2.346563e-01,2.352134e-01,2.353923e-01,2.362287e-01,2.367992e-01,2.374614e-01,2.379696e-01,2.387321e-01,2.392485e-01,2.397295e-01,2.404793e-01,2.411185e-01,2.417953e-01,2.423450e-01,2.430769e-01,2.435918e-01,2.443514e-01,2.449301e-01,2.454039e-01,2.461356e-01,2.467289e-01,2.474314e-01,2.479280e-01,2.486472e-01,2.490930e-01,2.497765e-01,2.502951e-01,2.508760e-01,2.513490e-01,2.520039e-01,2.524901e-01,2.531047e-01,2.535410e-01,2.541744e-01,2.546233e-01,2.553287e-01,2.558515e-01,2.563092e-01,2.570430e-01,2.577879e-01,2.583309e-01,2.590169e-01,2.595720e-01,2.602772e-01,2.607693e-01,2.614926e-01,2.619926e-01,2.626481e-01,2.630965e-01,2.637881e-01,2.642458e-01,2.648677e-01,2.653315e-01,2.659728e-01,2.662996e-01,2.669297e-01,2.674131e-01,2.679883e-01,2.686587e-01,2.690550e-01,2.696489e-01,2.700667e-01,2.707503e-01,2.710685e-01,2.716856e-01,2.722950e-01,2.727332e-01,2.732569e-01,2.736870e-01,2.743349e-01,2.746728e-01,2.753164e-01,2.758649e-01,2.763149e-01,2.768730e-01,2.772251e-01,2.778087e-01,2.784894e-01,2.787859e-01,2.793688e-01,2.797356e-01,2.802160e-01,2.808131e-01,2.811882e-01,2.817950e-01,2.821940e-01,2.827595e-01,2.833293e-01,2.837895e-01,2.844325e-01,2.851544e-01,2.854970e-01,2.862953e-01,2.866418e-01,2.873184e-01,2.879418e-01,2.882481e-01,2.888126e-01,2.893155e-01,2.896921e-01,2.900308e-01,2.905460e-01,2.909319e-01,2.912535e-01,2.918027e-01,2.920606e-01,2.925468e-01,2.931541e-01,2.935804e-01,2.940546e-01,2.948326e-01,2.952381e-01,2.958129e-01,2.964363e-01,2.968713e-01,2.974620e-01,2.980275e-01,2.984459e-01,2.989730e-01,2.994800e-01,2.998665e-01,3.002248e-01,3.007647e-01,3.012840e-01,3.016049e-01,3.019713e-01,3.025302e-01,3.029009e-01,3.032986e-01,3.038357e-01,3.042381e-01,3.046224e-01,3.050979e-01,3.056472e-01,3.060584e-01,3.063755e-01,3.067906e-01,3.072886e-01,3.075361e-01,3.080610e-01,3.083880e-01,3.087442e-01,3.089260e-01,3.092912e-01,3.095545e-01,3.099177e-01,3.102830e-01,3.104410e-01,3.108152e-01,3.111856e-01,3.113745e-01,3.117192e-01,3.119097e-01,3.122864e-01,3.124845e-01,3.128645e-01,3.132468e-01,3.136313e-01,3.137975e-01,3.141853e-01,3.144598e-01,3.148511e-01,3.150505e-01,3.152506e-01,3.156217e-01,3.157522e-01,3.159544e-01,3.163549e-01,3.164875e-01,3.166265e-01,3.167289e-01,3.171350e-01,3.171987e-01,3.173403e-01,3.174448e-01,3.175816e-01,3.176471e-01,3.176869e-01,3.178251e-01,3.178920e-01,3.179594e-01,3.180272e-01,3.180955e-01,3.181376e-01,3.179273e-01,3.179964e-01,3.180659e-01,3.181359e-01,3.182122e-01,3.182109e-01,3.182824e-01,3.180714e-01,3.180709e-01,3.180709e-01,3.180046e-01,3.177210e-01,3.176492e-01,3.175054e-01,3.171547e-01,3.169386e-01,3.167226e-01,3.162936e-01,3.161112e-01,3.156151e-01,3.153992e-01,3.148974e-01,3.147151e-01,3.142911e-01,3.140753e-01,3.136792e-01,3.134635e-01,3.131062e-01,3.129297e-01,3.124997e-01,3.121033e-01,3.118876e-01,3.116387e-01,3.111694e-01,3.108814e-01,3.104119e-01,3.099087e-01,3.095816e-01,3.090836e-01,3.088291e-01,3.083594e-01,3.078559e-01,3.076740e-01,3.072431e-01,3.069238e-01,3.065266e-01,3.062410e-01,3.059892e-01,3.057373e-01,3.054569e-01,3.053504e-01,3.051375e-01,3.052456e-01,3.051104e-01,3.050766e-01,3.050427e-01,3.050478e-01,3.050867e-01,3.050969e-01,3.052085e-01,3.052864e-01,3.053980e-01,3.054810e-01,3.055927e-01,3.057434e-01,3.059280e-01,3.060839e-01,3.062346e-01,3.064193e-01,3.063542e-01,3.065101e-01,3.067337e-01,3.069183e-01,3.070691e-01,3.072252e-01,3.074489e-01,3.075998e-01,3.077167e-01,3.076568e-01,3.078076e-01,3.079246e-01,3.079688e-01,3.078705e-01,3.080266e-01,3.080709e-01,3.080815e-01,3.079841e-01,3.080285e-01,3.080447e-01,3.078757e-01,3.078141e-01,3.078587e-01,3.075849e-01,3.075238e-01,3.072568e-01,3.071960e-01,3.068923e-01,3.068319e-01,3.064575e-01,3.063975e-01,3.061299e-01,3.061100e-01,3.058492e-01,3.056243e-01,3.056374e-01,3.054140e-01,3.052237e-01,3.052055e-01,3.050166e-01,3.047970e-01,3.048166e-01,3.045985e-01,3.046130e-01,3.044277e-01,3.041403e-01,3.038853e-01,3.036313e-01,3.033784e-01,3.033277e-01,3.030045e-01,3.027539e-01,3.024741e-01,3.022257e-01,3.022009e-01,3.019536e-01,3.017374e-01,3.013018e-01,3.011645e-01,3.009218e-01,3.008976e-01,3.006854e-01,3.004028e-01,3.001921e-01,2.998819e-01,2.996728e-01,2.993935e-01,2.990863e-01,2.987800e-01,2.983213e-01,2.980515e-01,2.974980e-01,2.971971e-01,2.969251e-01,2.966539e-01,2.961789e-01,2.959099e-01,2.956417e-01,2.953743e-01,2.949338e-01,2.946413e-01,2.942047e-01,2.939416e-01,2.936791e-01,2.934174e-01,2.929872e-01,2.927330e-01,2.923762e-01,2.921447e-01,2.917214e-01,2.914915e-01,2.910974e-01,2.908252e-01,2.904340e-01,2.902071e-01,2.897747e-01,2.895051e-01,2.888901e-01,2.886473e-01,2.881962e-01,2.877717e-01,2.874813e-01,2.870840e-01,2.867260e-01,2.862080e-01,2.856366e-01,2.852818e-01,2.847989e-01,2.842941e-01,2.837912e-01,2.834637e-01,2.827859e-01,2.822203e-01,2.818725e-01,2.813785e-01,2.807898e-01,2.802998e-01,2.799331e-01,2.790864e-01,2.787226e-01,2.782402e-01,2.778276e-01,2.773215e-01,2.766352e-01,2.763668e-01,2.759350e-01,2.755992e-01,2.752650e-01,2.749322e-01,2.744617e-01,2.741534e-01,2.738929e-01,2.735871e-01,2.733292e-01,2.728325e-01,2.727230e-01,2.722937e-01,2.720420e-01,2.717915e-01,2.715622e-01,2.711487e-01,2.709226e-01,2.707170e-01,2.704734e-01,2.702503e-01,2.696608e-01,2.695079e-01,2.692894e-01,2.690719e-01,2.686160e-01,2.683829e-01,2.681508e-01,2.677362e-01,2.675253e-01,2.670120e-01,2.667860e-01,2.663804e-01,2.661090e-01,2.654995e-01,2.652779e-01,2.648812e-01,2.644820e-01,2.642176e-01,2.636258e-01,2.633476e-01,2.629625e-01,2.626989e-01,2.621703e-01,2.618982e-01,2.615386e-01,2.612689e-01,2.606847e-01,2.603535e-01,2.599861e-01,2.596527e-01,2.590877e-01,2.585823e-01,2.581550e-01,2.577837e-01,2.571002e-01,2.567170e-01,2.561694e-01,2.557244e-01,2.549268e-01,3.271035e-02,3.271035e-02,3.271035e-02,3.271035e-02,3.271035e-02,3.271035e-02,3.271035e-02,3.271035e-02,3.271035e-02,3.271035e-02,3.271035e-02,3.271035e-02,3.271035e-02,3.271035e-02,3.271035e-02,3.271035e-02,3.271035e-02,3.271035e-02,3.271035e-02,3.271035e-02,3.271035e-02,3.271035e-02,3.271035e-02,3.271035e-02,3.271035e-02,3.271035e-02,3.271035e-02,3.271035e-02,3.271035e-02,3.271035e-02,3.271035e-02,3.271035e-02,3.271035e-02,3.271035e-02,3.271035e-02,3.271035e-02,3.271035e-02,3.271035e-02,3.271035e-02,3.271035e-02,3.271035e-02,3.271035e-02,3.271035e-02,3.271035e-02,3.271035e-02,3.271035e-02,3.271035e-02,3.271035e-02,3.271035e-02,3.271035e-02,3.271035e-02,3.271035e-02,3.271035e-02,3.271035e-02,3.271035e-02,3.271035e-02,3.271035e-02,3.271035e-02,3.271035e-02,3.271035e-02,3.271035e-02,3.271035e-02,3.271035e-02,3.271035e-02,3.271035e-02,3.271035e-02,3.271035e-02,3.271035e-02,3.271035e-02,3.271035e-02,3.271035e-02,3.271035e-02,3.271035e-02,3.271035e-02,3.271035e-02,3.271035e-02,3.271035e-02,3.271035e-02,3.271035e-02,3.271035e-02,3.271035e-02,3.271035e-02,3.271035e-02,3.271035e-02,3.271035e-02,3.271035e-02,3.271035e-02,3.271035e-02,3.271035e-02,3.271035e-02,3.271035e-02,3.271035e-02,3.271035e-02,3.271035e-02,3.271035e-02,3.271035e-02,3.271035e-02,3.271035e-02,3.271035e-02,3.271035e-02,3.271035e-02,3.271035e-02,3.271035e-02,3.271035e-02,3.271035e-02,3.271035e-02,3.271035e-02,3.271035e-02,3.271035e-02,3.271035e-02,3.271035e-02,3.271035e-02,3.271035e-02,3.271035e-02,3.271035e-02,3.271035e-02,3.271035e-02,3.271035e-02,3.271035e-02,3.271035e-02,3.271035e-02,3.271035e-02,3.271035e-02,3.271035e-02,3.271035e-02,3.271035e-02,3.271035e-02,3.271035e-02,3.271035e-02,3.271035e-02,3.271035e-02,3.271035e-02,3.271035e-02,3.271035e-02,3.271035e-02,3.271035e-02,3.271035e-02,3.271035e-02,3.271035e-02,3.271035e-02,3.271035e-02,3.271035e-02,3.271035e-02,3.271035e-02,3.271035e-02,3.271035e-02,3.271035e-02,3.271035e-02,3.271035e-02,3.271035e-02,3.271035e-02,3.271035e-02,3.271035e-02,3.271035e-02,3.271035e-02,3.271035e-02,3.271035e-02,3.271035e-02,3.271035e-02,3.271035e-02,3.271035e-02
1.561617e-02,1.560016e-02,1.558045e-02,1.556096e-02,1.554170e-02,1.552516e-02,1.550749e-02,1.549116e-02,1.547732e-02,1.545967e-02,1.544571e-02,1.542787e-02,1.541645e-02,1.540520e-02,1.539022e-02,1.537907e-02,1.536795e-02,1.535680e-02,1.534947e-02,1.534081e-02,1.533327e-02,1.532555e-02,1.532032e-02,1.531639e-02,1.531514e-02,1.531004e-02,1.530858e-02,1.531075e-02,1.530926e-02,1.531031e-02,1.531495e-02,1.531575e-02,1.532290e-02,1.532637e-02,1.533370e-02,1.534107e-02,1.534468e-02,1.535217e-02,1.536218e-02,1.536603e-02,1.537378e-02,1.538188e-02,1.538642e-02,1.539230e-02,1.539720e-02,1.540377e-02,1.541058e-02,1.541138e-02,1.541932e-02,1.542554e-02,1.542897e-02,1.543725e-02,1.544447e-02,1.545259e-02,1.546157e-02,1.547111e-02,1.548518e-02,1.549636e-02,1.550509e-02,1.551937e-02,1.552943e-02,1.553918e-02,1.555086e-02,1.555832e-02,1.556985e-02,1.557853e-02,1.558999e-02,1.560097e-02,1.560721e-02,1.561764e-02,1.562817e-02,1.563328e-02,1.563994e-02,1.564953e-02,1.565294e-02,1.566241e-02,1.567223e-02,1.568473e-02,1.569358e-02,1.570885e-02,1.572498e-02,1.574316e-02,1.576776e-02,1.579431e-02,1.582311e-02,1.586174e-02,1.590263e-02,1.594535e-02,1.600053e-02,1.606031e-02,1.612748e-02,1.619893e-02,1.628706e-02,1.638283e-02,1.649243e-02,1.661340e-02,1.675491e-02,1.691383e-02,1.709002e-02,1.729363e-02,1.752341e-02,1.777509e-02,1.805687e-02,1.836922e-02,1.872071e-02,1.910392e-02,1.952698e-02,1.999244e-02,2.049885e-02,2.103981e-02,2.162882e-02,2.226506e-02,2.294143e-02,2.366829e-02,2.443652e-02,2.521970e-02,2.602726e-02,2.683950e-02,2.764841e-02,2.844097e-02,2.920394e-02,2.992001e-02,3.058357e-02,3.117249e-02,3.167493e-02,3.208001e-02,3.236219e-02,3.257055e-02,3.268676e-02,3.270567e-02,3.265638e-02,3.255714e-02,3.243319e-02,3.221334e-02,3.196176e-02,3.167270e-02,3.136458e-02,3.102803e-02,3.069923e-02,3.035950e-02,3.005398e-02,2.971012e-02,2.937489e-02,2.909401e-02,2.880982e-02,2.857516e-02,2.833999e-02,2.815599e-02,2.796109e-02,2.779104e-02,2.764871e-02,2.749582e-02,2.735300e-02,2.721537e-02,2.707783e-02,2.693365e-02,2.678206e-02,2.665228e-02,2.650267e-02,2.635241e-02,2.621186e-02,2.607900e-02,2.591437e-02,2.574523e-02,2.555867e-02,2.535156e-02,2.513273e-02,2.487950e-02,2.463094e-02,2.437095e-02,2.410514e-02,2.383865e-02,2.357624e-02,2.332539e-02,2.308661e-02,2.285473e-02,2.264013e-02,2.243905e-02,2.225676e-02,2.208282e-02,2.192059e-02,2.176680e-02,2.162566e-02,2.149236e-02,2.137262e-02,2.125473e-02,2.114803e-02,2.105178e-02,2.096451e-02,2.087812e-02,2.080822e-02,2.074209e-02,2.068574e-02,2.062283e-02,2.057738e-02,2.053745e-02,2.049764e-02,2.046326e-02,2.042739e-02,2.039011e-02,2.034201e-02,2.029478e-02,2.024564e-02,2.018760e-02,2.011376e-02,2.004468e-02,1.996157e-02,1.986672e-02,1.976889e-02,1.966562e-02,1.956041e-02,1.945075e-02,1.934385e-02,1.923585e-02,1.912468e-02,1.902081e-02,1.892050e-02,1.882700e-02,1.874311e-02,1.866579e-02,1.860260e-02,1.853896e-02,1.849256e-02,1.845022e-02,1.842202e-02,1.839433e-02,1.837229e-02,1.836090e-02,1.835252e-02,1.834613e-02,1.833409e-02,1.832621e-02,1.830829e-02,1.827418e-02,1.823921e-02,1.818802e-02,1.812791e-02,1.804594e-02,1.795905e-02,1.786432e-02,1.776855e-02,1.766477e-02,1.756266e-02,1.745895e-02,1.735973e-02,1.726504e-02,1.718374e-02,1.710657e-02,1.703821e-02,1.698706e-02,1.693905e-02,1.690395e-02,1.686743e-02,1.683847e-02,1.680492e-02,1.677279e-02,1.673488e-02,1.669652e-02,1.665201e-02,1.660551e-02,1.655872e-02,1.651499e-02,1.646999e-02,1.643497e-02,1.640564e-02,1.637807e-02,1.635934e-02,1.634351e-02,1.633540e-02,1.633058e-02,1.632937e-02,1.633007e-02,1.633376e-02,1.633795e-02,1.634678e-02,1.635344e-02,1.636434e-02,1.637335e-02,1.638568e-02,1.640227e-02,1.641721e-02,1.644299e-02,1.647055e-02,1.651489e-02,1.657545e-02,1.666296e-02,1.678587e-02,1.696624e-02,1.721172e-02,1.755335e-02,1.801226e-02,1.861242e-02,1.937696e-02,2.033764e-02,2.150082e-02,2.285748e-02,2.443410e-02,2.622995e-02,2.822216e-02,3.037960e-02,3.271143e-02,3.520973e-02,3.779451e-02,4.046560e-02,4.321694e-02,4.601966e-02,4.887951e-02,5.178233e-02,5.473468e-02,5.784308e-02,6.092274e-02,6.404846e-02,6.723867e-02,7.049256e-02,7.382364e-02,7.720873e-02,8.067545e-02,8.419876e-02,8.777709e-02,9.141935e-02,9.537793e-02,9.913571e-02,1.029484e-01,1.067039e-01,1.105762e-01,1.144702e-01,1.183833e-01,1.223227e-01,1.262384e-01,1.301396e-01,1.340159e-01,1.378547e-01,1.416818e-01,1.454837e-01,1.491474e-01,1.527844e-01,1.563757e-01,1.598761e-01,1.632267e-01,1.665837e-01,1.698288e-01,1.727834e-01,1.757422e-01,1.784822e-01,1.812272e-01,1.837526e-01,1.862826e-01,1.885830e-01,1.908693e-01,1.929711e-01,1.950515e-01,1.969663e-01,1.989046e-01,2.009932e-01,2.029917e-01,2.051336e-01,2.071930e-01,2.092662e-01,2.114835e-01,2.135953e-01,2.158591e-01,2.178654e-01,2.200088e-01,2.221557e-01,2.241617e-01,2.262921e-01,2.284216e-01,2.305370e-01,2.324821e-01,2.345423e-01,2.365810e-01,2.385836e-01,2.405351e-01,2.424579e-01,2.443054e-01,2.460907e-01,2.478154e-01,2.494548e-01,2.510104e-01,2.524629e-01,2.538286e-01,2.547812e-01,2.559280e-01,2.570731e-01,2.582287e-01,2.593861e-01,2.605507e-01,2.617387e-01,2.627433e-01,2.639517e-01,2.651627e-01,2.661945e-01,2.674357e-01,2.684856e-01,2.695482e-01,2.706151e-01,2.716908e-01,2.729764e-01,2.740714e-01,2.751621e-01,2.762665e-01,2.773753e-01,2.784933e-01,2.796119e-01,2.805262e-01,2.816707e-01,2.828250e-01,2.839803e-01,2.851543e-01,2.861064e-01,2.872988e-01,2.882658e-01,2.892539e-01,2.904881e-01,2.914920e-01,2.925030e-01,2.935213e-01,2.945468e-01,2.955797e-01,2.966351e-01,2.976832e-01,2.987387e-01,2.998173e-01,3.006315e-01,3.017241e-01,3.028093e-01,3.036314e-01,3.047309e-01,3.058387e-01,3.069386e-01,3.077771e-01,3.086203e-01,3.097253e-01,3.105634e-01,3.114066e-01,3.125330e-01,3.133874e-01,3.142304e-01,3.150947e-01,3.162493e-01,3.171253e-01,3.180065e-01,3.189095e-01,3.198010e-01,3.207147e-01,3.216339e-01,3.225665e-01,3.234967e-01,3.244497e-01,3.253912e-01,3.263559e-01,3.273264e-01,3.279942e-01,3.289748e-01,3.296496e-01,3.306405e-01,3.316375e-01,3.323312e-01,3.333388e-01,3.340320e-01,3.350502e-01,3.357508e-01,3.367617e-01,3.374697e-01,3.381623e-01,3.388653e-01,3.398957e-01,3.405986e-01,3.412860e-01,3.419951e-01,3.430268e-01,3.437316e-01,3.444322e-01,3.451359e-01,3.458234e-01,3.465330e-01,3.472529e-01,3.479686e-01,3.486875e-01,3.494096e-01,3.501610e-01,3.505539e-01,3.513036e-01,3.520831e-01,3.528591e-01,3.532781e-01,3.540597e-01,3.548715e-01,3.556600e-01,3.561057e-01,3.569001e-01,3.577047e-01,3.581555e-01,3.585872e-01,3.593997e-01,3.598344e-01,3.606456e-01,3.610900e-01,3.619073e-01,3.623480e-01,3.627693e-01,3.631980e-01,3.636211e-01,3.640453e-01,3.644771e-01,3.649035e-01,3.653308e-01,3.657589e-01,3.661944e-01,3.666249e-01,3.670563e-01,3.674886e-01,3.679491e-01,3.684045e-01,3.688614e-01,3.693256e-01,3.697844e-01,3.702437e-01,3.707107e-01,3.711945e-01,3.716581e-01,3.721283e-01,3.726143e-01,3.730867e-01,3.735545e-01,3.740233e-01,3.744992e-01,3.749703e-01,3.754481e-01,3.759794e-01,3.764529e-01,3.768716e-01,3.773479e-01,3.777681e-01,3.782249e-01,3.786877e-01,3.791028e-01,3.795611e-01,3.799633e-01,3.803836e-01,3.808502e-01,3.812679e-01,3.817311e-01,3.821374e-01,3.825607e-01,3.830322e-01,3.834566e-01,3.838829e-01,3.843161e-01,3.847634e-01,3.852318e-01,3.856807e-01,3.861156e-01,3.865666e-01,3.870235e-01,3.874767e-01,3.879323e-01,3.883943e-01,3.888536e-01,3.892993e-01,3.897654e-01,3.902259e-01,3.907200e-01,3.911890e-01,3.916428e-01,3.921131e-01,3.925453e-01,3.930182e-01,3.934983e-01,3.939051e-01,3.943635e-01,3.947776e-01,3.951632e-01,3.956005e-01,3.959638e-01,3.963572e-01,3.967518e-01,3.971647e-01,3.975609e-01,3.979830e-01,3.983771e-01,3.988009e-01,3.992251e-01,3.996709e-01,4.001218e-01,4.005742e-01,4.009763e-01,4.014310e-01,4.019113e-01,4.023631e-01,4.027984e-01,4.032576e-01,4.036952e-01,4.041509e-01,4.045649e-01,4.050524e-01,4.054687e-01,4.058564e-01,4.063223e-01,4.067411e-01,4.071355e-01,4.075306e-01,4.079228e-01,4.083188e-01,4.087161e-01,4.091142e-01,4.095135e-01,4.098391e-01,4.102357e-01,4.106627e-01,4.110157e-01,4.114442e-01,4.117985e-01,4.122280e-01,4.126087e-01,4.130662e-01,4.134484e-01,4.138275e-01,4.142111e-01,4.145964e-01,4.149818e-01,4.153679e-01,4.157285e-01,4.161159e-01,4.164777e-01,4.168395e-01,4.172019e-01,4.175107e-01,4.178484e-01,4.181627e-01,4.185009e-01,4.187874e-01,4.190742e-01,4.194126e-01,4.197014e-01,4.199905e-01,4.202800e-01,4.205693e-01,4.208595e-01,4.211496e-01,4.214400e-01,4.216790e-01,4.219969e-01,4.222878e-01,4.225541e-01,4.228721e-01,4.231390e-01,4.234068e-01,4.237265e-01,4.240245e-01,4.243199e-01,4.246150e-01,4.249331e-01,4.252237e-01,4.255374e-01,4.258450e-01,4.261536e-01,4.264841e-01,4.267876e-01,4.271085e-01,4.274057e-01,4.276951e-01,4.280065e-01,4.282907e-01,4.285916e-01,4.288659e-01,4.291398e-01,4.294039e-01,4.296684e-01,4.298968e-01,4.301279e-01,4.303486e-01,4.305361e-01,4.307517e-01,4.309342e-01,4.310862e-01,4.312569e-01,4.314283e-01,4.315896e-01,4.317230e-01,4.318791e-01,4.320314e-01,4.321757e-01,4.323201e-01,4.324537e-01,4.325880e-01,4.327163e-01,4.328425e-01,4.329606e-01,4.330745e-01,4.331829e-01,4.332865e-01,4.333890e-01,4.334840e-01,4.335742e-01,4.336588e-01,4.337381e-01,4.338124e-01,4.338838e-01,4.339495e-01,4.340102e-01,4.340684e-01,4.341254e-01,4.341825e-01,4.342434e-01,4.343017e-01,4.343595e-01,4.344166e-01,4.344732e-01,4.345336e-01,4.345920e-01,4.346498e-01,4.347065e-01,4.347353e-01,4.347943e-01,4.348572e-01,4.349163e-01,4.349731e-01,4.350298e-01,4.351157e-01,4.351731e-01,4.352612e-01,4.353454e-01,4.354297e-01,4.355152e-01,4.356013e-01,4.356852e-01,4.357687e-01,4.358491e-01,4.359312e-01,4.360134e-01,4.360933e-01,4.361391e-01,4.362119e-01,4.362578e-01,4.363049e-01,4.363554e-01,4.364025e-01,4.364180e-01,4.364562e-01,4.364592e-01,4.364629e-01,4.364742e-01,4.364879e-01,4.364969e-01,4.365003e-01,4.364998e-01,4.365088e-01,4.365243e-01,4.365416e-01,4.365565e-01,4.365685e-01,4.365822e-01,4.366275e-01,4.366413e-01,4.366898e-01,4.367442e-01,4.367987e-01,4.368820e-01,4.369654e-01,4.370488e-01,4.371611e-01,4.372735e-01,4.373918e-01,4.375044e-01,4.376256e-01,4.377732e-01,4.378919e-01,4.380047e-01,4.381235e-01,4.382134e-01,4.383033e-01,4.383873e-01,4.384423e-01,4.385033e-01,4.385642e-01,4.385961e-01,4.386571e-01,4.387181e-01,4.387441e-01,4.388051e-01,4.388662e-01,4.389301e-01,4.389852e-01,4.390464e-01,4.391016e-01,4.391627e-01,4.392531e-01,4.392851e-01,4.393404e-01,4.394016e-01,4.394336e-01,4.394949e-01,4.395210e-01,4.395531e-01,4.395851e-01,4.396172e-01,4.396200e-01,4.396521e-01,4.396842e-01,4.397222e-01,4.397543e-01,4.397864e-01,4.398185e-01,4.398506e-01,4.398827e-01,4.396204e-01,4.396585e-01,4.396906e-01,4.397227e-01,4.397548e-01,4.394989e-01,4.395018e-01,4.395398e-01,4.395720e-01,4.393105e-01,4.393134e-01,4.393807e-01,4.391256e-01,4.391606e-01,4.389351e-01,4.389965e-01,4.390579e-01,4.388560e-01,4.389466e-01,4.387509e-01,4.388415e-01,4.386402e-01,4.387601e-01,4.385649e-01,4.383933e-01,4.385190e-01,4.383185e-01,4.384384e-01,4.382471e-01,4.383378e-01,4.381437e-01,4.379440e-01,4.380347e-01,4.378062e-01,4.378677e-01,4.376453e-01,4.373884e-01,4.374266e-01,4.371700e-01,4.369197e-01,4.369230e-01,4.366672e-01,4.364177e-01,4.364501e-01,4.361951e-01,4.359498e-01,4.360111e-01,4.357917e-01,4.355667e-01,4.356281e-01,4.354034e-01,4.354648e-01,4.352405e-01,4.350454e-01,4.351125e-01,4.348889e-01,4.346944e-01,4.347615e-01,4.345384e-01,4.345997e-01,4.343770e-01,4.341547e-01,4.342160e-01,4.339689e-01,4.340302e-01,4.337798e-01,4.338353e-01,4.335852e-01,4.336120e-01,4.333624e-01,4.333892e-01,4.331112e-01,4.331437e-01,4.328892e-01,4.329217e-01,4.329485e-01,4.326944e-01,4.327251e-01,4.327519e-01,4.325039e-01,4.325307e-01,4.325576e-01,4.323099e-01,4.323368e-01,4.323637e-01,4.323906e-01,4.321376e-01,4.321645e-01,4.321914e-01,4.322183e-01,4.322396e-01,4.322665e-01,4.322878e-01,4.323147e-01,4.326214e-01,4.320835e-01,4.323898e-01,4.326909e-01,4.329924e-01,4.332886e-01,4.333099e-01,4.336064e-01,4.336277e-01,4.336490e-01,4.339516e-01,4.339671e-01,4.339884e-01,4.340040e-01,4.343013e-01,4.343169e-01,4.343325e-01,4.343481e-01,4.343637e-01,4.343831e-01,4.341115e-01,4.344030e-01,4.341315e-01,4.341471e-01,4.341628e-01,4.344542e-01,4.347459e-01,4.344684e-01,4.344727e-01,4.344769e-01,4.347686e-01,4.347786e-01,4.345126e-01,4.344880e-01,4.342055e-01,4.339234e-01,4.342028e-01,4.336463e-01,4.333766e-01,4.331073e-01,4.331519e-01,4.329119e-01,4.326722e-01,4.327056e-01,4.324550e-01,4.321993e-01,4.316669e-01,4.314124e-01,4.306180e-01,4.301125e-01,4.293237e-01,4.290894e-01,4.285490e-01,4.280158e-01,4.274786e-01,4.272187e-01,4.266840e-01,4.264254e-01,4.264253e-01,4.274825e-01,4.288457e-01,4.296700e-01,4.291003e-01,4.287936e-01,4.287933e-01,4.287646e-01,4.284585e-01,4.286964e-01,4.288950e-01,4.283116e-01,4.274258e-01,4.262689e-01,4.251036e-01,4.239282e-01,4.229972e-01,4.220547e-01,4.213892e-01,4.212224e-01,4.218314e-01,4.229154e-01,4.245693e-01,4.253736e-01,4.256396e-01,4.250873e-01,4.243027e-01,4.231540e-01,4.215145e-01,4.206644e-01,4.197711e-01,4.189877e-01,4.183389e-01,4.182342e-01,4.178450e-01,4.176885e-01,4.170193e-01,4.172504e-01,4.168902e-01,4.164273e-01,4.160171e-01,4.151001e-01,4.147440e-01,4.138331e-01,4.126548e-01,4.120032e-01,4.114041e-01,4.103356e-01,4.090038e-01,4.076813e-01,4.066594e-01,4.049038e-01,4.032071e-01,4.015257e-01,4.001187e-01,3.987695e-01,3.974551e-01,3.954706e-01,3.937273e-01,3.920252e-01,3.901623e-01,3.887582e-01,3.869361e-01,3.849106e-01,3.831445e-01,3.814390e-01,3.797153e-01,3.780014e-01,3.763461e-01,3.747067e-01,3.733328e-01,3.719444e-01,3.705453e-01,3.694025e-01,3.682420e-01,3.671072e-01,3.663666e-01,3.652530e-01,3.643298e-01,3.636019e-01,3.626966e-01,3.617881e-01,3.610505e-01,3.603542e-01,3.596318e-01,3.593118e-01,3.589926e-01,3.586826e-01,3.583275e-01,3.578269e-01,3.577028e-01,3.573871e-01,3.574749e-01,3.571685e-01,3.570575e-01,3.565911e-01,3.565175e-01,3.560530e-01,3.561611e-01,3.560879e-01,3.563863e-01,3.562973e-01,3.560518e-01,3.560155e-01,3.561534e-01,3.562616e-01,3.562342e-01,3.561980e-01,3.563518e-01,3.563523e-01,3.565062e-01,3.568118e-01,3.566397e-01,3.565826e-01,3.565921e-01,3.565717e-01,3.565236e-01,3.565400e-01,3.566730e-01,3.566528e-01,3.566204e-01,3.569258e-01,3.569511e-01,3.567219e-01,3.563402e-01,3.561486e-01,3.561286e-01,3.560811e-01,3.558811e-01,3.556904e-01,3.558229e-01,3.558395e-01,3.557923e-01,3.557726e-01,3.559416e-01,3.555926e-01,3.558957e-01,3.557055e-01,3.562249e-01,3.562141e-01,3.563469e-01,3.563062e-01,3.564755e-01,3.564073e-01,3.567478e-01,3.572209e-01,3.577318e-01,3.578353e-01,3.581292e-01,3.584302e-01,3.585429e-01,3.586556e-01,3.591612e-01,3.592741e-01,3.595700e-01,3.598574e-01,3.599706e-01,3.601123e-01,3.605558e-01,3.608907e-01,3.613646e-01,3.614411e-01,3.615462e-01,3.620679e-01,3.624940e-01,3.627856e-01,3.630646e-01,3.633570e-01,3.636585e-01,3.639225e-01,3.642161e-01,3.643530e-01,3.644434e-01,3.647683e-01,3.650774e-01,3.650399e-01,3.653876e-01,3.655223e-01,3.660598e-01,3.661815e-01,3.659547e-01,3.660764e-01,3.664256e-01,3.665167e-01,3.666166e-01,3.667548e-01,3.670136e-01,3.670914e-01,3.670178e-01,3.672547e-01,3.673325e-01,3.673882e-01,3.676639e-01,3.677196e-01,3.677752e-01,3.680128e-01,3.680685e-01,3.681241e-01,3.685531e-01,3.687962e-01,3.686490e-01,3.686923e-01,3.685530e-01,3.682185e-01,3.682887e-01,3.681537e-01,3.682116e-01,3.681029e-01,3.681692e-01,3.684214e-01,3.683196e-01,3.683898e-01,3.684739e-01,3.685665e-01,3.686553e-01,3.689304e-01,3.690456e-01,3.689397e-01,3.692189e-01,3.689221e-01,3.691935e-01,3.692825e-01,3.693452e-01,3.697821e-01,3.696611e-01,3.700884e-01,3.699284e-01,3.703523e-01,3.705762e-01,3.705938e-01,3.706262e-01,3.708276e-01,3.708639e-01,3.712850e-01,3.714954e-01,3.721036e-01,3.725357e-01,3.729607e-01,3.729848e-01,3.736019e-01,3.738213e-01,3.742450e-01,3.745003e-01,3.747477e-01,3.751692e-01,3.758161e-01,3.760611e-01,3.763184e-01,3.765720e-01,3.770357e-01,3.774770e-01,3.777279e-01,3.777755e-01,3.782263e-01,3.784700e-01,3.789264e-01,3.791787e-01,3.796246e-01,3.798737e-01,3.801270e-01,3.803687e-01,3.806267e-01,3.808648e-01,3.809207e-01,3.813780e-01,3.816251e-01,3.818844e-01,3.821280e-01,3.819762e-01,3.822317e-01,3.824715e-01,3.825234e-01,3.827634e-01,3.828153e-01,3.828471e-01,3.831274e-01,3.835807e-01,3.838301e-01,3.838738e-01,3.841193e-01,3.843686e-01,3.846147e-01,3.842227e-01,3.846502e-01,3.848758e-01,3.848960e-01,3.847136e-01,3.847337e-01,3.847532e-01,3.843661e-01,3.841761e-01,3.844016e-01,3.840106e-01,3.834445e-01,3.832522e-01,3.830960e-01,3.823142e-01,3.819565e-01,3.817817e-01,3.814492e-01,3.804744e-01,3.799168e-01,3.795486e-01,3.787994e-01,3.784298e-01,3.776817e-01,3.770982e-01,3.763601e-01,3.754142e-01,3.746836e-01,3.737471e-01,3.730431e-01,3.730744e-01,3.750743e-01,3.741364e-01,3.736240e-01,3.729322e-01,3.722287e-01,3.713297e-01,3.708227e-01,3.701200e-01,3.692448e-01,3.683620e-01,3.676784e-01,3.665928e-01,3.657278e-01,3.650331e-01,3.639683e-01,3.631000e-01,3.620511e-01,3.611550e-01,3.601307e-01,3.592485e-01,3.585596e-01,3.578648e-01,3.570017e-01,3.559714e-01,3.552874e-01,3.545994e-01,3.537589e-01,3.529137e-01,3.520660e-01,3.512352e-01,3.505676e-01,3.498959e-01,3.490798e-01,3.487497e-01,3.480923e-01,3.476085e-01,3.469558e-01,3.461389e-01,3.458276e-01,3.455011e-01,3.448538e-01,3.442092e-01,3.437205e-01,3.430805e-01,3.427661e-01,3.422895e-01,3.419863e-01,3.416646e-01,3.411946e-01,3.408946e-01,3.406111e-01,3.403187e-01,3.401811e-01,3.400437e-01,3.399096e-01,3.397788e-01,3.398251e-01,3.401562e-01,3.403135e-01,3.403334e-01,3.408096e-01,3.412901e-01,3.416100e-01,3.420767e-01,3.425543e-01,3.431965e-01,3.438280e-01,3.443072e-01,3.444680e-01,3.449455e-01,3.454449e-01,3.457751e-01,3.459577e-01,3.462934e-01,3.463274e-01,3.463441e-01,3.468439e-01,3.468540e-01,3.468707e-01,3.470476e-01,3.470577e-01,3.470438e-01,3.471968e-01,3.471961e-01,3.475098e-01,3.476599e-01,3.478100e-01,3.479636e-01,3.482644e-01,3.485765e-01,3.490612e-01,3.493638e-01,3.498539e-01,3.500091e-01,3.504976e-01,3.509908e-01,3.516532e-01,3.521496e-01,3.528341e-01,3.535033e-01,3.543738e-01,3.552305e-01,3.557549e-01,3.562913e-01,3.569987e-01,3.575352e-01,3.584508e-01,3.591702e-01,3.595410e-01,3.600885e-01,3.602795e-01,3.608292e-01,3.608493e-01,3.608729e-01,3.607163e-01,3.605634e-01,3.607600e-01,3.613144e-01,3.616928e-01,3.618855e-01,3.622722e-01,3.621251e-01,3.625086e-01,3.628893e-01,3.631214e-01,3.631437e-01,3.635329e-01,3.640838e-01,3.642948e-01,3.643295e-01,3.648966e-01,3.649089e-01,3.651055e-01,3.653175e-01,3.656921e-01,3.658735e-01,3.660411e-01,3.658680e-01,3.660544e-01,3.662184e-01,3.665609e-01,3.665345e-01,3.667026e-01,3.670496e-01,3.674047e-01,3.673830e-01,3.677228e-01,3.680680e-01,3.682336e-01,3.687715e-01,3.687532e-01,3.689193e-01,3.691123e-01,3.691086e-01,3.696451e-01,3.698350e-01,3.700443e-01,3.698558e-01,3.702508e-01,3.708172e-01,3.708410e-01,3.712386e-01,3.716520e-01,3.720626e-01,3.724620e-01,3.732476e-01,3.740364e-01,3.744639e-01,3.752420e-01,3.762192e-01,3.762397e-01,3.766404e-01,3.768098e-01,3.773811e-01,3.779536e-01,3.783259e-01,3.785125e-01,3.786360e-01,3.785653e-01,3.787202e-01,3.790143e-01,3.790746e-01,3.789718e-01,3.792422e-01,3.794735e-01,3.795020e-01,3.795383e-01,3.793555e-01,3.793599e-01,3.790983e-01,3.789158e-01,3.783582e-01,3.776795e-01,3.775742e-01,3.774842e-01,3.771155e-01,3.775413e-01,3.777203e-01,3.792589e-01,3.796402e-01,3.797180e-01,3.798199e-01,3.798110e-01,3.796296e-01,3.791588e-01,3.781221e-01,3.769014e-01,3.755308e-01,3.744646e-01,3.733966e-01,3.725046e-01,3.711695e-01,3.696664e-01,3.684651e-01,3.669140e-01,3.653167e-01,3.629238e-01,3.608959e-01,3.584626e-01,3.561235e-01,3.539579e-01,3.514376e-01,3.486329e-01,3.463503e-01,3.440228e-01,3.417705e-01,3.394749e-01,3.365802e-01,3.342448e-01,3.318317e-01,3.288009e-01,3.260816e-01,3.232665e-01,3.207718e-01,3.183427e-01,3.159505e-01,3.134529e-01,3.111517e-01,3.089050e-01,3.068054e-01,3.048888e-01,3.027372e-01,3.012710e-01,2.996819e-01,2.983562e-01,2.971868e-01,2.961448e-01,2.951010e-01,2.944260e-01,2.930574e-01,2.922680e-01,2.913914e-01,2.903940e-01,2.898447e-01,2.894352e-01,2.885607e-01,2.881395e-01,2.875835e-01,2.872760e-01,2.873989e-01,2.872881e-01,2.870763e-01,2.866287e-01,2.866408e-01,2.866253e-01,2.869684e-01,2.869779e-01,2.869806e-01,2.872294e-01,2.873652e-01,2.876208e-01,2.878863e-01,2.881522e-01,2.886481e-01,2.887047e-01,2.891155e-01,2.898394e-01,2.901403e-01,2.906426e-01,2.908317e-01,2.913457e-01,2.918679e-01,2.922709e-01,2.926750e-01,2.930706e-01,2.934766e-01,2.938676e-01,2.942662e-01,2.946754e-01,2.948527e-01,2.951372e-01,2.954345e-01,2.956098e-01,2.961329e-01,2.965468e-01,2.969588e-01,2.973059e-01,2.973581e-01,2.977046e-01,2.983121e-01,2.985896e-01,2.988325e-01,2.991806e-01,2.997952e-01,2.999702e-01,3.004087e-01,3.007847e-01,3.012673e-01,3.014992e-01,3.017233e-01,3.023461e-01,3.028071e-01,3.030256e-01,3.032752e-01,3.037154e-01,3.038103e-01,3.038819e-01,3.039503e-01,3.041203e-01,3.042233e-01,3.039812e-01,3.039360e-01,3.039560e-01,3.039108e-01,3.037923e-01,3.034843e-01,3.036118e-01,3.036648e-01,3.035541e-01,3.031412e-01,3.029414e-01,3.028409e-01,3.027405e-01,3.024442e-01,3.020667e-01,3.017720e-01,3.012850e-01,3.008470e-01,3.006037e-01,2.999284e-01,2.994142e-01,2.988467e-01,2.984719e-01,2.977903e-01,2.969249e-01,2.959011e-01,2.955107e-01,2.944576e-01,2.923481e-01,2.913567e-01,2.903950e-01,2.894625e-01,2.873684e-01,2.864337e-01,2.854616e-01,2.834911e-01,2.814631e-01,2.805677e-01,2.786446e-01,2.777262e-01,2.758222e-01,2.739245e-01,2.730778e-01,2.711986e-01,2.694039e-01,2.676141e-01,2.658293e-01,2.640872e-01,2.623312e-01,2.615379e-01,2.598704e-01,2.581573e-01,2.565154e-01,2.548596e-01,2.532425e-01,2.516630e-01,2.500698e-01,2.485298e-01,2.477864e-01,2.462710e-01,2.447744e-01,2.432896e-01,2.418417e-01,2.411818e-01,2.397164e-01,2.390805e-01,2.376408e-01,2.369923e-01,2.363444e-01,2.356584e-01,2.350061e-01,2.343456e-01,2.336743e-01,2.337247e-01,2.330715e-01,2.324075e-01,2.317356e-01,2.318023e-01,2.311312e-01,2.311949e-01,2.305675e-01,2.306373e-01,2.299989e-01,2.300993e-01,2.294614e-01,2.295358e-01,2.289268e-01,2.289869e-01,2.290701e-01,2.284523e-01,2.278241e-01,2.278862e-01,2.272637e-01,2.273208e-01,2.266877e-01,2.267493e-01,2.261333e-01,2.261696e-01,2.255431e-01,2.256131e-01,2.249899e-01,2.250371e-01,2.244306e-01,2.244777e-01,2.238698e-01,2.239278e-01,2.233275e-01,2.233742e-01,2.227526e-01,2.227991e-01,2.222027e-01,2.222358e-01,2.222843e-01,2.216689e-01,2.217040e-01,2.217259e-01,2.217699e-01,2.211463e-01,2.211813e-01,2.212162e-01,2.205938e-01,2.206374e-01,2.206722e-01,2.206940e-01,2.200875e-01,2.201092e-01,2.201439e-01,2.201743e-01,2.202090e-01,2.202437e-01,2.202783e-01,2.196615e-01,2.196960e-01,2.197373e-01,2.197718e-01,2.197934e-01,2.198151e-01,2.192225e-01,2.192331e-01,2.192547e-01,2.192890e-01,2.192997e-01,2.193190e-01,2.186969e-01,2.187311e-01,2.187307e-01,2.187500e-01,2.181310e-01,2.181415e-01,2.181412e-01,2.175234e-01,2.175338e-01,2.175334e-01,2.175330e-01,2.175326e-01,2.175322e-01,2.169177e-01,2.168939e-01,2.168935e-01,2.168930e-01,2.168926e-01,2.169006e-01,2.168894e-01,2.168889e-01,2.168651e-01,2.168538e-01,2.168425e-01,2.168289e-01,2.167942e-01,2.167721e-01,2.167392e-01,2.167022e-01,2.166585e-01,2.166148e-01,2.165585e-01,2.171361e-01,2.170772e-01,2.170333e-01,2.169661e-01,2.175461e-01,2.174978e-01,2.174538e-01,2.180240e-01,2.179798e-01,2.179338e-01,2.185278e-01,2.184707e-01,2.190466e-01,2.190021e-01,2.195912e-01,2.201623e-01,2.201064e-01,2.206803e-01,2.206112e-01,2.211901e-01,2.211291e-01,2.217220e-01,2.223049e-01,2.222350e-01,2.228455e-01,2.227865e-01,2.234064e-01,2.240100e-01,2.239732e-01,2.246027e-01,2.252357e-01,2.252069e-01,2.258663e-01,2.258404e-01,2.265171e-01,2.265109e-01,2.271893e-01,2.278715e-01,2.278799e-01,2.285778e-01,2.285946e-01,2.293083e-01,2.293284e-01,2.300464e-01,2.300750e-01,2.307973e-01,2.308293e-01,2.315679e-01,2.316085e-01,2.316406e-01,2.323840e-01,2.324018e-01,2.324425e-01,2.324867e-01,2.332349e-01,2.332673e-01,2.333082e-01,2.333525e-01,2.333850e-01,2.327008e-01,2.327272e-01,2.327595e-01,2.320793e-01,2.313913e-01,2.307050e-01,2.307455e-01,2.300655e-01,2.286976e-01,2.280273e-01,2.273633e-01,2.260353e-01,2.253692e-01,2.240446e-01,2.234034e-01,2.220882e-01,2.208010e-01,2.195237e-01,2.182654e-01,2.163876e-01,2.151640e-01,2.133270e-01,2.121367e-01,2.109475e-01,2.092118e-01,2.080619e-01,2.063605e-01,2.052547e-01,2.035976e-01,2.025093e-01,2.009056e-01,1.998451e-01,1.982713e-01,1.972555e-01,1.957208e-01,1.947229e-01,1.937247e-01,1.922331e-01,1.912500e-01,1.902765e-01,1.893125e-01,1.883744e-01,1.874196e-01,1.864831e-01,1.850962e-01,1.841817e-01,1.837356e-01,1.828339e-01,1.823851e-01,1.814870e-01,1.810600e-01,1.801832e-01,1.797555e-01,1.793211e-01,1.788800e-01,1.784495e-01,1.775880e-01,1.771635e-01,1.767323e-01,1.758863e-01,1.750480e-01,1.746181e-01,1.742049e-01,1.733649e-01,1.725489e-01,1.721386e-01,1.717300e-01,1.709204e-01,1.705173e-01,1.701159e-01,1.697162e-01,1.693105e-01,1.685298e-01,1.681294e-01,1.677384e-01,1.673491e-01,1.669615e-01,1.665680e-01,1.661896e-01,1.658074e-01,1.657978e-01,1.654093e-01,1.653998e-01,1.653827e-01,1.657363e-01,1.657192e-01,1.657096e-01,1.660570e-01,1.664135e-01,1.663806e-01,1.671155e-01,1.670900e-01,1.674431e-01,1.674252e-01,1.681613e-01,1.681352e-01,1.680953e-01,1.684448e-01,1.684186e-01,1.687691e-01,1.687350e-01,1.687010e-01,1.690604e-01,1.686269e-01,1.685847e-01,1.685584e-01,1.685243e-01,1.680927e-01,1.680588e-01,1.676510e-01,1.675877e-01,1.671819e-01,1.671482e-01,1.671225e-01,1.667052e-01,1.666644e-01,1.666465e-01,1.662392e-01,1.662218e-01,1.662044e-01,1.661870e-01,1.661562e-01,1.665143e-01,1.665049e-01,1.668644e-01,1.668549e-01,1.672086e-01,1.675810e-01,1.679372e-01,1.679276e-01,1.679179e-01,1.682914e-01,1.686589e-01,1.690354e-01,1.698029e-01,1.697931e-01,1.701743e-01,1.705332e-01,1.709258e-01,1.713117e-01,1.716992e-01,1.720722e-01,1.720620e-01,1.720519e-01,1.720253e-01,1.724158e-01,1.727772e-01,1.727669e-01,1.727401e-01,1.731252e-01,1.734873e-01,1.738754e-01,1.738483e-01,1.738150e-01,1.742047e-01,1.745711e-01,1.745521e-01,1.745247e-01,1.749113e-01,1.748757e-01,1.748566e-01,1.752424e-01,1.752232e-01,1.751727e-01,1.751450e-01,1.751175e-01,1.750836e-01,1.750393e-01,1.745825e-01,1.745405e-01,1.749163e-01,1.748489e-01,1.748127e-01,1.747535e-01,1.747088e-01,1.746244e-01,4.509925e-03,4.509925e-03,4.509925e-03,4.509925e-03,4.509925e-03,4.509925e-03,4.509925e-03,4.509925e-03,4.509925e-03,4.509925e-03,4.509925e-03,4.509925e-03,4.509925e-03,4.509925e-03,4.509925e-03,4.509925e-03,4.509925e-03,4.509925e-03,4.509925e-03,4.509925e-03,4.509925e-03,4.509925e-03,4.509925e-03,4.509925e-03,4.509925e-03,4.509925e-03,4.509925e-03,4.509925e-03,4.509925e-03,4.509925e-03,4.509925e-03,4.509925e-03,4.509925e-03,4.509925e-03,4.509925e-03,4.509925e-03,4.509925e-03,4.509925e-03,4.509925e-03,4.509925e-03,4.509925e-03,4.509925e-03,4.509925e-03,4.509925e-03,4.509925e-03,4.509925e-03,4.509925e-03,4.509925e-03,4.509925e-03,4.509925e-03,4.509925e-03,4.509925e-03,4.509925e-03,4.509925e-03,4.509925e-03,4.509925e-03,4.509925e-03,4.509925e-03,4.509925e-03,4.509925e-03,4.509925e-03,4.509925e-03,4.509925e-03,4.509925e-03,4.509925e-03,4.509925e-03,4.509925e-03,4.509925e-03,4.509925e-03,4.509925e-03,4.509925e-03,4.509925e-03,4.509925e-03,4.509925e-03,4.509925e-03,4.509925e-03,4.509925e-03,4.509925e-03,4.509925e-03,4.509925e-03,4.509925e-03,4.509925e-03,4.509925e-03,4.509925e-03,4.509925e-03,4.509925e-03,4.509925e-03,4.509925e-03,4.509925e-03,4.509925e-03,4.509925e-03,4.509925e-03,4.509925e-03,4.509925e-03,4.509925e-03,4.509925e-03,4.509925e-03,4.509925e-03,4.509925e-03,4.509925e-03,4.509925e-03,4.509925e-03,4.509925e-03,4.509925e-03,4.509925e-03,4.509925e-03,4.509925e-03,4.509925e-03,4.509925e-03,4.509925e-03,4.509925e-03,4.509925e-03,4.509925e-03,4.509925e-03,4.509925e-03,4.509925e-03,4.509925e-03,4.509925e-03,4.509925e-03,4.509925e-03,4.509925e-03,4.509925e-03,4.509925e-03,4.509925e-03,4.509925e-03,4.509925e-03,4.509925e-03,4.509925e-03,4.509925e-03,4.509925e-03,4.509925e-03,4.509925e-03,4.509925e-03,4.509925e-03,4.509925e-03,4.509925e-03,4.509925e-03,4.509925e-03,4.509925e-03,4.509925e-03,4.509925e-03,4.509925e-03,4.509925e-03,4.509925e-03,4.509925e-03,4.509925e-03,4.509925e-03,4.509925e-03,4.509925e-03,4.509925e-03,4.509925e-03,4.509925e-03,4.509925e-03,4.509925e-03,4.509925e-03,4.509925e-03,4.509925e-03,4.509925e-03,4.509925e-03,4.509925e-03,4.509925e-03
2.781001e-02,2.777940e-02,2.774134e-02,2.770341e-02,2.766559e-02,2.762794e-02,2.758289e-02,2.754534e-02,2.750785e-02,2.746285e-02,2.742534e-02,2.738028e-02,2.734285e-02,2.730548e-02,2.726063e-02,2.722331e-02,2.718601e-02,2.714871e-02,2.711892e-02,2.708168e-02,2.705184e-02,2.702195e-02,2.699212e-02,2.696974e-02,2.694748e-02,2.691772e-02,2.689541e-02,2.688056e-02,2.685826e-02,2.683602e-02,2.682123e-02,2.679893e-02,2.678421e-02,2.676202e-02,2.674735e-02,2.673270e-02,2.671056e-02,2.669594e-02,2.668138e-02,2.665931e-02,2.664476e-02,2.663030e-02,2.660843e-02,2.659399e-02,2.657221e-02,2.655797e-02,2.654380e-02,2.652217e-02,2.650834e-02,2.649471e-02,2.647394e-02,2.646103e-02,2.644859e-02,2.643652e-02,2.642482e-02,2.641343e-02,2.640988e-02,2.639929e-02,2.638878e-02,2.638567e-02,2.637503e-02,2.636440e-02,2.636061e-02,2.634923e-02,2.634556e-02,2.633487e-02,2.633127e-02,2.632754e-02,2.631594e-02,2.631195e-02,2.630798e-02,2.629580e-02,2.629108e-02,2.628653e-02,2.627446e-02,2.626980e-02,2.626526e-02,2.626196e-02,2.625125e-02,2.624815e-02,2.624550e-02,2.623716e-02,2.623765e-02,2.623926e-02,2.623545e-02,2.624125e-02,2.624977e-02,2.625409e-02,2.626985e-02,2.628333e-02,2.630853e-02,2.633175e-02,2.636961e-02,2.640934e-02,2.646443e-02,2.652338e-02,2.660270e-02,2.669096e-02,2.679578e-02,2.692659e-02,2.707508e-02,2.724533e-02,2.744350e-02,2.767365e-02,2.794484e-02,2.824617e-02,2.858971e-02,2.898326e-02,2.942478e-02,2.991206e-02,3.046061e-02,3.106457e-02,3.172862e-02,3.246730e-02,3.327817e-02,3.411957e-02,3.501626e-02,3.595255e-02,3.692456e-02,3.791345e-02,3.890916e-02,3.988089e-02,4.082737e-02,4.171241e-02,4.253788e-02,4.326165e-02,4.386993e-02,4.438725e-02,4.480851e-02,4.510629e-02,4.532215e-02,4.545141e-02,4.554574e-02,4.550466e-02,4.542086e-02,4.526354e-02,4.507402e-02,4.481653e-02,4.456127e-02,4.426978e-02,4.400515e-02,4.367851e-02,4.334187e-02,4.307762e-02,4.279117e-02,4.256932e-02,4.233045e-02,4.215529e-02,4.195707e-02,4.178086e-02,4.163472e-02,4.146018e-02,4.129010e-02,4.112432e-02,4.094006e-02,4.072452e-02,4.047046e-02,4.024281e-02,3.997493e-02,3.970306e-02,3.944376e-02,3.919939e-02,3.890408e-02,3.860348e-02,3.827597e-02,3.791796e-02,3.754413e-02,3.711863e-02,3.669869e-02,3.626262e-02,3.582262e-02,3.538280e-02,3.495041e-02,3.453328e-02,3.414152e-02,3.376325e-02,3.340823e-02,3.307492e-02,3.277262e-02,3.248175e-02,3.220899e-02,3.195009e-02,3.171245e-02,3.148486e-02,3.127593e-02,3.107214e-02,3.088508e-02,3.071547e-02,3.055924e-02,3.040622e-02,3.027578e-02,3.015458e-02,3.004399e-02,2.992683e-02,2.983598e-02,2.975322e-02,2.967431e-02,2.960193e-02,2.952527e-02,2.944661e-02,2.935344e-02,2.926058e-02,2.916716e-02,2.905876e-02,2.892887e-02,2.880351e-02,2.865984e-02,2.850291e-02,2.833905e-02,2.817376e-02,2.800051e-02,2.782813e-02,2.765363e-02,2.748408e-02,2.731148e-02,2.714660e-02,2.699019e-02,2.684647e-02,2.671295e-02,2.658938e-02,2.648473e-02,2.637795e-02,2.629648e-02,2.622117e-02,2.616685e-02,2.611138e-02,2.606353e-02,2.602944e-02,2.600231e-02,2.597490e-02,2.594047e-02,2.591354e-02,2.587378e-02,2.581341e-02,2.575070e-02,2.566721e-02,2.557181e-02,2.544610e-02,2.531712e-02,2.517835e-02,2.503896e-02,2.488782e-02,2.473971e-02,2.459119e-02,2.444964e-02,2.431500e-02,2.420058e-02,2.408968e-02,2.399032e-02,2.391497e-02,2.384114e-02,2.378590e-02,2.372921e-02,2.368450e-02,2.363193e-02,2.358443e-02,2.352775e-02,2.347417e-02,2.341136e-02,2.335310e-02,2.328951e-02,2.323355e-02,2.317638e-02,2.313145e-02,2.309314e-02,2.305366e-02,2.302708e-02,2.299987e-02,2.298399e-02,2.296513e-02,2.295579e-02,2.294202e-02,2.293704e-02,2.292630e-02,2.292364e-02,2.291495e-02,2.291398e-02,2.290718e-02,2.290108e-02,2.290466e-02,2.290267e-02,2.291399e-02,2.292303e-02,2.294537e-02,2.299004e-02,2.305917e-02,2.316793e-02,2.334694e-02,2.360397e-02,2.398805e-02,2.452907e-02,2.527671e-02,2.626167e-02,2.754809e-02,2.915850e-02,3.108559e-02,3.337853e-02,3.604149e-02,3.904980e-02,4.236210e-02,4.598048e-02,4.989267e-02,5.398570e-02,5.824182e-02,6.265273e-02,6.716643e-02,7.179422e-02,7.650825e-02,8.131717e-02,8.637455e-02,9.140790e-02,9.652569e-02,1.017543e-01,1.070976e-01,1.125711e-01,1.181422e-01,1.238434e-01,1.296521e-01,1.355522e-01,1.415687e-01,1.480645e-01,1.542811e-01,1.605886e-01,1.668202e-01,1.732350e-01,1.796901e-01,1.861810e-01,1.927177e-01,1.992212e-01,2.057050e-01,2.121515e-01,2.185299e-01,2.249030e-01,2.312289e-01,2.373306e-01,2.433853e-01,2.493668e-01,2.551976e-01,2.607953e-01,2.663896e-01,2.717953e-01,2.767382e-01,2.816836e-01,2.862753e-01,2.908566e-01,2.950809e-01,2.992922e-01,3.031275e-01,3.069276e-01,3.104166e-01,3.138494e-01,3.170221e-01,3.202455e-01,3.237076e-01,3.270406e-01,3.306083e-01,3.340455e-01,3.375167e-01,3.412250e-01,3.447703e-01,3.485590e-01,3.519455e-01,3.555567e-01,3.591773e-01,3.625729e-01,3.661785e-01,3.697775e-01,3.733541e-01,3.766524e-01,3.801432e-01,3.835892e-01,3.869710e-01,3.902702e-01,3.934912e-01,3.966028e-01,3.996007e-01,4.024782e-01,4.052070e-01,4.077800e-01,4.101808e-01,4.123996e-01,4.139285e-01,4.157728e-01,4.176328e-01,4.195117e-01,4.214033e-01,4.233202e-01,4.252599e-01,4.268912e-01,4.288660e-01,4.308561e-01,4.325375e-01,4.345748e-01,4.362896e-01,4.380153e-01,4.397606e-01,4.415227e-01,4.436498e-01,4.454479e-01,4.472602e-01,4.490863e-01,4.509321e-01,4.527946e-01,4.546698e-01,4.561901e-01,4.581033e-01,4.600351e-01,4.619792e-01,4.639512e-01,4.655416e-01,4.675473e-01,4.691676e-01,4.708032e-01,4.728644e-01,4.745304e-01,4.762101e-01,4.779029e-01,4.796088e-01,4.813301e-01,4.830704e-01,4.848211e-01,4.865826e-01,4.883629e-01,4.897099e-01,4.915195e-01,4.933349e-01,4.946956e-01,4.965434e-01,4.984054e-01,5.002669e-01,5.016814e-01,5.031066e-01,5.050106e-01,5.064474e-01,5.079055e-01,5.098669e-01,5.113438e-01,5.128326e-01,5.143384e-01,5.163571e-01,5.178853e-01,5.194268e-01,5.209825e-01,5.225437e-01,5.241231e-01,5.257141e-01,5.273191e-01,5.289347e-01,5.305657e-01,5.322003e-01,5.338584e-01,5.355264e-01,5.366482e-01,5.383375e-01,5.394763e-01,5.411860e-01,5.429061e-01,5.440728e-01,5.458208e-01,5.469930e-01,5.487626e-01,5.499545e-01,5.517393e-01,5.529471e-01,5.541558e-01,5.553690e-01,5.571954e-01,5.584255e-01,5.596579e-01,5.609057e-01,5.627727e-01,5.640230e-01,5.652828e-01,5.665525e-01,5.678157e-01,5.690948e-01,5.703854e-01,5.716756e-01,5.729791e-01,5.742869e-01,5.756031e-01,5.762690e-01,5.776032e-01,5.789475e-01,5.803003e-01,5.809878e-01,5.823573e-01,5.837403e-01,5.851146e-01,5.858232e-01,5.872195e-01,5.886177e-01,5.893336e-01,5.900499e-01,5.914746e-01,5.921940e-01,5.936184e-01,5.943474e-01,5.957948e-01,5.965206e-01,5.972484e-01,5.979795e-01,5.987031e-01,5.994323e-01,6.001733e-01,6.009156e-01,6.016533e-01,6.023829e-01,6.031224e-01,6.038704e-01,6.046207e-01,6.053645e-01,6.061066e-01,6.068573e-01,6.076211e-01,6.083877e-01,6.091403e-01,6.098702e-01,6.106206e-01,6.113951e-01,6.121643e-01,6.129091e-01,6.136275e-01,6.143694e-01,6.151262e-01,6.158781e-01,6.166285e-01,6.173813e-01,6.181178e-01,6.189323e-01,6.196365e-01,6.203106e-01,6.210374e-01,6.216966e-01,6.224379e-01,6.231433e-01,6.237140e-01,6.243857e-01,6.250260e-01,6.256963e-01,6.263534e-01,6.268359e-01,6.274969e-01,6.281258e-01,6.287273e-01,6.293730e-01,6.299388e-01,6.305448e-01,6.311705e-01,6.316322e-01,6.319337e-01,6.323774e-01,6.329096e-01,6.333550e-01,6.337802e-01,6.342273e-01,6.347343e-01,6.352409e-01,6.358095e-01,6.363419e-01,6.368915e-01,6.373841e-01,6.380451e-01,6.388005e-01,6.394598e-01,6.401792e-01,6.408329e-01,6.415765e-01,6.423609e-01,6.430331e-01,6.438125e-01,6.445068e-01,6.451751e-01,6.459513e-01,6.466137e-01,6.473057e-01,6.480203e-01,6.488393e-01,6.495580e-01,6.503304e-01,6.510980e-01,6.518748e-01,6.526328e-01,6.534485e-01,6.542423e-01,6.550599e-01,6.557921e-01,6.566360e-01,6.574929e-01,6.583241e-01,6.590942e-01,6.599705e-01,6.607672e-01,6.616091e-01,6.623783e-01,6.632541e-01,6.640502e-01,6.648421e-01,6.657376e-01,6.665412e-01,6.673363e-01,6.681337e-01,6.689605e-01,6.697402e-01,6.705447e-01,6.713517e-01,6.721837e-01,6.729099e-01,6.737516e-01,6.746024e-01,6.753462e-01,6.762020e-01,6.769502e-01,6.777877e-01,6.785285e-01,6.794058e-01,6.801510e-01,6.809039e-01,6.816532e-01,6.824519e-01,6.832293e-01,6.840088e-01,6.847786e-01,6.855625e-01,6.863367e-01,6.870889e-01,6.878432e-01,6.885029e-01,6.892731e-01,6.899783e-01,6.907282e-01,6.913270e-01,6.919270e-01,6.926329e-01,6.932848e-01,6.939382e-01,6.945931e-01,6.952248e-01,6.958826e-01,6.965170e-01,6.971528e-01,6.976836e-01,6.983347e-01,6.989495e-01,6.994712e-01,7.000760e-01,7.005998e-01,7.011498e-01,7.017836e-01,7.023155e-01,7.028565e-01,7.033730e-01,7.039183e-01,7.044258e-01,7.049623e-01,7.054375e-01,7.059393e-01,7.064187e-01,7.068855e-01,7.073445e-01,7.078081e-01,7.082700e-01,7.087092e-01,7.091356e-01,7.095280e-01,7.099335e-01,7.103134e-01,7.106977e-01,7.110825e-01,7.113965e-01,7.117310e-01,7.120435e-01,7.123312e-01,7.126332e-01,7.129102e-01,7.131531e-01,7.133552e-01,7.135840e-01,7.138168e-01,7.140357e-01,7.142576e-01,7.144059e-01,7.145524e-01,7.146990e-01,7.148230e-01,7.149736e-01,7.150864e-01,7.152050e-01,7.152964e-01,7.153787e-01,7.154243e-01,7.154597e-01,7.155031e-01,7.155713e-01,7.156039e-01,7.155997e-01,7.155587e-01,7.155075e-01,7.154098e-01,7.153912e-01,7.153622e-01,7.153280e-01,7.152408e-01,7.151536e-01,7.151101e-01,7.150760e-01,7.150155e-01,7.149284e-01,7.148150e-01,7.147451e-01,7.147111e-01,7.146508e-01,7.145375e-01,7.144365e-01,7.144291e-01,7.144652e-01,7.144578e-01,7.143447e-01,7.142317e-01,7.141595e-01,7.140730e-01,7.139650e-01,7.138138e-01,7.136627e-01,7.135644e-01,7.134925e-01,7.133154e-01,7.129976e-01,7.126633e-01,7.124082e-01,7.121533e-01,7.117940e-01,7.111860e-01,7.105154e-01,7.099103e-01,7.093585e-01,7.088250e-01,7.082755e-01,7.075844e-01,7.066522e-01,7.054282e-01,7.042352e-01,7.033770e-01,7.026227e-01,7.016689e-01,7.003594e-01,6.990142e-01,6.980734e-01,6.974086e-01,6.968198e-01,6.961335e-01,6.953260e-01,6.945946e-01,6.938712e-01,6.931439e-01,6.926753e-01,6.924508e-01,6.922266e-01,6.920156e-01,6.918048e-01,6.915942e-01,6.913968e-01,6.911995e-01,6.912447e-01,6.910477e-01,6.910861e-01,6.911444e-01,6.911897e-01,6.909929e-01,6.910382e-01,6.910706e-01,6.911030e-01,6.908933e-01,6.906709e-01,6.906902e-01,6.907096e-01,6.907159e-01,6.907352e-01,6.907546e-01,6.905193e-01,6.905387e-01,6.905581e-01,6.905708e-01,6.903488e-01,6.903682e-01,6.901465e-01,6.901659e-01,6.901984e-01,6.902048e-01,6.899833e-01,6.900028e-01,6.900092e-01,6.900286e-01,6.897943e-01,6.898007e-01,6.898071e-01,6.898135e-01,6.898068e-01,6.898132e-01,6.898196e-01,6.900667e-01,6.900731e-01,6.900795e-01,6.900859e-01,6.900923e-01,6.900987e-01,6.899771e-01,6.902242e-01,6.902306e-01,6.902370e-01,6.902433e-01,6.903625e-01,6.903557e-01,6.906030e-01,6.906094e-01,6.904876e-01,6.904808e-01,6.907413e-01,6.908606e-01,6.908601e-01,6.909926e-01,6.910122e-01,6.910318e-01,6.909365e-01,6.909693e-01,6.911152e-01,6.911482e-01,6.910528e-01,6.910991e-01,6.912451e-01,6.911632e-01,6.914510e-01,6.913557e-01,6.914022e-01,6.915416e-01,6.915748e-01,6.917212e-01,6.916259e-01,6.916592e-01,6.915506e-01,6.915705e-01,6.917036e-01,6.915816e-01,6.918297e-01,6.917077e-01,6.918274e-01,6.918204e-01,6.916985e-01,6.918181e-01,6.918246e-01,6.917026e-01,6.918153e-01,6.918352e-01,6.919683e-01,6.918598e-01,6.918798e-01,6.917713e-01,6.917913e-01,6.916830e-01,6.915881e-01,6.918496e-01,6.917412e-01,6.916464e-01,6.919079e-01,6.917996e-01,6.918196e-01,6.917114e-01,6.916032e-01,6.916233e-01,6.914947e-01,6.915148e-01,6.913933e-01,6.911725e-01,6.910512e-01,6.908173e-01,6.906961e-01,6.904626e-01,6.903281e-01,6.903347e-01,6.899742e-01,6.899808e-01,6.897480e-01,6.893884e-01,6.891494e-01,6.889174e-01,6.887973e-01,6.885657e-01,6.883343e-01,6.882145e-01,6.879835e-01,6.877527e-01,6.875221e-01,6.871657e-01,6.869357e-01,6.867059e-01,6.864764e-01,6.860111e-01,6.857822e-01,6.853183e-01,6.850900e-01,6.849868e-01,6.842752e-01,6.841724e-01,6.838357e-01,6.834995e-01,6.829307e-01,6.824720e-01,6.819054e-01,6.814486e-01,6.809926e-01,6.806603e-01,6.799753e-01,6.795220e-01,6.788400e-01,6.782815e-01,6.776028e-01,6.769260e-01,6.762509e-01,6.755776e-01,6.749007e-01,6.738860e-01,6.731139e-01,6.721062e-01,6.714438e-01,6.707831e-01,6.700202e-01,6.692596e-01,6.680468e-01,6.669561e-01,6.658700e-01,6.651216e-01,6.642601e-01,6.635028e-01,6.624193e-01,6.610240e-01,6.596361e-01,6.584812e-01,6.572058e-01,6.562588e-01,6.553152e-01,6.547067e-01,6.537803e-01,6.528573e-01,6.518408e-01,6.505131e-01,6.489877e-01,6.473632e-01,6.458564e-01,6.445467e-01,6.437504e-01,6.424515e-01,6.415688e-01,6.403755e-01,6.393846e-01,6.382016e-01,6.373232e-01,6.361499e-01,6.352787e-01,6.341272e-01,6.335717e-01,6.331300e-01,6.324852e-01,6.313243e-01,6.298903e-01,6.287635e-01,6.276319e-01,6.262190e-01,6.250118e-01,6.234308e-01,6.217605e-01,6.198125e-01,6.174222e-01,6.146985e-01,6.123486e-01,6.092401e-01,6.056543e-01,6.025500e-01,5.988257e-01,5.950912e-01,5.907679e-01,5.876466e-01,5.825886e-01,5.773206e-01,5.714813e-01,5.665814e-01,5.597058e-01,5.528891e-01,5.462189e-01,5.386990e-01,5.333148e-01,5.257857e-01,5.186359e-01,5.116465e-01,5.038329e-01,4.961810e-01,4.910329e-01,4.848840e-01,4.769592e-01,4.702662e-01,4.636892e-01,4.582980e-01,4.520955e-01,4.460398e-01,4.402489e-01,4.354129e-01,4.313816e-01,4.266408e-01,4.220155e-01,4.182587e-01,4.137665e-01,4.100630e-01,4.064323e-01,4.029096e-01,4.001060e-01,3.973473e-01,3.945351e-01,3.917933e-01,3.890950e-01,3.870114e-01,3.850158e-01,3.829854e-01,3.809410e-01,3.789529e-01,3.775622e-01,3.756179e-01,3.736893e-01,3.723399e-01,3.710010e-01,3.702589e-01,3.689670e-01,3.676829e-01,3.669839e-01,3.657450e-01,3.650481e-01,3.644108e-01,3.637251e-01,3.630646e-01,3.624347e-01,3.617850e-01,3.611320e-01,3.605075e-01,3.604058e-01,3.597898e-01,3.597437e-01,3.596977e-01,3.596573e-01,3.590934e-01,3.590200e-01,3.590073e-01,3.589614e-01,3.594880e-01,3.594477e-01,3.594309e-01,3.593648e-01,3.598666e-01,3.598002e-01,3.603310e-01,3.608357e-01,3.614033e-01,3.613880e-01,3.618736e-01,3.629107e-01,3.634587e-01,3.640009e-01,3.650568e-01,3.661134e-01,3.672111e-01,3.688274e-01,3.699424e-01,3.710864e-01,3.727154e-01,3.738180e-01,3.755029e-01,3.771964e-01,3.783333e-01,3.806388e-01,3.818294e-01,3.835848e-01,3.853614e-01,3.866102e-01,3.890319e-01,3.902139e-01,3.919874e-01,3.938177e-01,3.956947e-01,3.969548e-01,3.988300e-01,4.007304e-01,4.020605e-01,4.046916e-01,4.060146e-01,4.080208e-01,4.100912e-01,4.120764e-01,4.135213e-01,4.155781e-01,4.178040e-01,4.199465e-01,4.214199e-01,4.235947e-01,4.258430e-01,4.273193e-01,4.296463e-01,4.312745e-01,4.336937e-01,4.352667e-01,4.369003e-01,4.393387e-01,4.409633e-01,4.426013e-01,4.451586e-01,4.468315e-01,4.485630e-01,4.503040e-01,4.520203e-01,4.546095e-01,4.555838e-01,4.582715e-01,4.601457e-01,4.610516e-01,4.628556e-01,4.656896e-01,4.667136e-01,4.686174e-01,4.705399e-01,4.724792e-01,4.744418e-01,4.754625e-01,4.774482e-01,4.794102e-01,4.804024e-01,4.824447e-01,4.835135e-01,4.854789e-01,4.875753e-01,4.886157e-01,4.907980e-01,4.918541e-01,4.938428e-01,4.949139e-01,4.971047e-01,4.981826e-01,4.992702e-01,5.014429e-01,5.025952e-01,5.036996e-01,5.058527e-01,5.070231e-01,5.081496e-01,5.092765e-01,5.115956e-01,5.127399e-01,5.138899e-01,5.151031e-01,5.162651e-01,5.174330e-01,5.187277e-01,5.198531e-01,5.206223e-01,5.216904e-01,5.227037e-01,5.237740e-01,5.247461e-01,5.258935e-01,5.267499e-01,5.280352e-01,5.289027e-01,5.299586e-01,5.307739e-01,5.317755e-01,5.327847e-01,5.338012e-01,5.346966e-01,5.357857e-01,5.368218e-01,5.375341e-01,5.387643e-01,5.394143e-01,5.403970e-01,5.413179e-01,5.421059e-01,5.430323e-01,5.440178e-01,5.450786e-01,5.457998e-01,5.467362e-01,5.476035e-01,5.483983e-01,5.489356e-01,5.498038e-01,5.504783e-01,5.515656e-01,5.524451e-01,5.533417e-01,5.544438e-01,5.552767e-01,5.558271e-01,5.566001e-01,5.572269e-01,5.579305e-01,5.587086e-01,5.594876e-01,5.600577e-01,5.608512e-01,5.614964e-01,5.622856e-01,5.629358e-01,5.635277e-01,5.638305e-01,5.646259e-01,5.649208e-01,5.655108e-01,5.660249e-01,5.667610e-01,5.672787e-01,5.678731e-01,5.682484e-01,5.687690e-01,5.691447e-01,5.698124e-01,5.700440e-01,5.706365e-01,5.712395e-01,5.717654e-01,5.724399e-01,5.728210e-01,5.731939e-01,5.737243e-01,5.739593e-01,5.744124e-01,5.746481e-01,5.751024e-01,5.751110e-01,5.756535e-01,5.759697e-01,5.765053e-01,5.766636e-01,5.770508e-01,5.772890e-01,5.776772e-01,5.776679e-01,5.781281e-01,5.783586e-01,5.788103e-01,5.790318e-01,5.794847e-01,5.796357e-01,5.800800e-01,5.799994e-01,5.805345e-01,5.805246e-01,5.805943e-01,5.806652e-01,5.808964e-01,5.805821e-01,5.807324e-01,5.805086e-01,5.806675e-01,5.802730e-01,5.801912e-01,5.800387e-01,5.800278e-01,5.797244e-01,5.795625e-01,5.793217e-01,5.793108e-01,5.789188e-01,5.789080e-01,5.785168e-01,5.783644e-01,5.783728e-01,5.793395e-01,5.789477e-01,5.788749e-01,5.785809e-01,5.782785e-01,5.778970e-01,5.776750e-01,5.773740e-01,5.771432e-01,5.767636e-01,5.764637e-01,5.758494e-01,5.756202e-01,5.753134e-01,5.748499e-01,5.744657e-01,5.741512e-01,5.734657e-01,5.732994e-01,5.727629e-01,5.724517e-01,5.721409e-01,5.718988e-01,5.712884e-01,5.709792e-01,5.703803e-01,5.699955e-01,5.696113e-01,5.689394e-01,5.684133e-01,5.679646e-01,5.672305e-01,5.668512e-01,5.664145e-01,5.659697e-01,5.654595e-01,5.650166e-01,5.643581e-01,5.640676e-01,5.634955e-01,5.629161e-01,5.623380e-01,5.619679e-01,5.613923e-01,5.611053e-01,5.606057e-01,5.603202e-01,5.596192e-01,5.592610e-01,5.585710e-01,5.581584e-01,5.577460e-01,5.572702e-01,5.567954e-01,5.564581e-01,5.558495e-01,5.557294e-01,5.553386e-01,5.550044e-01,5.546063e-01,5.545521e-01,5.542282e-01,5.541024e-01,5.535090e-01,5.533206e-01,5.533382e-01,5.528183e-01,5.524963e-01,5.521664e-01,5.517117e-01,5.512655e-01,5.508757e-01,5.505556e-01,5.499086e-01,5.492625e-01,5.487426e-01,5.481706e-01,5.473909e-01,5.468753e-01,5.462998e-01,5.455265e-01,5.446190e-01,5.439128e-01,5.435268e-01,5.427638e-01,5.419354e-01,5.411100e-01,5.404147e-01,5.399088e-01,5.390316e-01,5.384768e-01,5.379752e-01,5.375485e-01,5.368642e-01,5.363148e-01,5.358913e-01,5.355347e-01,5.351127e-01,5.346403e-01,5.342858e-01,5.342516e-01,5.343343e-01,5.337980e-01,5.336327e-01,5.334098e-01,5.331217e-01,5.332177e-01,5.331182e-01,5.328881e-01,5.327236e-01,5.325500e-01,5.323857e-01,5.320261e-01,5.317894e-01,5.313659e-01,5.310651e-01,5.307724e-01,5.307311e-01,5.306252e-01,5.304533e-01,5.305907e-01,5.305341e-01,5.305499e-01,5.304440e-01,5.305235e-01,5.305302e-01,5.306676e-01,5.309849e-01,5.310577e-01,5.311877e-01,5.315112e-01,5.316346e-01,5.319454e-01,5.320185e-01,5.322723e-01,5.323375e-01,5.323970e-01,5.323330e-01,5.322768e-01,5.322138e-01,5.320935e-01,5.319643e-01,5.320237e-01,5.320258e-01,5.322726e-01,5.320222e-01,5.320231e-01,5.319029e-01,5.318399e-01,5.320292e-01,5.319012e-01,5.318383e-01,5.319043e-01,5.317821e-01,5.318491e-01,5.317929e-01,5.316216e-01,5.311920e-01,5.310859e-01,5.308000e-01,5.305649e-01,5.297385e-01,5.293980e-01,5.289373e-01,5.283562e-01,5.279053e-01,5.274553e-01,5.266470e-01,5.259601e-01,5.252210e-01,5.241703e-01,5.231319e-01,5.217944e-01,5.201318e-01,5.191670e-01,5.181436e-01,5.170657e-01,5.148512e-01,5.125990e-01,5.115399e-01,5.094325e-01,5.061952e-01,5.040218e-01,5.019796e-01,4.989005e-01,4.958072e-01,4.927598e-01,4.896961e-01,4.867262e-01,4.817930e-01,4.788824e-01,4.722053e-01,4.674939e-01,4.621488e-01,4.578000e-01,4.518032e-01,4.469722e-01,4.406171e-01,4.347463e-01,4.258615e-01,4.187116e-01,4.118216e-01,4.038455e-01,3.967950e-01,3.881503e-01,3.803813e-01,3.680267e-01,3.589821e-01,3.499492e-01,3.413710e-01,3.310748e-01,3.225572e-01,3.091217e-01,2.995734e-01,2.905574e-01,2.817416e-01,2.724782e-01,2.610932e-01,2.523030e-01,2.445350e-01,2.369890e-01,2.294143e-01,2.202755e-01,2.136511e-01,2.077266e-01,2.022629e-01,1.975294e-01,1.905103e-01,1.863912e-01,1.825593e-01,1.785633e-01,1.744684e-01,1.705275e-01,1.679575e-01,1.654521e-01,1.630103e-01,1.606259e-01,1.583047e-01,1.571145e-01,1.548872e-01,1.537517e-01,1.515995e-01,1.505211e-01,1.494501e-01,1.484054e-01,1.473756e-01,1.463629e-01,1.453647e-01,1.453315e-01,1.443270e-01,1.442921e-01,1.433197e-01,1.432722e-01,1.432476e-01,1.432252e-01,1.422643e-01,1.422418e-01,1.422173e-01,1.421997e-01,1.431194e-01,1.431144e-01,1.431014e-01,1.430782e-01,1.440027e-01,1.440025e-01,1.449525e-01,1.449494e-01,1.458979e-01,1.468645e-01,1.468670e-01,1.478480e-01,1.488372e-01,1.498379e-01,1.508641e-01,1.508621e-01,1.518924e-01,1.529540e-01,1.540034e-01,1.550791e-01,1.561480e-01,1.572469e-01,1.583621e-01,1.594822e-01,1.606160e-01,1.617663e-01,1.629285e-01,1.641049e-01,1.652988e-01,1.665055e-01,1.677146e-01,1.689480e-01,1.714456e-01,1.714513e-01,1.740302e-01,1.753507e-01,1.753709e-01,1.776382e-01,1.789874e-01,1.806459e-01,1.817890e-01,1.837731e-01,1.849301e-01,1.859592e-01,1.878992e-01,1.892446e-01,1.909316e-01,1.921764e-01,1.942249e-01,1.953397e-01,1.972704e-01,1.986078e-01,1.997856e-01,2.017942e-01,2.031612e-01,2.050753e-01,2.062950e-01,2.082344e-01,2.094888e-01,2.113084e-01,2.127824e-01,2.144342e-01,2.157464e-01,2.176562e-01,2.190047e-01,2.207567e-01,2.221187e-01,2.239385e-01,2.251634e-01,2.270082e-01,2.284315e-01,2.294655e-01,2.313757e-01,2.333156e-01,2.346023e-01,2.363423e-01,2.376603e-01,2.394304e-01,2.405343e-01,2.423699e-01,2.434739e-01,2.450836e-01,2.462232e-01,2.481274e-01,2.492805e-01,2.509222e-01,2.520593e-01,2.537909e-01,2.546913e-01,2.562467e-01,2.574300e-01,2.588920e-01,2.606416e-01,2.614441e-01,2.629499e-01,2.639141e-01,2.655792e-01,2.661278e-01,2.676857e-01,2.691074e-01,2.701154e-01,2.712681e-01,2.721346e-01,2.737610e-01,2.743426e-01,2.758333e-01,2.770336e-01,2.779361e-01,2.791542e-01,2.797583e-01,2.811591e-01,2.827225e-01,2.833405e-01,2.846051e-01,2.852324e-01,2.861876e-01,2.874771e-01,2.881167e-01,2.894233e-01,2.902493e-01,2.912388e-01,2.922349e-01,2.928978e-01,2.939064e-01,2.954503e-01,2.957788e-01,2.973435e-01,2.976762e-01,2.992582e-01,3.004995e-01,3.010289e-01,3.022835e-01,3.035470e-01,3.044530e-01,3.055610e-01,3.068519e-01,3.077775e-01,3.087074e-01,3.102275e-01,3.107901e-01,3.119458e-01,3.132923e-01,3.140781e-01,3.150491e-01,3.166366e-01,3.172256e-01,3.184313e-01,3.194325e-01,3.202480e-01,3.214783e-01,3.224973e-01,3.231084e-01,3.243579e-01,3.253937e-01,3.262400e-01,3.268639e-01,3.281428e-01,3.292032e-01,3.300664e-01,3.307052e-01,3.320162e-01,3.326626e-01,3.335460e-01,3.346420e-01,3.355361e-01,3.361981e-01,3.371024e-01,3.382223e-01,3.391359e-01,3.398090e-01,3.407314e-01,3.418757e-01,3.423437e-01,3.437467e-01,3.444384e-01,3.453847e-01,3.458606e-01,3.468164e-01,3.475189e-01,3.484825e-01,3.494516e-01,3.496805e-01,3.506580e-01,3.516395e-01,3.521331e-01,3.528598e-01,3.533570e-01,3.543540e-01,3.548570e-01,3.558628e-01,3.568744e-01,3.578920e-01,3.581323e-01,3.591572e-01,3.596765e-01,3.607106e-01,3.612307e-01,3.617523e-01,3.625219e-01,3.630451e-01,3.635722e-01,3.646294e-01,3.651589e-01,3.656915e-01,3.659404e-01,3.670119e-01,3.675462e-01,3.680859e-01,3.683380e-01,3.688786e-01,3.694184e-01,3.696715e-01,3.702161e-01,3.707599e-01,3.713053e-01,3.718524e-01,3.724012e-01,3.726583e-01,3.726523e-01,3.732035e-01,3.737563e-01,3.743107e-01,3.748683e-01,3.754236e-01,3.759831e-01,3.759769e-01,3.765356e-01,3.770960e-01,3.776568e-01,3.776478e-01,3.782090e-01,3.787693e-01,3.787588e-01,3.793181e-01,3.798791e-01,3.798647e-01,3.807347e-01,3.807187e-01,3.812838e-01,3.812665e-01,3.821430e-01,3.821293e-01,3.826985e-01,3.829949e-01,3.835667e-01,3.835543e-01,3.844425e-01,3.844273e-01,3.847262e-01,3.853032e-01,3.861968e-01,3.864957e-01,3.870752e-01,3.873755e-01,3.873571e-01,3.882565e-01,3.882388e-01,3.891451e-01,3.894484e-01,3.894296e-01,3.903444e-01,3.903283e-01,3.906398e-01,3.909482e-01,3.909375e-01,3.912520e-01,3.915670e-01,3.915570e-01,3.918782e-01,3.918703e-01,3.928080e-01,3.928035e-01,3.931296e-01,3.934562e-01,3.934568e-01,3.937869e-01,3.937881e-01,3.941216e-01,3.941251e-01,3.944592e-01,3.944632e-01,3.947979e-01,3.948043e-01,3.951426e-01,3.951494e-01,3.951558e-01,3.954947e-01,3.948761e-01,3.948829e-01,3.948922e-01,3.952306e-01,3.952369e-01,3.952437e-01,3.952530e-01,3.952593e-01,3.949335e-01,3.943170e-01,3.943233e-01,3.939991e-01,3.936725e-01,3.927314e-01,3.927380e-01,3.924135e-01,3.917630e-01,3.908315e-01,3.905103e-01,3.898666e-01,3.889416e-01,3.883002e-01,3.879833e-01,3.867468e-01,3.861129e-01,3.848890e-01,3.842615e-01,3.827385e-01,3.821182e-01,3.806101e-01,3.799969e-01,3.788127e-01,3.779052e-01,3.767346e-01,3.752753e-01,3.746823e-01,3.732393e-01,3.721006e-01,3.712259e-01,3.700998e-01,3.686928e-01,3.681210e-01,3.667294e-01,3.661637e-01,3.650688e-01,3.636982e-01,3.626159e-01,3.615402e-01,3.604710e-01,3.599224e-01,3.588605e-01,3.578073e-01,3.564917e-01,3.554525e-01,3.551857e-01,3.541542e-01,3.533924e-01,3.518788e-01,3.511288e-01,3.501210e-01,3.498621e-01,3.491187e-01,3.483764e-01,3.476394e-01,3.466495e-01,3.459198e-01,3.451911e-01,3.442151e-01,3.432447e-01,3.420620e-01,3.413490e-01,3.399333e-01,3.389868e-01,3.382870e-01,3.375900e-01,3.362071e-01,3.355187e-01,3.348330e-01,3.341501e-01,3.330291e-01,3.321204e-01,3.310128e-01,3.303452e-01,3.296803e-01,3.290181e-01,3.279308e-01,3.272747e-01,3.262005e-01,3.257759e-01,3.247095e-01,3.242887e-01,3.234527e-01,3.232539e-01,3.224231e-01,3.220080e-01,3.213999e-01,3.212035e-01,3.199739e-01,3.199953e-01,3.191792e-01,3.185814e-01,3.181742e-01,3.177934e-01,3.173864e-01,3.165826e-01,3.155977e-01,3.151962e-01,3.146112e-01,3.138200e-01,3.130326e-01,3.128443e-01,3.114705e-01,3.106930e-01,3.103035e-01,3.095332e-01,3.085647e-01,3.078027e-01,3.072203e-01,3.057183e-01,3.051435e-01,3.043978e-01,3.036570e-01,3.027254e-01,3.012672e-01,3.009016e-01,2.999877e-01,2.992688e-01,2.985533e-01,2.978410e-01,2.967816e-01,2.962634e-01,2.955629e-01,2.950488e-01,2.943537e-01,2.931568e-01,2.929961e-01,2.921490e-01,2.914668e-01,2.907875e-01,2.902903e-01,2.891258e-01,2.886340e-01,2.883203e-01,2.876549e-01,2.871676e-01,2.856982e-01,2.852184e-01,2.847389e-01,2.842608e-01,2.831402e-01,2.824970e-01,2.818565e-01,2.809005e-01,2.804344e-01,2.793428e-01,2.787156e-01,2.777795e-01,2.773218e-01,2.759443e-01,2.757966e-01,2.748787e-01,2.739687e-01,2.735226e-01,2.721801e-01,2.715813e-01,2.706894e-01,2.702554e-01,2.687886e-01,2.682036e-01,2.674855e-01,2.669057e-01,2.654738e-01,2.649009e-01,2.640491e-01,2.634843e-01,2.620838e-01,2.610998e-01,2.602720e-01,2.598640e-01,2.584993e-01,2.579528e-01,2.571414e-01,2.565991e-01,2.552641e-01,5.521768e-03,5.521768e-03,5.521768e-03,5.521768e-03,5.521768e-03,5.521768e-03,5.521768e-03,5.521768e-03,5.521768e-03,5.521768e-03,5.521768e-03,5.521768e-03,5.521768e-03,5.521768e-03,5.521768e-03,5.521768e-03,5.521768e-03,5.521768e-03,5.521768e-03,5.521768e-03,5.521768e-03,5.521768e-03,5.521768e-03,5.521768e-03,5.521768e-03,5.521768e-03,5.521768e-03,5.521768e-03,5.521768e-03,5.521768e-03,5.521768e-03,5.521768e-03,5.521768e-03,5.521768e-03,5.521768e-03,5.521768e-03,5.521768e-03,5.521768e-03,5.521768e-03,5.521768e-03,5.521768e-03,5.521768e-03,5.521768e-03,5.521768e-03,5.521768e-03,5.521768e-03,5.521768e-03,5.521768e-03,5.521768e-03,5.521768e-03,5.521768e-03,5.521768e-03,5.521768e-03,5.521768e-03,5.521768e-03,5.521768e-03,5.521768e-03,5.521768e-03,5.521768e-03,5.521768e-03,5.521768e-03,5.521768e-03,5.521768e-03,5.521768e-03,5.521768e-03,5.521768e-03,5.521768e-03,5.521768e-03,5.521768e-03,5.521768e-03,5.521768e-03,5.521768e-03,5.521768e-03,5.521768e-03,5.521768e-03,5.521768e-03,5.521768e-03,5.521768e-03,5.521768e-03,5.521768e-03,5.521768e-03,5.521768e-03,5.521768e-03,5.521768e-03,5.521768e-03,5.521768e-03,5.521768e-03,5.521768e-03,5.521768e-03,5.521768e-03,5.521768e-03,5.521768e-03,5.521768e-03,5.521768e-03,5.521768e-03,5.521768e-03,5.521768e-03,5.521768e-03,5.521768e-03,5.521768e-03,5.521768e-03,5.521768e-03,5.521768e-03,5.521768e-03,5.521768e-03,5.521768e-03,5.521768e-03,5.521768e-03,5.521768e-03,5.521768e-03,5.521768e-03,5.521768e-03,5.521768e-03,5.521768e-03,5.521768e-03,5.521768e-03,5.521768e-03,5.521768e-03,5.521768e-03,5.521768e-03,5.521768e-03,5.521768e-03,5.521768e-03,5.521768e-03,5.521768e-03,5.521768e-03,5.521768e-03,5.521768e-03,5.521768e-03,5.521768e-03,5.521768e-03,5.521768e-03,5.521768e-03,5.521768e-03,5.521768e-03,5.521768e-03,5.521768e-03,5.521768e-03,5.521768e-03,5.521768e-03,5.521768e-03,5.521768e-03,5.521768e-03,5.521768e-03,5.521768e-03,5.521768e-03,5.521768e-03,5.521768e-03,5.521768e-03,5.521768e-03,5.521768e-03,5.521768e-03,5.521768e-03,5.521768e-03,5.521768e-03,5.521768e-03,5.521768e-03,5.521768e-03,5.521768e-03,5.521768e-03,5.521768e-03
1.059092e-02,1.058166e-02,1.057227e-02,1.056418e-02,1.055925e-02,1.056041e-02,1.056312e-02,1.056869e-02,1.057468e-02,1.057855e-02,1.058270e-02,1.058065e-02,1.058353e-02,1.058966e-02,1.059408e-02,1.060250e-02,1.061066e-02,1.061717e-02,1.062601e-02,1.063118e-02,1.063380e-02,1.063136e-02,1.062820e-02,1.062655e-02,1.063077e-02,1.063192e-02,1.063219e-02,1.062964e-02,1.062778e-02,1.062771e-02,1.062249e-02,1.061180e-02,1.060544e-02,1.060019e-02,1.060038e-02,1.060088e-02,1.059828e-02,1.060159e-02,1.060494e-02,1.060866e-02,1.061813e-02,1.063957e-02,1.066401e-02,1.068875e-02,1.071819e-02,1.075691e-02,1.079610e-02,1.083412e-02,1.088738e-02,1.094897e-02,1.101816e-02,1.109671e-02,1.118316e-02,1.127037e-02,1.135842e-02,1.144380e-02,1.153113e-02,1.161790e-02,1.170098e-02,1.177989e-02,1.185151e-02,1.192110e-02,1.198344e-02,1.203942e-02,1.210078e-02,1.216092e-02,1.221844e-02,1.227289e-02,1.232013e-02,1.236839e-02,1.241569e-02,1.244979e-02,1.248294e-02,1.251467e-02,1.254088e-02,1.256718e-02,1.259334e-02,1.262792e-02,1.265915e-02,1.269346e-02,1.273234e-02,1.278184e-02,1.284350e-02,1.291466e-02,1.299504e-02,1.309098e-02,1.320369e-02,1.332571e-02,1.346804e-02,1.362645e-02,1.380296e-02,1.398673e-02,1.418875e-02,1.441107e-02,1.464362e-02,1.489099e-02,1.515847e-02,1.544835e-02,1.575072e-02,1.607195e-02,1.641933e-02,1.677044e-02,1.714673e-02,1.754232e-02,1.795920e-02,1.839357e-02,1.884868e-02,1.933577e-02,1.985463e-02,2.036864e-02,2.091458e-02,2.147331e-02,2.204979e-02,2.267545e-02,2.332271e-02,2.395982e-02,2.461353e-02,2.528053e-02,2.595698e-02,2.664131e-02,2.732978e-02,2.799548e-02,2.865929e-02,2.929599e-02,2.992057e-02,3.050762e-02,3.104651e-02,3.157106e-02,3.207676e-02,3.253122e-02,3.297034e-02,3.338855e-02,3.383164e-02,3.419684e-02,3.455421e-02,3.487178e-02,3.518372e-02,3.544886e-02,3.571778e-02,3.595312e-02,3.622885e-02,3.640489e-02,3.656037e-02,3.677882e-02,3.694603e-02,3.716468e-02,3.733316e-02,3.755865e-02,3.772906e-02,3.790034e-02,3.810876e-02,3.825524e-02,3.838135e-02,3.852234e-02,3.862167e-02,3.866555e-02,3.863572e-02,3.863861e-02,3.857209e-02,3.848522e-02,3.840527e-02,3.837020e-02,3.826594e-02,3.818844e-02,3.808824e-02,3.796762e-02,3.782531e-02,3.761241e-02,3.742709e-02,3.722325e-02,3.700491e-02,3.677582e-02,3.654087e-02,3.630968e-02,3.608281e-02,3.586121e-02,3.565052e-02,3.545325e-02,3.527060e-02,3.509790e-02,3.493532e-02,3.478530e-02,3.464368e-02,3.451292e-02,3.439002e-02,3.427648e-02,3.417649e-02,3.408309e-02,3.400115e-02,3.392707e-02,3.387006e-02,3.382030e-02,3.378176e-02,3.371468e-02,3.369790e-02,3.369056e-02,3.368616e-02,3.368352e-02,3.368194e-02,3.367648e-02,3.362272e-02,3.359475e-02,3.355492e-02,3.349840e-02,3.338173e-02,3.328506e-02,3.316627e-02,3.298665e-02,3.282644e-02,3.264724e-02,3.245937e-02,3.222963e-02,3.202481e-02,3.181012e-02,3.155781e-02,3.134668e-02,3.110824e-02,3.090943e-02,3.072416e-02,3.052984e-02,3.039175e-02,3.023705e-02,3.014093e-02,3.003410e-02,2.997855e-02,2.991240e-02,2.986239e-02,2.986432e-02,2.984535e-02,2.986180e-02,2.984018e-02,2.984117e-02,2.978981e-02,2.970320e-02,2.961403e-02,2.944948e-02,2.927049e-02,2.900264e-02,2.869798e-02,2.837240e-02,2.799024e-02,2.757314e-02,2.716044e-02,2.670298e-02,2.624206e-02,2.577772e-02,2.535228e-02,2.492676e-02,2.452648e-02,2.419800e-02,2.387865e-02,2.360421e-02,2.334659e-02,2.311868e-02,2.286108e-02,2.257850e-02,2.226528e-02,2.191577e-02,2.151046e-02,2.104913e-02,2.055634e-02,2.001210e-02,1.947180e-02,1.891028e-02,1.836040e-02,1.783153e-02,1.731905e-02,1.687215e-02,1.646398e-02,1.612681e-02,1.581677e-02,1.557204e-02,1.537333e-02,1.521466e-02,1.508446e-02,1.501117e-02,1.495447e-02,1.496918e-02,1.502203e-02,1.518994e-02,1.542512e-02,1.586889e-02,1.640524e-02,1.719573e-02,1.812040e-02,1.931955e-02,2.069723e-02,2.229143e-02,2.407956e-02,2.613266e-02,2.836640e-02,3.079628e-02,3.341673e-02,3.627448e-02,3.924737e-02,4.231455e-02,4.550002e-02,4.882872e-02,5.215464e-02,5.547331e-02,5.880709e-02,6.222764e-02,6.549218e-02,6.868459e-02,7.181393e-02,7.486473e-02,7.784696e-02,8.075977e-02,8.361757e-02,8.667903e-02,8.947347e-02,9.222500e-02,9.495602e-02,9.766063e-02,1.003583e-01,1.030256e-01,1.056897e-01,1.083299e-01,1.109530e-01,1.135640e-01,1.166041e-01,1.191881e-01,1.217610e-01,1.241569e-01,1.266722e-01,1.291592e-01,1.316186e-01,1.340901e-01,1.364842e-01,1.388414e-01,1.411593e-01,1.434333e-01,1.456816e-01,1.478972e-01,1.499773e-01,1.520872e-01,1.541660e-01,1.561974e-01,1.580985e-01,1.600584e-01,1.619707e-01,1.636393e-01,1.653763e-01,1.669586e-01,1.686140e-01,1.701153e-01,1.716947e-01,1.731168e-01,1.746157e-01,1.759729e-01,1.774002e-01,1.786347e-01,1.798764e-01,1.812606e-01,1.825356e-01,1.839463e-01,1.852628e-01,1.865816e-01,1.880409e-01,1.893863e-01,1.908857e-01,1.921219e-01,1.934984e-01,1.948829e-01,1.961346e-01,1.975181e-01,1.989170e-01,2.003188e-01,2.015743e-01,2.029634e-01,2.043630e-01,2.057582e-01,2.071362e-01,2.085215e-01,2.098837e-01,2.112343e-01,2.125834e-01,2.139044e-01,2.152072e-01,2.164872e-01,2.177470e-01,2.186544e-01,2.197412e-01,2.208371e-01,2.219456e-01,2.230551e-01,2.241893e-01,2.253400e-01,2.263077e-01,2.274799e-01,2.286555e-01,2.296573e-01,2.308733e-01,2.318975e-01,2.329212e-01,2.339652e-01,2.350212e-01,2.362876e-01,2.373679e-01,2.384572e-01,2.395482e-01,2.406594e-01,2.417812e-01,2.429041e-01,2.438237e-01,2.449799e-01,2.461488e-01,2.473167e-01,2.485145e-01,2.494796e-01,2.506988e-01,2.516852e-01,2.526817e-01,2.539386e-01,2.549559e-01,2.559827e-01,2.570175e-01,2.580605e-01,2.591148e-01,2.601836e-01,2.612581e-01,2.623366e-01,2.634284e-01,2.642565e-01,2.653701e-01,2.664818e-01,2.672977e-01,2.684350e-01,2.695803e-01,2.707133e-01,2.715805e-01,2.724559e-01,2.736212e-01,2.744982e-01,2.753997e-01,2.766162e-01,2.775267e-01,2.784502e-01,2.793878e-01,2.806421e-01,2.815932e-01,2.825557e-01,2.835273e-01,2.845015e-01,2.854907e-01,2.864881e-01,2.875050e-01,2.885208e-01,2.895464e-01,2.905710e-01,2.916178e-01,2.926694e-01,2.933755e-01,2.944419e-01,2.951623e-01,2.962419e-01,2.973265e-01,2.980792e-01,2.991882e-01,2.999272e-01,3.010502e-01,3.018066e-01,3.029379e-01,3.037055e-01,3.044739e-01,3.052536e-01,3.064131e-01,3.071952e-01,3.079804e-01,3.087789e-01,3.099685e-01,3.107722e-01,3.115743e-01,3.123859e-01,3.131864e-01,3.140008e-01,3.148387e-01,3.156581e-01,3.164925e-01,3.173272e-01,3.181749e-01,3.185969e-01,3.194514e-01,3.203216e-01,3.211861e-01,3.216244e-01,3.225050e-01,3.234068e-01,3.242805e-01,3.247332e-01,3.256312e-01,3.265381e-01,3.269929e-01,3.274526e-01,3.283874e-01,3.288464e-01,3.297549e-01,3.302375e-01,3.311715e-01,3.316286e-01,3.320935e-01,3.325765e-01,3.330306e-01,3.334917e-01,3.339849e-01,3.344632e-01,3.349318e-01,3.353850e-01,3.358675e-01,3.363464e-01,3.368269e-01,3.372948e-01,3.377654e-01,3.382325e-01,3.387184e-01,3.392226e-01,3.396857e-01,3.401093e-01,3.405801e-01,3.410642e-01,3.415450e-01,3.419995e-01,3.423844e-01,3.428296e-01,3.432803e-01,3.437205e-01,3.441726e-01,3.446094e-01,3.450339e-01,3.454197e-01,3.457690e-01,3.461702e-01,3.465519e-01,3.469246e-01,3.473336e-01,3.476990e-01,3.479036e-01,3.481918e-01,3.485322e-01,3.488930e-01,3.491687e-01,3.492199e-01,3.494795e-01,3.497915e-01,3.500302e-01,3.502767e-01,3.504535e-01,3.506932e-01,3.509815e-01,3.509758e-01,3.506580e-01,3.506209e-01,3.507520e-01,3.507149e-01,3.506631e-01,3.506260e-01,3.506830e-01,3.507568e-01,3.509080e-01,3.510909e-01,3.512277e-01,3.512535e-01,3.515534e-01,3.519898e-01,3.523640e-01,3.527391e-01,3.531096e-01,3.535186e-01,3.540095e-01,3.543928e-01,3.548810e-01,3.553157e-01,3.556968e-01,3.561834e-01,3.565612e-01,3.569949e-01,3.574626e-01,3.579980e-01,3.584686e-01,3.590124e-01,3.595356e-01,3.600831e-01,3.605990e-01,3.611726e-01,3.617315e-01,3.623262e-01,3.628484e-01,3.634813e-01,3.641226e-01,3.647093e-01,3.652969e-01,3.659741e-01,3.666010e-01,3.671971e-01,3.677878e-01,3.684464e-01,3.690769e-01,3.696870e-01,3.703829e-01,3.710209e-01,3.716554e-01,3.722923e-01,3.729509e-01,3.735565e-01,3.742008e-01,3.748476e-01,3.755337e-01,3.761536e-01,3.768282e-01,3.775289e-01,3.781626e-01,3.788690e-01,3.795079e-01,3.801821e-01,3.807945e-01,3.815186e-01,3.821358e-01,3.827385e-01,3.833602e-01,3.840617e-01,3.847272e-01,3.853953e-01,3.860593e-01,3.867326e-01,3.874018e-01,3.880340e-01,3.886685e-01,3.892205e-01,3.898926e-01,3.905460e-01,3.911829e-01,3.916721e-01,3.921627e-01,3.927239e-01,3.932992e-01,3.938763e-01,3.944554e-01,3.949950e-01,3.955777e-01,3.961208e-01,3.966655e-01,3.971407e-01,3.976958e-01,3.982032e-01,3.986476e-01,3.991228e-01,3.995694e-01,4.000597e-01,4.005812e-01,4.010556e-01,4.015144e-01,4.019314e-01,4.023926e-01,4.028042e-01,4.032602e-01,4.036232e-01,4.040304e-01,4.043950e-01,4.047528e-01,4.051040e-01,4.055089e-01,4.058904e-01,4.062288e-01,4.065601e-01,4.068405e-01,4.071579e-01,4.074315e-01,4.077348e-01,4.080385e-01,4.082921e-01,4.085368e-01,4.087666e-01,4.089813e-01,4.092040e-01,4.094116e-01,4.096206e-01,4.097236e-01,4.098714e-01,4.100491e-01,4.102189e-01,4.103892e-01,4.104787e-01,4.105437e-01,4.106088e-01,4.106586e-01,4.107535e-01,4.107956e-01,4.108920e-01,4.109196e-01,4.109411e-01,4.109106e-01,4.108733e-01,4.108917e-01,4.109307e-01,4.109185e-01,4.108544e-01,4.107385e-01,4.106157e-01,4.104580e-01,4.104115e-01,4.103579e-01,4.103009e-01,4.101544e-01,4.100080e-01,4.099680e-01,4.099113e-01,4.098099e-01,4.096640e-01,4.094736e-01,4.093895e-01,4.093331e-01,4.092323e-01,4.090426e-01,4.088897e-01,4.088780e-01,4.089720e-01,4.089603e-01,4.087711e-01,4.085822e-01,4.084457e-01,4.083015e-01,4.081381e-01,4.078698e-01,4.076020e-01,4.074226e-01,4.072874e-01,4.069768e-01,4.064654e-01,4.058951e-01,4.054572e-01,4.050204e-01,4.044122e-01,4.034122e-01,4.022981e-01,4.013109e-01,4.004139e-01,3.995809e-01,3.986936e-01,3.975966e-01,3.961036e-01,3.941701e-01,3.922995e-01,3.909664e-01,3.898021e-01,3.883330e-01,3.863527e-01,3.843035e-01,3.828843e-01,3.818906e-01,3.810152e-01,3.799963e-01,3.787996e-01,3.777219e-01,3.766756e-01,3.756127e-01,3.749226e-01,3.745940e-01,3.742660e-01,3.739454e-01,3.736254e-01,3.733062e-01,3.729942e-01,3.726829e-01,3.727260e-01,3.724154e-01,3.724758e-01,3.725254e-01,3.725686e-01,3.722585e-01,3.723017e-01,3.723384e-01,3.723751e-01,3.720592e-01,3.717377e-01,3.717679e-01,3.717982e-01,3.718220e-01,3.718523e-01,3.718825e-01,3.715552e-01,3.715854e-01,3.716157e-01,3.716634e-01,3.713431e-01,3.713734e-01,3.710539e-01,3.710841e-01,3.711208e-01,3.711447e-01,3.708258e-01,3.708561e-01,3.708799e-01,3.709102e-01,3.705856e-01,3.706094e-01,3.706333e-01,3.706571e-01,3.706746e-01,3.706984e-01,3.707223e-01,3.710947e-01,3.711185e-01,3.711424e-01,3.711663e-01,3.711902e-01,3.712141e-01,3.707840e-01,3.711563e-01,3.711802e-01,3.712041e-01,3.712280e-01,3.711464e-01,3.711638e-01,3.715368e-01,3.715607e-01,3.711301e-01,3.711476e-01,3.715268e-01,3.714451e-01,3.714865e-01,3.714113e-01,3.714417e-01,3.714722e-01,3.710552e-01,3.710921e-01,3.710237e-01,3.710606e-01,3.706451e-01,3.706884e-01,3.706203e-01,3.702127e-01,3.706021e-01,3.701882e-01,3.702315e-01,3.701813e-01,3.702182e-01,3.701506e-01,3.697382e-01,3.697751e-01,3.693575e-01,3.693879e-01,3.693143e-01,3.688918e-01,3.692584e-01,3.688361e-01,3.687566e-01,3.687741e-01,3.683533e-01,3.682741e-01,3.682981e-01,3.678787e-01,3.678174e-01,3.678477e-01,3.677753e-01,3.673641e-01,3.673944e-01,3.669843e-01,3.670146e-01,3.666056e-01,3.662042e-01,3.665706e-01,3.661631e-01,3.657630e-01,3.661283e-01,3.657222e-01,3.657524e-01,3.653473e-01,3.649435e-01,3.649736e-01,3.645822e-01,3.646123e-01,3.642044e-01,3.639039e-01,3.634980e-01,3.631928e-01,3.627890e-01,3.624853e-01,3.620774e-01,3.621011e-01,3.613755e-01,3.613992e-01,3.610986e-01,3.603781e-01,3.600972e-01,3.597995e-01,3.594054e-01,3.591091e-01,3.588135e-01,3.584223e-01,3.581281e-01,3.578346e-01,3.575417e-01,3.568391e-01,3.565483e-01,3.562582e-01,3.559686e-01,3.553680e-01,3.550803e-01,3.544834e-01,3.541976e-01,3.543146e-01,3.529210e-01,3.530371e-01,3.528469e-01,3.526570e-01,3.521625e-01,3.515779e-01,3.510872e-01,3.505070e-01,3.499293e-01,3.497435e-01,3.488709e-01,3.482999e-01,3.474361e-01,3.469597e-01,3.461040e-01,3.452534e-01,3.444080e-01,3.435676e-01,3.427496e-01,3.412675e-01,3.405306e-01,3.390714e-01,3.382624e-01,3.374580e-01,3.367410e-01,3.360278e-01,3.343455e-01,3.330297e-01,3.317264e-01,3.310386e-01,3.300144e-01,3.289194e-01,3.276494e-01,3.258125e-01,3.239999e-01,3.228543e-01,3.210067e-01,3.197398e-01,3.184849e-01,3.177941e-01,3.165620e-01,3.153413e-01,3.142020e-01,3.125437e-01,3.106798e-01,3.085521e-01,3.067439e-01,3.048297e-01,3.036490e-01,3.017801e-01,3.006904e-01,2.991291e-01,2.977912e-01,2.962651e-01,2.952182e-01,2.937230e-01,2.926972e-01,2.915441e-01,2.916013e-01,2.919164e-01,2.917235e-01,2.902664e-01,2.886936e-01,2.875777e-01,2.864681e-01,2.849433e-01,2.839129e-01,2.825254e-01,2.806388e-01,2.783748e-01,2.756038e-01,2.725480e-01,2.698911e-01,2.667071e-01,2.631478e-01,2.601888e-01,2.569572e-01,2.540864e-01,2.509556e-01,2.490689e-01,2.452520e-01,2.411131e-01,2.362993e-01,2.322389e-01,2.266489e-01,2.210884e-01,2.160261e-01,2.104652e-01,2.065349e-01,2.012741e-01,1.965114e-01,1.918929e-01,1.868927e-01,1.819978e-01,1.789014e-01,1.751399e-01,1.703837e-01,1.664481e-01,1.625694e-01,1.595100e-01,1.559692e-01,1.525418e-01,1.493790e-01,1.467708e-01,1.445558e-01,1.419704e-01,1.394816e-01,1.374939e-01,1.350842e-01,1.330943e-01,1.311653e-01,1.293372e-01,1.278734e-01,1.264452e-01,1.249400e-01,1.235037e-01,1.221025e-01,1.209756e-01,1.199413e-01,1.188613e-01,1.177614e-01,1.167171e-01,1.159460e-01,1.149403e-01,1.139472e-01,1.132135e-01,1.124895e-01,1.120478e-01,1.113707e-01,1.107011e-01,1.103037e-01,1.096778e-01,1.092830e-01,1.089494e-01,1.085650e-01,1.082072e-01,1.078804e-01,1.075321e-01,1.071813e-01,1.068600e-01,1.067548e-01,1.064408e-01,1.063920e-01,1.063432e-01,1.062993e-01,1.060385e-01,1.059626e-01,1.059465e-01,1.058982e-01,1.061164e-01,1.060727e-01,1.060528e-01,1.059826e-01,1.061745e-01,1.061041e-01,1.063241e-01,1.065172e-01,1.067717e-01,1.067525e-01,1.069240e-01,1.073357e-01,1.075668e-01,1.077929e-01,1.082163e-01,1.086381e-01,1.090975e-01,1.097527e-01,1.102217e-01,1.107187e-01,1.113686e-01,1.118147e-01,1.125090e-01,1.132057e-01,1.136723e-01,1.146313e-01,1.151426e-01,1.158731e-01,1.166178e-01,1.171755e-01,1.182021e-01,1.186771e-01,1.193843e-01,1.201416e-01,1.209389e-01,1.214732e-01,1.222520e-01,1.230473e-01,1.236387e-01,1.247794e-01,1.253492e-01,1.262198e-01,1.271494e-01,1.279727e-01,1.286483e-01,1.295323e-01,1.305911e-01,1.315460e-01,1.322250e-01,1.331967e-01,1.342366e-01,1.348983e-01,1.360049e-01,1.368246e-01,1.380183e-01,1.387601e-01,1.395664e-01,1.407525e-01,1.415332e-01,1.423230e-01,1.436121e-01,1.444264e-01,1.453034e-01,1.461837e-01,1.470290e-01,1.482995e-01,1.488540e-01,1.502232e-01,1.512253e-01,1.516870e-01,1.525924e-01,1.540956e-01,1.546953e-01,1.557005e-01,1.567272e-01,1.577608e-01,1.588180e-01,1.593942e-01,1.604657e-01,1.614971e-01,1.620195e-01,1.631399e-01,1.637528e-01,1.647526e-01,1.659151e-01,1.664716e-01,1.677319e-01,1.683094e-01,1.692963e-01,1.698852e-01,1.711264e-01,1.717173e-01,1.723226e-01,1.735232e-01,1.742081e-01,1.748304e-01,1.759875e-01,1.766917e-01,1.773330e-01,1.779776e-01,1.793333e-01,1.799935e-01,1.806589e-01,1.814039e-01,1.820805e-01,1.827624e-01,1.836134e-01,1.843281e-01,1.847356e-01,1.853596e-01,1.859094e-01,1.864308e-01,1.870103e-01,1.876407e-01,1.881465e-01,1.888582e-01,1.893821e-01,1.900641e-01,1.905025e-01,1.911092e-01,1.917106e-01,1.923274e-01,1.928739e-01,1.935851e-01,1.942167e-01,1.945996e-01,1.954010e-01,1.956886e-01,1.963448e-01,1.969157e-01,1.974098e-01,1.981002e-01,1.986560e-01,1.994457e-01,1.998346e-01,2.005533e-01,2.011592e-01,2.016720e-01,2.020248e-01,2.026382e-01,2.030778e-01,2.038935e-01,2.045314e-01,2.053004e-01,2.061479e-01,2.068295e-01,2.071892e-01,2.079046e-01,2.083831e-01,2.089919e-01,2.095796e-01,2.101583e-01,2.106879e-01,2.114317e-01,2.119300e-01,2.125355e-01,2.130522e-01,2.135892e-01,2.139527e-01,2.145578e-01,2.147736e-01,2.153304e-01,2.157536e-01,2.164114e-01,2.168521e-01,2.174074e-01,2.177553e-01,2.182017e-01,2.185393e-01,2.190873e-01,2.193292e-01,2.197524e-01,2.203369e-01,2.207814e-01,2.213413e-01,2.216893e-01,2.218893e-01,2.223537e-01,2.226032e-01,2.229378e-01,2.231887e-01,2.235250e-01,2.235408e-01,2.240148e-01,2.244163e-01,2.248783e-01,2.250116e-01,2.253718e-01,2.256418e-01,2.260041e-01,2.258625e-01,2.263602e-01,2.266301e-01,2.269611e-01,2.270621e-01,2.273943e-01,2.275279e-01,2.276902e-01,2.275783e-01,2.280515e-01,2.279069e-01,2.277328e-01,2.277141e-01,2.278182e-01,2.272795e-01,2.272448e-01,2.270168e-01,2.269848e-01,2.263138e-01,2.260379e-01,2.257812e-01,2.254754e-01,2.251162e-01,2.247092e-01,2.243192e-01,2.240182e-01,2.233674e-01,2.230695e-01,2.224250e-01,2.220319e-01,2.220475e-01,2.235006e-01,2.228537e-01,2.225906e-01,2.220857e-01,2.215941e-01,2.209622e-01,2.206054e-01,2.201084e-01,2.195974e-01,2.189786e-01,2.185029e-01,2.176672e-01,2.171563e-01,2.166875e-01,2.159618e-01,2.153767e-01,2.147541e-01,2.139762e-01,2.134675e-01,2.127914e-01,2.123418e-01,2.118819e-01,2.113970e-01,2.106318e-01,2.101802e-01,2.095542e-01,2.090059e-01,2.084485e-01,2.077212e-01,2.070978e-01,2.065777e-01,2.058907e-01,2.053641e-01,2.049885e-01,2.044803e-01,2.040121e-01,2.035094e-01,2.028203e-01,2.025489e-01,2.021035e-01,2.015304e-01,2.009609e-01,2.005888e-01,2.000253e-01,1.997508e-01,1.992952e-01,1.990347e-01,1.985283e-01,1.981569e-01,1.976575e-01,1.973267e-01,1.969857e-01,1.966692e-01,1.963538e-01,1.961156e-01,1.957380e-01,1.956778e-01,1.955858e-01,1.954690e-01,1.952561e-01,1.954116e-01,1.954277e-01,1.954849e-01,1.953385e-01,1.954185e-01,1.956727e-01,1.956245e-01,1.956291e-01,1.955123e-01,1.954414e-01,1.953725e-01,1.952904e-01,1.951762e-01,1.949346e-01,1.945758e-01,1.942908e-01,1.941486e-01,1.937170e-01,1.934349e-01,1.931760e-01,1.927493e-01,1.922499e-01,1.919201e-01,1.917142e-01,1.914083e-01,1.910100e-01,1.906135e-01,1.902899e-01,1.901290e-01,1.897580e-01,1.896213e-01,1.894617e-01,1.893959e-01,1.890770e-01,1.889415e-01,1.888761e-01,1.889019e-01,1.888366e-01,1.887944e-01,1.888202e-01,1.890791e-01,1.894071e-01,1.892730e-01,1.893499e-01,1.894480e-01,1.894546e-01,1.897878e-01,1.899571e-01,1.899423e-01,1.900196e-01,1.899722e-01,1.900496e-01,1.898504e-01,1.897223e-01,1.894323e-01,1.892134e-01,1.891075e-01,1.892542e-01,1.893098e-01,1.892627e-01,1.894588e-01,1.893803e-01,1.895062e-01,1.895618e-01,1.896686e-01,1.896705e-01,1.898674e-01,1.902258e-01,1.903313e-01,1.904155e-01,1.907668e-01,1.908494e-01,1.910968e-01,1.912033e-01,1.914733e-01,1.915670e-01,1.916701e-01,1.915876e-01,1.916206e-01,1.916517e-01,1.917046e-01,1.916306e-01,1.917337e-01,1.918588e-01,1.921287e-01,1.919934e-01,1.921075e-01,1.921606e-01,1.921919e-01,1.924847e-01,1.924214e-01,1.924527e-01,1.925587e-01,1.924860e-01,1.927069e-01,1.927403e-01,1.927028e-01,1.924013e-01,1.924585e-01,1.924538e-01,1.923220e-01,1.919470e-01,1.918616e-01,1.917043e-01,1.914642e-01,1.914227e-01,1.913812e-01,1.910124e-01,1.908173e-01,1.906554e-01,1.900328e-01,1.895273e-01,1.887816e-01,1.879590e-01,1.875529e-01,1.870490e-01,1.864705e-01,1.852238e-01,1.839094e-01,1.833395e-01,1.822197e-01,1.803987e-01,1.791448e-01,1.780777e-01,1.764207e-01,1.747098e-01,1.730439e-01,1.713364e-01,1.697268e-01,1.670110e-01,1.654273e-01,1.617805e-01,1.591890e-01,1.564094e-01,1.541789e-01,1.510778e-01,1.487455e-01,1.456292e-01,1.429969e-01,1.387446e-01,1.353489e-01,1.321212e-01,1.284180e-01,1.251804e-01,1.212379e-01,1.176953e-01,1.122196e-01,1.082656e-01,1.044259e-01,1.008420e-01,9.665660e-02,9.322177e-02,8.796290e-02,8.430802e-02,8.090271e-02,7.763316e-02,7.422878e-02,7.018113e-02,6.708946e-02,6.440133e-02,6.183996e-02,5.930114e-02,5.630380e-02,5.416369e-02,5.226980e-02,5.054418e-02,4.905895e-02,4.690097e-02,4.563720e-02,4.446814e-02,4.325105e-02,4.202571e-02,4.085525e-02,4.008588e-02,3.934127e-02,3.862038e-02,3.791898e-02,3.724312e-02,3.687861e-02,3.623983e-02,3.590014e-02,3.528744e-02,3.497492e-02,3.466304e-02,3.436463e-02,3.407351e-02,3.379000e-02,3.351179e-02,3.349134e-02,3.320640e-02,3.318426e-02,3.291725e-02,3.288777e-02,3.287240e-02,3.285956e-02,3.259641e-02,3.258312e-02,3.256740e-02,3.255727e-02,3.279564e-02,3.279246e-02,3.278480e-02,3.277016e-02,3.300820e-02,3.300758e-02,3.325853e-02,3.325726e-02,3.350298e-02,3.375799e-02,3.376072e-02,3.402111e-02,3.428381e-02,3.455012e-02,3.482900e-02,3.482969e-02,3.510839e-02,3.540249e-02,3.568560e-02,3.598069e-02,3.626818e-02,3.657067e-02,3.687932e-02,3.718688e-02,3.749900e-02,3.781675e-02,3.813825e-02,3.846398e-02,3.879623e-02,3.913261e-02,3.946535e-02,3.980845e-02,4.049852e-02,4.050426e-02,4.122621e-02,4.160079e-02,4.161652e-02,4.225344e-02,4.263027e-02,4.310163e-02,4.343715e-02,4.400112e-02,4.433350e-02,4.463317e-02,4.519887e-02,4.558559e-02,4.607842e-02,4.644454e-02,4.704520e-02,4.737226e-02,4.793531e-02,4.834086e-02,4.869633e-02,4.928693e-02,4.969349e-02,5.026753e-02,5.062829e-02,5.120096e-02,5.157324e-02,5.211705e-02,5.255772e-02,5.304004e-02,5.342933e-02,5.400059e-02,5.440277e-02,5.492424e-02,5.532223e-02,5.587628e-02,5.624886e-02,5.680341e-02,5.721879e-02,5.752488e-02,5.810300e-02,5.869179e-02,5.907292e-02,5.958996e-02,5.998182e-02,6.050467e-02,6.082455e-02,6.138041e-02,6.168923e-02,6.216247e-02,6.248785e-02,6.306105e-02,6.338486e-02,6.385109e-02,6.415081e-02,6.467031e-02,6.489366e-02,6.525971e-02,6.557181e-02,6.597183e-02,6.646271e-02,6.658537e-02,6.699697e-02,6.723631e-02,6.762843e-02,6.766570e-02,6.808985e-02,6.840005e-02,6.864883e-02,6.887137e-02,6.900250e-02,6.944244e-02,6.948165e-02,6.980382e-02,7.003342e-02,7.016874e-02,7.040061e-02,7.044086e-02,7.080082e-02,7.113456e-02,7.117482e-02,7.141298e-02,7.145434e-02,7.159488e-02,7.183568e-02,7.187752e-02,7.212012e-02,7.229371e-02,7.243817e-02,7.258318e-02,7.262828e-02,7.277480e-02,7.315833e-02,7.309911e-02,7.348665e-02,7.342694e-02,7.381613e-02,7.410401e-02,7.418048e-02,7.447023e-02,7.476131e-02,7.494625e-02,7.527488e-02,7.557195e-02,7.576073e-02,7.594960e-02,7.639753e-02,7.647775e-02,7.681899e-02,7.712856e-02,7.736319e-02,7.756139e-02,7.803001e-02,7.811521e-02,7.847122e-02,7.867650e-02,7.891799e-02,7.928312e-02,7.949158e-02,7.957981e-02,7.994771e-02,8.015864e-02,8.041024e-02,8.049957e-02,8.087560e-02,8.109121e-02,8.134525e-02,8.143657e-02,8.182335e-02,8.191571e-02,8.217556e-02,8.239783e-02,8.266060e-02,8.275722e-02,8.302305e-02,8.324972e-02,8.351770e-02,8.361288e-02,8.388310e-02,8.411596e-02,8.425414e-02,8.466347e-02,8.476118e-02,8.503767e-02,8.517789e-02,8.545967e-02,8.555829e-02,8.583981e-02,8.612311e-02,8.608327e-02,8.637086e-02,8.665755e-02,8.680297e-02,8.690551e-02,8.705174e-02,8.734280e-02,8.749328e-02,8.778719e-02,8.808300e-02,8.838074e-02,8.833891e-02,8.863832e-02,8.879406e-02,8.909645e-02,8.924988e-02,8.940382e-02,8.951538e-02,8.966931e-02,8.982465e-02,9.013386e-02,9.028985e-02,9.044944e-02,9.040483e-02,9.071794e-02,9.087499e-02,9.103662e-02,9.099146e-02,9.115037e-02,9.130891e-02,9.126571e-02,9.142556e-02,9.158505e-02,9.174508e-02,9.190567e-02,9.206680e-02,9.202293e-02,9.202336e-02,9.218491e-02,9.234703e-02,9.250971e-02,9.267619e-02,9.283909e-02,9.300348e-02,9.300395e-02,9.316800e-02,9.333261e-02,9.350018e-02,9.349975e-02,9.366461e-02,9.382911e-02,9.383109e-02,9.399526e-02,9.416001e-02,9.415774e-02,9.454228e-02,9.454247e-02,9.470918e-02,9.470599e-02,9.509505e-02,9.509625e-02,9.526496e-02,9.548629e-02,9.565640e-02,9.565514e-02,9.605554e-02,9.605335e-02,9.627839e-02,9.645137e-02,9.685750e-02,9.708537e-02,9.726032e-02,9.749010e-02,9.748701e-02,9.789730e-02,9.789787e-02,9.831261e-02,9.854744e-02,9.854438e-02,9.896558e-02,9.896351e-02,9.920719e-02,9.944733e-02,9.944722e-02,9.969048e-02,9.993492e-02,9.993864e-02,1.001863e-01,1.001872e-01,1.006264e-01,1.006322e-01,1.008842e-01,1.011374e-01,1.011413e-01,1.013968e-01,1.014046e-01,1.016624e-01,1.016673e-01,1.019264e-01,1.019353e-01,1.021957e-01,1.022017e-01,1.024643e-01,1.024743e-01,1.024803e-01,1.027444e-01,1.025522e-01,1.025622e-01,1.025692e-01,1.028337e-01,1.028397e-01,1.028498e-01,1.028568e-01,1.028628e-01,1.026102e-01,1.024224e-01,1.024284e-01,1.021779e-01,1.019275e-01,1.014851e-01,1.014948e-01,1.012477e-01,1.007521e-01,1.003195e-01,1.000778e-01,9.959690e-02,9.917279e-02,9.869555e-02,9.846136e-02,9.780973e-02,9.734495e-02,9.671084e-02,9.625597e-02,9.540708e-02,9.496381e-02,9.413551e-02,9.370339e-02,9.311036e-02,9.247623e-02,9.190088e-02,9.112419e-02,9.071877e-02,8.996083e-02,8.941266e-02,8.882525e-02,8.829003e-02,8.756983e-02,8.719633e-02,8.649276e-02,8.612522e-02,8.562010e-02,8.493925e-02,8.444617e-02,8.395840e-02,8.347585e-02,8.313329e-02,8.265863e-02,8.218982e-02,8.155872e-02,8.110140e-02,8.093867e-02,8.048774e-02,8.020289e-02,7.963673e-02,7.936021e-02,7.892532e-02,7.877049e-02,7.849669e-02,7.822379e-02,7.795345e-02,7.753173e-02,7.726574e-02,7.700058e-02,7.658821e-02,7.617985e-02,7.580931e-02,7.555479e-02,7.504550e-02,7.465195e-02,7.440280e-02,7.415516e-02,7.366362e-02,7.342040e-02,7.317861e-02,7.293825e-02,7.259570e-02,7.222503e-02,7.188850e-02,7.165569e-02,7.142422e-02,7.119409e-02,7.086611e-02,7.064039e-02,7.031775e-02,7.022060e-02,6.990058e-02,6.980444e-02,6.961251e-02,6.964109e-02,6.944993e-02,6.935485e-02,6.928798e-02,6.931630e-02,6.903127e-02,6.918276e-02,6.899297e-02,6.892667e-02,6.883201e-02,6.888844e-02,6.879307e-02,6.860328e-02,6.844438e-02,6.835005e-02,6.828399e-02,6.809764e-02,6.791216e-02,6.793859e-02,6.754290e-02,6.735927e-02,6.726746e-02,6.708589e-02,6.678719e-02,6.660787e-02,6.640267e-02,6.604832e-02,6.584612e-02,6.567116e-02,6.549777e-02,6.521217e-02,6.487119e-02,6.478582e-02,6.450644e-02,6.433913e-02,6.417257e-02,6.400675e-02,6.375886e-02,6.370151e-02,6.353856e-02,6.348154e-02,6.331956e-02,6.310203e-02,6.312643e-02,6.298957e-02,6.282976e-02,6.267065e-02,6.261568e-02,6.240308e-02,6.234849e-02,6.239679e-02,6.223956e-02,6.218520e-02,6.189635e-02,6.184325e-02,6.178948e-02,6.173578e-02,6.152756e-02,6.137408e-02,6.122126e-02,6.099232e-02,6.093978e-02,6.073509e-02,6.058501e-02,6.036017e-02,6.030779e-02,6.003317e-02,6.005435e-02,5.983287e-02,5.961253e-02,5.956121e-02,5.929242e-02,5.914766e-02,5.893192e-02,5.888135e-02,5.852640e-02,5.838483e-02,5.826505e-02,5.812455e-02,5.777660e-02,5.763738e-02,5.743102e-02,5.729313e-02,5.695386e-02,5.666314e-02,5.646199e-02,5.641359e-02,5.608179e-02,5.594870e-02,5.575047e-02,5.561797e-02,5.529274e-02,2.587953e-03,2.587953e-03,2.587953e-03,2.587953e-03,2.587953e-03,2.587953e-03,2.587953e-03,2.587953e-03,2.587953e-03,2.587953e-03,2.587953e-03,2.587953e-03,2.587953e-03,2.587953e-03,2.587953e-03,2.587953e-03,2.587953e-03,2.587953e-03,2.587953e-03,2.587953e-03,2.587953e-03,2.587953e-03,2.587953e-03,2.587953e-03,2.587953e-03,2.587953e-03,2.587953e-03,2.587953e-03,2.587953e-03,2.587953e-03,2.587953e-03,2.587953e-03,2.587953e-03,2.587953e-03,2.587953e-03,2.587953e-03,2.587953e-03,2.587953e-03,2.587953e-03,2.587953e-03,2.587953e-03,2.587953e-03,2.587953e-03,2.587953e-03,2.587953e-03,2.587953e-03,2.587953e-03,2.587953e-03,2.587953e-03,2.587953e-03,2.587953e-03,2.587953e-03,2.587953e-03,2.587953e-03,2.587953e-03,2.587953e-03,2.587953e-03,2.587953e-03,2.587953e-03,2.587953e-03,2.587953e-03,2.587953e-03,2.587953e-03,2.587953e-03,2.587953e-03,2.587953e-03,2.587953e-03,2.587953e-03,2.587953e-03,2.587953e-03,2.587953e-03,2.587953e-03,2.587953e-03,2.587953e-03,2.587953e-03,2.587953e-03,2.587953e-03,2.587953e-03,2.587953e-03,2.587953e-03,2.587953e-03,2.587953e-03,2.587953e-03,2.587953e-03,2.587953e-03,2.587953e-03,2.587953e-03,2.587953e-03,2.587953e-03,2.587953e-03,2.587953e-03,2.587953e-03,2.587953e-03,2.587953e-03,2.587953e-03,2.587953e-03,2.587953e-03,2.587953e-03,2.587953e-03,2.587953e-03,2.587953e-03,2.587953e-03,2.587953e-03,2.587953e-03,2.587953e-03,2.587953e-03,2.587953e-03,2.587953e-03,2.587953e-03,2.587953e-03,2.587953e-03,2.587953e-03,2.587953e-03,2.587953e-03,2.587953e-03,2.587953e-03,2.587953e-03,2.587953e-03,2.587953e-03,2.587953e-03,2.587953e-03,2.587953e-03,2.587953e-03,2.587953e-03,2.587953e-03,2.587953e-03,2.587953e-03,2.587953e-03,2.587953e-03,2.587953e-03,2.587953e-03,2.587953e-03,2.587953e-03,2.587953e-03,2.587953e-03,2.587953e-03,2.587953e-03,2.587953e-03,2.587953e-03,2.587953e-03,2.587953e-03,2.587953e-03,2.587953e-03,2.587953e-03,2.587953e-03,2.587953e-03,2.587953e-03,2.587953e-03,2.587953e-03,2.587953e-03,2.587953e-03,2.587953e-03,2.587953e-03,2.587953e-03,2.587953e-03,2.587953e-03,2.587953e-03,2.587953e-03,2.587953e-03,2.587953e-03,2.587953e-03
2.080611e-02,2.078383e-02,2.075650e-02,2.072945e-02,2.070275e-02,2.067862e-02,2.065171e-02,2.062796e-02,2.060633e-02,2.057949e-02,2.055771e-02,2.053049e-02,2.051083e-02,2.049140e-02,2.046683e-02,2.044758e-02,2.042834e-02,2.040905e-02,2.039502e-02,2.037780e-02,2.036341e-02,2.034874e-02,2.033619e-02,2.032674e-02,2.031974e-02,2.030746e-02,2.030022e-02,2.029794e-02,2.029064e-02,2.028552e-02,2.028528e-02,2.027971e-02,2.028160e-02,2.027845e-02,2.028064e-02,2.028289e-02,2.027993e-02,2.028237e-02,2.028695e-02,2.028434e-02,2.028714e-02,2.029050e-02,2.028895e-02,2.029046e-02,2.028925e-02,2.029153e-02,2.029397e-02,2.028924e-02,2.029269e-02,2.029467e-02,2.029221e-02,2.029575e-02,2.029811e-02,2.030089e-02,2.030397e-02,2.030730e-02,2.031614e-02,2.032025e-02,2.032200e-02,2.033075e-02,2.033398e-02,2.033711e-02,2.034440e-02,2.034619e-02,2.035357e-02,2.035621e-02,2.036346e-02,2.037045e-02,2.037162e-02,2.037803e-02,2.038421e-02,2.038416e-02,2.038704e-02,2.039202e-02,2.038947e-02,2.039406e-02,2.039870e-02,2.040479e-02,2.040562e-02,2.041389e-02,2.042274e-02,2.043059e-02,2.044523e-02,2.046096e-02,2.047606e-02,2.050086e-02,2.052621e-02,2.054977e-02,2.058465e-02,2.061918e-02,2.066045e-02,2.070145e-02,2.075580e-02,2.081014e-02,2.087626e-02,2.094612e-02,2.103121e-02,2.112296e-02,2.122559e-02,2.134945e-02,2.148580e-02,2.164049e-02,2.181513e-02,2.201139e-02,2.224045e-02,2.249332e-02,2.277867e-02,2.310528e-02,2.347406e-02,2.388479e-02,2.434126e-02,2.484578e-02,2.540127e-02,2.603670e-02,2.674229e-02,2.748211e-02,2.828762e-02,2.914823e-02,3.006489e-02,3.102938e-02,3.203578e-02,3.304610e-02,3.407622e-02,3.508270e-02,3.607442e-02,3.700209e-02,3.788729e-02,3.868309e-02,3.942136e-02,4.004206e-02,4.060918e-02,4.104869e-02,4.143818e-02,4.171403e-02,4.195123e-02,4.209491e-02,4.220786e-02,4.222135e-02,4.223607e-02,4.218446e-02,4.213049e-02,4.204854e-02,4.193563e-02,4.187010e-02,4.179786e-02,4.175596e-02,4.171406e-02,4.171205e-02,4.169729e-02,4.170310e-02,4.170358e-02,4.168791e-02,4.165379e-02,4.164276e-02,4.157919e-02,4.144162e-02,4.120929e-02,4.096938e-02,4.070139e-02,4.041276e-02,4.014347e-02,3.987114e-02,3.955985e-02,3.921406e-02,3.883212e-02,3.841816e-02,3.797728e-02,3.749814e-02,3.700147e-02,3.648640e-02,3.596110e-02,3.543455e-02,3.491542e-02,3.441953e-02,3.394691e-02,3.349176e-02,3.306750e-02,3.267315e-02,3.231267e-02,3.197150e-02,3.165226e-02,3.135525e-02,3.107927e-02,3.081962e-02,3.058055e-02,3.035168e-02,3.014313e-02,2.995002e-02,2.977338e-02,2.960293e-02,2.945907e-02,2.932345e-02,2.920357e-02,2.908789e-02,2.899116e-02,2.890497e-02,2.882075e-02,2.874429e-02,2.866620e-02,2.858519e-02,2.849392e-02,2.839356e-02,2.828725e-02,2.816397e-02,2.802084e-02,2.787171e-02,2.770041e-02,2.751452e-02,2.731556e-02,2.710743e-02,2.689575e-02,2.668494e-02,2.647080e-02,2.625666e-02,2.604467e-02,2.584073e-02,2.564917e-02,2.546600e-02,2.529874e-02,2.514979e-02,2.502070e-02,2.489869e-02,2.480080e-02,2.471615e-02,2.465006e-02,2.459205e-02,2.454425e-02,2.451032e-02,2.448561e-02,2.446066e-02,2.443072e-02,2.440143e-02,2.435923e-02,2.429148e-02,2.421349e-02,2.411148e-02,2.398886e-02,2.383354e-02,2.366814e-02,2.348490e-02,2.330070e-02,2.310388e-02,2.290688e-02,2.271065e-02,2.252241e-02,2.234214e-02,2.218172e-02,2.203254e-02,2.189884e-02,2.179236e-02,2.169486e-02,2.161888e-02,2.154396e-02,2.147952e-02,2.140975e-02,2.134069e-02,2.126243e-02,2.118002e-02,2.108860e-02,2.099319e-02,2.089543e-02,2.079999e-02,2.070433e-02,2.062210e-02,2.054920e-02,2.047994e-02,2.042504e-02,2.037781e-02,2.034331e-02,2.031515e-02,2.029508e-02,2.027937e-02,2.027065e-02,2.026347e-02,2.026378e-02,2.026314e-02,2.026920e-02,2.027548e-02,2.028619e-02,2.030866e-02,2.033127e-02,2.037739e-02,2.043020e-02,2.051545e-02,2.063142e-02,2.079810e-02,2.102262e-02,2.134046e-02,2.176271e-02,2.233799e-02,2.309962e-02,2.408986e-02,2.534915e-02,2.693117e-02,2.886593e-02,3.114422e-02,3.382037e-02,3.688071e-02,4.033690e-02,4.412423e-02,4.826461e-02,5.269713e-02,5.737860e-02,6.226098e-02,6.733533e-02,7.254854e-02,7.790740e-02,8.338528e-02,8.899364e-02,9.478081e-02,1.006848e-01,1.067094e-01,1.128919e-01,1.192282e-01,1.257476e-01,1.324012e-01,1.392447e-01,1.462294e-01,1.533496e-01,1.606247e-01,1.681316e-01,1.756500e-01,1.832963e-01,1.910000e-01,1.988008e-01,2.066517e-01,2.145432e-01,2.224134e-01,2.302905e-01,2.381212e-01,2.458758e-01,2.535193e-01,2.611069e-01,2.686008e-01,2.758643e-01,2.829054e-01,2.897934e-01,2.964236e-01,3.028084e-01,3.090055e-01,3.148892e-01,3.203713e-01,3.256494e-01,3.305528e-01,3.352408e-01,3.395604e-01,3.436535e-01,3.473680e-01,3.508029e-01,3.539748e-01,3.568630e-01,3.597089e-01,3.625863e-01,3.655346e-01,3.684622e-01,3.714518e-01,3.744111e-01,3.773693e-01,3.803774e-01,3.833272e-01,3.863162e-01,3.891825e-01,3.920671e-01,3.949127e-01,3.976587e-01,4.003980e-01,4.030719e-01,4.056696e-01,4.081302e-01,4.105440e-01,4.128548e-01,4.150432e-01,4.171029e-01,4.190515e-01,4.208243e-01,4.224351e-01,4.238717e-01,4.251254e-01,4.261848e-01,4.270136e-01,4.276590e-01,4.280422e-01,4.285186e-01,4.289652e-01,4.294126e-01,4.298669e-01,4.302988e-01,4.307627e-01,4.311526e-01,4.316046e-01,4.320682e-01,4.324650e-01,4.329335e-01,4.333319e-01,4.337594e-01,4.341547e-01,4.345553e-01,4.350206e-01,4.354228e-01,4.357987e-01,4.362087e-01,4.365813e-01,4.369498e-01,4.373302e-01,4.376462e-01,4.380166e-01,4.383876e-01,4.387611e-01,4.391427e-01,4.394473e-01,4.398207e-01,4.401308e-01,4.404642e-01,4.408621e-01,4.411966e-01,4.415316e-01,4.418622e-01,4.421886e-01,4.425202e-01,4.428849e-01,4.432175e-01,4.435313e-01,4.438735e-01,4.441377e-01,4.444904e-01,4.447866e-01,4.449959e-01,4.453122e-01,4.456192e-01,4.458401e-01,4.460443e-01,4.462535e-01,4.464663e-01,4.466185e-01,4.468196e-01,4.470916e-01,4.472736e-01,4.474519e-01,4.476684e-01,4.479317e-01,4.481389e-01,4.483562e-01,4.485971e-01,4.488049e-01,4.490513e-01,4.492979e-01,4.495324e-01,4.497844e-01,4.500604e-01,4.502932e-01,4.505797e-01,4.508566e-01,4.510618e-01,4.513393e-01,4.515549e-01,4.518279e-01,4.520913e-01,4.523049e-01,4.525888e-01,4.527855e-01,4.530650e-01,4.532771e-01,4.535181e-01,4.537306e-01,4.539143e-01,4.540752e-01,4.543119e-01,4.544910e-01,4.546461e-01,4.548406e-01,4.550541e-01,4.551764e-01,4.553218e-01,4.554775e-01,4.555787e-01,4.557193e-01,4.558623e-01,4.559929e-01,4.561439e-01,4.562849e-01,4.564269e-01,4.565287e-01,4.567043e-01,4.568861e-01,4.570812e-01,4.572178e-01,4.574284e-01,4.576556e-01,4.578308e-01,4.579973e-01,4.582035e-01,4.583813e-01,4.585379e-01,4.586804e-01,4.588894e-01,4.590219e-01,4.591980e-01,4.593329e-01,4.595402e-01,4.596524e-01,4.597555e-01,4.598557e-01,4.599331e-01,4.600209e-01,4.601316e-01,4.602453e-01,4.603383e-01,4.604004e-01,4.604801e-01,4.605836e-01,4.606872e-01,4.607649e-01,4.608331e-01,4.609252e-01,4.610484e-01,4.611687e-01,4.612453e-01,4.612492e-01,4.613022e-01,4.614296e-01,4.615271e-01,4.615437e-01,4.614894e-01,4.614854e-01,4.615206e-01,4.615350e-01,4.615363e-01,4.615404e-01,4.614898e-01,4.612186e-01,4.610674e-01,4.610319e-01,4.609326e-01,4.608455e-01,4.607682e-01,4.605849e-01,4.602427e-01,4.599596e-01,4.597918e-01,4.597081e-01,4.593719e-01,4.587757e-01,4.584436e-01,4.582263e-01,4.579392e-01,4.575553e-01,4.571676e-01,4.568821e-01,4.566455e-01,4.559858e-01,4.547004e-01,4.539968e-01,4.535142e-01,4.528148e-01,4.520666e-01,4.513722e-01,4.508279e-01,4.502837e-01,4.498896e-01,4.496150e-01,4.491721e-01,4.485853e-01,4.484167e-01,4.484643e-01,4.484841e-01,4.484343e-01,4.484255e-01,4.484245e-01,4.485197e-01,4.485321e-01,4.485986e-01,4.486587e-01,4.486424e-01,4.486803e-01,4.486354e-01,4.486668e-01,4.487468e-01,4.488545e-01,4.489346e-01,4.491409e-01,4.493198e-01,4.495265e-01,4.496844e-01,4.499703e-01,4.502064e-01,4.504917e-01,4.507720e-01,4.511071e-01,4.514717e-01,4.517597e-01,4.521186e-01,4.525050e-01,4.529145e-01,4.532043e-01,4.535360e-01,4.539042e-01,4.542867e-01,4.546418e-01,4.550321e-01,4.554163e-01,4.557716e-01,4.561274e-01,4.565355e-01,4.568421e-01,4.571994e-01,4.575572e-01,4.579661e-01,4.583391e-01,4.587511e-01,4.591919e-01,4.595967e-01,4.600391e-01,4.604453e-01,4.608379e-01,4.612243e-01,4.616998e-01,4.620875e-01,4.624778e-01,4.628666e-01,4.633596e-01,4.638017e-01,4.642446e-01,4.646577e-01,4.651021e-01,4.655166e-01,4.658794e-01,4.662427e-01,4.666019e-01,4.669879e-01,4.674511e-01,4.677858e-01,4.680081e-01,4.682307e-01,4.684605e-01,4.687893e-01,4.691185e-01,4.694481e-01,4.697250e-01,4.700554e-01,4.703329e-01,4.706107e-01,4.708816e-01,4.711914e-01,4.714166e-01,4.716662e-01,4.718696e-01,4.721196e-01,4.724236e-01,4.726813e-01,4.729608e-01,4.732435e-01,4.734725e-01,4.737867e-01,4.740155e-01,4.743296e-01,4.745350e-01,4.747948e-01,4.750318e-01,4.752370e-01,4.754730e-01,4.757285e-01,4.759866e-01,4.762217e-01,4.764250e-01,4.766045e-01,4.768067e-01,4.769543e-01,4.771553e-01,4.773564e-01,4.774662e-01,4.775798e-01,4.776921e-01,4.777713e-01,4.778829e-01,4.779614e-01,4.780040e-01,4.779715e-01,4.779939e-01,4.780696e-01,4.781130e-01,4.781879e-01,4.781497e-01,4.781137e-01,4.780777e-01,4.780404e-01,4.780577e-01,4.780197e-01,4.780327e-01,4.779933e-01,4.779534e-01,4.778582e-01,4.777625e-01,4.777180e-01,4.777302e-01,4.776873e-01,4.775892e-01,4.774362e-01,4.772826e-01,4.770714e-01,4.770255e-01,4.769791e-01,4.769323e-01,4.767771e-01,4.766220e-01,4.765728e-01,4.765263e-01,4.764258e-01,4.762712e-01,4.760628e-01,4.759600e-01,4.759139e-01,4.758139e-01,4.756062e-01,4.754204e-01,4.754285e-01,4.755417e-01,4.755497e-01,4.753426e-01,4.751357e-01,4.750149e-01,4.748622e-01,4.746857e-01,4.744049e-01,4.741246e-01,4.739514e-01,4.738319e-01,4.734994e-01,4.728997e-01,4.722511e-01,4.717630e-01,4.712761e-01,4.705804e-01,4.693849e-01,4.680718e-01,4.668905e-01,4.658184e-01,4.648018e-01,4.637405e-01,4.624008e-01,4.605982e-01,4.582340e-01,4.559447e-01,4.543119e-01,4.528852e-01,4.510839e-01,4.486331e-01,4.461167e-01,4.443724e-01,4.431504e-01,4.420736e-01,4.408195e-01,4.393461e-01,4.380184e-01,4.367285e-01,4.354179e-01,4.345864e-01,4.342004e-01,4.338153e-01,4.334587e-01,4.331029e-01,4.327478e-01,4.324210e-01,4.320949e-01,4.322069e-01,4.318814e-01,4.319951e-01,4.321347e-01,4.322468e-01,4.319218e-01,4.320339e-01,4.321184e-01,4.322030e-01,4.318509e-01,4.314721e-01,4.315290e-01,4.315860e-01,4.316155e-01,4.316725e-01,4.317295e-01,4.313238e-01,4.313808e-01,4.314378e-01,4.314968e-01,4.311194e-01,4.311764e-01,4.307997e-01,4.308567e-01,4.309413e-01,4.309708e-01,4.305948e-01,4.306518e-01,4.306814e-01,4.307384e-01,4.303357e-01,4.303652e-01,4.303948e-01,4.304244e-01,4.304265e-01,4.304561e-01,4.304856e-01,4.309476e-01,4.309772e-01,4.310069e-01,4.310365e-01,4.310661e-01,4.310957e-01,4.309586e-01,4.314213e-01,4.314510e-01,4.314806e-01,4.315103e-01,4.318066e-01,4.318086e-01,4.322728e-01,4.323025e-01,4.321647e-01,4.321667e-01,4.326593e-01,4.329569e-01,4.329886e-01,4.333145e-01,4.333721e-01,4.334298e-01,4.333470e-01,4.334326e-01,4.337869e-01,4.338726e-01,4.337898e-01,4.339035e-01,4.342585e-01,4.342036e-01,4.347560e-01,4.346730e-01,4.347872e-01,4.351453e-01,4.352316e-01,4.355883e-01,4.355051e-01,4.355916e-01,4.354803e-01,4.355386e-01,4.358675e-01,4.357280e-01,4.361988e-01,4.360590e-01,4.363603e-01,4.363622e-01,4.362224e-01,4.365239e-01,4.365541e-01,4.364142e-01,4.367177e-01,4.367762e-01,4.371066e-01,4.369948e-01,4.370534e-01,4.369417e-01,4.370003e-01,4.368887e-01,4.368056e-01,4.373062e-01,4.371946e-01,4.371114e-01,4.376126e-01,4.375008e-01,4.375596e-01,4.374480e-01,4.373364e-01,4.373952e-01,4.372573e-01,4.373162e-01,4.371764e-01,4.367942e-01,4.366549e-01,4.362454e-01,4.361066e-01,4.356984e-01,4.355317e-01,4.355621e-01,4.349869e-01,4.350173e-01,4.346115e-01,4.340392e-01,4.336378e-01,4.332351e-01,4.330988e-01,4.326972e-01,4.322965e-01,4.321610e-01,4.317615e-01,4.313628e-01,4.309650e-01,4.304037e-01,4.300079e-01,4.296130e-01,4.292189e-01,4.284030e-01,4.280115e-01,4.272006e-01,4.268115e-01,4.265844e-01,4.254586e-01,4.252332e-01,4.245934e-01,4.239557e-01,4.229090e-01,4.221191e-01,4.210821e-01,4.202996e-01,4.195202e-01,4.188990e-01,4.177247e-01,4.169556e-01,4.157928e-01,4.147888e-01,4.136388e-01,4.124955e-01,4.113590e-01,4.102290e-01,4.091097e-01,4.074657e-01,4.061261e-01,4.045071e-01,4.034166e-01,4.023323e-01,4.010279e-01,3.997324e-01,3.978042e-01,3.960332e-01,3.942786e-01,3.930281e-01,3.916509e-01,3.904976e-01,3.887699e-01,3.866081e-01,3.844710e-01,3.826152e-01,3.807262e-01,3.793103e-01,3.779052e-01,3.769817e-01,3.756169e-01,3.742624e-01,3.727233e-01,3.707630e-01,3.685142e-01,3.661755e-01,3.639832e-01,3.621843e-01,3.611103e-01,3.593405e-01,3.581044e-01,3.564554e-01,3.551085e-01,3.534875e-01,3.522722e-01,3.506774e-01,3.494817e-01,3.478494e-01,3.469069e-01,3.460943e-01,3.450768e-01,3.435280e-01,3.415642e-01,3.400059e-01,3.384428e-01,3.365369e-01,3.348487e-01,3.326546e-01,3.304686e-01,3.279534e-01,3.249094e-01,3.214425e-01,3.184917e-01,3.145502e-01,3.100446e-01,3.061728e-01,3.015143e-01,2.968220e-01,2.914306e-01,2.875011e-01,2.814489e-01,2.753291e-01,2.687679e-01,2.633944e-01,2.560134e-01,2.489177e-01,2.420782e-01,2.345480e-01,2.292875e-01,2.220588e-01,2.153389e-01,2.089381e-01,2.019538e-01,1.953186e-01,1.909171e-01,1.857853e-01,1.793275e-01,1.740030e-01,1.689050e-01,1.647889e-01,1.601632e-01,1.557399e-01,1.515785e-01,1.481629e-01,1.453671e-01,1.421360e-01,1.390306e-01,1.365383e-01,1.336193e-01,1.312502e-01,1.289547e-01,1.267516e-01,1.250216e-01,1.233389e-01,1.216536e-01,1.200211e-01,1.184329e-01,1.172310e-01,1.160782e-01,1.149204e-01,1.137679e-01,1.126545e-01,1.118946e-01,1.108154e-01,1.097532e-01,1.090282e-01,1.083117e-01,1.079305e-01,1.072442e-01,1.065607e-01,1.062023e-01,1.055475e-01,1.051941e-01,1.048657e-01,1.045177e-01,1.041819e-01,1.038593e-01,1.035285e-01,1.031986e-01,1.028765e-01,1.028434e-01,1.025245e-01,1.025137e-01,1.025029e-01,1.024931e-01,1.021970e-01,1.021754e-01,1.021767e-01,1.021660e-01,1.024623e-01,1.024526e-01,1.024580e-01,1.024424e-01,1.027342e-01,1.027185e-01,1.030228e-01,1.033174e-01,1.036370e-01,1.036476e-01,1.039351e-01,1.045294e-01,1.048493e-01,1.051645e-01,1.057723e-01,1.063851e-01,1.070173e-01,1.079551e-01,1.086037e-01,1.092647e-01,1.102265e-01,1.108797e-01,1.118796e-01,1.128881e-01,1.135712e-01,1.149559e-01,1.156749e-01,1.167447e-01,1.178285e-01,1.185917e-01,1.200890e-01,1.208363e-01,1.219621e-01,1.231242e-01,1.243190e-01,1.251291e-01,1.263425e-01,1.275796e-01,1.284440e-01,1.301664e-01,1.310451e-01,1.323793e-01,1.337583e-01,1.351155e-01,1.360873e-01,1.374985e-01,1.390079e-01,1.404927e-01,1.415180e-01,1.430403e-01,1.446227e-01,1.456747e-01,1.473266e-01,1.484776e-01,1.502051e-01,1.513485e-01,1.525339e-01,1.543126e-01,1.555169e-01,1.567380e-01,1.586372e-01,1.599025e-01,1.612106e-01,1.625333e-01,1.638549e-01,1.658602e-01,1.666039e-01,1.687018e-01,1.701640e-01,1.708881e-01,1.723291e-01,1.745873e-01,1.753942e-01,1.769336e-01,1.784944e-01,1.800833e-01,1.817035e-01,1.825488e-01,1.842037e-01,1.858687e-01,1.867203e-01,1.884591e-01,1.893800e-01,1.911002e-01,1.929226e-01,1.938518e-01,1.957566e-01,1.967069e-01,1.985132e-01,1.994875e-01,2.014567e-01,2.024409e-01,2.034401e-01,2.054324e-01,2.064802e-01,2.075056e-01,2.095212e-01,2.105971e-01,2.116599e-01,2.127221e-01,2.148968e-01,2.159889e-01,2.170912e-01,2.182394e-01,2.193628e-01,2.204968e-01,2.217223e-01,2.228082e-01,2.235836e-01,2.246344e-01,2.256561e-01,2.267521e-01,2.277295e-01,2.288976e-01,2.297633e-01,2.310850e-01,2.319731e-01,2.330327e-01,2.338979e-01,2.349321e-01,2.359794e-01,2.370426e-01,2.379848e-01,2.391074e-01,2.402084e-01,2.409898e-01,2.422721e-01,2.430138e-01,2.440443e-01,2.450376e-01,2.458879e-01,2.468428e-01,2.479300e-01,2.490351e-01,2.498359e-01,2.508139e-01,2.517360e-01,2.526031e-01,2.531981e-01,2.541233e-01,2.548718e-01,2.560271e-01,2.569793e-01,2.579094e-01,2.590981e-01,2.599914e-01,2.606109e-01,2.614190e-01,2.621045e-01,2.628611e-01,2.637318e-01,2.646001e-01,2.652114e-01,2.660599e-01,2.667821e-01,2.676767e-01,2.684147e-01,2.690630e-01,2.693811e-01,2.702838e-01,2.706421e-01,2.712934e-01,2.718759e-01,2.726992e-01,2.732949e-01,2.739500e-01,2.743819e-01,2.749842e-01,2.754112e-01,2.761882e-01,2.764475e-01,2.771636e-01,2.778434e-01,2.784517e-01,2.792443e-01,2.796833e-01,2.801716e-01,2.807970e-01,2.810640e-01,2.816247e-01,2.818931e-01,2.824567e-01,2.824798e-01,2.831297e-01,2.834774e-01,2.841081e-01,2.843190e-01,2.847724e-01,2.850539e-01,2.855094e-01,2.855665e-01,2.860780e-01,2.863460e-01,2.869020e-01,2.872134e-01,2.877725e-01,2.879722e-01,2.885764e-01,2.885205e-01,2.891558e-01,2.892138e-01,2.894021e-01,2.895242e-01,2.898565e-01,2.895929e-01,2.898534e-01,2.896189e-01,2.898953e-01,2.895601e-01,2.895625e-01,2.894428e-01,2.895595e-01,2.892542e-01,2.891851e-01,2.889785e-01,2.890949e-01,2.887619e-01,2.888781e-01,2.885456e-01,2.884929e-01,2.885165e-01,2.894621e-01,2.891285e-01,2.891469e-01,2.889172e-01,2.886797e-01,2.883640e-01,2.881984e-01,2.879546e-01,2.878317e-01,2.875181e-01,2.872833e-01,2.867027e-01,2.865734e-01,2.863245e-01,2.859289e-01,2.856116e-01,2.853982e-01,2.846993e-01,2.846744e-01,2.841578e-01,2.838978e-01,2.836306e-01,2.834733e-01,2.829004e-01,2.826350e-01,2.820173e-01,2.816935e-01,2.813629e-01,2.806832e-01,2.801884e-01,2.797545e-01,2.789763e-01,2.786595e-01,2.781908e-01,2.777629e-01,2.772391e-01,2.768141e-01,2.761557e-01,2.758716e-01,2.752438e-01,2.746571e-01,2.740728e-01,2.737140e-01,2.731337e-01,2.728482e-01,2.723348e-01,2.720585e-01,2.712837e-01,2.709391e-01,2.701850e-01,2.697658e-01,2.693404e-01,2.688175e-01,2.682965e-01,2.679371e-01,2.672681e-01,2.671457e-01,2.666557e-01,2.662502e-01,2.657996e-01,2.656744e-01,2.652434e-01,2.650585e-01,2.643104e-01,2.640313e-01,2.639677e-01,2.632849e-01,2.628539e-01,2.624595e-01,2.618781e-01,2.613133e-01,2.608375e-01,2.604628e-01,2.596953e-01,2.589803e-01,2.584043e-01,2.577055e-01,2.568400e-01,2.562731e-01,2.556188e-01,2.547666e-01,2.537622e-01,2.529633e-01,2.525419e-01,2.516631e-01,2.507358e-01,2.498149e-01,2.490393e-01,2.484467e-01,2.474570e-01,2.468004e-01,2.462177e-01,2.457027e-01,2.449509e-01,2.443067e-01,2.437992e-01,2.433451e-01,2.428413e-01,2.422712e-01,2.418224e-01,2.417010e-01,2.416986e-01,2.410831e-01,2.408619e-01,2.405609e-01,2.402106e-01,2.402335e-01,2.400638e-01,2.397946e-01,2.395757e-01,2.393797e-01,2.391616e-01,2.387953e-01,2.385583e-01,2.381445e-01,2.378596e-01,2.375462e-01,2.374584e-01,2.373218e-01,2.371294e-01,2.372467e-01,2.372174e-01,2.372078e-01,2.370715e-01,2.371524e-01,2.371648e-01,2.372821e-01,2.375630e-01,2.376316e-01,2.377785e-01,2.380659e-01,2.382007e-01,2.385129e-01,2.385819e-01,2.388161e-01,2.388655e-01,2.389096e-01,2.388672e-01,2.387955e-01,2.387112e-01,2.385482e-01,2.384076e-01,2.384515e-01,2.384166e-01,2.386379e-01,2.383764e-01,2.383345e-01,2.381719e-01,2.380880e-01,2.382301e-01,2.380969e-01,2.380130e-01,2.380693e-01,2.379417e-01,2.379561e-01,2.378849e-01,2.376989e-01,2.372760e-01,2.371398e-01,2.367925e-01,2.365597e-01,2.356833e-01,2.353114e-01,2.348163e-01,2.341924e-01,2.336735e-01,2.331568e-01,2.323164e-01,2.315560e-01,2.307332e-01,2.296858e-01,2.286202e-01,2.272656e-01,2.255710e-01,2.245729e-01,2.235325e-01,2.224643e-01,2.202839e-01,2.181004e-01,2.170616e-01,2.150060e-01,2.119110e-01,2.098583e-01,2.079135e-01,2.050264e-01,2.021680e-01,1.993862e-01,1.966275e-01,1.939642e-01,1.896359e-01,1.871115e-01,1.814372e-01,1.775166e-01,1.731195e-01,1.695921e-01,1.648319e-01,1.610238e-01,1.561445e-01,1.516705e-01,1.451619e-01,1.400736e-01,1.352921e-01,1.298999e-01,1.252550e-01,1.197339e-01,1.149221e-01,1.075387e-01,1.023439e-01,9.730767e-02,9.267943e-02,8.731499e-02,8.304016e-02,7.659577e-02,7.222089e-02,6.825248e-02,6.451854e-02,6.076951e-02,5.637733e-02,5.315445e-02,5.042655e-02,4.788039e-02,4.543734e-02,4.264384e-02,4.070472e-02,3.904113e-02,3.756956e-02,3.633209e-02,3.458792e-02,3.360285e-02,3.271077e-02,3.181539e-02,3.092709e-02,3.010110e-02,2.957610e-02,2.907465e-02,2.859654e-02,2.814370e-02,2.771115e-02,2.749123e-02,2.709551e-02,2.689412e-02,2.652719e-02,2.634619e-02,2.616604e-02,2.599797e-02,2.583279e-02,2.567191e-02,2.551884e-02,2.551376e-02,2.535834e-02,2.535698e-02,2.520991e-02,2.520331e-02,2.520314e-02,2.520187e-02,2.505568e-02,2.505187e-02,2.504918e-02,2.504591e-02,2.518227e-02,2.518172e-02,2.517639e-02,2.516739e-02,2.530626e-02,2.530367e-02,2.544746e-02,2.544325e-02,2.559285e-02,2.574542e-02,2.574444e-02,2.590737e-02,2.606974e-02,2.623585e-02,2.641390e-02,2.641766e-02,2.659756e-02,2.678511e-02,2.697266e-02,2.716739e-02,2.736294e-02,2.756259e-02,2.777371e-02,2.798214e-02,2.819553e-02,2.841803e-02,2.864173e-02,2.886809e-02,2.910670e-02,2.934702e-02,2.959132e-02,2.984647e-02,3.036105e-02,3.036653e-02,3.091300e-02,3.119789e-02,3.120578e-02,3.170059e-02,3.200573e-02,3.237932e-02,3.264006e-02,3.309784e-02,3.337347e-02,3.361796e-02,3.407978e-02,3.441001e-02,3.482626e-02,3.513578e-02,3.564568e-02,3.593097e-02,3.643057e-02,3.677813e-02,3.708517e-02,3.761597e-02,3.798820e-02,3.850524e-02,3.884060e-02,3.937846e-02,3.973119e-02,4.024655e-02,4.066650e-02,4.114449e-02,4.152717e-02,4.209238e-02,4.249425e-02,4.302205e-02,4.343506e-02,4.399282e-02,4.437230e-02,4.495670e-02,4.541034e-02,4.574513e-02,4.636382e-02,4.699951e-02,4.742874e-02,4.801558e-02,4.846333e-02,4.906978e-02,4.945418e-02,5.009146e-02,5.048519e-02,5.105965e-02,5.146789e-02,5.214933e-02,5.257115e-02,5.317514e-02,5.360229e-02,5.424381e-02,5.458738e-02,5.519696e-02,5.565548e-02,5.622275e-02,5.690480e-02,5.724426e-02,5.784225e-02,5.823402e-02,5.891952e-02,5.916967e-02,5.980553e-02,6.040927e-02,6.083377e-02,6.133709e-02,6.172704e-02,6.241427e-02,6.269234e-02,6.335046e-02,6.389237e-02,6.431238e-02,6.486927e-02,6.516750e-02,6.578999e-02,6.650804e-02,6.681584e-02,6.741237e-02,6.773195e-02,6.819845e-02,6.881722e-02,6.914879e-02,6.978300e-02,7.018140e-02,7.068260e-02,7.119009e-02,7.154531e-02,7.206805e-02,7.281705e-02,7.302450e-02,7.379534e-02,7.400763e-02,7.478770e-02,7.541404e-02,7.569676e-02,7.633194e-02,7.697196e-02,7.744062e-02,7.797942e-02,7.864409e-02,7.913092e-02,7.961845e-02,8.038207e-02,8.069363e-02,8.128328e-02,8.200284e-02,8.241192e-02,8.294507e-02,8.377949e-02,8.412397e-02,8.476237e-02,8.533160e-02,8.576990e-02,8.642960e-02,8.701308e-02,8.738049e-02,8.805674e-02,8.865414e-02,8.911698e-02,8.949467e-02,9.019935e-02,9.082197e-02,9.129936e-02,9.169308e-02,9.242799e-02,9.283010e-02,9.333104e-02,9.399125e-02,9.450296e-02,9.492103e-02,9.544669e-02,9.613272e-02,9.666451e-02,9.709334e-02,9.763428e-02,9.834265e-02,9.862144e-02,9.944840e-02,9.989874e-02,1.004613e-01,1.007450e-01,1.013165e-01,1.017761e-01,1.023570e-01,1.029436e-01,1.031257e-01,1.037209e-01,1.043211e-01,1.046239e-01,1.051155e-01,1.054223e-01,1.060395e-01,1.063521e-01,1.069788e-01,1.076118e-01,1.082512e-01,1.084499e-01,1.090980e-01,1.094322e-01,1.100904e-01,1.104226e-01,1.107567e-01,1.113002e-01,1.116329e-01,1.119732e-01,1.126579e-01,1.129977e-01,1.133407e-01,1.135498e-01,1.142513e-01,1.145934e-01,1.149450e-01,1.151594e-01,1.155125e-01,1.158613e-01,1.160742e-01,1.164323e-01,1.167861e-01,1.171418e-01,1.174995e-01,1.178591e-01,1.180787e-01,1.180617e-01,1.184245e-01,1.187892e-01,1.191560e-01,1.195265e-01,1.198910e-01,1.202638e-01,1.202466e-01,1.206151e-01,1.209856e-01,1.213537e-01,1.213299e-01,1.216981e-01,1.220618e-01,1.220335e-01,1.223927e-01,1.227540e-01,1.227171e-01,1.232351e-01,1.231935e-01,1.235594e-01,1.235157e-01,1.240404e-01,1.240051e-01,1.243758e-01,1.244962e-01,1.248699e-01,1.248389e-01,1.253764e-01,1.253388e-01,1.254612e-01,1.258405e-01,1.263797e-01,1.264975e-01,1.268762e-01,1.269951e-01,1.269503e-01,1.274899e-01,1.274470e-01,1.279975e-01,1.281188e-01,1.280736e-01,1.286363e-01,1.285977e-01,1.287359e-01,1.288656e-01,1.288405e-01,1.289840e-01,1.291279e-01,1.291049e-01,1.292627e-01,1.292443e-01,1.298447e-01,1.298353e-01,1.300016e-01,1.301683e-01,1.301705e-01,1.303445e-01,1.303488e-01,1.305301e-01,1.305392e-01,1.307210e-01,1.307322e-01,1.309144e-01,1.309305e-01,1.311200e-01,1.311383e-01,1.311544e-01,1.313445e-01,1.309096e-01,1.309278e-01,1.309508e-01,1.311404e-01,1.311565e-01,1.311748e-01,1.311978e-01,1.312139e-01,1.310563e-01,1.306255e-01,1.306416e-01,1.304852e-01,1.303223e-01,1.297229e-01,1.297409e-01,1.295796e-01,1.292490e-01,1.286581e-01,1.284991e-01,1.281752e-01,1.275858e-01,1.272571e-01,1.271010e-01,1.263499e-01,1.260265e-01,1.252879e-01,1.249689e-01,1.240805e-01,1.237666e-01,1.228857e-01,1.225769e-01,1.218698e-01,1.214190e-01,1.207247e-01,1.198924e-01,1.196023e-01,1.187829e-01,1.181184e-01,1.176906e-01,1.170363e-01,1.162462e-01,1.159722e-01,1.151940e-01,1.149229e-01,1.142941e-01,1.135286e-01,1.129064e-01,1.122898e-01,1.116789e-01,1.114164e-01,1.108072e-01,1.102094e-01,1.094886e-01,1.089025e-01,1.087764e-01,1.081967e-01,1.077468e-01,1.068555e-01,1.064215e-01,1.058623e-01,1.057419e-01,1.053087e-01,1.048726e-01,1.044453e-01,1.038973e-01,1.034765e-01,1.030527e-01,1.025166e-01,1.019850e-01,1.012777e-01,1.008689e-01,1.000579e-01,9.954689e-02,9.914888e-02,9.875344e-02,9.797538e-02,9.758750e-02,9.720210e-02,9.681914e-02,9.616921e-02,9.569001e-02,9.505238e-02,9.468304e-02,9.431599e-02,9.395124e-02,9.333231e-02,9.297367e-02,9.237043e-02,9.211413e-02,9.151473e-02,9.126221e-02,9.076585e-02,9.060523e-02,9.011458e-02,8.986818e-02,8.947070e-02,8.931355e-02,8.859346e-02,8.852902e-02,8.805114e-02,8.766630e-02,8.742528e-02,8.713278e-02,8.688894e-02,8.642034e-02,8.582304e-02,8.558484e-02,8.521183e-02,8.475703e-02,8.430605e-02,8.415747e-02,8.341597e-02,8.297128e-02,8.274507e-02,8.231079e-02,8.179630e-02,8.136985e-02,8.107181e-02,8.024536e-02,7.995375e-02,7.954234e-02,7.913903e-02,7.866042e-02,7.788163e-02,7.768109e-02,7.722131e-02,7.684137e-02,7.646444e-02,7.609050e-02,7.553907e-02,7.524177e-02,7.488210e-02,7.458895e-02,7.423437e-02,7.360148e-02,7.349496e-02,7.303892e-02,7.269639e-02,7.235649e-02,7.208372e-02,7.148533e-02,7.121796e-02,7.101516e-02,7.068812e-02,7.042562e-02,6.968685e-02,6.943487e-02,6.918002e-02,6.892669e-02,6.836697e-02,6.805985e-02,6.775500e-02,6.729841e-02,6.705633e-02,6.651894e-02,6.622544e-02,6.578574e-02,6.554833e-02,6.488845e-02,6.479197e-02,6.436778e-02,6.394996e-02,6.372321e-02,6.309348e-02,6.282037e-02,6.241733e-02,6.220128e-02,6.155096e-02,6.128879e-02,6.095064e-02,6.069263e-02,6.006654e-02,5.981066e-02,5.943922e-02,5.918974e-02,5.858749e-02,5.817564e-02,5.781915e-02,5.761898e-02,5.703753e-02,5.679841e-02,5.644800e-02,5.620888e-02,5.564307e-02,5.098792e-03,5.098792e-03,5.098792e-03,5.098792e-03,5.098792e-03,5.098792e-03,5.098792e-03,5.098792e-03,5.098792e-03,5.098792e-03,5.098792e-03,5.098792e-03,5.098792e-03,5.098792e-03,5.098792e-03,5.098792e-03,5.098792e-03,5.098792e-03,5.098792e-03,5.098792e-03,5.098792e-03,5.098792e-03,5.098792e-03,5.098792e-03,5.098792e-03,5.098792e-03,5.098792e-03,5.098792e-03,5.098792e-03,5.098792e-03,5.098792e-03,5.098792e-03,5.098792e-03,5.098792e-03,5.098792e-03,5.098792e-03,5.098792e-03,5.098792e-03,5.098792e-03,5.098792e-03,5.098792e-03,5.098792e-03,5.098792e-03,5.098792e-03,5.098792e-03,5.098792e-03,5.098792e-03,5.098792e-03,5.098792e-03,5.098792e-03,5.098792e-03,5.098792e-03,5.098792e-03,5.098792e-03,5.098792e-03,5.098792e-03,5.098792e-03,5.098792e-03,5.098792e-03,5.098792e-03,5.098792e-03,5.098792e-03,5.098792e-03,5.098792e-03,5.098792e-03,5.098792e-03,5.098792e-03,5.098792e-03,5.098792e-03,5.098792e-03,5.098792e-03,5.098792e-03,5.098792e-03,5.098792e-03,5.098792e-03,5.098792e-03,5.098792e-03,5.098792e-03,5.098792e-03,5.098792e-03,5.098792e-03,5.098792e-03,5.098792e-03,5.098792e-03,5.098792e-03,5.098792e-03,5.098792e-03,5.098792e-03,5.098792e-03,5.098792e-03,5.098792e-03,5.098792e-03,5.098792e-03,5.098792e-03,5.098792e-03,5.098792e-03,5.098792e-03,5.098792e-03,5.098792e-03,5.098792e-03,5.098792e-03,5.098792e-03,5.098792e-03,5.098792e-03,5.098792e-03,5.098792e-03,5.098792e-03,5.098792e-03,5.098792e-03,5.098792e-03,5.098792e-03,5.098792e-03,5.098792e-03,5.098792e-03,5.098792e-03,5.098792e-03,5.098792e-03,5.098792e-03,5.098792e-03,5.098792e-03,5.098792e-03,5.098792e-03,5.098792e-03,5.098792e-03,5.098792e-03,5.098792e-03,5.098792e-03,5.098792e-03,5.098792e-03,5.098792e-03,5.098792e-03,5.098792e-03,5.098792e-03,5.098792e-03,5.098792e-03,5.098792e-03,5.098792e-03,5.098792e-03,5.098792e-03,5.098792e-03,5.098792e-03,5.098792e-03,5.098792e-03,5.098792e-03,5.098792e-03,5.098792e-03,5.098792e-03,5.098792e-03,5.098792e-03,5.098792e-03,5.098792e-03,5.098792e-03,5.098792e-03,5.098792e-03,5.098792e-03,5.098792e-03,5.098792e-03,5.098792e-03,5.098792e-03,5.098792e-03,5.098792e-03
2.623507e-02,2.615206e-02,2.608192e-02,2.602245e-02,2.598271e-02,2.598263e-02,2.600643e-02,2.603228e-02,2.606343e-02,2.609347e-02,2.611713e-02,2.611667e-02,2.613562e-02,2.616804e-02,2.619973e-02,2.624437e-02,2.628843e-02,2.632617e-02,2.636875e-02,2.640374e-02,2.641882e-02,2.641225e-02,2.640818e-02,2.640218e-02,2.642658e-02,2.644606e-02,2.645810e-02,2.645319e-02,2.645916e-02,2.647483e-02,2.646382e-02,2.643817e-02,2.642934e-02,2.643029e-02,2.644608e-02,2.646541e-02,2.647851e-02,2.651051e-02,2.654555e-02,2.658134e-02,2.663753e-02,2.673851e-02,2.685636e-02,2.696517e-02,2.710010e-02,2.725723e-02,2.741802e-02,2.757346e-02,2.778442e-02,2.802228e-02,2.828858e-02,2.858826e-02,2.891227e-02,2.923745e-02,2.955903e-02,2.987586e-02,3.019473e-02,3.051588e-02,3.081269e-02,3.110167e-02,3.136903e-02,3.163059e-02,3.186248e-02,3.207624e-02,3.230649e-02,3.253789e-02,3.275425e-02,3.296149e-02,3.314573e-02,3.332792e-02,3.349809e-02,3.363382e-02,3.375725e-02,3.387865e-02,3.398054e-02,3.408223e-02,3.418185e-02,3.431325e-02,3.443623e-02,3.456855e-02,3.471622e-02,3.491221e-02,3.514702e-02,3.540628e-02,3.571701e-02,3.608344e-02,3.649525e-02,3.695377e-02,3.748659e-02,3.808063e-02,3.871970e-02,3.940155e-02,4.015006e-02,4.095479e-02,4.180926e-02,4.272319e-02,4.370699e-02,4.475945e-02,4.587510e-02,4.706467e-02,4.833518e-02,4.967271e-02,5.108468e-02,5.257369e-02,5.415181e-02,5.580975e-02,5.755728e-02,5.943676e-02,6.145210e-02,6.351900e-02,6.568714e-02,6.793890e-02,7.028609e-02,7.284986e-02,7.553263e-02,7.822914e-02,8.103010e-02,8.393110e-02,8.691317e-02,8.998071e-02,9.311800e-02,9.621616e-02,9.936281e-02,1.024505e-01,1.055247e-01,1.084957e-01,1.114182e-01,1.141974e-01,1.169226e-01,1.194277e-01,1.218896e-01,1.241206e-01,1.263211e-01,1.282986e-01,1.302292e-01,1.319598e-01,1.336519e-01,1.350950e-01,1.365436e-01,1.377983e-01,1.390647e-01,1.401676e-01,1.411581e-01,1.422529e-01,1.432765e-01,1.443229e-01,1.453006e-01,1.463379e-01,1.472717e-01,1.481712e-01,1.490220e-01,1.497221e-01,1.502791e-01,1.508622e-01,1.511901e-01,1.511895e-01,1.507708e-01,1.502478e-01,1.495638e-01,1.487350e-01,1.479206e-01,1.470741e-01,1.461030e-01,1.450512e-01,1.438997e-01,1.426238e-01,1.412574e-01,1.397565e-01,1.382192e-01,1.366021e-01,1.349449e-01,1.332695e-01,1.316039e-01,1.299846e-01,1.284114e-01,1.268958e-01,1.254680e-01,1.241120e-01,1.228443e-01,1.216423e-01,1.205086e-01,1.194189e-01,1.183845e-01,1.174194e-01,1.165090e-01,1.156370e-01,1.148386e-01,1.140872e-01,1.133960e-01,1.127421e-01,1.121696e-01,1.116337e-01,1.111568e-01,1.106983e-01,1.103090e-01,1.099596e-01,1.096222e-01,1.092874e-01,1.089668e-01,1.086354e-01,1.082548e-01,1.078485e-01,1.074021e-01,1.069144e-01,1.063349e-01,1.057211e-01,1.050334e-01,1.042520e-01,1.034371e-01,1.025566e-01,1.016654e-01,1.007396e-01,9.981225e-02,9.884814e-02,9.786855e-02,9.694213e-02,9.602830e-02,9.515298e-02,9.433802e-02,9.359686e-02,9.295582e-02,9.235864e-02,9.186561e-02,9.143001e-02,9.107383e-02,9.077582e-02,9.053194e-02,9.037094e-02,9.022706e-02,9.011541e-02,8.996893e-02,8.980864e-02,8.956910e-02,8.921833e-02,8.878302e-02,8.819843e-02,8.749354e-02,8.660205e-02,8.560060e-02,8.446791e-02,8.324827e-02,8.193318e-02,8.057282e-02,7.915517e-02,7.773573e-02,7.631446e-02,7.495678e-02,7.366760e-02,7.245918e-02,7.141296e-02,7.045335e-02,6.962610e-02,6.884847e-02,6.811127e-02,6.734087e-02,6.649931e-02,6.557539e-02,6.450781e-02,6.332966e-02,6.198933e-02,6.057170e-02,5.901095e-02,5.743269e-02,5.583507e-02,5.427446e-02,5.275346e-02,5.130643e-02,5.004804e-02,4.889792e-02,4.793552e-02,4.706421e-02,4.638356e-02,4.580878e-02,4.537132e-02,4.501198e-02,4.479841e-02,4.464570e-02,4.469458e-02,4.483810e-02,4.531009e-02,4.595204e-02,4.718190e-02,4.866362e-02,5.081810e-02,5.334305e-02,5.660729e-02,6.031127e-02,6.461992e-02,6.944887e-02,7.493265e-02,8.096052e-02,8.752212e-02,9.462525e-02,1.022881e-01,1.103822e-01,1.187684e-01,1.275162e-01,1.365102e-01,1.456954e-01,1.548821e-01,1.641468e-01,1.733739e-01,1.824367e-01,1.913084e-01,1.999987e-01,2.084538e-01,2.166987e-01,2.247231e-01,2.325632e-01,2.403576e-01,2.479212e-01,2.553208e-01,2.626113e-01,2.697824e-01,2.768742e-01,2.838286e-01,2.907206e-01,2.974730e-01,3.040992e-01,3.106019e-01,3.171744e-01,3.234040e-01,3.295083e-01,3.354017e-01,3.411884e-01,3.468072e-01,3.522594e-01,3.575255e-01,3.626092e-01,3.675004e-01,3.721918e-01,3.766946e-01,3.810142e-01,3.851775e-01,3.891141e-01,3.928317e-01,3.963832e-01,3.997317e-01,4.028820e-01,4.058975e-01,4.087209e-01,4.112904e-01,4.137274e-01,4.159582e-01,4.180878e-01,4.200271e-01,4.218731e-01,4.235372e-01,4.250734e-01,4.265036e-01,4.278395e-01,4.291072e-01,4.303821e-01,4.316888e-01,4.329639e-01,4.342721e-01,4.355377e-01,4.367947e-01,4.380828e-01,4.393197e-01,4.405814e-01,4.417553e-01,4.429485e-01,4.441213e-01,4.452336e-01,4.463615e-01,4.474591e-01,4.485268e-01,4.495268e-01,4.505301e-01,4.514963e-01,4.524188e-01,4.533021e-01,4.541733e-01,4.549673e-01,4.557110e-01,4.563980e-01,4.570331e-01,4.576101e-01,4.580929e-01,4.585496e-01,4.588521e-01,4.592367e-01,4.595845e-01,4.599328e-01,4.602894e-01,4.606126e-01,4.609738e-01,4.612832e-01,4.616340e-01,4.619970e-01,4.623115e-01,4.626752e-01,4.629906e-01,4.633445e-01,4.636569e-01,4.639736e-01,4.643363e-01,4.646538e-01,4.649375e-01,4.652640e-01,4.655446e-01,4.658216e-01,4.661111e-01,4.663548e-01,4.666328e-01,4.669111e-01,4.671941e-01,4.674809e-01,4.677142e-01,4.679938e-01,4.682315e-01,4.685001e-01,4.688112e-01,4.690804e-01,4.693498e-01,4.696156e-01,4.698777e-01,4.701441e-01,4.704494e-01,4.707163e-01,4.709676e-01,4.712540e-01,4.714750e-01,4.717699e-01,4.720063e-01,4.721848e-01,4.724375e-01,4.726824e-01,4.728446e-01,4.730038e-01,4.731672e-01,4.733106e-01,4.734149e-01,4.735594e-01,4.737511e-01,4.738797e-01,4.739933e-01,4.741502e-01,4.743344e-01,4.744834e-01,4.746406e-01,4.748291e-01,4.749785e-01,4.751713e-01,4.753642e-01,4.755443e-01,4.757416e-01,4.759703e-01,4.761517e-01,4.763889e-01,4.766183e-01,4.768000e-01,4.770296e-01,4.772197e-01,4.774457e-01,4.776636e-01,4.778492e-01,4.780838e-01,4.782582e-01,4.784891e-01,4.786761e-01,4.788634e-01,4.790506e-01,4.792022e-01,4.793324e-01,4.795161e-01,4.796638e-01,4.797799e-01,4.799401e-01,4.800924e-01,4.801788e-01,4.802869e-01,4.804033e-01,4.804631e-01,4.805672e-01,4.806703e-01,4.807662e-01,4.808786e-01,4.809829e-01,4.810973e-01,4.811932e-01,4.813377e-01,4.814966e-01,4.816690e-01,4.818053e-01,4.819903e-01,4.821981e-01,4.823544e-01,4.825271e-01,4.827084e-01,4.828639e-01,4.830286e-01,4.831696e-01,4.833503e-01,4.834831e-01,4.836401e-01,4.837720e-01,4.839541e-01,4.840705e-01,4.841673e-01,4.842588e-01,4.843348e-01,4.844191e-01,4.845192e-01,4.846245e-01,4.847131e-01,4.847766e-01,4.848516e-01,4.849487e-01,4.850457e-01,4.851219e-01,4.852000e-01,4.853001e-01,4.854255e-01,4.855456e-01,4.856332e-01,4.856622e-01,4.857280e-01,4.858690e-01,4.859736e-01,4.860100e-01,4.860043e-01,4.860241e-01,4.860784e-01,4.861159e-01,4.861399e-01,4.861690e-01,4.861511e-01,4.859432e-01,4.858468e-01,4.858299e-01,4.857755e-01,4.857169e-01,4.856678e-01,4.855302e-01,4.852681e-01,4.850525e-01,4.849162e-01,4.848630e-01,4.846016e-01,4.841335e-01,4.838779e-01,4.837014e-01,4.834833e-01,4.831828e-01,4.828830e-01,4.826660e-01,4.824858e-01,4.819772e-01,4.809438e-01,4.803985e-01,4.800178e-01,4.794752e-01,4.788899e-01,4.783506e-01,4.779334e-01,4.775133e-01,4.772182e-01,4.770310e-01,4.766932e-01,4.762402e-01,4.761384e-01,4.762037e-01,4.762569e-01,4.762426e-01,4.762604e-01,4.762860e-01,4.763877e-01,4.764134e-01,4.764796e-01,4.765416e-01,4.765318e-01,4.765626e-01,4.765173e-01,4.765438e-01,4.766101e-01,4.766885e-01,4.767549e-01,4.769364e-01,4.770860e-01,4.772678e-01,4.774098e-01,4.776709e-01,4.778886e-01,4.781466e-01,4.784041e-01,4.787026e-01,4.790373e-01,4.792999e-01,4.796310e-01,4.799711e-01,4.803433e-01,4.806072e-01,4.809038e-01,4.812410e-01,4.815788e-01,4.818846e-01,4.822275e-01,4.825665e-01,4.828696e-01,4.831730e-01,4.835216e-01,4.837849e-01,4.840894e-01,4.843942e-01,4.847404e-01,4.850461e-01,4.853973e-01,4.857814e-01,4.861250e-01,4.865102e-01,4.868547e-01,4.871994e-01,4.875400e-01,4.879640e-01,4.883056e-01,4.886519e-01,4.889943e-01,4.894209e-01,4.898062e-01,4.901920e-01,4.905411e-01,4.909279e-01,4.912780e-01,4.915863e-01,4.918950e-01,4.922040e-01,4.925183e-01,4.929083e-01,4.931809e-01,4.933641e-01,4.935474e-01,4.937354e-01,4.940042e-01,4.942733e-01,4.945426e-01,4.947694e-01,4.950392e-01,4.952663e-01,4.954937e-01,4.957166e-01,4.959822e-01,4.961671e-01,4.963855e-01,4.965655e-01,4.967842e-01,4.970460e-01,4.972697e-01,4.975217e-01,4.977791e-01,4.979934e-01,4.982889e-01,4.985031e-01,4.987987e-01,4.990072e-01,4.992592e-01,4.995059e-01,4.997144e-01,4.999605e-01,5.002067e-01,5.004578e-01,5.007036e-01,5.009110e-01,5.011125e-01,5.013192e-01,5.014824e-01,5.016884e-01,5.018946e-01,5.020122e-01,5.021356e-01,5.022581e-01,5.023415e-01,5.024637e-01,5.025467e-01,5.025851e-01,5.025795e-01,5.026177e-01,5.026988e-01,5.027413e-01,5.028220e-01,5.028092e-01,5.028013e-01,5.027934e-01,5.027846e-01,5.028197e-01,5.028105e-01,5.028393e-01,5.028293e-01,5.028189e-01,5.027643e-01,5.027094e-01,5.026926e-01,5.027244e-01,5.027121e-01,5.026557e-01,5.025553e-01,5.024546e-01,5.023048e-01,5.022906e-01,5.022760e-01,5.022613e-01,5.021595e-01,5.020578e-01,5.020381e-01,5.020236e-01,5.019656e-01,5.018642e-01,5.017196e-01,5.016569e-01,5.016425e-01,5.015849e-01,5.014408e-01,5.013014e-01,5.013305e-01,5.014413e-01,5.014705e-01,5.013267e-01,5.011830e-01,5.011214e-01,5.010212e-01,5.009118e-01,5.007213e-01,5.005311e-01,5.004271e-01,5.003662e-01,5.001337e-01,4.996829e-01,4.991952e-01,4.988366e-01,4.984789e-01,4.979521e-01,4.970082e-01,4.959805e-01,4.950457e-01,4.941986e-01,4.933928e-01,4.925528e-01,4.914729e-01,4.900269e-01,4.881077e-01,4.862458e-01,4.849185e-01,4.837583e-01,4.822890e-01,4.802803e-01,4.782158e-01,4.767852e-01,4.757844e-01,4.749028e-01,4.738735e-01,4.726611e-01,4.715682e-01,4.705150e-01,4.694338e-01,4.687624e-01,4.684619e-01,4.681619e-01,4.678973e-01,4.676332e-01,4.673696e-01,4.671411e-01,4.669131e-01,4.670510e-01,4.668234e-01,4.669604e-01,4.671330e-01,4.672711e-01,4.670437e-01,4.671818e-01,4.672851e-01,4.673886e-01,4.671268e-01,4.668309e-01,4.668995e-01,4.669682e-01,4.670022e-01,4.670709e-01,4.671396e-01,4.668094e-01,4.668781e-01,4.669468e-01,4.670148e-01,4.667199e-01,4.667886e-01,4.664941e-01,4.665628e-01,4.666662e-01,4.667003e-01,4.664063e-01,4.664750e-01,4.665091e-01,4.665779e-01,4.662497e-01,4.662838e-01,4.663179e-01,4.663520e-01,4.663514e-01,4.663855e-01,4.664197e-01,4.668161e-01,4.668502e-01,4.668843e-01,4.669184e-01,4.669526e-01,4.669867e-01,4.669220e-01,4.673189e-01,4.673531e-01,4.673872e-01,4.674214e-01,4.677198e-01,4.677191e-01,4.681172e-01,4.681514e-01,4.680862e-01,4.680855e-01,4.685190e-01,4.688186e-01,4.688520e-01,4.691870e-01,4.692562e-01,4.693255e-01,4.693302e-01,4.694346e-01,4.698052e-01,4.699097e-01,4.699144e-01,4.700542e-01,4.704255e-01,4.704654e-01,4.709728e-01,4.709774e-01,4.711177e-01,4.714895e-01,4.715947e-01,4.719680e-01,4.719726e-01,4.720780e-01,4.720473e-01,4.721172e-01,4.724556e-01,4.723895e-01,4.727936e-01,4.727273e-01,4.730309e-01,4.730300e-01,4.729637e-01,4.732675e-01,4.733021e-01,4.732357e-01,4.735388e-01,4.736090e-01,4.739491e-01,4.739181e-01,4.739884e-01,4.739575e-01,4.740278e-01,4.739969e-01,4.740017e-01,4.744434e-01,4.744125e-01,4.744173e-01,4.748596e-01,4.748286e-01,4.748992e-01,4.748683e-01,4.748374e-01,4.749079e-01,4.748404e-01,4.749110e-01,4.748444e-01,4.745438e-01,4.744774e-01,4.741418e-01,4.740756e-01,4.737408e-01,4.736392e-01,4.736741e-01,4.732395e-01,4.732744e-01,4.729411e-01,4.725084e-01,4.721759e-01,4.718447e-01,4.717798e-01,4.714494e-01,4.711196e-01,4.710551e-01,4.707261e-01,4.703977e-01,4.700699e-01,4.696440e-01,4.693176e-01,4.689917e-01,4.686665e-01,4.679831e-01,4.676596e-01,4.669798e-01,4.666581e-01,4.664340e-01,4.655652e-01,4.653425e-01,4.647671e-01,4.641934e-01,4.632709e-01,4.626064e-01,4.616914e-01,4.610323e-01,4.603754e-01,4.598147e-01,4.588192e-01,4.581698e-01,4.571826e-01,4.562926e-01,4.553148e-01,4.543419e-01,4.533738e-01,4.524105e-01,4.514531e-01,4.500815e-01,4.488972e-01,4.475433e-01,4.466084e-01,4.456781e-01,4.445202e-01,4.433692e-01,4.417384e-01,4.402062e-01,4.386861e-01,4.375692e-01,4.363754e-01,4.354103e-01,4.338962e-01,4.320436e-01,4.302086e-01,4.285514e-01,4.269615e-01,4.257532e-01,4.245526e-01,4.237545e-01,4.225970e-01,4.214467e-01,4.200991e-01,4.184064e-01,4.164531e-01,4.144457e-01,4.125337e-01,4.110307e-01,4.101450e-01,4.086618e-01,4.075967e-01,4.061771e-01,4.050277e-01,4.036282e-01,4.025648e-01,4.011843e-01,4.001353e-01,3.986597e-01,3.976886e-01,3.968179e-01,3.958170e-01,3.944606e-01,3.926957e-01,3.912806e-01,3.898500e-01,3.881301e-01,3.865544e-01,3.845032e-01,3.825431e-01,3.802911e-01,3.775672e-01,3.744425e-01,3.717776e-01,3.681548e-01,3.639894e-01,3.603802e-01,3.559721e-01,3.514525e-01,3.462068e-01,3.423001e-01,3.364207e-01,3.304935e-01,3.241702e-01,3.189834e-01,3.118257e-01,3.049417e-01,2.982194e-01,2.907732e-01,2.855526e-01,2.783152e-01,2.715299e-01,2.650382e-01,2.579128e-01,2.511263e-01,2.465778e-01,2.412723e-01,2.345650e-01,2.290036e-01,2.236692e-01,2.193277e-01,2.144447e-01,2.097559e-01,2.053149e-01,2.016546e-01,1.986557e-01,1.951877e-01,1.918417e-01,1.891435e-01,1.859928e-01,1.834308e-01,1.809402e-01,1.785418e-01,1.766581e-01,1.748260e-01,1.730007e-01,1.712229e-01,1.694932e-01,1.681953e-01,1.669399e-01,1.656853e-01,1.644370e-01,1.632290e-01,1.624178e-01,1.612437e-01,1.600849e-01,1.593067e-01,1.585366e-01,1.581442e-01,1.574060e-01,1.566653e-01,1.562926e-01,1.555826e-01,1.552133e-01,1.548646e-01,1.545014e-01,1.541471e-01,1.538038e-01,1.534553e-01,1.531064e-01,1.527585e-01,1.527441e-01,1.524001e-01,1.524040e-01,1.524078e-01,1.524138e-01,1.520875e-01,1.520823e-01,1.520973e-01,1.521012e-01,1.524532e-01,1.524592e-01,1.524820e-01,1.524888e-01,1.528433e-01,1.528501e-01,1.532151e-01,1.535727e-01,1.539524e-01,1.539853e-01,1.543391e-01,1.550425e-01,1.554298e-01,1.558065e-01,1.565253e-01,1.572483e-01,1.579900e-01,1.590854e-01,1.598445e-01,1.606078e-01,1.617324e-01,1.624935e-01,1.636551e-01,1.648203e-01,1.656137e-01,1.672045e-01,1.680323e-01,1.692615e-01,1.705014e-01,1.713708e-01,1.730797e-01,1.739439e-01,1.752387e-01,1.765687e-01,1.779283e-01,1.788545e-01,1.802373e-01,1.816457e-01,1.826245e-01,1.845664e-01,1.855639e-01,1.870680e-01,1.886149e-01,1.901575e-01,1.912415e-01,1.928303e-01,1.945011e-01,1.961607e-01,1.973045e-01,1.989964e-01,2.007511e-01,2.019214e-01,2.037408e-01,2.049965e-01,2.068819e-01,2.081388e-01,2.094334e-01,2.113682e-01,2.126867e-01,2.140222e-01,2.160775e-01,2.174570e-01,2.188736e-01,2.203037e-01,2.217392e-01,2.239107e-01,2.247026e-01,2.269604e-01,2.285220e-01,2.293059e-01,2.308587e-01,2.332675e-01,2.341137e-01,2.357564e-01,2.374140e-01,2.391049e-01,2.408266e-01,2.417222e-01,2.434768e-01,2.452554e-01,2.461699e-01,2.480132e-01,2.489949e-01,2.508408e-01,2.527717e-01,2.537753e-01,2.557780e-01,2.567958e-01,2.587341e-01,2.597754e-01,2.618480e-01,2.628914e-01,2.639498e-01,2.660457e-01,2.671349e-01,2.682112e-01,2.703309e-01,2.714393e-01,2.725513e-01,2.736554e-01,2.759016e-01,2.770339e-01,2.781759e-01,2.793519e-01,2.805137e-01,2.816855e-01,2.829245e-01,2.840311e-01,2.848432e-01,2.859257e-01,2.869906e-01,2.881454e-01,2.891565e-01,2.903701e-01,2.912655e-01,2.926419e-01,2.935585e-01,2.946365e-01,2.955497e-01,2.966142e-01,2.976986e-01,2.987980e-01,2.997732e-01,3.009173e-01,3.020601e-01,3.028845e-01,3.041889e-01,3.049874e-01,3.060339e-01,3.070566e-01,3.079264e-01,3.088709e-01,3.099955e-01,3.110822e-01,3.119087e-01,3.128648e-01,3.137804e-01,3.146479e-01,3.152474e-01,3.161567e-01,3.169102e-01,3.180405e-01,3.189736e-01,3.198578e-01,3.210168e-01,3.218777e-01,3.224985e-01,3.232551e-01,3.239238e-01,3.246445e-01,3.255040e-01,3.263612e-01,3.269346e-01,3.277340e-01,3.284433e-01,3.293229e-01,3.300458e-01,3.306694e-01,3.309551e-01,3.318414e-01,3.322032e-01,3.328192e-01,3.333858e-01,3.341714e-01,3.347491e-01,3.353677e-01,3.357824e-01,3.363656e-01,3.367760e-01,3.375312e-01,3.377753e-01,3.384886e-01,3.391273e-01,3.397153e-01,3.404834e-01,3.409037e-01,3.414099e-01,3.420121e-01,3.422623e-01,3.428198e-01,3.430711e-01,3.436312e-01,3.436607e-01,3.442936e-01,3.446012e-01,3.452077e-01,3.454204e-01,3.458524e-01,3.461141e-01,3.465477e-01,3.466412e-01,3.471013e-01,3.473412e-01,3.478846e-01,3.482071e-01,3.487532e-01,3.489460e-01,3.495766e-01,3.495396e-01,3.501394e-01,3.502343e-01,3.504853e-01,3.506239e-01,3.509750e-01,3.508059e-01,3.511074e-01,3.509051e-01,3.512305e-01,3.510115e-01,3.510807e-01,3.510112e-01,3.512131e-01,3.509612e-01,3.509807e-01,3.508377e-01,3.510394e-01,3.508209e-01,3.510225e-01,3.508041e-01,3.508475e-01,3.508775e-01,3.516173e-01,3.513983e-01,3.514915e-01,3.513703e-01,3.512315e-01,3.510371e-01,3.509483e-01,3.508039e-01,3.507979e-01,3.506043e-01,3.504665e-01,3.500196e-01,3.500077e-01,3.498468e-01,3.495818e-01,3.493725e-01,3.492879e-01,3.486908e-01,3.487918e-01,3.483751e-01,3.481926e-01,3.480042e-01,3.479455e-01,3.474888e-01,3.473012e-01,3.467599e-01,3.465313e-01,3.462968e-01,3.457110e-01,3.453087e-01,3.449489e-01,3.442414e-01,3.440166e-01,3.435810e-01,3.432252e-01,3.427510e-01,3.423971e-01,3.418256e-01,3.415734e-01,3.409740e-01,3.404541e-01,3.399359e-01,3.396177e-01,3.391023e-01,3.388483e-01,3.383812e-01,3.381347e-01,3.373816e-01,3.370851e-01,3.363597e-01,3.359741e-01,3.355831e-01,3.350738e-01,3.345662e-01,3.342236e-01,3.335625e-01,3.334513e-01,3.329199e-01,3.324854e-01,3.320305e-01,3.318468e-01,3.313489e-01,3.311224e-01,3.303019e-01,3.299614e-01,3.298235e-01,3.290530e-01,3.285579e-01,3.281357e-01,3.274872e-01,3.268633e-01,3.263394e-01,3.259451e-01,3.251318e-01,3.244141e-01,3.238308e-01,3.230704e-01,3.221902e-01,3.216157e-01,3.209345e-01,3.200669e-01,3.190353e-01,3.181977e-01,3.177638e-01,3.168273e-01,3.158571e-01,3.148932e-01,3.140784e-01,3.134284e-01,3.123771e-01,3.116528e-01,3.110132e-01,3.104349e-01,3.096442e-01,3.089331e-01,3.083631e-01,3.078326e-01,3.072668e-01,3.066246e-01,3.061005e-01,3.059057e-01,3.058261e-01,3.051537e-01,3.048869e-01,3.045233e-01,3.041241e-01,3.040857e-01,3.038575e-01,3.035571e-01,3.032936e-01,3.030844e-01,3.028218e-01,3.024517e-01,3.022143e-01,3.018100e-01,3.015380e-01,3.012071e-01,3.010789e-01,3.009152e-01,3.007097e-01,3.008071e-01,3.007977e-01,3.007647e-01,3.006015e-01,3.006831e-01,3.007029e-01,3.008002e-01,3.010438e-01,3.011056e-01,3.012626e-01,3.015203e-01,3.016577e-01,3.019623e-01,3.020244e-01,3.022340e-01,3.022699e-01,3.022923e-01,3.022628e-01,3.021735e-01,3.020644e-01,3.018599e-01,3.017089e-01,3.017311e-01,3.016580e-01,3.018471e-01,3.015714e-01,3.014920e-01,3.012883e-01,3.011797e-01,3.012731e-01,3.011289e-01,3.010205e-01,3.010624e-01,3.009320e-01,3.008948e-01,3.008063e-01,3.006077e-01,3.001889e-01,3.000265e-01,2.996347e-01,2.994026e-01,2.984901e-01,2.980937e-01,2.975713e-01,2.969178e-01,2.963426e-01,2.957699e-01,2.949009e-01,2.940796e-01,2.931797e-01,2.921189e-01,2.910110e-01,2.896134e-01,2.878443e-01,2.867840e-01,2.856938e-01,2.845869e-01,2.823257e-01,2.800708e-01,2.789845e-01,2.768259e-01,2.735989e-01,2.714610e-01,2.694020e-01,2.663589e-01,2.633521e-01,2.604192e-01,2.575096e-01,2.546844e-01,2.501090e-01,2.474260e-01,2.414018e-01,2.372280e-01,2.325097e-01,2.287022e-01,2.235659e-01,2.194012e-01,2.140767e-01,2.091233e-01,2.019578e-01,1.963271e-01,1.910131e-01,1.849890e-01,1.797669e-01,1.735395e-01,1.680823e-01,1.596358e-01,1.536404e-01,1.477621e-01,1.423107e-01,1.359255e-01,1.307866e-01,1.229443e-01,1.175316e-01,1.125618e-01,1.078200e-01,1.030008e-01,9.724992e-02,9.295257e-02,8.925056e-02,8.573710e-02,8.231167e-02,7.831691e-02,7.548015e-02,7.300468e-02,7.077684e-02,6.887240e-02,6.614254e-02,6.456578e-02,6.311936e-02,6.164572e-02,6.016350e-02,5.876281e-02,5.785691e-02,5.698644e-02,5.614725e-02,5.534083e-02,5.456621e-02,5.417264e-02,5.344967e-02,5.308412e-02,5.240402e-02,5.207192e-02,5.173859e-02,5.142299e-02,5.111577e-02,5.081472e-02,5.052306e-02,5.052030e-02,5.022730e-02,5.022802e-02,4.994938e-02,4.994444e-02,4.994677e-02,4.995180e-02,4.967204e-02,4.967095e-02,4.966721e-02,4.966687e-02,4.993890e-02,4.993814e-02,4.993241e-02,4.991900e-02,5.019491e-02,5.018876e-02,5.047182e-02,5.046763e-02,5.075746e-02,5.105591e-02,5.105874e-02,5.137277e-02,5.168796e-02,5.200859e-02,5.234687e-02,5.236141e-02,5.270671e-02,5.305849e-02,5.341482e-02,5.377697e-02,5.414475e-02,5.451556e-02,5.490331e-02,5.528650e-02,5.567658e-02,5.607770e-02,5.648205e-02,5.688745e-02,5.731070e-02,5.773778e-02,5.817051e-02,5.861635e-02,5.950748e-02,5.952419e-02,6.045634e-02,6.094321e-02,6.096278e-02,6.179792e-02,6.231061e-02,6.293474e-02,6.336874e-02,6.412390e-02,6.457645e-02,6.497875e-02,6.572735e-02,6.626542e-02,6.693182e-02,6.742850e-02,6.823527e-02,6.868948e-02,6.947345e-02,7.001727e-02,7.049511e-02,7.131583e-02,7.188999e-02,7.268000e-02,7.319356e-02,7.401001e-02,7.454088e-02,7.531578e-02,7.594337e-02,7.665666e-02,7.722520e-02,7.805694e-02,7.864868e-02,7.942191e-02,8.002469e-02,8.083305e-02,8.138255e-02,8.222605e-02,8.288127e-02,8.336633e-02,8.425151e-02,8.515686e-02,8.577039e-02,8.660236e-02,8.723792e-02,8.809449e-02,8.863979e-02,8.953162e-02,9.008936e-02,9.089152e-02,9.146250e-02,9.240372e-02,9.299153e-02,9.382820e-02,9.442486e-02,9.530278e-02,9.578154e-02,9.663403e-02,9.726849e-02,9.804754e-02,9.897821e-02,9.946619e-02,1.002822e-01,1.008228e-01,1.017687e-01,1.021372e-01,1.029990e-01,1.038340e-01,1.044148e-01,1.051162e-01,1.056684e-01,1.065925e-01,1.069975e-01,1.079003e-01,1.086504e-01,1.092411e-01,1.100103e-01,1.104421e-01,1.112767e-01,1.122546e-01,1.126959e-01,1.135154e-01,1.139755e-01,1.146264e-01,1.154746e-01,1.159508e-01,1.168189e-01,1.173599e-01,1.180591e-01,1.187665e-01,1.192783e-01,1.200091e-01,1.210049e-01,1.213264e-01,1.223528e-01,1.226813e-01,1.237124e-01,1.245485e-01,1.249402e-01,1.257838e-01,1.266297e-01,1.272559e-01,1.279427e-01,1.288185e-01,1.294670e-01,1.301129e-01,1.310860e-01,1.315107e-01,1.322646e-01,1.332108e-01,1.337381e-01,1.344472e-01,1.355153e-01,1.359884e-01,1.368035e-01,1.375643e-01,1.381255e-01,1.389661e-01,1.397406e-01,1.402427e-01,1.410986e-01,1.418866e-01,1.424734e-01,1.429849e-01,1.438744e-01,1.446935e-01,1.452929e-01,1.458247e-01,1.467504e-01,1.472928e-01,1.479241e-01,1.487896e-01,1.494337e-01,1.499968e-01,1.506616e-01,1.515590e-01,1.522269e-01,1.527996e-01,1.534784e-01,1.544001e-01,1.547517e-01,1.557817e-01,1.563814e-01,1.570816e-01,1.574346e-01,1.581456e-01,1.587531e-01,1.594748e-01,1.602031e-01,1.604705e-01,1.612094e-01,1.619537e-01,1.623292e-01,1.629808e-01,1.633611e-01,1.641255e-01,1.645128e-01,1.652881e-01,1.660707e-01,1.668607e-01,1.671509e-01,1.679512e-01,1.683683e-01,1.691803e-01,1.695902e-01,1.700021e-01,1.707188e-01,1.711247e-01,1.715442e-01,1.723873e-01,1.728014e-01,1.732196e-01,1.735210e-01,1.743838e-01,1.747962e-01,1.752245e-01,1.755332e-01,1.759631e-01,1.763834e-01,1.766868e-01,1.771226e-01,1.775488e-01,1.779773e-01,1.784079e-01,1.788407e-01,1.791533e-01,1.791198e-01,1.795565e-01,1.799954e-01,1.804366e-01,1.808824e-01,1.813161e-01,1.817642e-01,1.817304e-01,1.821687e-01,1.826093e-01,1.830424e-01,1.829962e-01,1.834292e-01,1.838523e-01,1.837960e-01,1.842090e-01,1.846242e-01,1.845531e-01,1.851041e-01,1.850229e-01,1.854429e-01,1.853591e-01,1.859164e-01,1.858471e-01,1.862721e-01,1.863361e-01,1.867640e-01,1.867043e-01,1.872743e-01,1.872020e-01,1.872672e-01,1.877007e-01,1.882657e-01,1.883197e-01,1.887466e-01,1.888013e-01,1.887157e-01,1.892738e-01,1.891904e-01,1.897648e-01,1.898208e-01,1.897347e-01,1.903262e-01,1.902525e-01,1.903370e-01,1.904065e-01,1.903581e-01,1.904531e-01,1.905482e-01,1.905021e-01,1.906228e-01,1.905870e-01,1.912372e-01,1.912165e-01,1.913510e-01,1.914858e-01,1.914881e-01,1.916359e-01,1.916406e-01,1.918014e-01,1.918166e-01,1.919776e-01,1.919952e-01,1.921565e-01,1.921846e-01,1.923590e-01,1.923895e-01,1.924176e-01,1.925923e-01,1.920839e-01,1.921143e-01,1.921552e-01,1.923294e-01,1.923575e-01,1.923880e-01,1.924289e-01,1.924570e-01,1.923388e-01,1.918347e-01,1.918627e-01,1.917454e-01,1.916154e-01,1.909688e-01,1.909990e-01,1.908700e-01,1.905977e-01,1.899581e-01,1.898307e-01,1.895635e-01,1.889184e-01,1.886390e-01,1.885134e-01,1.877234e-01,1.874474e-01,1.866682e-01,1.863952e-01,1.854862e-01,1.852166e-01,1.843063e-01,1.840400e-01,1.832859e-01,1.829023e-01,1.821592e-01,1.813021e-01,1.810563e-01,1.802095e-01,1.794980e-01,1.791299e-01,1.784268e-01,1.776041e-01,1.773699e-01,1.765568e-01,1.763238e-01,1.756423e-01,1.748329e-01,1.741508e-01,1.734739e-01,1.728020e-01,1.725684e-01,1.718915e-01,1.712314e-01,1.704608e-01,1.698112e-01,1.696981e-01,1.690541e-01,1.685276e-01,1.674827e-01,1.669781e-01,1.663540e-01,1.662452e-01,1.657353e-01,1.652172e-01,1.647134e-01,1.640940e-01,1.635967e-01,1.630911e-01,1.624832e-01,1.618796e-01,1.610045e-01,1.605146e-01,1.595408e-01,1.589575e-01,1.584784e-01,1.580020e-01,1.570674e-01,1.565989e-01,1.561330e-01,1.556697e-01,1.548568e-01,1.543053e-01,1.535057e-01,1.530569e-01,1.526105e-01,1.521664e-01,1.513876e-01,1.509505e-01,1.501939e-01,1.498528e-01,1.490962e-01,1.487597e-01,1.481013e-01,1.478463e-01,1.471954e-01,1.468668e-01,1.462995e-01,1.460498e-01,1.450921e-01,1.449305e-01,1.442929e-01,1.437436e-01,1.434186e-01,1.429575e-01,1.426255e-01,1.419961e-01,1.411670e-01,1.408421e-01,1.403062e-01,1.396949e-01,1.390884e-01,1.388496e-01,1.378899e-01,1.372874e-01,1.369777e-01,1.363920e-01,1.357267e-01,1.351505e-01,1.347752e-01,1.336622e-01,1.332941e-01,1.327362e-01,1.321922e-01,1.315727e-01,1.305259e-01,1.302516e-01,1.296582e-01,1.291465e-01,1.286385e-01,1.281342e-01,1.273910e-01,1.269617e-01,1.264790e-01,1.260554e-01,1.255792e-01,1.247019e-01,1.245324e-01,1.238899e-01,1.234291e-01,1.229716e-01,1.225790e-01,1.217504e-01,1.213651e-01,1.210423e-01,1.206015e-01,1.202231e-01,1.192015e-01,1.188405e-01,1.184726e-01,1.181068e-01,1.173266e-01,1.169113e-01,1.164987e-01,1.158770e-01,1.155263e-01,1.147712e-01,1.143729e-01,1.137724e-01,1.134248e-01,1.125019e-01,1.123434e-01,1.117627e-01,1.111894e-01,1.108563e-01,1.099723e-01,1.095962e-01,1.090418e-01,1.087225e-01,1.078308e-01,1.074683e-01,1.069814e-01,1.066241e-01,1.057587e-01,1.054005e-01,1.048853e-01,1.045347e-01,1.036989e-01,1.031383e-01,1.026376e-01,1.023336e-01,1.015163e-01,1.011754e-01,1.006756e-01,1.003314e-01,9.952660e-02,7.263277e-03,7.263277e-03,7.263277e-03,7.263277e-03,7.263277e-03,7.263277e-03,7.263277e-03,7.263277e-03,7.263277e-03,7.263277e-03,7.263277e-03,7.263277e-03,7.263277e-03,7.263277e-03,7.263277e-03,7.263277e-03,7.263277e-03,7.263277e-03,7.263277e-03,7.263277e-03,7.263277e-03,7.263277e-03,7.263277e-03,7.263277e-03,7.263277e-03,7.263277e-03,7.263277e-03,7.263277e-03,7.263277e-03,7.263277e-03,7.263277e-03,7.263277e-03,7.263277e-03,7.263277e-03,7.263277e-03,7.263277e-03,7.263277e-03,7.263277e-03,7.263277e-03,7.263277e-03,7.263277e-03,7.263277e-03,7.263277e-03,7.263277e-03,7.263277e-03,7.263277e-03,7.263277e-03,7.263277e-03,7.263277e-03,7.263277e-03,7.263277e-03,7.263277e-03,7.263277e-03,7.263277e-03,7.263277e-03,7.263277e-03,7.263277e-03,7.263277e-03,7.263277e-03,7.263277e-03,7.263277e-03,7.263277e-03,7.263277e-03,7.263277e-03,7.263277e-03,7.263277e-03,7.263277e-03,7.263277e-03,7.263277e-03,7.263277e-03,7.263277e-03,7.263277e-03,7.263277e-03,7.263277e-03,7.263277e-03,7.263277e-03,7.263277e-03,7.263277e-03,7.263277e-03,7.263277e-03,7.263277e-03,7.263277e-03,7.263277e-03,7.263277e-03,7.263277e-03,7.263277e-03,7.263277e-03,7.263277e-03,7.263277e-03,7.263277e-03,7.263277e-03,7.263277e-03,7.263277e-03,7.263277e-03,7.263277e-03,7.263277e-03,7.263277e-03,7.263277e-03,7.263277e-03,7.263277e-03,7.263277e-03,7.263277e-03,7.263277e-03,7.263277e-03,7.263277e-03,7.263277e-03,7.263277e-03,7.263277e-03,7.263277e-03,7.263277e-03,7.263277e-03,7.263277e-03,7.263277e-03,7.263277e-03,7.263277e-03,7.263277e-03,7.263277e-03,7.263277e-03,7.263277e-03,7.263277e-03,7.263277e-03,7.263277e-03,7.263277e-03,7.263277e-03,7.263277e-03,7.263277e-03,7.263277e-03,7.263277e-03,7.263277e-03,7.263277e-03,7.263277e-03,7.263277e-03,7.263277e-03,7.263277e-03,7.263277e-03,7.263277e-03,7.263277e-03,7.263277e-03,7.263277e-03,7.263277e-03,7.263277e-03,7.263277e-03,7.263277e-03,7.263277e-03,7.263277e-03,7.263277e-03,7.263277e-03,7.263277e-03,7.263277e-03,7.263277e-03,7.263277e-03,7.263277e-03,7.263277e-03,7.263277e-03,7.263277e-03,7.263277e-03,7.263277e-03,7.263277e-03,7.263277e-03,7.263277e-03,7.263277e-03
3.585034e-02,3.583099e-02,3.580700e-02,3.578311e-02,3.575932e-02,3.576172e-02,3.578555e-02,3.578805e-02,3.581662e-02,3.584048e-02,3.586903e-02,3.589281e-02,3.594744e-02,3.600212e-02,3.605210e-02,3.610684e-02,3.616158e-02,3.621631e-02,3.627577e-02,3.635657e-02,3.641594e-02,3.647525e-02,3.656063e-02,3.662466e-02,3.671483e-02,3.680029e-02,3.689042e-02,3.698519e-02,3.707531e-02,3.719152e-02,3.731236e-02,3.742847e-02,3.757539e-02,3.771764e-02,3.786464e-02,3.801165e-02,3.815396e-02,3.830101e-02,3.847415e-02,3.861654e-02,3.876369e-02,3.891096e-02,3.905360e-02,3.917487e-02,3.931763e-02,3.943913e-02,3.956070e-02,3.965156e-02,3.977350e-02,3.986962e-02,3.996138e-02,4.005824e-02,4.012952e-02,4.020114e-02,4.027306e-02,4.034527e-02,4.042250e-02,4.049544e-02,4.054238e-02,4.062005e-02,4.069298e-02,4.076598e-02,4.084315e-02,4.091553e-02,4.099292e-02,4.106599e-02,4.114345e-02,4.122084e-02,4.129317e-02,4.137027e-02,4.144727e-02,4.151892e-02,4.156912e-02,4.164541e-02,4.169084e-02,4.176689e-02,4.184298e-02,4.192018e-02,4.199268e-02,4.209601e-02,4.219981e-02,4.232661e-02,4.245939e-02,4.259314e-02,4.275029e-02,4.294024e-02,4.310659e-02,4.327127e-02,4.347047e-02,4.366959e-02,4.385122e-02,4.403314e-02,4.425206e-02,4.444795e-02,4.465570e-02,4.486841e-02,4.509683e-02,4.533380e-02,4.555921e-02,4.583103e-02,4.611826e-02,4.642553e-02,4.675553e-02,4.708630e-02,4.747641e-02,4.789367e-02,4.834697e-02,4.884464e-02,4.938716e-02,4.999853e-02,5.063598e-02,5.135059e-02,5.209606e-02,5.294352e-02,5.386187e-02,5.482009e-02,5.586773e-02,5.694616e-02,5.807884e-02,5.925655e-02,6.047311e-02,6.169834e-02,6.294034e-02,6.416340e-02,6.534512e-02,6.647245e-02,6.755097e-02,6.855260e-02,6.949346e-02,7.027672e-02,7.102649e-02,7.164393e-02,7.221209e-02,7.263866e-02,7.301769e-02,7.330632e-02,7.355354e-02,7.368001e-02,7.382069e-02,7.387014e-02,7.394072e-02,7.396091e-02,7.395020e-02,7.398175e-02,7.402184e-02,7.406340e-02,7.411871e-02,7.423284e-02,7.430058e-02,7.442220e-02,7.451717e-02,7.460306e-02,7.466821e-02,7.475422e-02,7.479003e-02,7.475694e-02,7.464149e-02,7.451246e-02,7.436838e-02,7.417424e-02,7.401316e-02,7.381521e-02,7.360091e-02,7.333435e-02,7.303667e-02,7.269745e-02,7.233745e-02,7.193571e-02,7.152829e-02,7.110221e-02,7.064989e-02,7.020252e-02,6.976961e-02,6.938547e-02,6.900666e-02,6.862736e-02,6.830780e-02,6.801681e-02,6.776340e-02,6.753111e-02,6.732436e-02,6.713382e-02,6.696802e-02,6.682175e-02,6.672287e-02,6.660887e-02,6.651781e-02,6.644660e-02,6.639362e-02,6.632376e-02,6.630504e-02,6.627297e-02,6.628150e-02,6.626804e-02,6.627570e-02,6.629385e-02,6.629124e-02,6.631814e-02,6.634508e-02,6.637018e-02,6.638551e-02,6.639452e-02,6.639937e-02,6.639209e-02,6.636613e-02,6.636194e-02,6.631428e-02,6.625325e-02,6.618248e-02,6.607992e-02,6.599876e-02,6.589396e-02,6.581205e-02,6.570544e-02,6.560018e-02,6.550406e-02,6.541856e-02,6.531794e-02,6.525631e-02,6.521134e-02,6.518579e-02,6.516599e-02,6.516939e-02,6.518426e-02,6.521718e-02,6.525686e-02,6.530607e-02,6.536898e-02,6.543963e-02,6.551108e-02,6.557738e-02,6.564528e-02,6.570084e-02,6.570933e-02,6.573359e-02,6.573542e-02,6.571943e-02,6.567310e-02,6.561766e-02,6.554666e-02,6.549820e-02,6.543824e-02,6.537865e-02,6.531924e-02,6.526722e-02,6.522260e-02,6.519665e-02,6.518077e-02,6.517926e-02,6.520306e-02,6.523492e-02,6.528653e-02,6.531514e-02,6.535367e-02,6.538728e-02,6.542184e-02,6.544835e-02,6.547182e-02,6.548749e-02,6.547628e-02,6.548791e-02,6.550292e-02,6.549460e-02,6.552360e-02,6.556185e-02,6.560410e-02,6.565974e-02,6.572175e-02,6.579513e-02,6.589750e-02,6.598258e-02,6.609451e-02,6.618795e-02,6.630591e-02,6.643017e-02,6.655240e-02,6.668028e-02,6.680669e-02,6.696062e-02,6.709843e-02,6.723502e-02,6.738853e-02,6.754647e-02,6.775404e-02,6.796441e-02,6.821916e-02,6.852862e-02,6.892604e-02,6.942324e-02,7.004091e-02,7.085562e-02,7.185381e-02,7.311360e-02,7.462719e-02,7.643229e-02,7.850994e-02,8.089605e-02,8.357120e-02,8.652943e-02,8.968843e-02,9.310823e-02,9.671890e-02,1.004461e-01,1.043076e-01,1.082719e-01,1.122986e-01,1.163956e-01,1.205432e-01,1.247510e-01,1.290734e-01,1.334559e-01,1.378931e-01,1.424106e-01,1.470069e-01,1.517004e-01,1.564580e-01,1.613436e-01,1.662696e-01,1.712576e-01,1.762925e-01,1.815325e-01,1.866749e-01,1.918714e-01,1.970571e-01,2.022950e-01,2.075366e-01,2.127759e-01,2.179831e-01,2.231596e-01,2.282810e-01,2.333305e-01,2.383192e-01,2.432206e-01,2.480757e-01,2.527915e-01,2.573355e-01,2.617719e-01,2.660394e-01,2.701330e-01,2.741183e-01,2.779079e-01,2.814219e-01,2.847906e-01,2.879175e-01,2.909300e-01,2.937081e-01,2.963692e-01,2.987922e-01,3.010373e-01,3.031467e-01,3.051116e-01,3.070157e-01,3.089367e-01,3.109189e-01,3.128687e-01,3.148742e-01,3.168422e-01,3.188104e-01,3.208273e-01,3.227911e-01,3.247982e-01,3.266921e-01,3.286187e-01,3.305235e-01,3.323497e-01,3.341954e-01,3.360051e-01,3.377729e-01,3.394395e-01,3.411059e-01,3.427149e-01,3.442578e-01,3.457302e-01,3.471774e-01,3.484917e-01,3.497170e-01,3.508468e-01,3.518761e-01,3.527984e-01,3.535566e-01,3.542490e-01,3.547064e-01,3.552792e-01,3.558004e-01,3.563228e-01,3.568488e-01,3.573247e-01,3.578550e-01,3.583207e-01,3.588493e-01,3.593829e-01,3.598532e-01,3.603896e-01,3.608619e-01,3.613885e-01,3.618614e-01,3.623367e-01,3.628776e-01,3.633550e-01,3.637810e-01,3.642631e-01,3.646895e-01,3.651155e-01,3.655465e-01,3.659125e-01,3.663410e-01,3.667704e-01,3.672022e-01,3.676363e-01,3.680016e-01,3.684346e-01,3.688027e-01,3.692231e-01,3.697101e-01,3.701320e-01,3.705546e-01,3.709765e-01,3.713976e-01,3.718209e-01,3.722997e-01,3.727244e-01,3.731440e-01,3.736178e-01,3.739758e-01,3.744539e-01,3.748702e-01,3.752139e-01,3.756375e-01,3.760587e-01,3.764090e-01,3.767064e-01,3.770057e-01,3.773095e-01,3.775466e-01,3.777991e-01,3.781222e-01,3.783694e-01,3.785704e-01,3.788288e-01,3.791507e-01,3.794068e-01,3.796662e-01,3.799786e-01,3.802358e-01,3.805505e-01,3.808656e-01,3.811759e-01,3.814933e-01,3.818640e-01,3.821762e-01,3.825509e-01,3.829230e-01,3.832233e-01,3.835963e-01,3.839003e-01,3.842726e-01,3.846422e-01,3.849448e-01,3.853215e-01,3.856209e-01,3.859969e-01,3.863016e-01,3.866205e-01,3.869258e-01,3.871765e-01,3.874186e-01,3.877371e-01,3.879869e-01,3.881835e-01,3.884385e-01,3.887049e-01,3.888899e-01,3.890841e-01,3.892816e-01,3.894161e-01,3.896092e-01,3.898013e-01,3.899915e-01,3.901882e-01,3.903819e-01,3.906203e-01,3.907963e-01,3.910474e-01,3.913449e-01,3.916486e-01,3.918821e-01,3.921911e-01,3.925499e-01,3.928481e-01,3.931379e-01,3.934463e-01,3.937441e-01,3.940311e-01,3.942675e-01,3.945757e-01,3.948091e-01,3.951091e-01,3.953417e-01,3.956519e-01,3.958794e-01,3.960577e-01,3.962332e-01,3.964035e-01,3.965771e-01,3.967561e-01,3.969381e-01,3.971136e-01,3.972793e-01,3.974487e-01,3.976277e-01,3.978068e-01,3.979777e-01,3.981902e-01,3.984123e-01,3.986445e-01,3.988738e-01,3.990913e-01,3.992857e-01,3.994937e-01,3.997743e-01,3.999987e-01,4.001955e-01,4.004182e-01,4.006084e-01,4.008132e-01,4.010115e-01,4.012035e-01,4.013986e-01,4.015741e-01,4.016448e-01,4.017900e-01,4.019183e-01,4.020802e-01,4.021919e-01,4.023142e-01,4.024002e-01,4.024314e-01,4.024869e-01,4.025257e-01,4.026403e-01,4.026764e-01,4.026242e-01,4.026632e-01,4.026853e-01,4.027333e-01,4.027528e-01,4.027675e-01,4.028155e-01,4.028775e-01,4.028488e-01,4.025696e-01,4.025248e-01,4.025041e-01,4.024596e-01,4.023961e-01,4.023519e-01,4.023574e-01,4.023605e-01,4.024155e-01,4.025498e-01,4.025860e-01,4.025754e-01,4.027502e-01,4.029536e-01,4.031870e-01,4.033576e-01,4.035347e-01,4.037219e-01,4.039398e-01,4.040797e-01,4.042414e-01,4.043956e-01,4.044794e-01,4.045848e-01,4.046122e-01,4.047102e-01,4.048247e-01,4.049094e-01,4.050240e-01,4.052282e-01,4.053785e-01,4.055829e-01,4.057708e-01,4.060510e-01,4.063123e-01,4.065904e-01,4.068635e-01,4.071587e-01,4.075108e-01,4.077922e-01,4.081371e-01,4.084500e-01,4.088122e-01,4.090946e-01,4.093837e-01,4.097376e-01,4.100441e-01,4.102965e-01,4.106111e-01,4.109183e-01,4.111687e-01,4.114193e-01,4.116897e-01,4.119237e-01,4.121748e-01,4.124261e-01,4.126947e-01,4.128985e-01,4.131703e-01,4.134968e-01,4.137584e-01,4.140855e-01,4.143476e-01,4.146579e-01,4.149607e-01,4.153463e-01,4.156496e-01,4.159560e-01,4.162597e-01,4.165983e-01,4.169199e-01,4.172418e-01,4.175063e-01,4.178287e-01,4.180935e-01,4.183412e-01,4.185890e-01,4.188321e-01,4.190399e-01,4.193152e-01,4.195058e-01,4.196534e-01,4.198011e-01,4.199568e-01,4.201398e-01,4.203228e-01,4.205060e-01,4.206717e-01,4.208550e-01,4.210209e-01,4.211868e-01,4.213447e-01,4.215690e-01,4.217175e-01,4.219162e-01,4.221053e-01,4.223042e-01,4.225209e-01,4.227280e-01,4.229822e-01,4.232398e-01,4.234798e-01,4.237953e-01,4.240347e-01,4.243498e-01,4.246284e-01,4.249251e-01,4.252618e-01,4.255401e-01,4.258755e-01,4.261670e-01,4.264612e-01,4.267955e-01,4.270712e-01,4.273862e-01,4.276605e-01,4.279170e-01,4.281899e-01,4.284630e-01,4.286543e-01,4.288498e-01,4.290437e-01,4.291779e-01,4.293711e-01,4.295046e-01,4.295750e-01,4.296707e-01,4.297845e-01,4.299148e-01,4.299861e-01,4.301156e-01,4.302048e-01,4.302965e-01,4.303882e-01,4.304783e-01,4.305865e-01,4.306758e-01,4.307790e-01,4.308667e-01,4.309539e-01,4.310222e-01,4.310898e-01,4.311714e-01,4.312737e-01,4.313573e-01,4.314221e-01,4.314681e-01,4.315133e-01,4.315365e-01,4.316164e-01,4.316956e-01,4.317745e-01,4.318172e-01,4.318600e-01,4.319357e-01,4.320146e-01,4.320755e-01,4.321184e-01,4.321433e-01,4.322011e-01,4.322801e-01,4.323411e-01,4.323661e-01,4.323501e-01,4.324472e-01,4.325771e-01,4.326743e-01,4.326994e-01,4.327246e-01,4.328270e-01,4.328703e-01,4.329516e-01,4.330002e-01,4.330489e-01,4.331335e-01,4.332361e-01,4.332670e-01,4.332053e-01,4.331290e-01,4.331066e-01,4.330843e-01,4.329909e-01,4.326784e-01,4.323726e-01,4.320621e-01,4.317880e-01,4.315297e-01,4.312571e-01,4.308389e-01,4.303058e-01,4.295249e-01,4.287656e-01,4.282342e-01,4.277738e-01,4.271778e-01,4.263436e-01,4.254824e-01,4.248960e-01,4.244972e-01,4.241499e-01,4.237366e-01,4.232411e-01,4.227974e-01,4.224113e-01,4.219706e-01,4.217538e-01,4.217024e-01,4.216511e-01,4.216574e-01,4.216639e-01,4.216704e-01,4.217345e-01,4.217987e-01,4.220272e-01,4.220915e-01,4.223189e-01,4.226050e-01,4.228338e-01,4.228982e-01,4.231271e-01,4.232985e-01,4.234699e-01,4.234769e-01,4.234265e-01,4.235404e-01,4.236544e-01,4.237108e-01,4.238248e-01,4.239388e-01,4.238309e-01,4.239449e-01,4.240590e-01,4.241719e-01,4.241218e-01,4.242359e-01,4.241859e-01,4.242999e-01,4.244716e-01,4.245282e-01,4.244783e-01,4.245924e-01,4.246490e-01,4.247631e-01,4.246558e-01,4.247124e-01,4.247689e-01,4.248255e-01,4.248245e-01,4.248811e-01,4.249377e-01,4.251582e-01,4.252148e-01,4.252715e-01,4.253281e-01,4.253847e-01,4.254413e-01,4.254209e-01,4.256416e-01,4.256982e-01,4.257549e-01,4.258116e-01,4.259552e-01,4.259542e-01,4.261751e-01,4.262318e-01,4.262112e-01,4.262102e-01,4.264891e-01,4.266330e-01,4.266886e-01,4.268904e-01,4.270050e-01,4.271196e-01,4.272147e-01,4.273872e-01,4.276471e-01,4.278198e-01,4.279150e-01,4.281456e-01,4.284059e-01,4.285591e-01,4.289553e-01,4.290505e-01,4.292816e-01,4.295413e-01,4.297144e-01,4.299754e-01,4.300708e-01,4.302441e-01,4.302813e-01,4.303966e-01,4.305996e-01,4.305788e-01,4.308017e-01,4.307808e-01,4.309258e-01,4.309248e-01,4.309039e-01,4.310489e-01,4.311061e-01,4.310852e-01,4.312292e-01,4.313446e-01,4.315480e-01,4.315854e-01,4.317008e-01,4.317382e-01,4.318537e-01,4.318912e-01,4.319869e-01,4.322685e-01,4.323060e-01,4.324018e-01,4.326836e-01,4.327211e-01,4.328368e-01,4.328744e-01,4.329119e-01,4.330277e-01,4.330059e-01,4.331216e-01,4.331009e-01,4.330507e-01,4.330301e-01,4.329218e-01,4.329013e-01,4.327932e-01,4.327145e-01,4.327719e-01,4.325864e-01,4.326437e-01,4.325361e-01,4.323512e-01,4.322431e-01,4.321360e-01,4.321162e-01,4.320093e-01,4.319027e-01,4.318830e-01,4.317765e-01,4.316702e-01,4.315641e-01,4.313814e-01,4.312756e-01,4.311700e-01,4.310646e-01,4.307968e-01,4.306918e-01,4.304249e-01,4.303204e-01,4.302921e-01,4.298745e-01,4.298465e-01,4.296574e-01,4.294687e-01,4.291199e-01,4.288568e-01,4.285097e-01,4.282480e-01,4.279869e-01,4.278011e-01,4.273826e-01,4.271234e-01,4.267071e-01,4.263661e-01,4.259522e-01,4.255396e-01,4.251284e-01,4.247185e-01,4.243100e-01,4.236755e-01,4.231885e-01,4.225591e-01,4.221571e-01,4.217564e-01,4.212764e-01,4.207981e-01,4.200289e-01,4.193343e-01,4.186431e-01,4.181740e-01,4.176368e-01,4.171800e-01,4.164435e-01,4.155512e-01,4.146645e-01,4.139192e-01,4.131187e-01,4.125334e-01,4.119506e-01,4.116350e-01,4.111116e-01,4.105906e-01,4.099973e-01,4.092010e-01,4.082704e-01,4.072813e-01,4.063640e-01,4.055977e-01,4.051718e-01,4.044128e-01,4.039198e-01,4.031773e-01,4.025723e-01,4.018370e-01,4.013003e-01,4.005720e-01,4.000404e-01,3.993111e-01,3.989067e-01,3.986183e-01,3.982088e-01,3.974435e-01,3.964861e-01,3.957754e-01,3.950153e-01,3.940736e-01,3.932557e-01,3.921404e-01,3.910349e-01,3.897049e-01,3.880899e-01,3.862490e-01,3.846149e-01,3.824676e-01,3.800048e-01,3.778604e-01,3.752933e-01,3.727049e-01,3.696751e-01,3.674350e-01,3.639444e-01,3.603402e-01,3.563928e-01,3.530777e-01,3.484515e-01,3.439371e-01,3.395227e-01,3.345800e-01,3.310661e-01,3.261553e-01,3.215423e-01,3.170176e-01,3.120379e-01,3.071964e-01,3.039592e-01,3.000868e-01,2.951465e-01,2.909875e-01,2.869291e-01,2.836004e-01,2.798081e-01,2.760909e-01,2.725811e-01,2.696530e-01,2.671791e-01,2.643398e-01,2.615805e-01,2.593344e-01,2.567174e-01,2.545638e-01,2.524595e-01,2.504580e-01,2.488726e-01,2.473528e-01,2.458142e-01,2.443162e-01,2.428820e-01,2.417987e-01,2.407626e-01,2.397136e-01,2.386598e-01,2.376723e-01,2.370190e-01,2.360592e-01,2.351088e-01,2.344809e-01,2.338594e-01,2.335674e-01,2.330054e-01,2.324135e-01,2.321438e-01,2.316103e-01,2.313413e-01,2.311016e-01,2.308395e-01,2.305889e-01,2.303533e-01,2.301093e-01,2.298630e-01,2.295962e-01,2.296167e-01,2.293552e-01,2.294026e-01,2.294501e-01,2.295013e-01,2.292642e-01,2.292984e-01,2.293630e-01,2.294105e-01,2.297692e-01,2.298205e-01,2.299167e-01,2.299898e-01,2.303716e-01,2.304448e-01,2.308412e-01,2.312254e-01,2.316418e-01,2.317737e-01,2.321506e-01,2.328310e-01,2.332745e-01,2.336800e-01,2.343740e-01,2.350688e-01,2.357866e-01,2.367966e-01,2.375270e-01,2.382372e-01,2.392628e-01,2.399563e-01,2.410156e-01,2.420461e-01,2.427644e-01,2.441466e-01,2.448969e-01,2.459715e-01,2.470263e-01,2.478113e-01,2.492765e-01,2.500344e-01,2.511356e-01,2.522714e-01,2.534333e-01,2.542412e-01,2.554090e-01,2.565958e-01,2.574476e-01,2.590632e-01,2.599174e-01,2.611731e-01,2.624688e-01,2.637618e-01,2.646893e-01,2.659907e-01,2.673838e-01,2.687402e-01,2.696976e-01,2.710399e-01,2.724662e-01,2.733970e-01,2.748718e-01,2.758897e-01,2.773877e-01,2.783801e-01,2.794101e-01,2.808909e-01,2.819227e-01,2.829643e-01,2.845615e-01,2.856289e-01,2.867310e-01,2.878384e-01,2.889380e-01,2.905758e-01,2.912149e-01,2.929184e-01,2.941153e-01,2.947219e-01,2.958850e-01,2.976878e-01,2.983250e-01,2.995529e-01,3.007576e-01,3.020119e-01,3.032856e-01,3.039691e-01,3.052580e-01,3.065808e-01,3.072904e-01,3.086640e-01,3.094634e-01,3.108375e-01,3.122927e-01,3.131197e-01,3.146301e-01,3.154322e-01,3.168366e-01,3.176509e-01,3.191800e-01,3.199571e-01,3.207444e-01,3.222310e-01,3.230136e-01,3.237736e-01,3.252163e-01,3.259719e-01,3.267491e-01,3.274857e-01,3.289885e-01,3.297383e-01,3.304924e-01,3.312804e-01,3.320437e-01,3.328115e-01,3.336498e-01,3.343866e-01,3.349006e-01,3.356021e-01,3.362766e-01,3.369903e-01,3.376765e-01,3.384407e-01,3.390485e-01,3.399471e-01,3.405670e-01,3.413027e-01,3.419368e-01,3.426465e-01,3.434009e-01,3.441646e-01,3.448489e-01,3.456529e-01,3.464745e-01,3.470447e-01,3.479443e-01,3.484794e-01,3.492162e-01,3.499216e-01,3.504961e-01,3.511485e-01,3.518604e-01,3.525636e-01,3.530532e-01,3.536742e-01,3.542509e-01,3.547453e-01,3.551118e-01,3.556462e-01,3.561046e-01,3.568240e-01,3.573707e-01,3.579576e-01,3.586920e-01,3.592464e-01,3.596191e-01,3.601282e-01,3.605467e-01,3.610152e-01,3.615837e-01,3.621490e-01,3.625285e-01,3.630966e-01,3.635727e-01,3.641500e-01,3.646341e-01,3.651135e-01,3.653583e-01,3.659364e-01,3.661880e-01,3.666265e-01,3.670158e-01,3.675532e-01,3.679494e-01,3.683874e-01,3.686879e-01,3.690865e-01,3.693831e-01,3.698815e-01,3.700810e-01,3.705348e-01,3.709839e-01,3.713826e-01,3.718865e-01,3.721875e-01,3.724998e-01,3.729065e-01,3.731089e-01,3.734698e-01,3.736727e-01,3.740345e-01,3.740898e-01,3.745504e-01,3.748065e-01,3.752133e-01,3.753748e-01,3.756810e-01,3.758906e-01,3.761976e-01,3.762129e-01,3.765176e-01,3.766769e-01,3.769886e-01,3.771545e-01,3.774670e-01,3.775788e-01,3.778983e-01,3.778588e-01,3.782212e-01,3.782362e-01,3.783572e-01,3.784164e-01,3.786346e-01,3.784958e-01,3.786654e-01,3.785691e-01,3.787899e-01,3.786027e-01,3.786204e-01,3.785790e-01,3.786514e-01,3.785071e-01,3.784765e-01,3.783358e-01,3.784082e-01,3.782222e-01,3.782946e-01,3.781089e-01,3.781299e-01,3.781855e-01,3.788825e-01,3.786964e-01,3.787656e-01,3.787305e-01,3.786489e-01,3.785149e-01,3.784819e-01,3.783965e-01,3.783698e-01,3.782368e-01,3.781565e-01,3.778235e-01,3.777930e-01,3.776625e-01,3.774325e-01,3.772551e-01,3.771268e-01,3.766932e-01,3.766708e-01,3.763390e-01,3.761599e-01,3.759764e-01,3.758460e-01,3.754741e-01,3.752916e-01,3.749106e-01,3.746869e-01,3.744589e-01,3.740340e-01,3.737134e-01,3.734351e-01,3.729615e-01,3.727412e-01,3.724591e-01,3.721833e-01,3.718616e-01,3.715871e-01,3.711711e-01,3.709935e-01,3.706189e-01,3.702510e-01,3.698841e-01,3.696133e-01,3.692481e-01,3.690683e-01,3.687492e-01,3.685750e-01,3.681125e-01,3.678900e-01,3.674797e-01,3.672634e-01,3.670426e-01,3.667728e-01,3.665037e-01,3.663284e-01,3.659727e-01,3.659843e-01,3.657554e-01,3.655265e-01,3.653041e-01,3.652548e-01,3.650264e-01,3.649340e-01,3.645175e-01,3.643769e-01,3.643711e-01,3.639994e-01,3.637682e-01,3.635428e-01,3.632215e-01,3.629503e-01,3.626836e-01,3.625095e-01,3.621078e-01,3.617620e-01,3.614579e-01,3.611020e-01,3.606218e-01,3.603209e-01,3.599739e-01,3.594984e-01,3.588882e-01,3.584093e-01,3.581526e-01,3.576303e-01,3.570693e-01,3.565107e-01,3.560403e-01,3.556489e-01,3.550510e-01,3.546656e-01,3.542780e-01,3.539793e-01,3.535177e-01,3.531368e-01,3.528408e-01,3.525849e-01,3.522902e-01,3.520001e-01,3.517459e-01,3.517455e-01,3.517802e-01,3.514526e-01,3.513744e-01,3.512524e-01,3.510918e-01,3.512222e-01,3.511832e-01,3.510666e-01,3.509890e-01,3.509109e-01,3.508335e-01,3.506403e-01,3.505295e-01,3.502984e-01,3.501497e-01,3.499963e-01,3.500016e-01,3.499685e-01,3.498915e-01,3.500216e-01,3.500366e-01,3.500851e-01,3.500521e-01,3.501917e-01,3.502395e-01,3.503697e-01,3.505722e-01,3.506641e-01,3.507993e-01,3.510447e-01,3.511322e-01,3.513405e-01,3.514327e-01,3.515978e-01,3.516365e-01,3.516327e-01,3.515996e-01,3.515615e-01,3.514755e-01,3.513460e-01,3.512159e-01,3.512120e-01,3.511647e-01,3.512816e-01,3.510749e-01,3.510220e-01,3.508927e-01,3.508068e-01,3.508799e-01,3.507555e-01,3.506696e-01,3.507136e-01,3.506317e-01,3.506229e-01,3.505850e-01,3.505133e-01,3.502353e-01,3.502022e-01,3.500391e-01,3.499297e-01,3.494578e-01,3.493113e-01,3.490844e-01,3.487721e-01,3.485420e-01,3.483125e-01,3.478966e-01,3.475043e-01,3.470772e-01,3.464666e-01,3.458548e-01,3.450011e-01,3.439696e-01,3.433607e-01,3.427133e-01,3.420394e-01,3.405687e-01,3.390797e-01,3.383736e-01,3.369324e-01,3.347521e-01,3.332772e-01,3.318449e-01,3.297344e-01,3.276195e-01,3.255440e-01,3.234256e-01,3.213650e-01,3.180457e-01,3.160449e-01,3.115884e-01,3.084129e-01,3.048797e-01,3.019550e-01,2.980002e-01,2.947510e-01,2.906064e-01,2.867672e-01,2.810650e-01,2.764824e-01,2.721289e-01,2.671125e-01,2.626605e-01,2.573389e-01,2.525526e-01,2.451137e-01,2.397142e-01,2.343098e-01,2.292222e-01,2.232144e-01,2.182635e-01,2.107160e-01,2.053531e-01,2.003513e-01,1.954959e-01,1.905280e-01,1.845740e-01,1.800233e-01,1.760340e-01,1.722113e-01,1.684695e-01,1.641254e-01,1.609409e-01,1.581391e-01,1.556049e-01,1.533827e-01,1.502793e-01,1.484064e-01,1.466695e-01,1.448905e-01,1.431210e-01,1.414337e-01,1.402887e-01,1.392039e-01,1.381518e-01,1.371316e-01,1.361688e-01,1.356529e-01,1.347654e-01,1.343024e-01,1.334808e-01,1.330984e-01,1.326927e-01,1.323271e-01,1.319939e-01,1.316679e-01,1.313504e-01,1.313657e-01,1.310461e-01,1.310630e-01,1.307827e-01,1.307937e-01,1.308138e-01,1.308600e-01,1.305574e-01,1.305760e-01,1.305686e-01,1.305887e-01,1.309021e-01,1.309006e-01,1.308946e-01,1.308579e-01,1.311746e-01,1.311469e-01,1.314732e-01,1.314702e-01,1.317999e-01,1.321627e-01,1.321891e-01,1.325881e-01,1.329897e-01,1.333970e-01,1.338442e-01,1.339248e-01,1.344014e-01,1.348644e-01,1.353518e-01,1.358241e-01,1.363225e-01,1.368053e-01,1.373256e-01,1.378203e-01,1.383222e-01,1.388339e-01,1.393505e-01,1.398465e-01,1.403809e-01,1.409208e-01,1.414644e-01,1.420208e-01,1.430668e-01,1.431520e-01,1.442399e-01,1.448403e-01,1.449310e-01,1.459089e-01,1.465301e-01,1.472757e-01,1.478169e-01,1.487010e-01,1.492553e-01,1.497580e-01,1.506344e-01,1.513010e-01,1.520830e-01,1.526840e-01,1.535937e-01,1.541462e-01,1.550457e-01,1.556959e-01,1.562519e-01,1.571658e-01,1.578389e-01,1.587199e-01,1.593054e-01,1.602063e-01,1.607833e-01,1.616389e-01,1.623166e-01,1.630773e-01,1.636893e-01,1.645707e-01,1.652040e-01,1.660216e-01,1.666374e-01,1.674911e-01,1.680777e-01,1.689808e-01,1.696653e-01,1.702019e-01,1.711444e-01,1.721050e-01,1.727662e-01,1.736422e-01,1.743228e-01,1.752198e-01,1.758049e-01,1.767377e-01,1.773282e-01,1.781610e-01,1.787408e-01,1.796889e-01,1.802800e-01,1.811106e-01,1.817001e-01,1.825767e-01,1.830235e-01,1.838306e-01,1.844501e-01,1.852085e-01,1.861116e-01,1.865569e-01,1.873442e-01,1.878641e-01,1.887440e-01,1.890676e-01,1.898896e-01,1.906546e-01,1.912042e-01,1.918374e-01,1.923272e-01,1.931953e-01,1.935427e-01,1.943553e-01,1.950217e-01,1.955370e-01,1.962160e-01,1.965800e-01,1.973467e-01,1.982102e-01,1.985525e-01,1.992645e-01,1.996457e-01,2.001991e-01,2.009292e-01,2.013197e-01,2.020622e-01,2.025422e-01,2.031531e-01,2.037689e-01,2.042103e-01,2.048681e-01,2.057693e-01,2.060343e-01,2.069833e-01,2.072518e-01,2.081484e-01,2.088967e-01,2.092289e-01,2.099542e-01,2.106531e-01,2.111592e-01,2.117322e-01,2.124505e-01,2.129707e-01,2.134608e-01,2.142966e-01,2.146204e-01,2.152918e-01,2.160831e-01,2.165879e-01,2.171743e-01,2.181582e-01,2.185686e-01,2.193096e-01,2.199856e-01,2.205111e-01,2.212719e-01,2.219280e-01,2.223557e-01,2.230955e-01,2.237307e-01,2.242472e-01,2.246512e-01,2.254126e-01,2.260664e-01,2.265597e-01,2.269752e-01,2.277621e-01,2.281836e-01,2.287259e-01,2.294067e-01,2.299570e-01,2.303927e-01,2.309851e-01,2.316842e-01,2.322493e-01,2.326574e-01,2.332290e-01,2.339145e-01,2.342238e-01,2.350428e-01,2.354654e-01,2.360202e-01,2.363008e-01,2.368649e-01,2.372610e-01,2.378286e-01,2.384002e-01,2.385549e-01,2.391353e-01,2.397162e-01,2.400100e-01,2.404596e-01,2.407561e-01,2.413486e-01,2.416520e-01,2.422509e-01,2.428542e-01,2.434619e-01,2.436264e-01,2.442397e-01,2.445908e-01,2.452110e-01,2.455247e-01,2.458395e-01,2.463253e-01,2.466058e-01,2.469248e-01,2.475624e-01,2.478475e-01,2.481377e-01,2.482741e-01,2.489224e-01,2.491752e-01,2.494707e-01,2.496098e-01,2.499031e-01,2.501599e-01,2.502669e-01,2.505631e-01,2.508228e-01,2.510836e-01,2.513455e-01,2.516086e-01,2.517187e-01,2.516091e-01,2.518738e-01,2.521397e-01,2.524068e-01,2.526791e-01,2.529104e-01,2.531810e-01,2.530708e-01,2.533043e-01,2.535390e-01,2.537406e-01,2.535919e-01,2.537904e-01,2.539518e-01,2.537686e-01,2.538925e-01,2.540173e-01,2.537914e-01,2.540828e-01,2.538222e-01,2.539491e-01,2.536843e-01,2.539789e-01,2.537562e-01,2.538852e-01,2.538259e-01,2.539562e-01,2.537676e-01,2.540716e-01,2.538441e-01,2.537857e-01,2.539186e-01,2.541883e-01,2.540922e-01,2.541893e-01,2.540937e-01,2.538265e-01,2.540581e-01,2.537944e-01,2.540667e-01,2.539720e-01,2.537041e-01,2.540178e-01,2.537884e-01,2.537757e-01,2.537205e-01,2.535687e-01,2.535914e-01,2.536142e-01,2.534660e-01,2.535668e-01,2.534537e-01,2.539286e-01,2.538580e-01,2.539990e-01,2.541402e-01,2.541439e-01,2.543246e-01,2.543320e-01,2.545520e-01,2.545948e-01,2.548153e-01,2.548618e-01,2.550827e-01,2.551647e-01,2.554253e-01,2.555111e-01,2.555932e-01,2.558542e-01,2.555561e-01,2.556419e-01,2.557632e-01,2.560241e-01,2.561063e-01,2.561922e-01,2.563137e-01,2.563959e-01,2.562991e-01,2.560054e-01,2.560875e-01,2.559916e-01,2.558567e-01,2.553850e-01,2.554707e-01,2.553370e-01,2.550278e-01,2.545617e-01,2.544299e-01,2.541280e-01,2.536288e-01,2.532874e-01,2.531580e-01,2.524550e-01,2.521180e-01,2.514265e-01,2.510933e-01,2.502393e-01,2.499104e-01,2.490288e-01,2.487042e-01,2.480343e-01,2.475897e-01,2.469317e-01,2.461541e-01,2.458780e-01,2.451103e-01,2.445056e-01,2.440801e-01,2.434832e-01,2.427377e-01,2.424771e-01,2.417410e-01,2.414806e-01,2.409030e-01,2.401438e-01,2.395381e-01,2.389367e-01,2.383395e-01,2.380562e-01,2.374278e-01,2.368409e-01,2.361166e-01,2.355387e-01,2.354015e-01,2.348284e-01,2.343976e-01,2.335395e-01,2.331550e-01,2.325974e-01,2.324650e-01,2.320463e-01,2.315931e-01,2.311787e-01,2.305975e-01,2.301879e-01,2.297439e-01,2.291719e-01,2.286036e-01,2.278944e-01,2.274641e-01,2.266016e-01,2.260493e-01,2.256249e-01,2.252026e-01,2.243973e-01,2.239807e-01,2.235661e-01,2.231533e-01,2.224868e-01,2.219598e-01,2.213026e-01,2.209003e-01,2.204998e-01,2.201011e-01,2.194580e-01,2.190662e-01,2.184664e-01,2.181908e-01,2.175622e-01,2.172892e-01,2.167790e-01,2.165845e-01,2.160783e-01,2.158096e-01,2.153825e-01,2.151903e-01,2.144251e-01,2.143429e-01,2.138139e-01,2.133952e-01,2.130988e-01,2.127897e-01,2.124599e-01,2.119041e-01,2.112699e-01,2.109444e-01,2.105025e-01,2.099590e-01,2.094185e-01,2.092003e-01,2.083444e-01,2.077778e-01,2.074617e-01,2.069340e-01,2.062741e-01,2.057527e-01,2.053441e-01,2.043794e-01,2.039762e-01,2.034668e-01,2.029942e-01,2.023943e-01,2.015300e-01,2.012651e-01,2.007108e-01,2.002870e-01,1.998655e-01,1.994463e-01,1.988371e-01,1.985129e-01,1.981349e-01,1.978137e-01,1.974395e-01,1.967835e-01,1.966855e-01,1.961866e-01,1.958214e-01,1.954583e-01,1.951821e-01,1.945817e-01,1.943093e-01,1.941215e-01,1.937679e-01,1.934990e-01,1.927076e-01,1.924764e-01,1.922129e-01,1.919505e-01,1.913483e-01,1.910100e-01,1.906734e-01,1.901386e-01,1.898846e-01,1.892681e-01,1.889406e-01,1.884193e-01,1.881391e-01,1.873791e-01,1.872292e-01,1.867206e-01,1.862153e-01,1.859435e-01,1.852078e-01,1.848675e-01,1.843764e-01,1.841113e-01,1.833581e-01,1.830271e-01,1.826192e-01,1.822918e-01,1.815282e-01,1.811737e-01,1.807096e-01,1.803589e-01,1.796179e-01,1.790346e-01,1.785532e-01,1.782452e-01,1.774636e-01,1.770956e-01,1.765627e-01,1.761664e-01,1.753424e-01,1.915343e-02,1.915343e-02,1.915343e-02,1.915343e-02,1.915343e-02,1.915343e-02,1.915343e-02,1.915343e-02,1.915343e-02,1.915343e-02,1.915343e-02,1.915343e-02,1.915343e-02,1.915343e-02,1.915343e-02,1.915343e-02,1.915343e-02,1.915343e-02,1.915343e-02,1.915343e-02,1.915343e-02,1.915343e-02,1.915343e-02,1.915343e-02,1.915343e-02,1.915343e-02,1.915343e-02,1.915343e-02,1.915343e-02,1.915343e-02,1.915343e-02,1.915343e-02,1.915343e-02,1.915343e-02,1.915343e-02,1.915343e-02,1.915343e-02,1.915343e-02,1.915343e-02,1.915343e-02,1.915343e-02,1.915343e-02,1.915343e-02,1.915343e-02,1.915343e-02,1.915343e-02,1.915343e-02,1.915343e-02,1.915343e-02,1.915343e-02,1.915343e-02,1.915343e-02,1.915343e-02,1.915343e-02,1.915343e-02,1.915343e-02,1.915343e-02,1.915343e-02,1.915343e-02,1.915343e-02,1.915343e-02,1.915343e-02,1.915343e-02,1.915343e-02,1.915343e-02,1.915343e-02,1.915343e-02,1.915343e-02,1.915343e-02,1.915343e-02,1.915343e-02,1.915343e-02,1.915343e-02,1.915343e-02,1.915343e-02,1.915343e-02,1.915343e-02,1.915343e-02,1.915343e-02,1.915343e-02,1.915343e-02,1.915343e-02,1.915343e-02,1.915343e-02,1.915343e-02,1.915343e-02,1.915343e-02,1.915343e-02,1.915343e-02,1.915343e-02,1.915343e-02,1.915343e-02,1.915343e-02,1.915343e-02,1.915343e-02,1.915343e-02,1.915343e-02,1.915343e-02,1.915343e-02,1.915343e-02,1.915343e-02,1.915343e-02,1.915343e-02,1.915343e-02,1.915343e-02,1.915343e-02,1.915343e-02,1.915343e-02,1.915343e-02,1.915343e-02,1.915343e-02,1.915343e-02,1.915343e-02,1.915343e-02,1.915343e-02,1.915343e-02,1.915343e-02,1.915343e-02,1.915343e-02,1.915343e-02,1.915343e-02,1.915343e-02,1.915343e-02,1.915343e-02,1.915343e-02,1.915343e-02,1.915343e-02,1.915343e-02,1.915343e-02,1.915343e-02,1.915343e-02,1.915343e-02,1.915343e-02,1.915343e-02,1.915343e-02,1.915343e-02,1.915343e-02,1.915343e-02,1.915343e-02,1.915343e-02,1.915343e-02,1.915343e-02,1.915343e-02,1.915343e-02,1.915343e-02,1.915343e-02,1.915343e-02,1.915343e-02,1.915343e-02,1.915343e-02,1.915343e-02,1.915343e-02,1.915343e-02,1.915343e-02,1.915343e-02,1.915343e-02,1.915343e-02,1.915343e-02,1.915343e-02,1.915343e-02,1.915343e-02
1.419056e-02,1.417479e-02,1.415785e-02,1.414248e-02,1.413069e-02,1.412485e-02,1.411943e-02,1.411854e-02,1.411771e-02,1.411366e-02,1.411079e-02,1.410051e-02,1.409618e-02,1.409551e-02,1.409230e-02,1.409440e-02,1.409634e-02,1.409664e-02,1.410047e-02,1.409897e-02,1.409598e-02,1.408737e-02,1.407753e-02,1.407072e-02,1.406996e-02,1.406492e-02,1.405961e-02,1.405200e-02,1.404442e-02,1.403832e-02,1.402741e-02,1.400970e-02,1.399717e-02,1.398505e-02,1.397933e-02,1.397445e-02,1.396543e-02,1.396382e-02,1.396186e-02,1.395963e-02,1.396512e-02,1.398392e-02,1.400545e-02,1.402896e-02,1.405670e-02,1.409603e-02,1.413693e-02,1.417671e-02,1.423502e-02,1.430436e-02,1.438231e-02,1.447401e-02,1.457735e-02,1.468299e-02,1.478989e-02,1.489563e-02,1.500536e-02,1.511504e-02,1.521998e-02,1.532098e-02,1.541258e-02,1.550188e-02,1.558170e-02,1.565308e-02,1.573209e-02,1.581001e-02,1.588462e-02,1.595532e-02,1.601607e-02,1.607886e-02,1.613856e-02,1.618204e-02,1.622531e-02,1.626658e-02,1.630098e-02,1.633490e-02,1.636880e-02,1.641525e-02,1.645710e-02,1.650253e-02,1.655448e-02,1.662129e-02,1.670585e-02,1.680170e-02,1.691332e-02,1.704719e-02,1.720419e-02,1.737904e-02,1.758445e-02,1.781597e-02,1.807360e-02,1.834854e-02,1.865360e-02,1.899042e-02,1.935075e-02,1.973917e-02,2.016409e-02,2.062563e-02,2.111963e-02,2.164966e-02,2.222451e-02,2.282655e-02,2.347252e-02,2.416159e-02,2.489543e-02,2.567035e-02,2.649323e-02,2.738365e-02,2.834350e-02,2.932058e-02,3.036001e-02,3.143982e-02,3.256987e-02,3.380692e-02,3.510226e-02,3.639995e-02,3.774498e-02,3.913573e-02,4.056025e-02,4.201837e-02,4.350027e-02,4.494918e-02,4.640804e-02,4.782088e-02,4.921328e-02,5.053423e-02,5.178633e-02,5.297491e-02,5.411936e-02,5.514948e-02,5.613971e-02,5.704042e-02,5.794823e-02,5.871468e-02,5.945229e-02,6.009141e-02,6.070895e-02,6.121550e-02,6.172062e-02,6.214344e-02,6.260719e-02,6.293006e-02,6.320654e-02,6.357377e-02,6.387378e-02,6.423778e-02,6.453828e-02,6.491191e-02,6.521384e-02,6.550808e-02,6.583626e-02,6.606908e-02,6.625089e-02,6.645675e-02,6.656496e-02,6.654373e-02,6.635465e-02,6.617649e-02,6.589383e-02,6.556409e-02,6.524622e-02,6.496750e-02,6.458427e-02,6.420441e-02,6.377297e-02,6.328760e-02,6.275323e-02,6.211668e-02,6.149222e-02,6.082747e-02,6.013943e-02,5.943541e-02,5.872798e-02,5.803466e-02,5.736025e-02,5.671051e-02,5.609289e-02,5.550889e-02,5.496269e-02,5.444528e-02,5.395641e-02,5.349285e-02,5.305167e-02,5.264060e-02,5.224853e-02,5.187970e-02,5.154377e-02,5.122590e-02,5.093529e-02,5.066556e-02,5.043082e-02,5.021527e-02,5.002363e-02,4.982027e-02,4.967546e-02,4.955021e-02,4.943331e-02,4.931565e-02,4.920312e-02,4.908382e-02,4.891313e-02,4.875211e-02,4.856844e-02,4.835827e-02,4.807486e-02,4.779036e-02,4.746867e-02,4.707289e-02,4.667969e-02,4.625415e-02,4.581668e-02,4.534212e-02,4.488167e-02,4.440574e-02,4.390017e-02,4.344053e-02,4.296766e-02,4.253720e-02,4.213358e-02,4.174928e-02,4.143536e-02,4.112595e-02,4.088930e-02,4.066535e-02,4.050078e-02,4.034921e-02,4.022613e-02,4.016370e-02,4.009388e-02,4.005704e-02,3.998445e-02,3.992110e-02,3.979811e-02,3.961799e-02,3.940475e-02,3.909435e-02,3.873444e-02,3.825738e-02,3.772191e-02,3.713083e-02,3.647604e-02,3.577078e-02,3.505597e-02,3.429917e-02,3.354369e-02,3.278972e-02,3.208347e-02,3.140336e-02,3.076768e-02,3.022884e-02,2.972549e-02,2.929263e-02,2.888874e-02,2.851607e-02,2.811747e-02,2.768460e-02,2.721035e-02,2.667388e-02,2.607560e-02,2.540395e-02,2.469460e-02,2.392185e-02,2.315537e-02,2.237983e-02,2.163074e-02,2.091241e-02,2.023402e-02,1.964924e-02,1.912173e-02,1.868338e-02,1.829047e-02,1.798089e-02,1.772645e-02,1.752625e-02,1.736213e-02,1.726212e-02,1.718726e-02,1.719704e-02,1.724735e-02,1.744050e-02,1.771017e-02,1.824030e-02,1.889096e-02,1.986376e-02,2.103458e-02,2.259056e-02,2.441334e-02,2.658847e-02,2.909156e-02,3.202287e-02,3.531060e-02,3.897636e-02,4.302522e-02,4.750826e-02,5.231278e-02,5.737832e-02,6.274943e-02,6.840168e-02,7.422190e-02,8.013177e-02,8.616852e-02,9.233574e-02,9.841455e-02,1.044347e-01,1.104060e-01,1.162904e-01,1.220968e-01,1.278170e-01,1.334736e-01,1.393276e-01,1.449205e-01,1.504591e-01,1.559875e-01,1.614881e-01,1.670009e-01,1.724710e-01,1.779540e-01,1.834038e-01,1.888306e-01,1.942442e-01,2.000927e-01,2.054397e-01,2.107641e-01,2.158731e-01,2.210711e-01,2.261983e-01,2.312534e-01,2.362522e-01,2.411270e-01,2.458988e-01,2.505582e-01,2.550901e-01,2.595386e-01,2.638817e-01,2.679760e-01,2.720116e-01,2.759415e-01,2.797256e-01,2.832823e-01,2.868303e-01,2.902294e-01,2.932573e-01,2.962959e-01,2.990669e-01,3.018513e-01,3.043752e-01,3.069186e-01,3.092003e-01,3.114933e-01,3.135673e-01,3.156382e-01,3.175074e-01,3.193802e-01,3.214073e-01,3.233118e-01,3.253558e-01,3.273003e-01,3.292338e-01,3.313079e-01,3.332517e-01,3.353508e-01,3.371593e-01,3.390990e-01,3.410310e-01,3.428093e-01,3.446983e-01,3.465864e-01,3.484538e-01,3.501503e-01,3.519475e-01,3.537323e-01,3.554789e-01,3.571696e-01,3.588393e-01,3.604417e-01,3.619922e-01,3.635029e-01,3.649366e-01,3.663053e-01,3.676010e-01,3.688292e-01,3.696967e-01,3.707277e-01,3.717583e-01,3.727953e-01,3.738253e-01,3.748776e-01,3.759433e-01,3.768310e-01,3.778994e-01,3.789645e-01,3.798713e-01,3.809685e-01,3.818859e-01,3.827957e-01,3.837196e-01,3.846517e-01,3.857569e-01,3.867001e-01,3.876443e-01,3.885849e-01,3.895361e-01,3.904889e-01,3.914377e-01,3.922165e-01,3.931840e-01,3.941568e-01,3.951189e-01,3.961095e-01,3.968984e-01,3.978918e-01,3.986922e-01,3.994970e-01,4.005056e-01,4.013186e-01,4.021352e-01,4.029518e-01,4.037685e-01,4.045926e-01,4.054287e-01,4.062603e-01,4.070808e-01,4.079095e-01,4.085393e-01,4.093824e-01,4.102017e-01,4.107776e-01,4.116187e-01,4.124559e-01,4.132454e-01,4.138617e-01,4.144840e-01,4.152930e-01,4.158916e-01,4.165316e-01,4.173973e-01,4.180265e-01,4.186728e-01,4.193345e-01,4.202051e-01,4.208641e-01,4.215335e-01,4.222063e-01,4.228723e-01,4.235540e-01,4.242382e-01,4.249320e-01,4.256253e-01,4.263222e-01,4.270039e-01,4.277143e-01,4.284190e-01,4.288885e-01,4.295976e-01,4.300785e-01,4.307878e-01,4.314911e-01,4.319922e-01,4.327171e-01,4.331887e-01,4.339139e-01,4.344015e-01,4.351170e-01,4.356077e-01,4.360941e-01,4.365792e-01,4.372983e-01,4.377845e-01,4.382706e-01,4.387725e-01,4.394985e-01,4.399771e-01,4.404597e-01,4.409525e-01,4.414182e-01,4.418998e-01,4.424021e-01,4.428771e-01,4.433714e-01,4.438578e-01,4.443433e-01,4.445851e-01,4.450850e-01,4.455886e-01,4.460879e-01,4.463424e-01,4.468575e-01,4.473854e-01,4.478706e-01,4.481336e-01,4.486487e-01,4.491565e-01,4.494118e-01,4.496754e-01,4.502139e-01,4.504691e-01,4.509620e-01,4.512376e-01,4.517608e-01,4.519991e-01,4.522504e-01,4.525166e-01,4.527447e-01,4.529827e-01,4.532593e-01,4.535218e-01,4.537654e-01,4.539806e-01,4.542298e-01,4.544839e-01,4.547383e-01,4.549690e-01,4.551871e-01,4.554103e-01,4.556627e-01,4.559298e-01,4.561393e-01,4.562811e-01,4.564859e-01,4.567219e-01,4.569516e-01,4.571230e-01,4.571893e-01,4.573414e-01,4.575133e-01,4.576659e-01,4.578232e-01,4.579663e-01,4.580749e-01,4.580212e-01,4.580177e-01,4.581417e-01,4.581871e-01,4.582623e-01,4.583502e-01,4.583546e-01,4.581707e-01,4.580629e-01,4.580826e-01,4.581434e-01,4.580012e-01,4.575738e-01,4.574176e-01,4.573887e-01,4.572544e-01,4.570643e-01,4.568332e-01,4.566993e-01,4.566285e-01,4.561137e-01,4.550566e-01,4.544978e-01,4.541883e-01,4.536320e-01,4.530442e-01,4.524910e-01,4.520816e-01,4.516877e-01,4.514217e-01,4.512454e-01,4.509476e-01,4.504943e-01,4.504390e-01,4.505978e-01,4.507047e-01,4.507694e-01,4.508701e-01,4.509821e-01,4.512034e-01,4.513304e-01,4.515456e-01,4.517349e-01,4.518559e-01,4.520653e-01,4.521801e-01,4.523635e-01,4.525946e-01,4.528786e-01,4.531102e-01,4.534438e-01,4.537567e-01,4.540913e-01,4.543784e-01,4.547537e-01,4.550962e-01,4.554875e-01,4.558381e-01,4.562791e-01,4.567275e-01,4.571071e-01,4.575304e-01,4.580236e-01,4.584976e-01,4.588805e-01,4.593007e-01,4.597555e-01,4.602266e-01,4.606775e-01,4.611779e-01,4.616521e-01,4.621206e-01,4.625900e-01,4.630960e-01,4.635174e-01,4.639899e-01,4.644633e-01,4.649881e-01,4.654793e-01,4.659923e-01,4.665278e-01,4.670294e-01,4.675675e-01,4.680715e-01,4.685608e-01,4.690228e-01,4.695729e-01,4.700370e-01,4.704880e-01,4.709541e-01,4.715251e-01,4.720454e-01,4.725670e-01,4.730825e-01,4.736065e-01,4.741244e-01,4.745907e-01,4.750581e-01,4.754832e-01,4.759980e-01,4.765452e-01,4.770091e-01,4.773377e-01,4.776668e-01,4.780259e-01,4.784631e-01,4.789011e-01,4.793399e-01,4.797257e-01,4.801660e-01,4.805531e-01,4.809408e-01,4.812991e-01,4.816958e-01,4.820308e-01,4.823440e-01,4.826330e-01,4.829470e-01,4.833161e-01,4.836612e-01,4.839977e-01,4.843212e-01,4.845901e-01,4.849193e-01,4.851857e-01,4.855127e-01,4.857263e-01,4.859955e-01,4.862144e-01,4.864256e-01,4.866388e-01,4.869132e-01,4.871715e-01,4.873792e-01,4.875791e-01,4.877252e-01,4.879193e-01,4.880576e-01,4.882457e-01,4.884340e-01,4.885654e-01,4.886867e-01,4.888018e-01,4.889058e-01,4.890179e-01,4.891188e-01,4.892219e-01,4.892043e-01,4.892429e-01,4.893315e-01,4.894120e-01,4.894975e-01,4.894809e-01,4.894478e-01,4.894148e-01,4.893756e-01,4.893925e-01,4.893502e-01,4.893743e-01,4.893262e-01,4.892756e-01,4.891662e-01,4.890541e-01,4.890089e-01,4.890034e-01,4.889394e-01,4.888167e-01,4.886354e-01,4.884516e-01,4.882228e-01,4.881453e-01,4.880649e-01,4.879833e-01,4.877904e-01,4.875977e-01,4.875298e-01,4.874485e-01,4.873118e-01,4.871197e-01,4.868726e-01,4.867499e-01,4.866690e-01,4.865330e-01,4.862867e-01,4.860879e-01,4.860625e-01,4.861608e-01,4.861355e-01,4.858899e-01,4.856447e-01,4.854628e-01,4.852730e-01,4.850503e-01,4.847049e-01,4.843602e-01,4.841251e-01,4.839448e-01,4.835471e-01,4.828929e-01,4.821732e-01,4.816175e-01,4.810634e-01,4.802968e-01,4.790460e-01,4.776520e-01,4.764172e-01,4.752944e-01,4.742440e-01,4.731333e-01,4.717644e-01,4.699028e-01,4.674969e-01,4.651689e-01,4.635074e-01,4.620553e-01,4.602253e-01,4.577550e-01,4.552056e-01,4.534375e-01,4.521971e-01,4.511036e-01,4.498319e-01,4.483400e-01,4.469955e-01,4.456822e-01,4.443562e-01,4.434909e-01,4.430738e-01,4.426576e-01,4.422486e-01,4.418406e-01,4.414335e-01,4.410335e-01,4.406344e-01,4.406749e-01,4.402766e-01,4.403328e-01,4.403794e-01,4.404199e-01,4.400224e-01,4.400629e-01,4.400972e-01,4.401315e-01,4.397287e-01,4.393206e-01,4.393488e-01,4.393769e-01,4.393989e-01,4.394270e-01,4.394552e-01,4.390419e-01,4.390700e-01,4.390982e-01,4.391422e-01,4.387359e-01,4.387641e-01,4.383587e-01,4.383869e-01,4.384212e-01,4.384432e-01,4.380387e-01,4.380669e-01,4.380889e-01,4.381171e-01,4.377074e-01,4.377295e-01,4.377515e-01,4.377735e-01,4.377895e-01,4.378115e-01,4.378336e-01,4.382873e-01,4.383094e-01,4.383315e-01,4.383535e-01,4.383756e-01,4.383977e-01,4.380462e-01,4.385001e-01,4.385222e-01,4.385443e-01,4.385664e-01,4.386468e-01,4.386627e-01,4.391177e-01,4.391398e-01,4.387873e-01,4.388032e-01,4.392646e-01,4.393452e-01,4.393832e-01,4.394700e-01,4.394983e-01,4.395266e-01,4.391861e-01,4.392206e-01,4.393135e-01,4.393481e-01,4.390081e-01,4.390488e-01,4.391417e-01,4.388083e-01,4.392816e-01,4.389419e-01,4.389827e-01,4.390915e-01,4.391261e-01,4.392191e-01,4.388798e-01,4.389144e-01,4.385695e-01,4.385979e-01,4.386845e-01,4.383340e-01,4.387871e-01,4.384365e-01,4.385168e-01,4.385328e-01,4.381828e-01,4.382631e-01,4.382853e-01,4.379359e-01,4.380321e-01,4.380605e-01,4.381468e-01,4.378041e-01,4.378325e-01,4.374904e-01,4.375188e-01,4.371774e-01,4.368427e-01,4.372980e-01,4.369571e-01,4.366230e-01,4.370776e-01,4.367372e-01,4.367656e-01,4.364259e-01,4.360868e-01,4.361152e-01,4.357869e-01,4.358153e-01,4.354714e-01,4.350775e-01,4.347351e-01,4.343367e-01,4.339957e-01,4.335990e-01,4.332535e-01,4.332758e-01,4.325204e-01,4.325427e-01,4.321493e-01,4.313987e-01,4.310242e-01,4.306342e-01,4.303005e-01,4.299122e-01,4.295247e-01,4.291932e-01,4.288073e-01,4.284222e-01,4.280381e-01,4.273046e-01,4.269228e-01,4.265419e-01,4.261619e-01,4.253820e-01,4.250044e-01,4.242296e-01,4.238545e-01,4.238232e-01,4.223710e-01,4.223401e-01,4.219161e-01,4.214931e-01,4.206807e-01,4.199243e-01,4.191189e-01,4.183690e-01,4.176223e-01,4.172095e-01,4.160867e-01,4.153495e-01,4.142382e-01,4.134579e-01,4.123581e-01,4.112651e-01,4.101787e-01,4.090988e-01,4.080423e-01,4.063015e-01,4.051964e-01,4.034828e-01,4.024427e-01,4.014087e-01,4.003336e-01,3.992651e-01,3.972642e-01,3.955793e-01,3.939103e-01,3.928801e-01,3.915684e-01,3.903110e-01,3.886869e-01,3.864795e-01,3.842997e-01,3.826925e-01,3.806018e-01,3.791121e-01,3.776353e-01,3.767435e-01,3.752913e-01,3.738515e-01,3.723838e-01,3.703799e-01,3.681094e-01,3.656220e-01,3.634148e-01,3.613117e-01,3.600247e-01,3.579643e-01,3.566668e-01,3.548761e-01,3.533699e-01,3.516152e-01,3.503643e-01,3.486419e-01,3.474141e-01,3.459080e-01,3.455359e-01,3.453862e-01,3.448011e-01,3.431349e-01,3.412070e-01,3.397592e-01,3.383217e-01,3.364518e-01,3.350126e-01,3.331161e-01,3.308781e-01,3.282468e-01,3.250412e-01,3.214520e-01,3.183669e-01,3.144877e-01,3.101047e-01,3.064080e-01,3.021808e-01,2.981845e-01,2.937090e-01,2.907193e-01,2.854804e-01,2.799910e-01,2.738470e-01,2.687370e-01,2.617038e-01,2.548071e-01,2.483606e-01,2.412618e-01,2.362693e-01,2.294996e-01,2.232849e-01,2.173108e-01,2.108074e-01,2.045271e-01,2.004594e-01,1.956150e-01,1.894959e-01,1.844391e-01,1.795202e-01,1.755966e-01,1.711143e-01,1.668041e-01,1.627824e-01,1.594731e-01,1.567145e-01,1.535022e-01,1.504111e-01,1.479374e-01,1.449818e-01,1.425584e-01,1.402091e-01,1.379660e-01,1.361858e-01,1.344479e-01,1.326592e-01,1.309384e-01,1.292585e-01,1.279415e-01,1.267093e-01,1.254461e-01,1.241697e-01,1.229457e-01,1.220691e-01,1.208888e-01,1.197226e-01,1.188871e-01,1.180620e-01,1.175841e-01,1.168017e-01,1.160283e-01,1.155907e-01,1.148573e-01,1.144216e-01,1.140388e-01,1.136147e-01,1.132121e-01,1.128366e-01,1.124448e-01,1.120496e-01,1.116806e-01,1.115909e-01,1.112303e-01,1.111890e-01,1.111477e-01,1.111121e-01,1.107961e-01,1.107313e-01,1.107197e-01,1.106787e-01,1.109594e-01,1.109239e-01,1.109069e-01,1.108481e-01,1.111060e-01,1.110470e-01,1.113297e-01,1.115896e-01,1.119046e-01,1.118877e-01,1.121315e-01,1.126766e-01,1.129730e-01,1.132644e-01,1.138254e-01,1.143853e-01,1.149815e-01,1.158478e-01,1.164577e-01,1.170930e-01,1.179678e-01,1.185644e-01,1.194862e-01,1.204140e-01,1.210395e-01,1.223156e-01,1.229876e-01,1.239650e-01,1.249630e-01,1.256841e-01,1.270573e-01,1.277157e-01,1.287000e-01,1.297370e-01,1.308136e-01,1.315399e-01,1.326112e-01,1.337060e-01,1.344953e-01,1.360406e-01,1.368204e-01,1.380066e-01,1.392556e-01,1.404166e-01,1.413080e-01,1.425374e-01,1.439300e-01,1.452402e-01,1.461581e-01,1.474965e-01,1.489076e-01,1.498270e-01,1.513120e-01,1.523856e-01,1.539697e-01,1.549816e-01,1.560596e-01,1.576600e-01,1.587271e-01,1.598075e-01,1.615280e-01,1.626441e-01,1.638229e-01,1.650074e-01,1.661686e-01,1.679181e-01,1.686287e-01,1.704896e-01,1.718189e-01,1.724539e-01,1.737040e-01,1.757268e-01,1.764993e-01,1.778616e-01,1.792542e-01,1.806569e-01,1.820918e-01,1.828588e-01,1.843153e-01,1.857451e-01,1.864686e-01,1.879927e-01,1.888086e-01,1.902297e-01,1.918134e-01,1.925840e-01,1.942718e-01,1.950726e-01,1.965168e-01,1.973350e-01,1.990331e-01,1.998579e-01,2.007017e-01,2.023823e-01,2.033055e-01,2.041761e-01,2.058373e-01,2.067898e-01,2.076889e-01,2.085944e-01,2.104663e-01,2.113950e-01,2.123316e-01,2.133424e-01,2.142954e-01,2.152565e-01,2.163762e-01,2.173423e-01,2.179575e-01,2.188395e-01,2.196577e-01,2.204812e-01,2.212988e-01,2.222343e-01,2.229500e-01,2.240013e-01,2.247419e-01,2.256648e-01,2.263276e-01,2.271870e-01,2.280397e-01,2.289128e-01,2.296858e-01,2.306494e-01,2.315430e-01,2.321303e-01,2.332234e-01,2.337236e-01,2.346093e-01,2.354195e-01,2.361213e-01,2.370080e-01,2.378481e-01,2.388755e-01,2.394812e-01,2.404058e-01,2.412213e-01,2.419537e-01,2.424552e-01,2.432827e-01,2.439088e-01,2.449721e-01,2.458313e-01,2.467721e-01,2.478750e-01,2.487387e-01,2.492519e-01,2.501078e-01,2.507356e-01,2.514915e-01,2.522705e-01,2.530388e-01,2.536788e-01,2.545657e-01,2.552168e-01,2.560181e-01,2.566920e-01,2.573374e-01,2.577332e-01,2.585340e-01,2.588351e-01,2.595049e-01,2.600450e-01,2.608571e-01,2.614184e-01,2.620852e-01,2.625133e-01,2.630813e-01,2.634967e-01,2.642084e-01,2.644870e-01,2.650821e-01,2.657829e-01,2.663484e-01,2.670749e-01,2.675024e-01,2.678422e-01,2.684322e-01,2.687192e-01,2.691873e-01,2.694758e-01,2.699463e-01,2.699642e-01,2.705647e-01,2.709991e-01,2.715860e-01,2.717676e-01,2.722094e-01,2.725202e-01,2.729643e-01,2.728878e-01,2.734604e-01,2.737719e-01,2.742382e-01,2.744413e-01,2.749098e-01,2.750933e-01,2.754531e-01,2.753545e-01,2.759574e-01,2.758788e-01,2.758227e-01,2.758595e-01,2.760664e-01,2.755591e-01,2.756344e-01,2.753700e-01,2.754472e-01,2.748121e-01,2.746062e-01,2.743644e-01,2.741796e-01,2.737890e-01,2.734560e-01,2.730858e-01,2.729031e-01,2.722807e-01,2.720992e-01,2.714807e-01,2.711559e-01,2.711738e-01,2.726306e-01,2.720099e-01,2.718111e-01,2.713248e-01,2.708546e-01,2.702443e-01,2.699035e-01,2.694226e-01,2.689790e-01,2.683777e-01,2.679185e-01,2.670557e-01,2.666046e-01,2.661502e-01,2.654391e-01,2.648684e-01,2.643032e-01,2.634441e-01,2.630383e-01,2.623243e-01,2.618838e-01,2.614291e-01,2.609944e-01,2.601913e-01,2.597428e-01,2.590294e-01,2.584860e-01,2.579294e-01,2.571128e-01,2.564473e-01,2.558823e-01,2.550615e-01,2.545355e-01,2.540726e-01,2.535184e-01,2.529649e-01,2.524157e-01,2.516346e-01,2.513231e-01,2.507476e-01,2.500843e-01,2.494245e-01,2.490110e-01,2.483571e-01,2.480390e-01,2.474953e-01,2.471947e-01,2.465181e-01,2.461012e-01,2.454321e-01,2.450194e-01,2.445932e-01,2.441526e-01,2.437136e-01,2.433935e-01,2.428554e-01,2.427565e-01,2.425083e-01,2.422749e-01,2.419432e-01,2.420271e-01,2.418942e-01,2.418778e-01,2.414991e-01,2.414673e-01,2.416509e-01,2.413727e-01,2.412257e-01,2.409951e-01,2.407339e-01,2.404748e-01,2.402451e-01,2.400178e-01,2.395485e-01,2.389999e-01,2.385649e-01,2.381984e-01,2.375430e-01,2.371135e-01,2.366705e-01,2.360236e-01,2.352694e-01,2.347230e-01,2.344111e-01,2.338542e-01,2.332069e-01,2.325631e-01,2.320294e-01,2.316947e-01,2.310451e-01,2.307004e-01,2.303697e-01,2.301318e-01,2.296093e-01,2.292690e-01,2.290335e-01,2.288881e-01,2.286534e-01,2.284066e-01,2.282620e-01,2.284143e-01,2.286688e-01,2.283327e-01,2.283066e-01,2.282665e-01,2.281373e-01,2.283937e-01,2.284568e-01,2.283414e-01,2.283152e-01,2.281996e-01,2.281734e-01,2.278806e-01,2.276909e-01,2.273110e-01,2.270341e-01,2.268322e-01,2.269082e-01,2.268962e-01,2.267821e-01,2.269735e-01,2.269009e-01,2.269907e-01,2.269787e-01,2.270835e-01,2.270848e-01,2.272767e-01,2.276584e-01,2.277625e-01,2.278805e-01,2.282511e-01,2.283683e-01,2.286779e-01,2.287829e-01,2.290796e-01,2.291693e-01,2.292720e-01,2.291966e-01,2.291970e-01,2.291960e-01,2.291811e-01,2.290762e-01,2.291789e-01,2.292676e-01,2.295641e-01,2.293695e-01,2.294440e-01,2.294290e-01,2.294281e-01,2.297108e-01,2.296199e-01,2.296189e-01,2.297233e-01,2.296193e-01,2.297983e-01,2.297986e-01,2.296962e-01,2.293092e-01,2.292969e-01,2.291527e-01,2.289615e-01,2.283323e-01,2.281161e-01,2.277980e-01,2.273646e-01,2.271229e-01,2.268816e-01,2.262651e-01,2.258103e-01,2.253579e-01,2.244767e-01,2.236742e-01,2.225818e-01,2.212952e-01,2.205968e-01,2.198063e-01,2.189531e-01,2.171695e-01,2.153345e-01,2.145002e-01,2.128624e-01,2.102927e-01,2.085537e-01,2.070010e-01,2.046357e-01,2.022386e-01,1.999069e-01,1.975577e-01,1.953139e-01,1.915875e-01,1.894193e-01,1.844636e-01,1.809879e-01,1.771737e-01,1.741175e-01,1.699149e-01,1.666640e-01,1.623933e-01,1.586315e-01,1.528457e-01,1.482719e-01,1.439398e-01,1.390020e-01,1.347171e-01,1.295439e-01,1.249605e-01,1.178761e-01,1.128180e-01,1.079067e-01,1.033467e-01,9.802988e-02,9.372200e-02,8.714523e-02,8.261679e-02,7.844309e-02,7.446598e-02,7.037803e-02,6.553287e-02,6.189132e-02,5.875533e-02,5.578850e-02,5.287995e-02,4.947508e-02,4.707408e-02,4.497256e-02,4.307537e-02,4.146064e-02,3.912780e-02,3.778451e-02,3.655335e-02,3.528745e-02,3.401705e-02,3.281551e-02,3.203932e-02,3.129115e-02,3.057087e-02,2.987604e-02,2.920786e-02,2.885952e-02,2.823230e-02,2.790780e-02,2.731197e-02,2.701193e-02,2.671481e-02,2.642967e-02,2.614996e-02,2.587729e-02,2.561133e-02,2.559650e-02,2.532693e-02,2.531229e-02,2.505608e-02,2.503544e-02,2.502522e-02,2.501509e-02,2.476362e-02,2.475348e-02,2.474332e-02,2.473522e-02,2.496777e-02,2.496571e-02,2.495947e-02,2.494898e-02,2.518309e-02,2.518296e-02,2.542733e-02,2.542526e-02,2.566935e-02,2.591993e-02,2.592024e-02,2.617728e-02,2.643664e-02,2.670045e-02,2.697559e-02,2.697404e-02,2.724978e-02,2.753943e-02,2.782256e-02,2.811742e-02,2.840808e-02,2.871156e-02,2.902243e-02,2.933428e-02,2.965179e-02,2.997678e-02,3.030597e-02,3.064109e-02,3.098416e-02,3.133195e-02,3.168011e-02,3.203934e-02,3.276955e-02,3.277178e-02,3.353787e-02,3.393414e-02,3.394355e-02,3.462644e-02,3.503441e-02,3.554189e-02,3.589793e-02,3.651146e-02,3.687276e-02,3.719661e-02,3.781153e-02,3.823697e-02,3.877786e-02,3.917940e-02,3.984369e-02,4.020643e-02,4.083710e-02,4.128313e-02,4.167671e-02,4.234412e-02,4.280259e-02,4.345032e-02,4.386221e-02,4.452007e-02,4.494863e-02,4.557453e-02,4.608413e-02,4.665199e-02,4.710796e-02,4.777703e-02,4.825084e-02,4.886852e-02,4.934721e-02,5.000051e-02,5.044176e-02,5.110527e-02,5.161324e-02,5.198529e-02,5.268211e-02,5.339407e-02,5.386320e-02,5.450070e-02,5.498562e-02,5.563768e-02,5.604237e-02,5.673052e-02,5.713230e-02,5.773183e-02,5.815312e-02,5.887519e-02,5.930168e-02,5.991358e-02,6.032639e-02,6.099079e-02,6.131267e-02,6.185807e-02,6.229287e-02,6.283941e-02,6.350233e-02,6.375154e-02,6.431908e-02,6.467031e-02,6.526658e-02,6.541299e-02,6.600489e-02,6.650406e-02,6.687501e-02,6.726546e-02,6.753932e-02,6.816301e-02,6.832029e-02,6.884845e-02,6.925796e-02,6.954527e-02,6.996161e-02,7.012581e-02,7.065962e-02,7.121779e-02,7.138665e-02,7.182127e-02,7.199274e-02,7.229896e-02,7.274276e-02,7.291789e-02,7.336797e-02,7.366522e-02,7.398350e-02,7.430406e-02,7.448820e-02,7.481262e-02,7.540670e-02,7.544860e-02,7.605126e-02,7.609378e-02,7.670449e-02,7.717386e-02,7.734680e-02,7.782244e-02,7.830268e-02,7.863347e-02,7.910372e-02,7.959714e-02,7.993704e-02,8.027910e-02,8.092433e-02,8.111120e-02,8.160370e-02,8.212349e-02,8.246279e-02,8.282352e-02,8.350384e-02,8.370127e-02,8.422043e-02,8.459456e-02,8.494756e-02,8.548319e-02,8.586644e-02,8.607328e-02,8.661689e-02,8.700837e-02,8.738178e-02,8.759448e-02,8.815422e-02,8.855738e-02,8.893784e-02,8.915692e-02,8.973739e-02,8.995978e-02,9.035067e-02,9.077077e-02,9.116757e-02,9.140004e-02,9.180176e-02,9.223323e-02,9.264081e-02,9.287510e-02,9.328745e-02,9.373473e-02,9.394605e-02,9.457513e-02,9.481770e-02,9.524434e-02,9.546111e-02,9.589716e-02,9.614517e-02,9.658191e-02,9.702199e-02,9.705612e-02,9.750453e-02,9.795173e-02,9.817899e-02,9.843735e-02,9.866652e-02,9.912273e-02,9.935946e-02,9.982110e-02,1.002864e-01,1.007553e-01,1.007917e-01,1.012646e-01,1.015104e-01,1.019891e-01,1.022324e-01,1.024767e-01,1.027596e-01,1.030057e-01,1.032531e-01,1.037458e-01,1.039959e-01,1.042523e-01,1.042906e-01,1.047917e-01,1.050457e-01,1.053066e-01,1.053455e-01,1.056022e-01,1.058596e-01,1.059040e-01,1.061630e-01,1.064227e-01,1.066835e-01,1.069454e-01,1.072084e-01,1.072538e-01,1.072583e-01,1.075226e-01,1.077880e-01,1.080546e-01,1.083279e-01,1.085963e-01,1.088663e-01,1.088709e-01,1.091417e-01,1.094136e-01,1.096920e-01,1.096964e-01,1.099703e-01,1.102449e-01,1.102548e-01,1.105303e-01,1.108071e-01,1.108107e-01,1.113268e-01,1.113361e-01,1.116163e-01,1.116197e-01,1.121422e-01,1.121520e-01,1.124356e-01,1.126825e-01,1.129685e-01,1.129727e-01,1.135122e-01,1.135161e-01,1.137671e-01,1.140578e-01,1.146058e-01,1.148605e-01,1.151556e-01,1.154124e-01,1.154160e-01,1.159685e-01,1.159785e-01,1.165359e-01,1.167980e-01,1.168017e-01,1.173664e-01,1.173705e-01,1.176431e-01,1.179099e-01,1.179148e-01,1.181834e-01,1.184531e-01,1.184646e-01,1.187362e-01,1.187416e-01,1.193240e-01,1.193365e-01,1.196119e-01,1.198884e-01,1.198951e-01,1.201731e-01,1.201865e-01,1.204661e-01,1.204732e-01,1.207540e-01,1.207679e-01,1.210498e-01,1.210574e-01,1.213408e-01,1.213553e-01,1.213629e-01,1.216476e-01,1.213351e-01,1.213496e-01,1.213577e-01,1.216423e-01,1.216500e-01,1.216645e-01,1.216726e-01,1.216802e-01,1.214108e-01,1.211062e-01,1.211138e-01,1.208465e-01,1.205798e-01,1.200005e-01,1.200147e-01,1.197511e-01,1.192200e-01,1.186518e-01,1.183934e-01,1.178790e-01,1.173213e-01,1.168080e-01,1.165564e-01,1.157535e-01,1.152519e-01,1.144704e-01,1.139781e-01,1.129601e-01,1.124788e-01,1.114829e-01,1.110122e-01,1.102729e-01,1.095784e-01,1.088607e-01,1.079189e-01,1.074735e-01,1.065517e-01,1.058619e-01,1.052133e-01,1.045379e-01,1.036578e-01,1.032467e-01,1.023845e-01,1.019767e-01,1.013355e-01,1.004994e-01,9.987326e-02,9.925357e-02,9.864022e-02,9.826124e-02,9.765766e-02,9.706050e-02,9.628181e-02,9.569844e-02,9.551787e-02,9.494208e-02,9.455340e-02,9.377951e-02,9.340321e-02,9.284815e-02,9.267629e-02,9.230268e-02,9.193123e-02,9.156250e-02,9.102489e-02,9.066207e-02,9.030131e-02,8.977570e-02,8.925506e-02,8.871378e-02,8.836935e-02,8.767561e-02,8.717456e-02,8.683602e-02,8.649960e-02,8.582971e-02,8.549956e-02,8.517144e-02,8.484535e-02,8.434661e-02,8.387588e-02,8.338628e-02,8.307109e-02,8.275782e-02,8.244642e-02,8.197013e-02,8.166666e-02,8.119779e-02,8.103694e-02,8.057358e-02,8.041469e-02,8.009559e-02,8.007648e-02,7.975951e-02,7.960314e-02,7.942564e-02,7.940676e-02,7.893670e-02,7.905375e-02,7.874289e-02,7.856839e-02,7.841543e-02,7.837598e-02,7.822334e-02,7.791452e-02,7.759013e-02,7.743989e-02,7.726966e-02,7.696955e-02,7.667128e-02,7.665308e-02,7.607752e-02,7.578445e-02,7.563965e-02,7.534945e-02,7.493319e-02,7.464726e-02,7.438228e-02,7.381426e-02,7.355391e-02,7.327621e-02,7.300038e-02,7.260469e-02,7.206072e-02,7.192708e-02,7.154077e-02,7.127534e-02,7.101145e-02,7.074908e-02,7.035529e-02,7.020918e-02,6.995165e-02,6.980683e-02,6.955159e-02,6.915328e-02,6.913613e-02,6.886743e-02,6.861750e-02,6.836898e-02,6.822941e-02,6.784303e-02,6.770511e-02,6.767380e-02,6.743054e-02,6.729389e-02,6.679488e-02,6.666042e-02,6.652616e-02,6.639231e-02,6.602169e-02,6.578753e-02,6.555465e-02,6.520667e-02,6.507686e-02,6.471573e-02,6.448867e-02,6.414940e-02,6.402258e-02,6.356037e-02,6.354639e-02,6.321470e-02,6.288426e-02,6.276123e-02,6.231298e-02,6.209851e-02,6.177838e-02,6.165732e-02,6.113047e-02,6.092221e-02,6.070102e-02,6.049497e-02,5.998196e-02,5.977944e-02,5.947745e-02,5.927644e-02,5.878032e-02,5.840095e-02,5.810840e-02,5.799882e-02,5.751769e-02,5.732749e-02,5.704279e-02,5.685477e-02,5.638776e-02,4.013613e-03,4.013613e-03,4.013613e-03,4.013613e-03,4.013613e-03,4.013613e-03,4.013613e-03,4.013613e-03,4.013613e-03,4.013613e-03,4.013613e-03,4.013613e-03,4.013613e-03,4.013613e-03,4.013613e-03,4.013613e-03,4.013613e-03,4.013613e-03,4.013613e-03,4.013613e-03,4.013613e-03,4.013613e-03,4.013613e-03,4.013613e-03,4.013613e-03,4.013613e-03,4.013613e-03,4.013613e-03,4.013613e-03,4.013613e-03,4.013613e-03,4.013613e-03,4.013613e-03,4.013613e-03,4.013613e-03,4.013613e-03,4.013613e-03,4.013613e-03,4.013613e-03,4.013613e-03,4.013613e-03,4.013613e-03,4.013613e-03,4.013613e-03,4.013613e-03,4.013613e-03,4.013613e-03,4.013613e-03,4.013613e-03,4.013613e-03,4.013613e-03,4.013613e-03,4.013613e-03,4.013613e-03,4.013613e-03,4.013613e-03,4.013613e-03,4.013613e-03,4.013613e-03,4.013613e-03,4.013613e-03,4.013613e-03,4.013613e-03,4.013613e-03,4.013613e-03,4.013613e-03,4.013613e-03,4.013613e-03,4.013613e-03,4.013613e-03,4.013613e-03,4.013613e-03,4.013613e-03,4.013613e-03,4.013613e-03,4.013613e-03,4.013613e-03,4.013613e-03,4.013613e-03,4.013613e-03,4.013613e-03,4.013613e-03,4.013613e-03,4.013613e-03,4.013613e-03,4.013613e-03,4.013613e-03,4.013613e-03,4.013613e-03,4.013613e-03,4.013613e-03,4.013613e-03,4.013613e-03,4.013613e-03,4.013613e-03,4.013613e-03,4.013613e-03,4.013613e-03,4.013613e-03,4.013613e-03,4.013613e-03,4.013613e-03,4.013613e-03,4.013613e-03,4.013613e-03,4.013613e-03,4.013613e-03,4.013613e-03,4.013613e-03,4.013613e-03,4.013613e-03,4.013613e-03,4.013613e-03,4.013613e-03,4.013613e-03,4.013613e-03,4.013613e-03,4.013613e-03,4.013613e-03,4.013613e-03,4.013613e-03,4.013613e-03,4.013613e-03,4.013613e-03,4.013613e-03,4.013613e-03,4.013613e-03,4.013613e-03,4.013613e-03,4.013613e-03,4.013613e-03,4.013613e-03,4.013613e-03,4.013613e-03,4.013613e-03,4.013613e-03,4.013613e-03,4.013613e-03,4.013613e-03,4.013613e-03,4.013613e-03,4.013613e-03,4.013613e-03,4.013613e-03,4.013613e-03,4.013613e-03,4.013613e-03,4.013613e-03,4.013613e-03,4.013613e-03,4.013613e-03,4.013613e-03,4.013613e-03,4.013613e-03,4.013613e-03,4.013613e-03,4.013613e-03,4.013613e-03,4.013613e-03,4.013613e-03,4.013613e-03
2.687372e-02,2.681868e-02,2.676126e-02,2.671413e-02,2.668244e-02,2.666731e-02,2.665895e-02,2.665975e-02,2.665965e-02,2.665128e-02,2.663956e-02,2.661313e-02,2.660277e-02,2.660573e-02,2.660724e-02,2.661825e-02,2.662932e-02,2.663711e-02,2.665194e-02,2.665552e-02,2.665185e-02,2.663275e-02,2.661150e-02,2.659622e-02,2.659580e-02,2.658423e-02,2.656598e-02,2.653978e-02,2.651707e-02,2.649733e-02,2.646575e-02,2.642022e-02,2.638573e-02,2.635485e-02,2.633739e-02,2.632331e-02,2.630362e-02,2.630083e-02,2.629934e-02,2.630213e-02,2.632307e-02,2.637744e-02,2.644228e-02,2.651421e-02,2.659934e-02,2.671389e-02,2.683575e-02,2.696005e-02,2.713180e-02,2.733232e-02,2.755801e-02,2.781720e-02,2.811082e-02,2.841110e-02,2.871452e-02,2.901274e-02,2.931816e-02,2.962248e-02,2.991042e-02,3.017432e-02,3.041070e-02,3.063275e-02,3.081625e-02,3.097885e-02,3.115152e-02,3.132972e-02,3.149251e-02,3.164295e-02,3.176753e-02,3.190284e-02,3.203481e-02,3.212900e-02,3.223003e-02,3.233623e-02,3.243383e-02,3.253022e-02,3.263103e-02,3.277297e-02,3.290773e-02,3.304817e-02,3.320230e-02,3.339761e-02,3.363639e-02,3.389875e-02,3.420107e-02,3.455158e-02,3.495650e-02,3.541294e-02,3.593737e-02,3.653256e-02,3.718000e-02,3.787806e-02,3.865541e-02,3.952170e-02,4.044538e-02,4.144705e-02,4.254326e-02,4.373950e-02,4.502219e-02,4.639339e-02,4.788528e-02,4.944307e-02,5.110627e-02,5.287780e-02,5.475329e-02,5.672111e-02,5.880233e-02,6.101590e-02,6.335710e-02,6.573546e-02,6.824221e-02,7.084245e-02,7.353124e-02,7.637449e-02,7.929602e-02,8.219548e-02,8.512174e-02,8.804811e-02,9.093558e-02,9.376644e-02,9.650467e-02,9.906877e-02,1.014923e-01,1.036859e-01,1.056515e-01,1.073362e-01,1.086922e-01,1.098114e-01,1.106782e-01,1.112424e-01,1.116041e-01,1.117752e-01,1.118677e-01,1.116532e-01,1.113260e-01,1.108350e-01,1.102687e-01,1.095631e-01,1.088502e-01,1.080579e-01,1.073485e-01,1.064684e-01,1.055833e-01,1.048609e-01,1.040977e-01,1.034777e-01,1.028278e-01,1.023205e-01,1.017711e-01,1.012570e-01,1.008380e-01,1.003456e-01,9.985812e-02,9.938445e-02,9.887519e-02,9.830060e-02,9.764562e-02,9.704474e-02,9.635821e-02,9.566436e-02,9.500244e-02,9.437177e-02,9.360978e-02,9.283434e-02,9.198944e-02,9.105056e-02,9.005357e-02,8.892173e-02,8.780058e-02,8.662111e-02,8.542187e-02,8.421124e-02,8.300953e-02,8.183354e-02,8.070289e-02,7.961607e-02,7.858665e-02,7.760590e-02,7.669318e-02,7.582205e-02,7.500020e-02,7.420492e-02,7.345459e-02,7.274950e-02,7.208276e-02,7.144256e-02,7.085501e-02,7.030730e-02,6.980245e-02,6.932473e-02,6.890305e-02,6.851371e-02,6.816037e-02,6.779965e-02,6.751263e-02,6.725319e-02,6.700812e-02,6.676232e-02,6.652249e-02,6.627559e-02,6.597576e-02,6.567771e-02,6.535702e-02,6.500549e-02,6.457250e-02,6.413486e-02,6.364777e-02,6.308369e-02,6.251100e-02,6.190363e-02,6.127980e-02,6.062639e-02,5.998001e-02,5.931813e-02,5.863107e-02,5.799268e-02,5.735313e-02,5.676060e-02,5.620453e-02,5.568524e-02,5.524815e-02,5.482277e-02,5.448583e-02,5.417420e-02,5.393380e-02,5.371488e-02,5.353243e-02,5.341859e-02,5.330763e-02,5.322698e-02,5.311023e-02,5.300163e-02,5.282742e-02,5.257977e-02,5.228812e-02,5.188497e-02,5.141483e-02,5.080557e-02,5.012987e-02,4.938134e-02,4.856717e-02,4.769035e-02,4.679876e-02,4.586518e-02,4.493636e-02,4.401263e-02,4.314809e-02,4.231976e-02,4.154756e-02,4.089251e-02,4.028302e-02,3.976231e-02,3.927435e-02,3.882407e-02,3.834528e-02,3.783093e-02,3.726671e-02,3.663198e-02,3.592850e-02,3.514712e-02,3.432379e-02,3.343684e-02,3.255859e-02,3.168317e-02,3.084542e-02,3.004514e-02,2.930197e-02,2.866471e-02,2.809841e-02,2.762761e-02,2.721345e-02,2.688619e-02,2.662054e-02,2.641001e-02,2.624067e-02,2.613303e-02,2.605541e-02,2.606032e-02,2.610526e-02,2.629974e-02,2.656932e-02,2.711460e-02,2.779002e-02,2.881709e-02,3.008144e-02,3.179062e-02,3.382785e-02,3.630627e-02,3.919718e-02,4.262080e-02,4.650365e-02,5.086951e-02,5.571276e-02,6.108290e-02,6.686008e-02,7.294715e-02,7.939565e-02,8.615159e-02,9.311128e-02,1.001687e-01,1.073566e-01,1.146531e-01,1.218612e-01,1.289896e-01,1.360530e-01,1.430019e-01,1.498636e-01,1.566239e-01,1.633117e-01,1.701628e-01,1.767824e-01,1.833464e-01,1.899009e-01,1.964437e-01,2.030076e-01,2.095452e-01,2.161074e-01,2.226591e-01,2.291948e-01,2.357383e-01,2.426982e-01,2.492135e-01,2.557174e-01,2.620294e-01,2.684313e-01,2.747717e-01,2.810488e-01,2.872725e-01,2.933745e-01,2.993703e-01,3.052474e-01,3.109821e-01,3.166348e-01,3.221710e-01,3.274345e-01,3.326030e-01,3.376482e-01,3.425112e-01,3.471206e-01,3.516884e-01,3.560597e-01,3.600063e-01,3.639311e-01,3.675362e-01,3.711161e-01,3.743837e-01,3.776301e-01,3.805594e-01,3.834560e-01,3.860916e-01,3.886789e-01,3.910513e-01,3.934427e-01,3.960045e-01,3.984463e-01,4.010485e-01,4.035404e-01,4.060344e-01,4.086877e-01,4.112019e-01,4.138835e-01,4.162504e-01,4.187643e-01,4.212690e-01,4.235989e-01,4.260576e-01,4.285031e-01,4.309190e-01,4.331312e-01,4.354576e-01,4.377495e-01,4.399860e-01,4.421514e-01,4.442632e-01,4.462897e-01,4.482352e-01,4.501035e-01,4.518653e-01,4.535242e-01,4.550722e-01,4.565050e-01,4.574978e-01,4.586850e-01,4.598775e-01,4.610781e-01,4.622780e-01,4.634986e-01,4.647306e-01,4.657592e-01,4.670006e-01,4.682439e-01,4.692953e-01,4.705683e-01,4.716335e-01,4.726948e-01,4.737706e-01,4.748551e-01,4.761527e-01,4.772518e-01,4.783568e-01,4.794606e-01,4.805769e-01,4.816978e-01,4.828191e-01,4.837316e-01,4.848722e-01,4.860199e-01,4.871638e-01,4.883310e-01,4.892642e-01,4.904400e-01,4.913864e-01,4.923363e-01,4.935304e-01,4.944914e-01,4.954574e-01,4.964260e-01,4.973971e-01,4.983759e-01,4.993635e-01,5.003527e-01,5.013369e-01,5.023273e-01,5.030776e-01,5.040826e-01,5.050761e-01,5.057946e-01,5.068080e-01,5.078215e-01,5.088070e-01,5.095637e-01,5.103261e-01,5.113346e-01,5.120866e-01,5.128691e-01,5.139245e-01,5.147036e-01,5.154986e-01,5.163037e-01,5.173728e-01,5.181803e-01,5.189969e-01,5.198154e-01,5.206333e-01,5.214617e-01,5.222937e-01,5.231345e-01,5.239767e-01,5.248211e-01,5.256590e-01,5.265167e-01,5.273723e-01,5.279412e-01,5.288032e-01,5.293824e-01,5.302478e-01,5.311111e-01,5.317081e-01,5.325901e-01,5.331685e-01,5.340542e-01,5.346462e-01,5.355310e-01,5.361276e-01,5.367246e-01,5.373216e-01,5.382154e-01,5.388157e-01,5.394194e-01,5.400328e-01,5.409408e-01,5.415426e-01,5.421483e-01,5.427624e-01,5.433606e-01,5.439688e-01,5.445926e-01,5.451980e-01,5.458183e-01,5.464340e-01,5.470473e-01,5.473511e-01,5.479765e-01,5.486028e-01,5.492272e-01,5.495393e-01,5.501767e-01,5.508215e-01,5.514395e-01,5.517569e-01,5.523981e-01,5.530348e-01,5.533479e-01,5.536700e-01,5.543313e-01,5.546481e-01,5.552782e-01,5.556104e-01,5.562641e-01,5.565703e-01,5.568890e-01,5.572185e-01,5.575209e-01,5.578307e-01,5.581687e-01,5.584969e-01,5.588117e-01,5.591061e-01,5.594252e-01,5.597484e-01,5.600722e-01,5.603790e-01,5.606737e-01,5.609726e-01,5.612932e-01,5.616246e-01,5.619143e-01,5.621549e-01,5.624414e-01,5.627485e-01,5.630541e-01,5.633169e-01,5.635004e-01,5.637495e-01,5.640137e-01,5.642640e-01,5.645176e-01,5.647613e-01,5.649795e-01,5.651112e-01,5.652477e-01,5.654658e-01,5.656385e-01,5.658209e-01,5.660281e-01,5.661734e-01,5.661652e-01,5.662281e-01,5.663729e-01,5.665458e-01,5.665826e-01,5.663935e-01,5.664202e-01,5.665289e-01,5.665570e-01,5.665576e-01,5.665133e-01,5.665414e-01,5.666158e-01,5.663563e-01,5.657068e-01,5.654124e-01,5.653065e-01,5.650126e-01,5.646935e-01,5.644006e-01,5.642154e-01,5.640406e-01,5.639630e-01,5.639346e-01,5.638314e-01,5.636111e-01,5.636886e-01,5.639325e-01,5.641186e-01,5.642915e-01,5.644760e-01,5.646850e-01,5.649763e-01,5.651852e-01,5.654752e-01,5.657308e-01,5.659385e-01,5.662275e-01,5.664338e-01,5.666886e-01,5.669799e-01,5.673308e-01,5.676229e-01,5.679904e-01,5.683463e-01,5.687150e-01,5.690477e-01,5.694462e-01,5.698188e-01,5.702289e-01,5.705942e-01,5.710428e-01,5.714944e-01,5.718978e-01,5.723153e-01,5.728049e-01,5.732616e-01,5.736685e-01,5.740875e-01,5.745456e-01,5.750040e-01,5.754513e-01,5.759481e-01,5.764096e-01,5.768698e-01,5.773310e-01,5.778216e-01,5.782465e-01,5.787107e-01,5.791758e-01,5.796805e-01,5.801469e-01,5.806441e-01,5.811545e-01,5.816264e-01,5.821391e-01,5.826131e-01,5.830890e-01,5.835282e-01,5.840477e-01,5.844888e-01,5.849212e-01,5.853641e-01,5.858873e-01,5.863719e-01,5.868576e-01,5.873420e-01,5.878299e-01,5.883164e-01,5.887638e-01,5.892121e-01,5.896131e-01,5.901011e-01,5.905942e-01,5.910438e-01,5.913736e-01,5.917039e-01,5.920740e-01,5.924871e-01,5.929010e-01,5.933156e-01,5.936898e-01,5.941059e-01,5.944814e-01,5.948576e-01,5.951945e-01,5.955744e-01,5.959108e-01,5.962101e-01,5.965083e-01,5.968085e-01,5.971508e-01,5.974922e-01,5.978053e-01,5.981098e-01,5.983726e-01,5.986765e-01,5.989359e-01,5.992365e-01,5.994488e-01,5.997037e-01,5.999152e-01,6.001241e-01,6.003278e-01,6.005804e-01,6.008202e-01,6.010163e-01,6.012099e-01,6.013555e-01,6.015412e-01,6.016843e-01,6.018621e-01,6.020399e-01,6.021731e-01,6.023015e-01,6.024217e-01,6.025351e-01,6.026513e-01,6.027607e-01,6.028721e-01,6.028875e-01,6.029458e-01,6.030387e-01,6.031289e-01,6.032178e-01,6.032255e-01,6.032203e-01,6.032151e-01,6.032015e-01,6.032310e-01,6.032133e-01,6.032433e-01,6.032178e-01,6.031891e-01,6.031137e-01,6.030347e-01,6.030041e-01,6.030033e-01,6.029565e-01,6.028631e-01,6.027233e-01,6.025799e-01,6.023990e-01,6.023337e-01,6.022647e-01,6.021938e-01,6.020378e-01,6.018818e-01,6.018200e-01,6.017494e-01,6.016362e-01,6.014807e-01,6.012828e-01,6.011789e-01,6.011085e-01,6.009958e-01,6.007985e-01,6.006409e-01,6.006131e-01,6.006788e-01,6.006509e-01,6.004540e-01,6.002574e-01,6.001058e-01,5.999517e-01,5.997672e-01,5.994900e-01,5.992131e-01,5.990205e-01,5.988700e-01,5.985522e-01,5.980350e-01,5.974686e-01,5.970284e-01,5.965892e-01,5.959855e-01,5.950103e-01,5.939196e-01,5.929542e-01,5.920744e-01,5.912480e-01,5.903756e-01,5.893042e-01,5.878432e-01,5.859564e-01,5.841258e-01,5.828149e-01,5.816667e-01,5.802183e-01,5.782582e-01,5.762323e-01,5.748221e-01,5.738297e-01,5.729529e-01,5.719329e-01,5.707352e-01,5.696537e-01,5.685900e-01,5.675201e-01,5.668162e-01,5.664723e-01,5.661290e-01,5.657885e-01,5.654486e-01,5.651093e-01,5.647727e-01,5.644367e-01,5.644552e-01,5.641198e-01,5.641482e-01,5.641688e-01,5.641872e-01,5.638524e-01,5.638709e-01,5.638872e-01,5.639035e-01,5.635671e-01,5.632292e-01,5.632434e-01,5.632576e-01,5.632697e-01,5.632840e-01,5.632982e-01,5.629587e-01,5.629729e-01,5.629872e-01,5.630113e-01,5.626746e-01,5.626888e-01,5.623527e-01,5.623669e-01,5.623832e-01,5.623953e-01,5.620598e-01,5.620740e-01,5.620861e-01,5.621003e-01,5.617632e-01,5.617753e-01,5.617874e-01,5.617995e-01,5.618094e-01,5.618215e-01,5.618336e-01,5.621948e-01,5.622069e-01,5.622190e-01,5.622311e-01,5.622431e-01,5.622552e-01,5.618068e-01,5.621678e-01,5.621798e-01,5.621919e-01,5.622040e-01,5.621045e-01,5.621145e-01,5.624758e-01,5.624879e-01,5.620392e-01,5.620491e-01,5.624124e-01,5.623129e-01,5.623349e-01,5.622375e-01,5.622517e-01,5.622659e-01,5.618222e-01,5.618385e-01,5.617436e-01,5.617599e-01,5.613174e-01,5.613359e-01,5.612413e-01,5.608021e-01,5.611673e-01,5.607262e-01,5.607447e-01,5.606603e-01,5.606767e-01,5.605825e-01,5.601429e-01,5.601592e-01,5.597185e-01,5.597327e-01,5.596369e-01,5.591953e-01,5.595511e-01,5.591098e-01,5.590122e-01,5.590222e-01,5.585822e-01,5.584849e-01,5.584970e-01,5.580582e-01,5.579712e-01,5.579854e-01,5.578906e-01,5.574554e-01,5.574695e-01,5.570353e-01,5.570494e-01,5.566162e-01,5.561859e-01,5.565383e-01,5.561063e-01,5.556772e-01,5.560287e-01,5.555978e-01,5.556120e-01,5.551821e-01,5.547531e-01,5.547672e-01,5.543472e-01,5.543613e-01,5.539323e-01,5.536127e-01,5.531853e-01,5.528650e-01,5.524393e-01,5.521202e-01,5.516942e-01,5.517063e-01,5.509541e-01,5.509661e-01,5.506496e-01,5.499015e-01,5.495969e-01,5.492826e-01,5.488650e-01,5.485520e-01,5.482395e-01,5.478242e-01,5.475129e-01,5.472022e-01,5.468920e-01,5.461586e-01,5.458501e-01,5.455421e-01,5.452347e-01,5.446092e-01,5.443033e-01,5.436809e-01,5.433765e-01,5.434895e-01,5.420394e-01,5.421518e-01,5.419501e-01,5.417486e-01,5.412345e-01,5.406221e-01,5.401110e-01,5.395022e-01,5.388954e-01,5.386972e-01,5.377856e-01,5.371842e-01,5.362797e-01,5.357802e-01,5.348823e-01,5.339885e-01,5.330990e-01,5.322135e-01,5.313425e-01,5.297804e-01,5.290040e-01,5.274607e-01,5.266010e-01,5.257452e-01,5.249851e-01,5.242280e-01,5.224389e-01,5.210375e-01,5.196464e-01,5.189104e-01,5.178115e-01,5.166310e-01,5.152704e-01,5.132927e-01,5.113354e-01,5.100986e-01,5.080900e-01,5.067075e-01,5.053350e-01,5.045719e-01,5.032164e-01,5.018707e-01,5.006154e-01,4.987868e-01,4.967283e-01,4.943694e-01,4.923590e-01,4.902175e-01,4.888869e-01,4.867851e-01,4.855536e-01,4.837929e-01,4.822778e-01,4.805483e-01,4.793571e-01,4.776552e-01,4.764828e-01,4.751682e-01,4.752398e-01,4.756035e-01,4.753852e-01,4.737194e-01,4.719216e-01,4.706400e-01,4.693666e-01,4.676118e-01,4.664267e-01,4.648323e-01,4.626445e-01,4.600125e-01,4.567686e-01,4.531833e-01,4.500511e-01,4.462836e-01,4.420469e-01,4.385045e-01,4.346199e-01,4.311568e-01,4.273656e-01,4.250809e-01,4.204019e-01,4.152809e-01,4.092619e-01,4.041361e-01,3.970113e-01,3.898344e-01,3.832254e-01,3.758911e-01,3.706501e-01,3.635702e-01,3.570894e-01,3.507382e-01,3.437847e-01,3.368956e-01,3.324973e-01,3.271099e-01,3.202283e-01,3.144728e-01,3.087430e-01,3.041859e-01,2.988658e-01,2.936644e-01,2.888303e-01,2.848135e-01,2.813800e-01,2.773449e-01,2.734344e-01,2.702926e-01,2.664517e-01,2.632649e-01,2.601594e-01,2.571999e-01,2.548179e-01,2.524826e-01,2.500040e-01,2.476353e-01,2.453138e-01,2.434367e-01,2.417092e-01,2.398934e-01,2.380443e-01,2.362820e-01,2.349731e-01,2.332614e-01,2.315720e-01,2.303168e-01,2.290757e-01,2.283059e-01,2.271396e-01,2.259855e-01,2.252885e-01,2.242048e-01,2.235161e-01,2.229327e-01,2.222548e-01,2.216281e-01,2.210547e-01,2.204378e-01,2.198215e-01,2.192575e-01,2.190652e-01,2.185079e-01,2.184137e-01,2.183197e-01,2.182284e-01,2.177688e-01,2.176272e-01,2.175845e-01,2.174911e-01,2.178586e-01,2.177676e-01,2.177222e-01,2.175833e-01,2.179029e-01,2.177637e-01,2.181322e-01,2.184535e-01,2.188758e-01,2.188300e-01,2.191074e-01,2.198033e-01,2.201818e-01,2.205589e-01,2.212672e-01,2.219775e-01,2.227458e-01,2.238519e-01,2.246338e-01,2.254703e-01,2.265554e-01,2.273015e-01,2.284584e-01,2.296244e-01,2.303949e-01,2.319975e-01,2.328401e-01,2.340536e-01,2.352836e-01,2.362053e-01,2.378974e-01,2.386692e-01,2.398297e-01,2.410652e-01,2.423709e-01,2.432344e-01,2.445036e-01,2.457908e-01,2.467429e-01,2.485953e-01,2.495067e-01,2.509113e-01,2.524026e-01,2.537138e-01,2.547954e-01,2.562010e-01,2.578935e-01,2.594055e-01,2.604740e-01,2.620143e-01,2.636509e-01,2.646846e-01,2.664265e-01,2.677071e-01,2.695726e-01,2.707286e-01,2.719774e-01,2.738249e-01,2.750259e-01,2.762385e-01,2.782307e-01,2.794743e-01,2.808127e-01,2.821598e-01,2.834422e-01,2.853789e-01,2.862123e-01,2.882839e-01,2.897996e-01,2.904835e-01,2.918449e-01,2.940991e-01,2.949894e-01,2.964911e-01,2.980154e-01,2.995515e-01,3.011112e-01,3.019525e-01,3.035341e-01,3.050414e-01,3.058015e-01,3.074350e-01,3.083164e-01,3.097686e-01,3.114501e-01,3.122468e-01,3.140645e-01,3.148826e-01,3.162976e-01,3.171288e-01,3.189016e-01,3.197414e-01,3.205928e-01,3.222972e-01,3.232701e-01,3.241426e-01,3.257748e-01,3.267714e-01,3.276654e-01,3.285647e-01,3.304782e-01,3.313951e-01,3.323178e-01,3.333604e-01,3.342956e-01,3.352367e-01,3.364240e-01,3.374090e-01,3.379604e-01,3.388227e-01,3.395708e-01,3.402847e-01,3.410713e-01,3.419280e-01,3.426182e-01,3.435824e-01,3.442876e-01,3.452194e-01,3.458007e-01,3.466167e-01,3.474300e-01,3.482551e-01,3.489827e-01,3.499442e-01,3.507834e-01,3.512827e-01,3.523632e-01,3.527297e-01,3.536100e-01,3.543635e-01,3.550142e-01,3.559415e-01,3.566718e-01,3.577244e-01,3.582383e-01,3.591925e-01,3.600003e-01,3.606743e-01,3.611306e-01,3.619481e-01,3.625194e-01,3.636046e-01,3.644429e-01,3.654643e-01,3.665779e-01,3.674693e-01,3.679377e-01,3.688738e-01,3.695000e-01,3.702908e-01,3.710484e-01,3.718017e-01,3.724853e-01,3.734489e-01,3.740937e-01,3.748695e-01,3.755280e-01,3.762204e-01,3.766795e-01,3.774598e-01,3.777212e-01,3.784307e-01,3.789721e-01,3.798113e-01,3.803653e-01,3.810783e-01,3.815111e-01,3.820708e-01,3.824981e-01,3.831880e-01,3.834911e-01,3.840168e-01,3.847541e-01,3.853168e-01,3.860187e-01,3.864563e-01,3.866906e-01,3.872681e-01,3.875786e-01,3.879867e-01,3.882986e-01,3.887084e-01,3.887170e-01,3.893020e-01,3.897986e-01,3.903787e-01,3.905280e-01,3.909776e-01,3.913032e-01,3.917548e-01,3.915521e-01,3.921806e-01,3.925079e-01,3.929193e-01,3.930272e-01,3.934398e-01,3.935911e-01,3.937832e-01,3.936210e-01,3.942139e-01,3.940080e-01,3.937596e-01,3.937245e-01,3.938332e-01,3.931293e-01,3.930599e-01,3.927564e-01,3.926876e-01,3.918124e-01,3.914341e-01,3.910912e-01,3.906723e-01,3.901987e-01,3.896502e-01,3.891372e-01,3.887233e-01,3.878694e-01,3.874588e-01,3.866115e-01,3.860757e-01,3.860840e-01,3.879410e-01,3.870913e-01,3.867246e-01,3.860522e-01,3.853899e-01,3.845540e-01,3.840658e-01,3.834040e-01,3.827123e-01,3.818903e-01,3.812451e-01,3.801418e-01,3.794566e-01,3.788207e-01,3.778565e-01,3.770662e-01,3.762337e-01,3.752026e-01,3.745071e-01,3.736064e-01,3.729933e-01,3.723752e-01,3.717220e-01,3.706899e-01,3.700808e-01,3.692421e-01,3.684936e-01,3.677415e-01,3.667646e-01,3.659144e-01,3.652107e-01,3.642854e-01,3.635603e-01,3.630497e-01,3.623588e-01,3.617133e-01,3.610284e-01,3.600928e-01,3.597094e-01,3.591027e-01,3.583212e-01,3.575437e-01,3.570248e-01,3.562538e-01,3.558731e-01,3.552476e-01,3.548761e-01,3.541830e-01,3.536691e-01,3.529818e-01,3.525121e-01,3.520373e-01,3.515970e-01,3.511579e-01,3.508230e-01,3.502901e-01,3.501948e-01,3.500623e-01,3.498969e-01,3.495973e-01,3.498037e-01,3.498124e-01,3.498842e-01,3.496821e-01,3.497864e-01,3.501281e-01,3.500606e-01,3.500628e-01,3.498974e-01,3.497974e-01,3.496977e-01,3.495717e-01,3.494071e-01,3.490718e-01,3.485713e-01,3.481732e-01,3.479737e-01,3.473760e-01,3.469810e-01,3.466190e-01,3.460266e-01,3.453370e-01,3.448798e-01,3.445896e-01,3.441660e-01,3.436142e-01,3.430644e-01,3.426140e-01,3.423900e-01,3.418756e-01,3.416840e-01,3.414614e-01,3.413668e-01,3.409215e-01,3.407310e-01,3.406369e-01,3.406696e-01,3.405755e-01,3.405125e-01,3.405452e-01,3.408974e-01,3.413467e-01,3.411560e-01,3.412548e-01,3.413845e-01,3.413868e-01,3.418382e-01,3.420653e-01,3.420366e-01,3.421359e-01,3.420702e-01,3.421695e-01,3.418849e-01,3.416975e-01,3.412863e-01,3.409725e-01,3.408170e-01,3.410118e-01,3.410796e-01,3.410144e-01,3.412751e-01,3.411541e-01,3.413184e-01,3.413864e-01,3.415204e-01,3.415207e-01,3.417823e-01,3.422692e-01,3.424037e-01,3.425072e-01,3.429907e-01,3.430943e-01,3.434249e-01,3.435604e-01,3.439234e-01,3.440530e-01,3.441884e-01,3.440646e-01,3.441020e-01,3.441391e-01,3.442076e-01,3.441089e-01,3.442443e-01,3.444114e-01,3.447759e-01,3.445842e-01,3.447456e-01,3.448143e-01,3.448515e-01,3.452488e-01,3.451554e-01,3.451926e-01,3.453293e-01,3.452302e-01,3.455292e-01,3.455668e-01,3.455055e-01,3.450834e-01,3.451529e-01,3.451491e-01,3.449575e-01,3.444349e-01,3.443074e-01,3.440816e-01,3.437523e-01,3.436879e-01,3.436236e-01,3.431059e-01,3.428409e-01,3.426133e-01,3.417462e-01,3.410418e-01,3.400167e-01,3.388753e-01,3.383087e-01,3.376144e-01,3.368052e-01,3.350717e-01,3.332375e-01,3.324461e-01,3.308810e-01,3.283281e-01,3.265701e-01,3.250659e-01,3.227239e-01,3.203037e-01,3.179285e-01,3.154850e-01,3.131829e-01,3.092620e-01,3.069624e-01,3.016377e-01,2.978318e-01,2.937145e-01,2.903916e-01,2.857478e-01,2.822303e-01,2.774924e-01,2.734678e-01,2.669066e-01,2.616063e-01,2.565218e-01,2.506433e-01,2.454494e-01,2.390587e-01,2.332563e-01,2.241834e-01,2.175364e-01,2.110139e-01,2.048672e-01,1.975998e-01,1.915675e-01,1.822091e-01,1.756248e-01,1.694163e-01,1.633942e-01,1.570594e-01,1.494311e-01,1.435357e-01,1.383666e-01,1.333932e-01,1.284189e-01,1.224920e-01,1.182217e-01,1.144149e-01,1.109270e-01,1.079057e-01,1.034825e-01,1.008812e-01,9.846056e-02,9.593202e-02,9.336978e-02,9.091110e-02,8.929327e-02,8.771846e-02,8.618956e-02,8.470096e-02,8.325851e-02,8.247782e-02,8.111090e-02,8.037944e-02,7.906192e-02,7.838404e-02,7.770795e-02,7.706191e-02,7.642685e-02,7.580766e-02,7.520208e-02,7.515305e-02,7.452908e-02,7.447901e-02,7.389238e-02,7.382339e-02,7.378818e-02,7.375454e-02,7.317697e-02,7.314366e-02,7.310895e-02,7.308261e-02,7.359893e-02,7.359192e-02,7.357235e-02,7.353874e-02,7.405365e-02,7.405363e-02,7.459628e-02,7.459077e-02,7.512394e-02,7.567274e-02,7.567463e-02,7.623591e-02,7.679870e-02,7.736862e-02,7.796672e-02,7.796135e-02,7.855398e-02,7.918356e-02,7.978405e-02,8.041401e-02,8.102223e-02,8.166342e-02,8.231868e-02,8.296886e-02,8.362788e-02,8.430118e-02,8.497836e-02,8.566490e-02,8.636622e-02,8.707205e-02,8.776893e-02,8.849017e-02,8.993812e-02,8.994292e-02,9.145734e-02,9.223607e-02,9.226195e-02,9.358808e-02,9.437134e-02,9.534719e-02,9.603887e-02,9.720373e-02,9.788965e-02,9.850329e-02,9.966659e-02,1.004561e-01,1.014686e-01,1.022147e-01,1.034426e-01,1.041056e-01,1.052545e-01,1.060759e-01,1.067951e-01,1.079915e-01,1.088143e-01,1.099729e-01,1.106969e-01,1.118481e-01,1.125984e-01,1.136875e-01,1.145683e-01,1.155307e-01,1.163053e-01,1.174474e-01,1.182449e-01,1.192788e-01,1.200662e-01,1.211617e-01,1.218950e-01,1.229907e-01,1.238053e-01,1.244018e-01,1.255340e-01,1.266848e-01,1.274252e-01,1.284357e-01,1.291946e-01,1.302079e-01,1.308235e-01,1.318985e-01,1.324900e-01,1.334057e-01,1.340293e-01,1.351324e-01,1.357506e-01,1.366425e-01,1.372116e-01,1.382046e-01,1.386265e-01,1.393234e-01,1.399131e-01,1.406706e-01,1.416009e-01,1.418230e-01,1.425997e-01,1.430467e-01,1.437815e-01,1.438398e-01,1.446371e-01,1.452138e-01,1.456762e-01,1.460854e-01,1.463210e-01,1.471440e-01,1.472051e-01,1.478010e-01,1.482215e-01,1.484637e-01,1.488877e-01,1.489502e-01,1.496180e-01,1.502324e-01,1.502960e-01,1.507300e-01,1.507941e-01,1.510443e-01,1.514824e-01,1.515471e-01,1.519880e-01,1.523024e-01,1.525574e-01,1.528133e-01,1.528764e-01,1.531334e-01,1.538370e-01,1.537112e-01,1.544199e-01,1.542933e-01,1.550070e-01,1.555300e-01,1.556612e-01,1.561884e-01,1.567189e-01,1.570522e-01,1.576499e-01,1.581898e-01,1.585291e-01,1.588697e-01,1.596899e-01,1.598281e-01,1.604488e-01,1.610071e-01,1.614229e-01,1.617755e-01,1.626245e-01,1.627677e-01,1.634104e-01,1.637715e-01,1.642037e-01,1.648547e-01,1.652220e-01,1.653697e-01,1.660321e-01,1.664043e-01,1.668474e-01,1.669980e-01,1.676729e-01,1.680523e-01,1.685063e-01,1.686598e-01,1.693453e-01,1.695003e-01,1.699620e-01,1.703514e-01,1.708174e-01,1.709728e-01,1.714423e-01,1.718383e-01,1.723123e-01,1.724727e-01,1.729500e-01,1.733505e-01,1.735902e-01,1.743172e-01,1.744813e-01,1.749695e-01,1.752134e-01,1.757034e-01,1.758700e-01,1.763657e-01,1.768641e-01,1.767819e-01,1.772805e-01,1.777840e-01,1.780357e-01,1.782068e-01,1.784597e-01,1.789698e-01,1.792227e-01,1.797370e-01,1.802542e-01,1.807742e-01,1.806886e-01,1.812111e-01,1.814706e-01,1.819975e-01,1.822611e-01,1.825254e-01,1.827032e-01,1.829688e-01,1.832352e-01,1.837722e-01,1.840408e-01,1.843083e-01,1.842196e-01,1.847623e-01,1.850338e-01,1.853042e-01,1.852145e-01,1.854874e-01,1.857610e-01,1.856689e-01,1.859431e-01,1.862181e-01,1.864939e-01,1.867704e-01,1.870478e-01,1.869546e-01,1.869525e-01,1.872305e-01,1.875093e-01,1.877889e-01,1.880674e-01,1.883486e-01,1.886307e-01,1.886287e-01,1.889116e-01,1.891953e-01,1.894779e-01,1.894758e-01,1.897612e-01,1.900473e-01,1.900433e-01,1.903303e-01,1.906181e-01,1.906159e-01,1.912897e-01,1.912856e-01,1.915763e-01,1.915741e-01,1.922546e-01,1.922506e-01,1.925442e-01,1.929337e-01,1.932294e-01,1.932273e-01,1.939177e-01,1.939156e-01,1.943106e-01,1.946105e-01,1.953107e-01,1.957113e-01,1.960155e-01,1.964189e-01,1.964167e-01,1.971315e-01,1.971276e-01,1.978476e-01,1.982586e-01,1.982564e-01,1.989846e-01,1.989826e-01,1.993967e-01,1.998142e-01,1.998123e-01,2.002316e-01,2.006526e-01,2.006491e-01,2.010721e-01,2.010703e-01,2.018195e-01,2.018161e-01,2.022441e-01,2.026739e-01,2.026723e-01,2.031040e-01,2.031009e-01,2.035344e-01,2.035330e-01,2.039684e-01,2.039653e-01,2.044027e-01,2.044013e-01,2.048405e-01,2.048376e-01,2.048362e-01,2.052773e-01,2.049403e-01,2.049373e-01,2.049359e-01,2.053776e-01,2.053762e-01,2.053731e-01,2.053718e-01,2.053703e-01,2.049256e-01,2.045876e-01,2.045861e-01,2.041445e-01,2.037045e-01,2.029368e-01,2.029334e-01,2.024983e-01,2.016350e-01,2.008818e-01,2.004549e-01,1.996060e-01,1.988668e-01,1.980324e-01,1.976167e-01,1.964820e-01,1.956662e-01,1.945503e-01,1.937495e-01,1.922633e-01,1.914800e-01,1.900263e-01,1.892599e-01,1.882134e-01,1.870876e-01,1.860608e-01,1.846828e-01,1.839560e-01,1.826068e-01,1.816276e-01,1.805736e-01,1.796144e-01,1.783235e-01,1.776389e-01,1.763739e-01,1.757059e-01,1.747935e-01,1.735653e-01,1.726731e-01,1.717892e-01,1.709135e-01,1.702791e-01,1.694172e-01,1.685632e-01,1.674133e-01,1.665775e-01,1.662740e-01,1.654484e-01,1.649246e-01,1.638897e-01,1.633710e-01,1.625710e-01,1.622802e-01,1.617742e-01,1.612708e-01,1.607703e-01,1.599927e-01,1.594992e-01,1.590083e-01,1.582458e-01,1.574898e-01,1.568054e-01,1.563249e-01,1.553839e-01,1.546519e-01,1.541870e-01,1.537244e-01,1.528109e-01,1.523556e-01,1.519027e-01,1.514520e-01,1.508131e-01,1.501184e-01,1.494893e-01,1.490511e-01,1.486150e-01,1.481812e-01,1.475661e-01,1.471330e-01,1.465254e-01,1.463399e-01,1.457379e-01,1.455541e-01,1.451924e-01,1.452446e-01,1.448841e-01,1.447020e-01,1.445768e-01,1.446285e-01,1.440944e-01,1.443783e-01,1.440213e-01,1.438969e-01,1.437168e-01,1.438238e-01,1.436438e-01,1.432945e-01,1.429973e-01,1.428190e-01,1.426962e-01,1.423460e-01,1.419973e-01,1.420471e-01,1.413091e-01,1.409647e-01,1.407905e-01,1.404482e-01,1.398915e-01,1.395529e-01,1.391628e-01,1.385031e-01,1.381180e-01,1.377867e-01,1.374567e-01,1.369206e-01,1.362742e-01,1.361095e-01,1.355825e-01,1.352614e-01,1.349417e-01,1.346232e-01,1.341557e-01,1.340447e-01,1.337298e-01,1.336194e-01,1.333061e-01,1.328899e-01,1.329387e-01,1.326767e-01,1.323670e-01,1.320586e-01,1.319503e-01,1.315412e-01,1.314336e-01,1.315241e-01,1.312188e-01,1.311115e-01,1.305580e-01,1.304517e-01,1.303454e-01,1.302393e-01,1.298387e-01,1.295397e-01,1.292419e-01,1.288000e-01,1.286958e-01,1.283086e-01,1.280154e-01,1.275805e-01,1.274778e-01,1.269495e-01,1.269890e-01,1.265598e-01,1.261387e-01,1.260378e-01,1.255194e-01,1.252365e-01,1.248171e-01,1.247236e-01,1.240345e-01,1.237572e-01,1.235240e-01,1.232484e-01,1.225787e-01,1.223066e-01,1.219034e-01,1.216396e-01,1.209788e-01,1.204118e-01,1.200248e-01,1.199313e-01,1.192917e-01,1.190315e-01,1.186519e-01,1.183939e-01,1.177681e-01,5.136271e-03,5.136271e-03,5.136271e-03,5.136271e-03,5.136271e-03,5.136271e-03,5.136271e-03,5.136271e-03,5.136271e-03,5.136271e-03,5.136271e-03,5.136271e-03,5.136271e-03,5.136271e-03,5.136271e-03,5.136271e-03,5.136271e-03,5.136271e-03,5.136271e-03,5.136271e-03,5.136271e-03,5.136271e-03,5.136271e-03,5.136271e-03,5.136271e-03,5.136271e-03,5.136271e-03,5.136271e-03,5.136271e-03,5.136271e-03,5.136271e-03,5.136271e-03,5.136271e-03,5.136271e-03,5.136271e-03,5.136271e-03,5.136271e-03,5.136271e-03,5.136271e-03,5.136271e-03,5.136271e-03,5.136271e-03,5.136271e-03,5.136271e-03,5.136271e-03,5.136271e-03,5.136271e-03,5.136271e-03,5.136271e-03,5.136271e-03,5.136271e-03,5.136271e-03,5.136271e-03,5.136271e-03,5.136271e-03,5.136271e-03,5.136271e-03,5.136271e-03,5.136271e-03,5.136271e-03,5.136271e-03,5.136271e-03,5.136271e-03,5.136271e-03,5.136271e-03,5.136271e-03,5.136271e-03,5.136271e-03,5.136271e-03,5.136271e-03,5.136271e-03,5.136271e-03,5.136271e-03,5.136271e-03,5.136271e-03,5.136271e-03,5.136271e-03,5.136271e-03,5.136271e-03,5.136271e-03,5.136271e-03,5.136271e-03,5.136271e-03,5.136271e-03,5.136271e-03,5.136271e-03,5.136271e-03,5.136271e-03,5.136271e-03,5.136271e-03,5.136271e-03,5.136271e-03,5.136271e-03,5.136271e-03,5.136271e-03,5.136271e-03,5.136271e-03,5.136271e-03,5.136271e-03,5.136271e-03,5.136271e-03,5.136271e-03,5.136271e-03,5.136271e-03,5.136271e-03,5.136271e-03,5.136271e-03,5.136271e-03,5.136271e-03,5.136271e-03,5.136271e-03,5.136271e-03,5.136271e-03,5.136271e-03,5.136271e-03,5.136271e-03,5.136271e-03,5.136271e-03,5.136271e-03,5.136271e-03,5.136271e-03,5.136271e-03,5.136271e-03,5.136271e-03,5.136271e-03,5.136271e-03,5.136271e-03,5.136271e-03,5.136271e-03,5.136271e-03,5.136271e-03,5.136271e-03,5.136271e-03,5.136271e-03,5.136271e-03,5.136271e-03,5.136271e-03,5.136271e-03,5.136271e-03,5.136271e-03,5.136271e-03,5.136271e-03,5.136271e-03,5.136271e-03,5.136271e-03,5.136271e-03,5.136271e-03,5.136271e-03,5.136271e-03,5.136271e-03,5.136271e-03,5.136271e-03,5.136271e-03,5.136271e-03,5.136271e-03,5.136271e-03,5.136271e-03,5.136271e-03,5.136271e-03,5.136271e-03,5.136271e-03
3.472187e-02,3.465332e-02,3.458126e-02,3.451609e-02,3.446048e-02,3.441676e-02,3.437300e-02,3.433952e-02,3.430576e-02,3.426326e-02,3.422473e-02,3.417145e-02,3.413194e-02,3.409884e-02,3.405919e-02,3.403095e-02,3.400285e-02,3.397298e-02,3.395254e-02,3.392015e-02,3.388955e-02,3.385072e-02,3.381114e-02,3.378044e-02,3.375852e-02,3.372643e-02,3.369766e-02,3.367018e-02,3.363962e-02,3.361036e-02,3.357984e-02,3.353698e-02,3.350572e-02,3.347070e-02,3.344866e-02,3.342788e-02,3.339835e-02,3.338308e-02,3.336775e-02,3.334864e-02,3.334408e-02,3.335585e-02,3.336729e-02,3.338679e-02,3.340742e-02,3.344827e-02,3.349220e-02,3.353119e-02,3.360011e-02,3.368497e-02,3.377904e-02,3.389776e-02,3.403585e-02,3.417922e-02,3.432639e-02,3.447319e-02,3.463121e-02,3.478629e-02,3.493508e-02,3.508013e-02,3.520720e-02,3.533005e-02,3.543982e-02,3.553361e-02,3.564191e-02,3.574826e-02,3.585148e-02,3.594935e-02,3.602702e-02,3.611347e-02,3.619784e-02,3.625315e-02,3.631474e-02,3.637585e-02,3.642520e-02,3.647823e-02,3.653201e-02,3.660983e-02,3.667761e-02,3.675383e-02,3.683924e-02,3.694742e-02,3.708813e-02,3.724780e-02,3.742926e-02,3.765006e-02,3.791080e-02,3.819952e-02,3.854339e-02,3.893172e-02,3.936925e-02,3.983722e-02,4.036654e-02,4.095602e-02,4.159384e-02,4.228636e-02,4.305411e-02,4.389668e-02,4.480478e-02,4.579023e-02,4.686912e-02,4.800033e-02,4.922302e-02,5.053778e-02,5.194775e-02,5.343917e-02,5.502936e-02,5.674235e-02,5.857382e-02,6.045021e-02,6.245586e-02,6.455167e-02,6.674573e-02,6.909657e-02,7.155139e-02,7.401816e-02,7.655274e-02,7.913986e-02,8.175778e-02,8.438936e-02,8.701473e-02,8.956221e-02,9.206466e-02,9.444613e-02,9.672408e-02,9.883167e-02,1.007205e-01,1.024813e-01,1.040902e-01,1.054731e-01,1.067227e-01,1.078397e-01,1.089385e-01,1.097427e-01,1.104555e-01,1.110010e-01,1.114701e-01,1.117682e-01,1.120414e-01,1.121962e-01,1.124271e-01,1.123906e-01,1.122979e-01,1.123671e-01,1.123176e-01,1.124036e-01,1.123801e-01,1.124991e-01,1.124975e-01,1.124913e-01,1.125734e-01,1.124989e-01,1.123830e-01,1.122538e-01,1.120276e-01,1.116675e-01,1.111453e-01,1.106726e-01,1.100301e-01,1.093356e-01,1.086472e-01,1.080095e-01,1.071951e-01,1.063963e-01,1.055198e-01,1.045363e-01,1.034881e-01,1.022573e-01,1.010655e-01,9.980537e-02,9.852037e-02,9.721950e-02,9.592546e-02,9.465626e-02,9.343602e-02,9.226077e-02,9.114714e-02,9.008481e-02,8.909786e-02,8.815410e-02,8.726401e-02,8.640072e-02,8.558797e-02,8.482365e-02,8.410274e-02,8.340874e-02,8.277333e-02,8.218380e-02,8.164200e-02,8.112881e-02,8.067970e-02,8.026692e-02,7.989453e-02,7.949339e-02,7.919539e-02,7.892830e-02,7.867739e-02,7.842597e-02,7.818000e-02,7.792570e-02,7.759312e-02,7.727984e-02,7.694151e-02,7.656684e-02,7.608145e-02,7.560858e-02,7.507728e-02,7.444188e-02,7.381119e-02,7.314095e-02,7.244974e-02,7.170965e-02,7.099103e-02,7.025453e-02,6.947388e-02,6.876182e-02,6.803502e-02,6.737545e-02,6.675712e-02,6.616774e-02,6.568562e-02,6.520279e-02,6.483527e-02,6.448431e-02,6.422866e-02,6.398440e-02,6.378216e-02,6.367110e-02,6.355243e-02,6.347958e-02,6.335305e-02,6.324879e-02,6.305665e-02,6.277829e-02,6.246139e-02,6.200346e-02,6.147884e-02,6.078039e-02,6.000592e-02,5.915728e-02,5.822323e-02,5.721581e-02,5.620082e-02,5.512834e-02,5.406207e-02,5.300248e-02,5.202070e-02,5.107243e-02,5.018956e-02,4.944984e-02,4.875491e-02,4.816346e-02,4.760871e-02,4.710443e-02,4.656057e-02,4.597759e-02,4.533694e-02,4.462274e-02,4.382478e-02,4.294095e-02,4.201024e-02,4.101134e-02,4.002754e-02,3.904779e-02,3.811389e-02,3.722671e-02,3.640510e-02,3.570241e-02,3.508198e-02,3.456872e-02,3.411857e-02,3.376271e-02,3.347764e-02,3.324960e-02,3.306802e-02,3.295293e-02,3.287050e-02,3.287541e-02,3.292486e-02,3.313636e-02,3.342993e-02,3.402564e-02,3.476658e-02,3.590456e-02,3.731733e-02,3.924390e-02,4.156761e-02,4.441954e-02,4.777624e-02,5.179428e-02,5.638168e-02,6.157834e-02,6.737905e-02,7.386214e-02,8.085393e-02,8.824552e-02,9.609494e-02,1.043622e-01,1.128558e-01,1.214672e-01,1.302281e-01,1.391591e-01,1.479161e-01,1.565533e-01,1.650856e-01,1.734513e-01,1.816835e-01,1.897638e-01,1.977266e-01,2.059570e-01,2.137803e-01,2.215054e-01,2.291846e-01,2.368172e-01,2.444380e-01,2.519955e-01,2.595445e-01,2.670485e-01,2.744984e-01,2.819229e-01,2.899876e-01,2.973243e-01,3.046148e-01,3.115910e-01,3.187074e-01,3.257294e-01,3.326570e-01,3.395352e-01,3.462308e-01,3.527937e-01,3.592140e-01,3.654701e-01,3.716267e-01,3.776507e-01,3.833483e-01,3.889777e-01,3.944756e-01,3.997847e-01,4.047935e-01,4.098008e-01,4.146118e-01,4.189078e-01,4.232284e-01,4.271870e-01,4.311712e-01,4.348019e-01,4.384663e-01,4.417729e-01,4.451060e-01,4.481358e-01,4.511818e-01,4.539053e-01,4.566541e-01,4.596325e-01,4.624411e-01,4.654737e-01,4.683395e-01,4.712159e-01,4.743183e-01,4.772268e-01,4.803686e-01,4.830779e-01,4.860045e-01,4.889288e-01,4.916182e-01,4.945137e-01,4.974007e-01,5.002665e-01,5.028656e-01,5.056621e-01,5.084295e-01,5.111519e-01,5.138167e-01,5.164339e-01,5.189801e-01,5.214561e-01,5.238623e-01,5.261764e-01,5.283984e-01,5.305206e-01,5.325373e-01,5.339493e-01,5.356488e-01,5.373608e-01,5.390872e-01,5.408221e-01,5.425805e-01,5.443558e-01,5.458436e-01,5.476427e-01,5.494531e-01,5.509796e-01,5.528286e-01,5.543802e-01,5.559364e-01,5.575098e-01,5.590968e-01,5.610090e-01,5.626229e-01,5.642488e-01,5.658822e-01,5.675322e-01,5.691935e-01,5.708640e-01,5.722168e-01,5.739155e-01,5.756280e-01,5.773473e-01,5.790914e-01,5.804926e-01,5.822593e-01,5.836834e-01,5.851158e-01,5.869200e-01,5.883743e-01,5.898386e-01,5.913112e-01,5.927921e-01,5.942851e-01,5.957910e-01,5.973051e-01,5.988224e-01,6.003511e-01,6.015075e-01,6.030592e-01,6.046100e-01,6.057595e-01,6.073377e-01,6.089235e-01,6.104965e-01,6.116941e-01,6.129003e-01,6.145099e-01,6.157190e-01,6.169553e-01,6.186200e-01,6.198646e-01,6.211261e-01,6.223998e-01,6.241024e-01,6.253893e-01,6.266880e-01,6.279931e-01,6.293030e-01,6.306259e-01,6.319568e-01,6.332974e-01,6.346467e-01,6.360029e-01,6.373599e-01,6.387374e-01,6.401190e-01,6.410420e-01,6.424381e-01,6.433754e-01,6.447840e-01,6.461970e-01,6.471561e-01,6.485936e-01,6.495478e-01,6.509986e-01,6.519704e-01,6.534313e-01,6.544138e-01,6.553997e-01,6.563855e-01,6.578731e-01,6.588719e-01,6.598766e-01,6.608919e-01,6.624113e-01,6.634220e-01,6.644421e-01,6.654720e-01,6.664928e-01,6.675244e-01,6.685683e-01,6.696042e-01,6.706553e-01,6.717061e-01,6.727546e-01,6.732794e-01,6.743462e-01,6.754134e-01,6.764861e-01,6.770235e-01,6.781121e-01,6.792063e-01,6.802863e-01,6.808341e-01,6.819384e-01,6.830388e-01,6.835878e-01,6.841452e-01,6.852729e-01,6.858288e-01,6.869408e-01,6.875080e-01,6.886452e-01,6.891981e-01,6.897624e-01,6.903323e-01,6.908851e-01,6.914450e-01,6.920247e-01,6.926018e-01,6.931688e-01,6.937198e-01,6.942878e-01,6.948648e-01,6.954433e-01,6.960086e-01,6.965602e-01,6.971209e-01,6.977007e-01,6.982858e-01,6.988419e-01,6.993579e-01,6.999085e-01,7.004820e-01,7.010554e-01,7.015891e-01,7.020619e-01,7.025859e-01,7.031284e-01,7.036602e-01,7.041908e-01,7.047190e-01,7.052216e-01,7.057218e-01,7.061619e-01,7.066345e-01,7.071071e-01,7.075508e-01,7.080544e-01,7.085008e-01,7.087894e-01,7.091720e-01,7.095870e-01,7.100321e-01,7.103889e-01,7.105243e-01,7.108786e-01,7.112653e-01,7.115887e-01,7.119165e-01,7.121781e-01,7.125027e-01,7.128623e-01,7.129381e-01,7.127021e-01,7.127464e-01,7.129492e-01,7.129935e-01,7.130096e-01,7.130540e-01,7.131927e-01,7.133347e-01,7.135681e-01,7.138057e-01,7.140112e-01,7.141189e-01,7.144844e-01,7.150041e-01,7.154336e-01,7.158919e-01,7.163212e-01,7.168131e-01,7.173731e-01,7.178325e-01,7.183930e-01,7.188895e-01,7.193501e-01,7.199123e-01,7.203731e-01,7.208718e-01,7.214041e-01,7.220319e-01,7.225667e-01,7.231702e-01,7.237708e-01,7.243773e-01,7.249523e-01,7.255944e-01,7.262075e-01,7.268555e-01,7.274351e-01,7.281199e-01,7.288087e-01,7.294615e-01,7.300857e-01,7.308120e-01,7.314737e-01,7.321340e-01,7.327631e-01,7.334654e-01,7.341324e-01,7.347972e-01,7.355379e-01,7.362107e-01,7.368831e-01,7.375574e-01,7.382669e-01,7.389100e-01,7.395900e-01,7.402718e-01,7.409910e-01,7.416381e-01,7.423597e-01,7.430873e-01,7.437423e-01,7.444741e-01,7.451327e-01,7.458326e-01,7.464611e-01,7.472034e-01,7.478354e-01,7.484680e-01,7.491034e-01,7.498138e-01,7.504894e-01,7.511670e-01,7.518439e-01,7.525252e-01,7.532059e-01,7.538512e-01,7.544981e-01,7.550701e-01,7.557553e-01,7.564062e-01,7.570573e-01,7.575575e-01,7.580587e-01,7.586380e-01,7.592176e-01,7.597985e-01,7.603807e-01,7.609259e-01,7.615108e-01,7.620584e-01,7.626072e-01,7.630786e-01,7.636324e-01,7.641457e-01,7.645838e-01,7.650627e-01,7.655024e-01,7.659820e-01,7.665029e-01,7.669476e-01,7.673934e-01,7.678004e-01,7.682425e-01,7.686429e-01,7.690785e-01,7.694273e-01,7.698163e-01,7.701610e-01,7.705032e-01,7.708326e-01,7.711990e-01,7.715584e-01,7.718730e-01,7.721850e-01,7.724438e-01,7.727402e-01,7.729966e-01,7.732773e-01,7.735583e-01,7.737790e-01,7.740089e-01,7.742225e-01,7.744250e-01,7.746307e-01,7.748253e-01,7.750078e-01,7.751049e-01,7.752426e-01,7.754046e-01,7.755635e-01,7.757174e-01,7.757807e-01,7.758366e-01,7.758926e-01,7.759320e-01,7.760122e-01,7.760433e-01,7.761060e-01,7.761214e-01,7.761302e-01,7.760908e-01,7.760440e-01,7.760303e-01,7.760501e-01,7.760225e-01,7.759468e-01,7.758229e-01,7.756916e-01,7.755112e-01,7.754464e-01,7.753741e-01,7.752981e-01,7.751409e-01,7.749837e-01,7.749068e-01,7.748310e-01,7.747146e-01,7.745578e-01,7.743607e-01,7.742436e-01,7.741680e-01,7.740521e-01,7.738554e-01,7.736962e-01,7.736611e-01,7.737057e-01,7.736706e-01,7.734743e-01,7.732783e-01,7.731257e-01,7.729701e-01,7.727766e-01,7.725040e-01,7.722318e-01,7.720399e-01,7.718882e-01,7.715767e-01,7.710654e-01,7.705163e-01,7.700875e-01,7.696596e-01,7.690742e-01,7.681326e-01,7.670801e-01,7.661464e-01,7.652942e-01,7.644834e-01,7.636372e-01,7.625987e-01,7.611849e-01,7.593588e-01,7.575843e-01,7.563096e-01,7.551910e-01,7.537809e-01,7.518641e-01,7.498896e-01,7.485109e-01,7.475371e-01,7.466753e-01,7.456734e-01,7.444974e-01,7.434338e-01,7.423784e-01,7.413245e-01,7.406281e-01,7.402836e-01,7.399397e-01,7.395987e-01,7.392582e-01,7.389182e-01,7.385812e-01,7.382446e-01,7.382553e-01,7.379193e-01,7.379311e-01,7.379442e-01,7.379549e-01,7.376194e-01,7.376301e-01,7.376384e-01,7.376468e-01,7.373093e-01,7.369700e-01,7.369759e-01,7.369818e-01,7.369854e-01,7.369913e-01,7.369972e-01,7.366560e-01,7.366620e-01,7.366679e-01,7.366750e-01,7.363367e-01,7.363426e-01,7.360049e-01,7.360108e-01,7.360191e-01,7.360227e-01,7.356854e-01,7.356914e-01,7.356949e-01,7.357008e-01,7.353618e-01,7.353653e-01,7.353688e-01,7.353724e-01,7.353735e-01,7.353770e-01,7.353805e-01,7.357266e-01,7.357301e-01,7.357336e-01,7.357371e-01,7.357406e-01,7.357440e-01,7.353966e-01,7.357425e-01,7.357459e-01,7.357494e-01,7.357529e-01,7.357478e-01,7.357489e-01,7.360951e-01,7.360986e-01,7.357507e-01,7.357517e-01,7.361003e-01,7.360952e-01,7.360996e-01,7.360969e-01,7.361028e-01,7.361086e-01,7.357657e-01,7.357739e-01,7.357737e-01,7.357820e-01,7.354396e-01,7.354503e-01,7.354501e-01,7.351106e-01,7.354630e-01,7.351211e-01,7.351319e-01,7.351327e-01,7.351410e-01,7.351408e-01,7.347995e-01,7.348078e-01,7.344645e-01,7.344704e-01,7.344678e-01,7.341227e-01,7.344662e-01,7.341211e-01,7.341161e-01,7.341170e-01,7.337725e-01,7.337675e-01,7.337709e-01,7.334270e-01,7.334230e-01,7.334288e-01,7.334262e-01,7.330853e-01,7.330911e-01,7.327507e-01,7.327565e-01,7.324166e-01,7.320796e-01,7.324224e-01,7.320830e-01,7.317465e-01,7.320887e-01,7.317499e-01,7.317557e-01,7.314174e-01,7.310795e-01,7.310854e-01,7.307467e-01,7.307526e-01,7.304134e-01,7.300854e-01,7.297472e-01,7.294179e-01,7.290807e-01,7.287523e-01,7.284138e-01,7.284173e-01,7.277512e-01,7.277547e-01,7.274283e-01,7.267651e-01,7.264414e-01,7.261169e-01,7.257847e-01,7.254611e-01,7.251381e-01,7.248074e-01,7.244852e-01,7.241636e-01,7.238424e-01,7.231897e-01,7.228699e-01,7.225506e-01,7.222317e-01,7.215917e-01,7.212742e-01,7.206369e-01,7.203207e-01,7.203323e-01,7.190453e-01,7.190569e-01,7.187509e-01,7.184453e-01,7.178238e-01,7.171962e-01,7.165781e-01,7.159539e-01,7.153314e-01,7.150304e-01,7.140992e-01,7.134818e-01,7.125569e-01,7.119513e-01,7.110326e-01,7.101175e-01,7.092062e-01,7.082984e-01,7.073963e-01,7.058872e-01,7.050001e-01,7.035067e-01,7.026214e-01,7.017395e-01,7.008683e-01,7.000005e-01,6.982490e-01,6.968062e-01,6.953725e-01,6.945254e-01,6.933900e-01,6.922533e-01,6.908462e-01,6.888846e-01,6.869398e-01,6.855737e-01,6.836501e-01,6.822902e-01,6.809385e-01,6.801387e-01,6.788014e-01,6.774719e-01,6.761567e-01,6.743194e-01,6.722376e-01,6.699121e-01,6.678704e-01,6.658346e-01,6.645731e-01,6.625669e-01,6.613297e-01,6.596017e-01,6.581301e-01,6.564265e-01,6.552217e-01,6.535401e-01,6.523508e-01,6.509379e-01,6.507298e-01,6.507642e-01,6.503165e-01,6.486706e-01,6.468112e-01,6.454333e-01,6.440628e-01,6.422415e-01,6.408963e-01,6.391109e-01,6.368818e-01,6.342311e-01,6.309642e-01,6.273170e-01,6.241453e-01,6.202026e-01,6.157261e-01,6.119359e-01,6.076388e-01,6.036290e-01,5.991416e-01,5.962187e-01,5.907996e-01,5.849816e-01,5.782887e-01,5.726161e-01,5.646960e-01,5.567492e-01,5.492556e-01,5.408813e-01,5.348833e-01,5.266663e-01,5.190263e-01,5.115361e-01,5.032536e-01,4.950666e-01,4.897250e-01,4.832357e-01,4.749008e-01,4.678884e-01,4.609253e-01,4.553134e-01,4.487835e-01,4.423870e-01,4.363663e-01,4.313439e-01,4.270838e-01,4.220652e-01,4.171797e-01,4.132317e-01,4.084318e-01,4.044520e-01,4.005584e-01,3.968168e-01,3.938123e-01,3.908580e-01,3.877602e-01,3.847762e-01,3.818425e-01,3.795034e-01,3.773188e-01,3.750439e-01,3.727346e-01,3.705153e-01,3.688963e-01,3.667300e-01,3.645872e-01,3.630235e-01,3.614743e-01,3.605429e-01,3.590717e-01,3.576132e-01,3.567576e-01,3.553734e-01,3.545255e-01,3.537893e-01,3.529531e-01,3.521706e-01,3.514447e-01,3.506728e-01,3.499010e-01,3.491850e-01,3.489798e-01,3.482711e-01,3.481708e-01,3.480705e-01,3.479737e-01,3.473691e-01,3.472177e-01,3.471729e-01,3.470732e-01,3.475801e-01,3.474834e-01,3.474352e-01,3.472870e-01,3.477428e-01,3.475943e-01,3.481029e-01,3.485610e-01,3.491279e-01,3.490792e-01,3.494910e-01,3.504654e-01,3.509862e-01,3.515053e-01,3.524950e-01,3.534873e-01,3.545428e-01,3.560775e-01,3.571496e-01,3.582803e-01,3.597976e-01,3.608344e-01,3.624315e-01,3.640404e-01,3.651071e-01,3.673082e-01,3.684541e-01,3.701213e-01,3.718084e-01,3.730414e-01,3.753513e-01,3.764296e-01,3.780524e-01,3.797566e-01,3.815371e-01,3.827182e-01,3.844650e-01,3.862332e-01,3.875117e-01,3.900187e-01,3.912581e-01,3.931595e-01,3.951536e-01,3.969634e-01,3.983871e-01,4.003001e-01,4.025137e-01,4.045431e-01,4.059598e-01,4.080242e-01,4.101906e-01,4.115772e-01,4.138579e-01,4.155015e-01,4.179131e-01,4.194331e-01,4.210486e-01,4.234500e-01,4.250205e-01,4.266043e-01,4.291612e-01,4.307805e-01,4.324975e-01,4.342260e-01,4.358895e-01,4.384039e-01,4.394302e-01,4.420845e-01,4.439919e-01,4.448700e-01,4.466251e-01,4.494734e-01,4.505606e-01,4.524616e-01,4.543858e-01,4.563250e-01,4.582882e-01,4.593298e-01,4.613193e-01,4.632355e-01,4.642009e-01,4.662454e-01,4.673305e-01,4.692011e-01,4.712986e-01,4.723048e-01,4.745397e-01,4.755667e-01,4.774118e-01,4.784537e-01,4.806519e-01,4.817063e-01,4.827706e-01,4.849071e-01,4.860942e-01,4.871818e-01,4.892537e-01,4.904665e-01,4.915779e-01,4.926951e-01,4.950505e-01,4.961870e-01,4.973298e-01,4.985921e-01,4.997484e-01,5.009113e-01,5.023155e-01,5.034960e-01,5.042062e-01,5.052721e-01,5.062260e-01,5.071771e-01,5.081430e-01,5.092307e-01,5.100810e-01,5.113010e-01,5.121640e-01,5.132753e-01,5.140203e-01,5.150186e-01,5.160179e-01,5.170261e-01,5.179134e-01,5.190564e-01,5.200797e-01,5.207217e-01,5.220085e-01,5.225246e-01,5.235639e-01,5.244792e-01,5.252679e-01,5.263238e-01,5.272476e-01,5.284493e-01,5.291125e-01,5.301914e-01,5.311346e-01,5.319476e-01,5.324941e-01,5.334472e-01,5.341335e-01,5.353711e-01,5.363411e-01,5.374571e-01,5.387181e-01,5.397074e-01,5.402702e-01,5.412701e-01,5.419816e-01,5.428443e-01,5.437073e-01,5.445702e-01,5.452999e-01,5.463240e-01,5.470530e-01,5.479331e-01,5.486711e-01,5.494122e-01,5.498658e-01,5.507539e-01,5.510556e-01,5.518079e-01,5.524075e-01,5.533132e-01,5.539204e-01,5.546792e-01,5.551400e-01,5.557522e-01,5.562118e-01,5.569783e-01,5.572889e-01,5.579033e-01,5.586794e-01,5.592982e-01,5.600755e-01,5.605443e-01,5.608555e-01,5.614837e-01,5.618007e-01,5.622725e-01,5.625906e-01,5.630640e-01,5.630677e-01,5.637027e-01,5.641862e-01,5.648207e-01,5.649845e-01,5.654638e-01,5.657894e-01,5.662705e-01,5.661107e-01,5.667540e-01,5.670808e-01,5.675601e-01,5.677210e-01,5.682016e-01,5.683669e-01,5.686811e-01,5.685232e-01,5.691695e-01,5.690072e-01,5.688417e-01,5.688406e-01,5.690028e-01,5.683516e-01,5.683499e-01,5.680308e-01,5.680297e-01,5.672189e-01,5.668963e-01,5.665754e-01,5.662499e-01,5.657723e-01,5.652908e-01,5.648110e-01,5.644881e-01,5.636908e-01,5.633697e-01,5.625765e-01,5.621028e-01,5.621061e-01,5.638611e-01,5.630662e-01,5.627504e-01,5.621194e-01,5.614923e-01,5.607068e-01,5.602411e-01,5.596169e-01,5.589934e-01,5.582171e-01,5.576015e-01,5.565242e-01,5.559071e-01,5.552976e-01,5.543812e-01,5.536237e-01,5.528625e-01,5.518122e-01,5.512072e-01,5.503114e-01,5.497174e-01,5.491224e-01,5.485256e-01,5.474957e-01,5.469070e-01,5.460329e-01,5.453044e-01,5.445758e-01,5.435661e-01,5.427048e-01,5.419887e-01,5.409949e-01,5.402836e-01,5.397218e-01,5.390159e-01,5.383182e-01,5.376170e-01,5.366403e-01,5.362275e-01,5.355400e-01,5.347121e-01,5.338876e-01,5.333413e-01,5.325222e-01,5.321150e-01,5.314377e-01,5.310351e-01,5.302316e-01,5.296929e-01,5.288950e-01,5.283659e-01,5.278358e-01,5.273102e-01,5.267860e-01,5.263936e-01,5.257440e-01,5.256171e-01,5.253664e-01,5.251124e-01,5.247264e-01,5.248679e-01,5.247526e-01,5.247614e-01,5.243852e-01,5.243971e-01,5.246709e-01,5.244274e-01,5.243100e-01,5.240573e-01,5.238112e-01,5.235659e-01,5.233194e-01,5.230682e-01,5.225642e-01,5.219277e-01,5.214201e-01,5.210503e-01,5.202913e-01,5.197877e-01,5.192884e-01,5.185358e-01,5.176604e-01,5.170411e-01,5.166694e-01,5.160562e-01,5.153180e-01,5.145824e-01,5.139723e-01,5.136118e-01,5.128854e-01,5.125302e-01,5.121723e-01,5.119400e-01,5.113376e-01,5.109851e-01,5.107542e-01,5.106473e-01,5.104167e-01,5.101897e-01,5.100831e-01,5.103418e-01,5.107213e-01,5.103702e-01,5.103815e-01,5.103959e-01,5.102865e-01,5.106666e-01,5.108018e-01,5.106892e-01,5.107006e-01,5.105831e-01,5.105944e-01,5.102344e-01,5.099956e-01,5.095134e-01,5.091524e-01,5.089178e-01,5.090489e-01,5.090571e-01,5.089405e-01,5.091886e-01,5.090679e-01,5.091960e-01,5.092042e-01,5.093298e-01,5.093302e-01,5.095787e-01,5.100710e-01,5.101967e-01,5.103196e-01,5.108122e-01,5.109350e-01,5.113032e-01,5.114297e-01,5.118017e-01,5.119263e-01,5.120524e-01,5.119295e-01,5.119342e-01,5.119386e-01,5.119460e-01,5.118240e-01,5.119500e-01,5.120790e-01,5.124518e-01,5.122094e-01,5.123369e-01,5.123442e-01,5.123485e-01,5.127248e-01,5.126040e-01,5.126083e-01,5.127350e-01,5.126129e-01,5.128674e-01,5.128721e-01,5.127550e-01,5.122658e-01,5.122738e-01,5.121616e-01,5.119202e-01,5.112004e-01,5.109665e-01,5.106121e-01,5.101362e-01,5.099095e-01,5.096831e-01,5.089714e-01,5.085052e-01,5.080445e-01,5.069757e-01,5.060364e-01,5.047442e-01,5.032344e-01,5.024307e-01,5.015102e-01,5.004774e-01,4.983086e-01,4.960473e-01,4.950400e-01,4.930415e-01,4.898557e-01,4.876846e-01,4.857569e-01,4.827910e-01,4.797605e-01,4.767766e-01,4.737332e-01,4.708360e-01,4.659359e-01,4.630533e-01,4.563918e-01,4.516490e-01,4.464128e-01,4.421697e-01,4.362618e-01,4.316724e-01,4.255330e-01,4.201337e-01,4.115664e-01,4.046344e-01,3.979547e-01,3.902096e-01,3.833440e-01,3.748784e-01,3.671957e-01,3.550538e-01,3.461161e-01,3.372521e-01,3.288418e-01,3.187941e-01,3.104269e-01,2.972922e-01,2.879647e-01,2.791219e-01,2.704797e-01,2.613490e-01,2.502081e-01,2.415551e-01,2.339125e-01,2.265021e-01,2.190494e-01,2.100869e-01,2.035875e-01,1.977664e-01,1.924030e-01,1.877440e-01,1.808671e-01,1.768135e-01,1.730335e-01,1.690780e-01,1.650437e-01,1.611592e-01,1.586065e-01,1.561166e-01,1.536923e-01,1.513254e-01,1.490249e-01,1.478025e-01,1.456070e-01,1.444517e-01,1.423289e-01,1.412465e-01,1.401677e-01,1.391279e-01,1.381046e-01,1.371030e-01,1.361195e-01,1.360573e-01,1.350524e-01,1.349878e-01,1.340323e-01,1.339442e-01,1.338987e-01,1.338561e-01,1.329134e-01,1.328713e-01,1.328264e-01,1.327932e-01,1.336588e-01,1.336497e-01,1.336253e-01,1.335828e-01,1.344482e-01,1.344482e-01,1.353509e-01,1.353448e-01,1.362359e-01,1.371498e-01,1.371532e-01,1.380838e-01,1.390190e-01,1.399650e-01,1.409480e-01,1.409420e-01,1.419206e-01,1.429474e-01,1.439396e-01,1.449704e-01,1.459763e-01,1.470261e-01,1.480948e-01,1.491600e-01,1.502384e-01,1.513360e-01,1.524415e-01,1.535610e-01,1.547005e-01,1.558487e-01,1.569879e-01,1.581592e-01,1.605167e-01,1.605236e-01,1.629735e-01,1.642301e-01,1.642634e-01,1.664076e-01,1.676760e-01,1.692474e-01,1.703487e-01,1.722229e-01,1.733211e-01,1.743012e-01,1.761538e-01,1.774200e-01,1.790287e-01,1.802139e-01,1.821630e-01,1.832173e-01,1.850424e-01,1.863310e-01,1.874608e-01,1.893564e-01,1.906534e-01,1.924748e-01,1.936202e-01,1.954401e-01,1.966218e-01,1.983353e-01,1.997209e-01,2.012482e-01,2.024703e-01,2.042620e-01,2.055172e-01,2.071447e-01,2.083930e-01,2.101016e-01,2.112468e-01,2.129615e-01,2.142536e-01,2.151960e-01,2.169653e-01,2.187612e-01,2.199291e-01,2.215166e-01,2.227115e-01,2.243097e-01,2.252896e-01,2.269677e-01,2.279231e-01,2.293670e-01,2.303646e-01,2.320893e-01,2.330850e-01,2.345132e-01,2.354549e-01,2.370093e-01,2.377266e-01,2.389349e-01,2.399100e-01,2.411418e-01,2.426376e-01,2.431272e-01,2.443902e-01,2.451500e-01,2.464263e-01,2.466700e-01,2.479678e-01,2.490068e-01,2.497939e-01,2.505791e-01,2.510996e-01,2.524418e-01,2.526971e-01,2.537739e-01,2.545830e-01,2.551195e-01,2.559368e-01,2.561990e-01,2.573114e-01,2.584260e-01,2.586930e-01,2.595323e-01,2.598017e-01,2.603594e-01,2.612091e-01,2.614818e-01,2.623386e-01,2.629141e-01,2.634848e-01,2.640579e-01,2.643333e-01,2.649100e-01,2.660961e-01,2.660781e-01,2.672743e-01,2.672562e-01,2.684626e-01,2.693716e-01,2.696688e-01,2.705857e-01,2.715086e-01,2.721237e-01,2.730616e-01,2.740009e-01,2.746270e-01,2.752558e-01,2.765410e-01,2.768538e-01,2.778268e-01,2.787982e-01,2.794511e-01,2.801016e-01,2.814312e-01,2.817551e-01,2.827619e-01,2.834276e-01,2.841049e-01,2.851253e-01,2.858020e-01,2.861358e-01,2.871734e-01,2.878597e-01,2.885550e-01,2.888952e-01,2.899527e-01,2.906521e-01,2.913636e-01,2.917104e-01,2.927854e-01,2.931356e-01,2.938593e-01,2.945774e-01,2.953081e-01,2.956615e-01,2.963977e-01,2.971281e-01,2.978715e-01,2.982338e-01,2.989827e-01,2.997231e-01,3.000994e-01,3.012395e-01,3.016101e-01,3.023759e-01,3.027589e-01,3.035277e-01,3.039039e-01,3.046814e-01,3.054629e-01,3.054503e-01,3.062330e-01,3.070225e-01,3.074173e-01,3.078033e-01,3.082002e-01,3.089999e-01,3.093971e-01,3.102031e-01,3.110132e-01,3.118276e-01,3.118147e-01,3.126333e-01,3.130401e-01,3.138653e-01,3.142781e-01,3.146920e-01,3.150939e-01,3.155100e-01,3.159272e-01,3.167678e-01,3.171883e-01,3.176073e-01,3.175939e-01,3.184435e-01,3.188686e-01,3.192920e-01,3.192785e-01,3.197059e-01,3.201344e-01,3.201179e-01,3.205476e-01,3.209784e-01,3.214104e-01,3.218436e-01,3.222780e-01,3.222613e-01,3.222583e-01,3.226938e-01,3.231306e-01,3.235685e-01,3.240048e-01,3.244451e-01,3.248867e-01,3.248836e-01,3.253264e-01,3.257704e-01,3.262127e-01,3.262096e-01,3.266560e-01,3.271037e-01,3.270975e-01,3.275464e-01,3.279965e-01,3.279933e-01,3.289119e-01,3.289056e-01,3.293595e-01,3.293562e-01,3.302827e-01,3.302764e-01,3.307342e-01,3.312049e-01,3.316654e-01,3.316621e-01,3.325989e-01,3.325955e-01,3.330717e-01,3.335375e-01,3.344851e-01,3.349668e-01,3.354380e-01,3.359225e-01,3.359190e-01,3.368837e-01,3.368772e-01,3.378476e-01,3.383393e-01,3.383358e-01,3.393150e-01,3.393116e-01,3.398046e-01,3.403022e-01,3.402989e-01,3.407981e-01,3.412988e-01,3.412923e-01,3.417946e-01,3.417913e-01,3.427915e-01,3.427850e-01,3.432920e-01,3.438005e-01,3.437973e-01,3.443075e-01,3.443010e-01,3.448128e-01,3.448096e-01,3.453229e-01,3.453164e-01,3.458314e-01,3.458282e-01,3.463448e-01,3.463383e-01,3.463351e-01,3.468532e-01,3.463412e-01,3.463346e-01,3.463314e-01,3.468496e-01,3.468463e-01,3.468396e-01,3.468364e-01,3.468331e-01,3.463082e-01,3.457940e-01,3.457906e-01,3.452688e-01,3.447485e-01,3.437286e-01,3.437215e-01,3.432058e-01,3.421825e-01,3.411776e-01,3.406694e-01,3.396574e-01,3.386672e-01,3.376706e-01,3.371727e-01,3.357068e-01,3.347275e-01,3.332789e-01,3.323136e-01,3.304149e-01,3.294659e-01,3.275994e-01,3.266663e-01,3.252897e-01,3.239134e-01,3.225554e-01,3.207653e-01,3.198701e-01,3.181090e-01,3.168023e-01,3.154955e-01,3.142096e-01,3.125090e-01,3.116536e-01,3.099796e-01,3.091419e-01,3.079057e-01,3.062704e-01,3.050562e-01,3.038513e-01,3.026555e-01,3.018506e-01,3.006697e-01,2.994977e-01,2.979470e-01,2.967952e-01,2.964068e-01,2.952662e-01,2.945119e-01,2.930191e-01,2.922706e-01,2.911600e-01,2.907852e-01,2.900522e-01,2.893227e-01,2.885966e-01,2.875121e-01,2.867945e-01,2.860802e-01,2.850133e-01,2.839538e-01,2.829102e-01,2.822086e-01,2.808307e-01,2.798001e-01,2.791178e-01,2.784387e-01,2.770949e-01,2.764249e-01,2.757578e-01,2.750936e-01,2.741097e-01,2.731243e-01,2.721533e-01,2.715050e-01,2.708595e-01,2.702169e-01,2.692648e-01,2.686233e-01,2.676814e-01,2.673675e-01,2.664337e-01,2.661223e-01,2.655075e-01,2.655091e-01,2.648968e-01,2.645886e-01,2.642885e-01,2.642900e-01,2.633829e-01,2.636916e-01,2.630866e-01,2.627894e-01,2.624855e-01,2.624942e-01,2.621908e-01,2.615979e-01,2.610088e-01,2.607084e-01,2.604159e-01,2.598242e-01,2.592350e-01,2.592360e-01,2.580698e-01,2.574877e-01,2.571943e-01,2.566157e-01,2.557545e-01,2.551817e-01,2.546042e-01,2.534827e-01,2.529121e-01,2.523507e-01,2.517915e-01,2.509596e-01,2.498609e-01,2.495827e-01,2.487640e-01,2.482190e-01,2.476760e-01,2.471351e-01,2.463375e-01,2.460727e-01,2.455381e-01,2.452747e-01,2.447431e-01,2.439592e-01,2.439657e-01,2.434454e-01,2.429207e-01,2.423980e-01,2.421404e-01,2.413711e-01,2.411154e-01,2.411213e-01,2.406053e-01,2.403509e-01,2.393394e-01,2.390873e-01,2.388356e-01,2.385844e-01,2.378346e-01,2.373307e-01,2.368286e-01,2.360824e-01,2.358360e-01,2.351083e-01,2.346144e-01,2.338804e-01,2.336379e-01,2.326754e-01,2.326743e-01,2.319507e-01,2.312383e-01,2.310004e-01,2.300569e-01,2.295811e-01,2.288743e-01,2.286477e-01,2.274849e-01,2.270183e-01,2.265591e-01,2.260957e-01,2.249627e-01,2.245050e-01,2.238251e-01,2.233787e-01,2.222623e-01,2.213692e-01,2.207131e-01,2.204931e-01,2.194091e-01,2.189706e-01,2.183270e-01,2.178922e-01,2.168305e-01,6.710565e-03,6.710565e-03,6.710565e-03,6.710565e-03,6.710565e-03,6.710565e-03,6.710565e-03,6.710565e-03,6.710565e-03,6.710565e-03,6.710565e-03,6.710565e-03,6.710565e-03,6.710565e-03,6.710565e-03,6.710565e-03,6.710565e-03,6.710565e-03,6.710565e-03,6.710565e-03,6.710565e-03,6.710565e-03,6.710565e-03,6.710565e-03,6.710565e-03,6.710565e-03,6.710565e-03,6.710565e-03,6.710565e-03,6.710565e-03,6.710565e-03,6.710565e-03,6.710565e-03,6.710565e-03,6.710565e-03,6.710565e-03,6.710565e-03,6.710565e-03,6.710565e-03,6.710565e-03,6.710565e-03,6.710565e-03,6.710565e-03,6.710565e-03,6.710565e-03,6.710565e-03,6.710565e-03,6.710565e-03,6.710565e-03,6.710565e-03,6.710565e-03,6.710565e-03,6.710565e-03,6.710565e-03,6.710565e-03,6.710565e-03,6.710565e-03,6.710565e-03,6.710565e-03,6.710565e-03,6.710565e-03,6.710565e-03,6.710565e-03,6.710565e-03,6.710565e-03,6.710565e-03,6.710565e-03,6.710565e-03,6.710565e-03,6.710565e-03,6.710565e-03,6.710565e-03,6.710565e-03,6.710565e-03,6.710565e-03,6.710565e-03,6.710565e-03,6.710565e-03,6.710565e-03,6.710565e-03,6.710565e-03,6.710565e-03,6.710565e-03,6.710565e-03,6.710565e-03,6.710565e-03,6.710565e-03,6.710565e-03,6.710565e-03,6.710565e-03,6.710565e-03,6.710565e-03,6.710565e-03,6.710565e-03,6.710565e-03,6.710565e-03,6.710565e-03,6.710565e-03,6.710565e-03,6.710565e-03,6.710565e-03,6.710565e-03,6.710565e-03,6.710565e-03,6.710565e-03,6.710565e-03,6.710565e-03,6.710565e-03,6.710565e-03,6.710565e-03,6.710565e-03,6.710565e-03,6.710565e-03,6.710565e-03,6.710565e-03,6.710565e-03,6.710565e-03,6.710565e-03,6.710565e-03,6.710565e-03,6.710565e-03,6.710565e-03,6.710565e-03,6.710565e-03,6.710565e-03,6.710565e-03,6.710565e-03,6.710565e-03,6.710565e-03,6.710565e-03,6.710565e-03,6.710565e-03,6.710565e-03,6.710565e-03,6.710565e-03,6.710565e-03,6.710565e-03,6.710565e-03,6.710565e-03,6.710565e-03,6.710565e-03,6.710565e-03,6.710565e-03,6.710565e-03,6.710565e-03,6.710565e-03,6.710565e-03,6.710565e-03,6.710565e-03,6.710565e-03,6.710565e-03,6.710565e-03,6.710565e-03,6.710565e-03,6.710565e-03,6.710565e-03,6.710565e-03,6.710565e-03,6.710565e-03,6.710565e-03,6.710565e-03
2.118977e-02,2.117169e-02,2.114914e-02,2.112662e-02,2.110412e-02,2.108841e-02,2.107497e-02,2.105930e-02,2.105036e-02,2.103695e-02,2.102801e-02,2.101458e-02,2.101239e-02,2.101022e-02,2.100358e-02,2.100144e-02,2.099930e-02,2.099716e-02,2.099951e-02,2.100411e-02,2.100643e-02,2.100872e-02,2.101776e-02,2.102453e-02,2.103807e-02,2.104713e-02,2.106066e-02,2.107863e-02,2.109214e-02,2.111241e-02,2.113710e-02,2.115732e-02,2.118876e-02,2.121575e-02,2.124721e-02,2.127868e-02,2.130569e-02,2.133718e-02,2.137541e-02,2.140245e-02,2.143397e-02,2.146555e-02,2.149270e-02,2.151758e-02,2.154476e-02,2.156973e-02,2.159472e-02,2.160853e-02,2.163365e-02,2.165212e-02,2.166625e-02,2.168496e-02,2.169709e-02,2.170931e-02,2.172160e-02,2.173397e-02,2.175088e-02,2.176344e-02,2.176926e-02,2.178625e-02,2.179877e-02,2.181129e-02,2.182813e-02,2.184046e-02,2.185735e-02,2.186987e-02,2.188677e-02,2.190363e-02,2.191594e-02,2.193271e-02,2.194945e-02,2.196154e-02,2.197133e-02,2.198784e-02,2.199313e-02,2.200957e-02,2.202602e-02,2.204276e-02,2.205504e-02,2.207854e-02,2.210217e-02,2.212852e-02,2.215968e-02,2.219108e-02,2.222533e-02,2.227133e-02,2.231122e-02,2.234748e-02,2.239594e-02,2.244118e-02,2.248515e-02,2.252603e-02,2.257980e-02,2.262444e-02,2.267558e-02,2.272499e-02,2.278203e-02,2.283843e-02,2.289248e-02,2.296267e-02,2.303468e-02,2.311366e-02,2.320043e-02,2.328991e-02,2.340131e-02,2.352058e-02,2.365455e-02,2.380436e-02,2.396822e-02,2.416438e-02,2.437756e-02,2.462530e-02,2.489571e-02,2.520410e-02,2.555389e-02,2.593412e-02,2.636424e-02,2.682274e-02,2.732319e-02,2.785810e-02,2.842797e-02,2.902526e-02,2.964542e-02,3.027481e-02,3.090487e-02,3.151848e-02,3.212033e-02,3.268808e-02,3.322841e-02,3.370403e-02,3.415586e-02,3.453789e-02,3.488468e-02,3.516162e-02,3.541052e-02,3.560570e-02,3.577359e-02,3.587691e-02,3.597939e-02,3.603487e-02,3.608393e-02,3.611874e-02,3.613121e-02,3.616251e-02,3.619419e-02,3.623262e-02,3.627605e-02,3.634291e-02,3.639343e-02,3.646427e-02,3.651713e-02,3.656271e-02,3.659376e-02,3.662671e-02,3.662506e-02,3.657593e-02,3.647144e-02,3.635057e-02,3.620961e-02,3.604130e-02,3.587740e-02,3.569330e-02,3.549234e-02,3.525992e-02,3.500496e-02,3.472765e-02,3.443637e-02,3.412291e-02,3.379937e-02,3.346642e-02,3.312569e-02,3.278878e-02,3.246156e-02,3.215888e-02,3.187093e-02,3.159105e-02,3.134019e-02,3.111017e-02,3.090543e-02,3.071340e-02,3.053716e-02,3.037474e-02,3.022851e-02,3.009242e-02,2.997753e-02,2.986201e-02,2.975980e-02,2.966973e-02,2.959024e-02,2.950765e-02,2.944848e-02,2.938902e-02,2.934497e-02,2.929701e-02,2.926081e-02,2.923080e-02,2.919642e-02,2.917367e-02,2.914881e-02,2.912265e-02,2.909210e-02,2.905596e-02,2.901869e-02,2.897143e-02,2.891474e-02,2.886228e-02,2.879099e-02,2.871518e-02,2.863077e-02,2.853823e-02,2.844889e-02,2.835745e-02,2.826870e-02,2.817660e-02,2.808710e-02,2.800021e-02,2.792269e-02,2.784367e-02,2.777913e-02,2.772468e-02,2.767994e-02,2.763748e-02,2.760848e-02,2.758646e-02,2.757507e-02,2.756607e-02,2.756203e-02,2.756428e-02,2.757328e-02,2.757989e-02,2.758455e-02,2.759120e-02,2.759220e-02,2.757340e-02,2.755756e-02,2.753109e-02,2.749508e-02,2.744275e-02,2.738846e-02,2.732657e-02,2.727341e-02,2.721348e-02,2.715431e-02,2.709676e-02,2.704370e-02,2.699505e-02,2.695776e-02,2.692382e-02,2.689689e-02,2.688372e-02,2.687232e-02,2.687213e-02,2.686424e-02,2.686298e-02,2.685754e-02,2.685504e-02,2.684687e-02,2.683988e-02,2.682753e-02,2.681072e-02,2.679708e-02,2.678745e-02,2.676974e-02,2.676596e-02,2.676591e-02,2.676485e-02,2.677164e-02,2.677845e-02,2.679229e-02,2.681152e-02,2.683007e-02,2.685325e-02,2.687528e-02,2.690101e-02,2.693183e-02,2.695943e-02,2.699187e-02,2.702140e-02,2.705831e-02,2.709532e-02,2.712948e-02,2.717345e-02,2.721684e-02,2.727678e-02,2.734418e-02,2.742722e-02,2.753280e-02,2.767850e-02,2.786707e-02,2.811899e-02,2.846745e-02,2.893024e-02,2.954507e-02,3.034128e-02,3.135845e-02,3.260332e-02,3.412216e-02,3.592020e-02,3.802056e-02,4.038804e-02,4.305347e-02,4.597422e-02,4.912766e-02,5.249099e-02,5.605187e-02,5.977144e-02,6.365516e-02,6.768160e-02,7.185804e-02,7.620229e-02,8.070865e-02,8.535654e-02,9.017393e-02,9.515964e-02,1.003362e-01,1.056668e-01,1.112033e-01,1.168932e-01,1.227386e-01,1.287487e-01,1.349506e-01,1.412479e-01,1.476952e-01,1.542539e-01,1.609173e-01,1.676638e-01,1.744841e-01,1.813140e-01,1.881939e-01,1.950665e-01,2.019037e-01,2.086814e-01,2.154275e-01,2.221256e-01,2.286641e-01,2.349970e-01,2.412086e-01,2.471991e-01,2.529942e-01,2.586096e-01,2.639422e-01,2.689487e-01,2.737391e-01,2.782052e-01,2.824499e-01,2.863739e-01,2.900615e-01,2.934169e-01,2.964715e-01,2.993132e-01,3.018589e-01,3.044148e-01,3.069988e-01,3.096227e-01,3.122516e-01,3.149103e-01,3.175660e-01,3.202210e-01,3.228914e-01,3.255351e-01,3.281824e-01,3.307723e-01,3.333475e-01,3.358835e-01,3.383548e-01,3.407861e-01,3.431524e-01,3.454437e-01,3.476343e-01,3.497459e-01,3.517548e-01,3.536459e-01,3.554118e-01,3.570801e-01,3.585659e-01,3.598947e-01,3.610552e-01,3.620396e-01,3.628374e-01,3.634019e-01,3.638022e-01,3.640163e-01,3.642922e-01,3.645280e-01,3.647640e-01,3.650042e-01,3.652080e-01,3.654525e-01,3.656692e-01,3.659063e-01,3.661502e-01,3.663702e-01,3.666158e-01,3.668362e-01,3.670962e-01,3.673143e-01,3.675353e-01,3.677781e-01,3.679995e-01,3.681828e-01,3.684085e-01,3.685895e-01,3.687680e-01,3.689533e-01,3.691169e-01,3.692957e-01,3.694747e-01,3.696552e-01,3.698398e-01,3.699960e-01,3.701755e-01,3.703345e-01,3.705295e-01,3.707452e-01,3.709405e-01,3.711359e-01,3.713287e-01,3.715190e-01,3.717121e-01,3.719467e-01,3.721401e-01,3.723229e-01,3.725445e-01,3.727148e-01,3.729421e-01,3.731146e-01,3.732543e-01,3.734377e-01,3.736159e-01,3.737228e-01,3.738360e-01,3.739519e-01,3.740309e-01,3.740918e-01,3.741798e-01,3.742914e-01,3.743686e-01,3.744205e-01,3.745168e-01,3.746231e-01,3.747140e-01,3.748104e-01,3.749431e-01,3.750341e-01,3.751696e-01,3.753052e-01,3.754339e-01,3.755723e-01,3.757472e-01,3.758748e-01,3.760553e-01,3.762305e-01,3.763819e-01,3.765572e-01,3.767143e-01,3.768870e-01,3.770544e-01,3.772103e-01,3.773888e-01,3.775353e-01,3.777113e-01,3.778662e-01,3.779975e-01,3.781525e-01,3.782682e-01,3.783715e-01,3.785003e-01,3.786134e-01,3.786898e-01,3.788113e-01,3.789036e-01,3.789620e-01,3.790331e-01,3.791096e-01,3.791329e-01,3.792012e-01,3.792708e-01,3.793336e-01,3.794075e-01,3.794759e-01,3.795684e-01,3.796550e-01,3.797658e-01,3.799036e-01,3.800485e-01,3.801776e-01,3.803309e-01,3.805170e-01,3.806510e-01,3.808200e-01,3.809709e-01,3.811064e-01,3.812701e-01,3.814024e-01,3.815549e-01,3.816818e-01,3.818163e-01,3.819446e-01,3.820960e-01,3.822119e-01,3.822992e-01,3.823851e-01,3.824584e-01,3.825373e-01,3.826289e-01,3.827219e-01,3.828036e-01,3.828686e-01,3.829435e-01,3.830309e-01,3.831184e-01,3.831919e-01,3.832843e-01,3.833894e-01,3.835113e-01,3.836319e-01,3.837287e-01,3.837861e-01,3.838703e-01,3.840183e-01,3.841264e-01,3.841910e-01,3.842407e-01,3.842941e-01,3.843685e-01,3.844317e-01,3.844880e-01,3.845455e-01,3.845737e-01,3.844549e-01,3.844281e-01,3.844423e-01,3.844437e-01,3.844298e-01,3.844193e-01,3.843515e-01,3.841986e-01,3.840761e-01,3.839945e-01,3.839819e-01,3.838307e-01,3.835390e-01,3.833893e-01,3.832804e-01,3.831567e-01,3.829788e-01,3.827999e-01,3.826768e-01,3.825807e-01,3.822761e-01,3.816028e-01,3.812727e-01,3.810405e-01,3.807118e-01,3.803561e-01,3.800290e-01,3.797845e-01,3.795400e-01,3.793779e-01,3.793073e-01,3.791182e-01,3.788485e-01,3.788348e-01,3.789173e-01,3.790097e-01,3.790381e-01,3.790913e-01,3.791468e-01,3.792563e-01,3.792975e-01,3.793677e-01,3.794358e-01,3.794377e-01,3.794686e-01,3.794311e-01,3.794599e-01,3.795158e-01,3.795617e-01,3.796176e-01,3.797671e-01,3.798774e-01,3.800270e-01,3.801495e-01,3.803661e-01,3.805554e-01,3.807721e-01,3.809870e-01,3.812313e-01,3.815153e-01,3.817329e-01,3.820154e-01,3.822879e-01,3.825984e-01,3.828168e-01,3.830606e-01,3.833465e-01,3.836182e-01,3.838505e-01,3.841249e-01,3.843974e-01,3.846302e-01,3.848632e-01,3.851244e-01,3.853301e-01,3.855638e-01,3.857976e-01,3.860594e-01,3.862792e-01,3.865419e-01,3.868449e-01,3.871056e-01,3.874092e-01,3.876706e-01,3.879468e-01,3.882211e-01,3.885664e-01,3.888414e-01,3.891170e-01,3.893925e-01,3.897248e-01,3.900291e-01,3.903339e-01,3.905982e-01,3.909035e-01,3.911684e-01,3.914050e-01,3.916419e-01,3.918774e-01,3.921022e-01,3.923947e-01,3.925914e-01,3.927287e-01,3.928662e-01,3.930058e-01,3.932008e-01,3.933958e-01,3.935910e-01,3.937576e-01,3.939531e-01,3.941199e-01,3.942869e-01,3.944517e-01,3.946601e-01,3.947985e-01,3.949761e-01,3.951271e-01,3.953049e-01,3.955118e-01,3.956920e-01,3.959109e-01,3.961307e-01,3.963216e-01,3.965832e-01,3.967742e-01,3.970359e-01,3.972392e-01,3.974719e-01,3.977172e-01,3.979207e-01,3.981659e-01,3.983977e-01,3.986303e-01,3.988755e-01,3.990790e-01,3.992947e-01,3.994980e-01,3.996720e-01,3.998750e-01,4.000782e-01,4.002087e-01,4.003403e-01,4.004715e-01,4.005603e-01,4.006914e-01,4.007801e-01,4.008257e-01,4.008551e-01,4.009139e-01,4.010018e-01,4.010475e-01,4.011353e-01,4.011630e-01,4.011914e-01,4.012197e-01,4.012477e-01,4.013051e-01,4.013329e-01,4.013891e-01,4.014165e-01,4.014437e-01,4.014413e-01,4.014387e-01,4.014646e-01,4.015205e-01,4.015469e-01,4.015436e-01,4.015107e-01,4.014777e-01,4.014145e-01,4.014400e-01,4.014652e-01,4.014904e-01,4.014569e-01,4.014234e-01,4.014481e-01,4.014734e-01,4.014694e-01,4.014361e-01,4.013735e-01,4.013691e-01,4.013945e-01,4.013907e-01,4.013284e-01,4.012532e-01,4.013080e-01,4.014207e-01,4.014755e-01,4.014134e-01,4.013514e-01,4.013609e-01,4.013282e-01,4.013082e-01,4.012304e-01,4.011528e-01,4.011335e-01,4.011434e-01,4.010370e-01,4.007852e-01,4.005053e-01,4.003129e-01,4.001209e-01,3.998138e-01,3.992065e-01,3.985574e-01,3.979549e-01,3.974115e-01,3.968985e-01,3.963588e-01,3.956385e-01,3.946822e-01,3.933836e-01,3.921221e-01,3.912265e-01,3.904449e-01,3.894489e-01,3.880808e-01,3.866687e-01,3.856939e-01,3.850165e-01,3.844213e-01,3.837226e-01,3.828956e-01,3.821509e-01,3.814507e-01,3.807125e-01,3.802753e-01,3.800974e-01,3.799198e-01,3.797818e-01,3.796441e-01,3.795066e-01,3.794087e-01,3.793109e-01,3.794699e-01,3.793724e-01,3.795334e-01,3.797318e-01,3.798911e-01,3.797936e-01,3.799529e-01,3.800729e-01,3.801930e-01,3.800564e-01,3.798806e-01,3.799613e-01,3.800421e-01,3.800835e-01,3.801642e-01,3.802450e-01,3.800302e-01,3.801109e-01,3.801917e-01,3.802747e-01,3.800994e-01,3.801802e-01,3.800052e-01,3.800860e-01,3.802063e-01,3.802478e-01,3.800730e-01,3.801538e-01,3.801954e-01,3.802763e-01,3.800624e-01,3.801039e-01,3.801455e-01,3.801870e-01,3.801892e-01,3.802308e-01,3.802724e-01,3.805695e-01,3.806111e-01,3.806528e-01,3.806944e-01,3.807360e-01,3.807776e-01,3.806183e-01,3.809157e-01,3.809573e-01,3.809990e-01,3.810407e-01,3.811371e-01,3.811393e-01,3.814372e-01,3.814789e-01,3.813192e-01,3.813214e-01,3.816590e-01,3.817556e-01,3.817995e-01,3.819358e-01,3.820172e-01,3.820987e-01,3.820180e-01,3.821391e-01,3.823152e-01,3.824365e-01,3.823558e-01,3.825168e-01,3.826932e-01,3.826523e-01,3.830706e-01,3.829899e-01,3.831513e-01,3.833302e-01,3.834519e-01,3.836288e-01,3.835481e-01,3.836699e-01,3.835495e-01,3.836314e-01,3.837685e-01,3.836084e-01,3.839080e-01,3.837478e-01,3.838450e-01,3.838473e-01,3.836873e-01,3.837845e-01,3.838267e-01,3.836668e-01,3.837663e-01,3.838483e-01,3.839855e-01,3.838655e-01,3.839476e-01,3.838278e-01,3.839100e-01,3.837903e-01,3.837107e-01,3.840495e-01,3.839299e-01,3.838504e-01,3.841892e-01,3.840697e-01,3.841520e-01,3.840326e-01,3.839134e-01,3.839957e-01,3.838392e-01,3.839215e-01,3.837628e-01,3.835894e-01,3.834311e-01,3.832185e-01,3.830607e-01,3.828486e-01,3.826515e-01,3.826939e-01,3.822832e-01,3.823255e-01,3.821147e-01,3.817056e-01,3.814984e-01,3.812888e-01,3.811333e-01,3.809243e-01,3.807155e-01,3.805607e-01,3.803526e-01,3.801448e-01,3.799372e-01,3.795342e-01,3.793276e-01,3.791212e-01,3.789152e-01,3.784620e-01,3.782569e-01,3.778056e-01,3.776014e-01,3.775909e-01,3.767562e-01,3.767459e-01,3.764910e-01,3.762366e-01,3.757391e-01,3.752950e-01,3.748004e-01,3.743590e-01,3.739187e-01,3.736686e-01,3.729907e-01,3.725543e-01,3.718810e-01,3.713969e-01,3.707283e-01,3.700625e-01,3.693993e-01,3.687389e-01,3.680848e-01,3.670162e-01,3.663159e-01,3.652585e-01,3.646144e-01,3.639730e-01,3.632856e-01,3.626012e-01,3.613432e-01,3.602693e-01,3.592023e-01,3.585347e-01,3.576976e-01,3.569115e-01,3.558297e-01,3.544069e-01,3.529962e-01,3.519298e-01,3.505850e-01,3.496235e-01,3.486677e-01,3.481219e-01,3.472103e-01,3.463041e-01,3.453596e-01,3.440602e-01,3.425714e-01,3.409407e-01,3.394807e-01,3.381173e-01,3.373040e-01,3.359596e-01,3.351169e-01,3.339067e-01,3.328938e-01,3.317006e-01,3.308480e-01,3.296704e-01,3.288290e-01,3.277708e-01,3.274391e-01,3.272835e-01,3.268432e-01,3.256634e-01,3.242759e-01,3.232487e-01,3.221963e-01,3.208392e-01,3.197659e-01,3.183247e-01,3.166974e-01,3.147559e-01,3.123841e-01,3.097169e-01,3.073842e-01,3.044241e-01,3.010598e-01,2.981874e-01,2.948641e-01,2.916655e-01,2.880251e-01,2.855138e-01,2.812463e-01,2.767694e-01,2.717603e-01,2.675577e-01,2.617297e-01,2.559969e-01,2.505526e-01,2.445119e-01,2.402337e-01,2.343686e-01,2.289408e-01,2.236670e-01,2.179019e-01,2.123020e-01,2.086409e-01,2.042576e-01,1.986979e-01,1.940678e-01,1.895486e-01,1.859114e-01,1.817535e-01,1.777201e-01,1.739508e-01,1.708331e-01,1.682134e-01,1.651816e-01,1.622551e-01,1.598998e-01,1.571066e-01,1.548136e-01,1.525856e-01,1.504661e-01,1.487834e-01,1.471529e-01,1.454767e-01,1.438625e-01,1.422989e-01,1.410835e-01,1.399420e-01,1.387715e-01,1.375918e-01,1.364721e-01,1.356858e-01,1.346022e-01,1.335333e-01,1.327827e-01,1.320412e-01,1.316300e-01,1.309394e-01,1.302429e-01,1.298669e-01,1.292191e-01,1.288466e-01,1.285208e-01,1.281562e-01,1.278126e-01,1.274929e-01,1.271567e-01,1.268194e-01,1.264921e-01,1.264370e-01,1.261150e-01,1.261027e-01,1.260904e-01,1.260812e-01,1.258006e-01,1.257675e-01,1.257795e-01,1.257674e-01,1.260655e-01,1.260564e-01,1.260789e-01,1.260622e-01,1.263537e-01,1.263369e-01,1.266506e-01,1.269443e-01,1.272852e-01,1.273213e-01,1.275991e-01,1.281725e-01,1.285110e-01,1.288341e-01,1.294209e-01,1.300094e-01,1.306289e-01,1.315179e-01,1.321510e-01,1.327956e-01,1.336930e-01,1.343044e-01,1.352457e-01,1.361816e-01,1.368189e-01,1.380956e-01,1.387758e-01,1.397599e-01,1.407471e-01,1.414751e-01,1.428426e-01,1.435144e-01,1.445100e-01,1.455513e-01,1.466312e-01,1.473661e-01,1.484432e-01,1.495401e-01,1.503331e-01,1.518680e-01,1.526542e-01,1.538385e-01,1.550772e-01,1.562547e-01,1.571449e-01,1.583695e-01,1.597414e-01,1.610395e-01,1.619535e-01,1.632648e-01,1.646543e-01,1.655556e-01,1.670142e-01,1.680516e-01,1.695795e-01,1.705663e-01,1.716084e-01,1.731379e-01,1.741712e-01,1.752165e-01,1.768685e-01,1.779455e-01,1.790771e-01,1.802166e-01,1.813333e-01,1.830122e-01,1.836891e-01,1.854620e-01,1.867272e-01,1.873390e-01,1.885363e-01,1.904486e-01,1.911603e-01,1.924537e-01,1.937517e-01,1.950795e-01,1.964316e-01,1.971562e-01,1.985294e-01,1.998957e-01,2.006053e-01,2.020518e-01,2.028559e-01,2.042379e-01,2.057544e-01,2.065436e-01,2.081482e-01,2.089406e-01,2.103437e-01,2.111513e-01,2.127649e-01,2.135614e-01,2.143707e-01,2.159494e-01,2.168077e-01,2.176187e-01,2.191598e-01,2.200212e-01,2.208552e-01,2.216736e-01,2.233699e-01,2.242064e-01,2.250489e-01,2.259559e-01,2.268112e-01,2.276728e-01,2.286678e-01,2.295247e-01,2.300774e-01,2.308682e-01,2.316028e-01,2.323532e-01,2.331006e-01,2.339384e-01,2.345977e-01,2.355596e-01,2.362352e-01,2.370708e-01,2.377051e-01,2.384851e-01,2.392855e-01,2.400986e-01,2.408220e-01,2.417118e-01,2.425638e-01,2.431284e-01,2.441309e-01,2.446253e-01,2.454428e-01,2.461956e-01,2.468290e-01,2.476144e-01,2.483764e-01,2.492554e-01,2.497914e-01,2.505779e-01,2.512807e-01,2.518891e-01,2.523181e-01,2.530055e-01,2.535425e-01,2.544492e-01,2.551559e-01,2.559446e-01,2.568760e-01,2.575981e-01,2.580378e-01,2.587428e-01,2.592720e-01,2.598973e-01,2.605747e-01,2.612475e-01,2.617704e-01,2.625207e-01,2.630906e-01,2.637834e-01,2.643661e-01,2.649453e-01,2.652800e-01,2.659754e-01,2.662467e-01,2.668145e-01,2.672858e-01,2.679738e-01,2.684567e-01,2.690252e-01,2.693940e-01,2.698814e-01,2.702444e-01,2.708530e-01,2.710996e-01,2.716179e-01,2.722064e-01,2.726951e-01,2.733136e-01,2.736849e-01,2.739955e-01,2.744977e-01,2.747500e-01,2.751586e-01,2.754119e-01,2.758222e-01,2.758574e-01,2.763929e-01,2.767529e-01,2.772560e-01,2.774230e-01,2.778040e-01,2.780692e-01,2.784518e-01,2.783959e-01,2.788498e-01,2.790888e-01,2.794729e-01,2.796409e-01,2.800264e-01,2.801680e-01,2.804824e-01,2.803985e-01,2.808855e-01,2.808283e-01,2.808263e-01,2.808611e-01,2.810585e-01,2.806958e-01,2.807934e-01,2.806031e-01,2.807286e-01,2.802681e-01,2.801403e-01,2.799782e-01,2.798777e-01,2.795906e-01,2.793653e-01,2.790783e-01,2.789788e-01,2.785249e-01,2.784259e-01,2.779740e-01,2.777797e-01,2.778152e-01,2.789858e-01,2.785325e-01,2.784350e-01,2.781365e-01,2.778189e-01,2.773977e-01,2.771787e-01,2.768562e-01,2.765684e-01,2.761519e-01,2.758400e-01,2.751825e-01,2.748912e-01,2.745555e-01,2.740244e-01,2.735971e-01,2.731891e-01,2.724926e-01,2.722140e-01,2.716403e-01,2.712864e-01,2.709257e-01,2.705910e-01,2.699408e-01,2.695837e-01,2.689967e-01,2.685596e-01,2.681162e-01,2.674460e-01,2.669005e-01,2.664385e-01,2.657527e-01,2.653265e-01,2.649340e-01,2.644789e-01,2.640095e-01,2.635576e-01,2.629104e-01,2.626429e-01,2.621490e-01,2.615945e-01,2.610423e-01,2.606678e-01,2.601196e-01,2.598503e-01,2.593898e-01,2.591299e-01,2.585427e-01,2.581932e-01,2.576359e-01,2.572998e-01,2.569569e-01,2.565925e-01,2.562293e-01,2.559715e-01,2.555140e-01,2.554687e-01,2.552498e-01,2.550282e-01,2.547511e-01,2.547959e-01,2.546420e-01,2.546056e-01,2.542382e-01,2.541800e-01,2.543056e-01,2.540198e-01,2.538591e-01,2.536400e-01,2.533777e-01,2.531411e-01,2.529094e-01,2.527172e-01,2.523011e-01,2.518537e-01,2.514837e-01,2.511507e-01,2.505831e-01,2.502171e-01,2.498310e-01,2.492697e-01,2.485879e-01,2.480846e-01,2.477992e-01,2.472782e-01,2.466834e-01,2.460914e-01,2.455981e-01,2.452531e-01,2.446476e-01,2.443092e-01,2.439677e-01,2.437256e-01,2.432417e-01,2.429072e-01,2.426673e-01,2.425013e-01,2.422622e-01,2.420277e-01,2.418627e-01,2.419811e-01,2.421686e-01,2.418613e-01,2.418334e-01,2.417857e-01,2.416650e-01,2.419002e-01,2.419454e-01,2.418445e-01,2.418168e-01,2.417282e-01,2.417004e-01,2.414543e-01,2.413011e-01,2.409835e-01,2.407587e-01,2.405869e-01,2.406515e-01,2.406439e-01,2.405564e-01,2.407325e-01,2.406920e-01,2.407762e-01,2.407686e-01,2.408966e-01,2.409207e-01,2.410971e-01,2.414145e-01,2.415189e-01,2.416431e-01,2.419781e-01,2.420786e-01,2.423451e-01,2.424502e-01,2.426975e-01,2.427708e-01,2.428276e-01,2.427621e-01,2.427499e-01,2.427135e-01,2.426571e-01,2.425397e-01,2.425965e-01,2.426333e-01,2.428567e-01,2.426536e-01,2.426827e-01,2.426263e-01,2.425899e-01,2.427933e-01,2.426835e-01,2.426470e-01,2.427280e-01,2.426347e-01,2.427448e-01,2.427326e-01,2.426513e-01,2.423066e-01,2.422987e-01,2.421704e-01,2.420168e-01,2.414783e-01,2.413104e-01,2.410508e-01,2.406926e-01,2.404869e-01,2.402817e-01,2.397759e-01,2.393832e-01,2.389803e-01,2.382260e-01,2.375277e-01,2.365558e-01,2.354101e-01,2.347739e-01,2.340655e-01,2.333013e-01,2.316677e-01,2.299905e-01,2.292224e-01,2.276858e-01,2.252990e-01,2.236807e-01,2.221926e-01,2.199536e-01,2.176909e-01,2.154795e-01,2.132326e-01,2.110783e-01,2.075363e-01,2.054433e-01,2.007124e-01,1.973684e-01,1.936945e-01,1.907112e-01,1.866379e-01,1.834231e-01,1.792474e-01,1.755226e-01,1.698460e-01,1.653279e-01,1.610504e-01,1.561621e-01,1.518847e-01,1.467510e-01,1.421789e-01,1.351323e-01,1.300826e-01,1.251432e-01,1.205532e-01,1.152038e-01,1.108586e-01,1.042832e-01,9.973479e-02,9.554933e-02,9.156109e-02,8.750217e-02,8.272422e-02,7.914429e-02,7.607006e-02,7.317478e-02,7.036735e-02,6.713629e-02,6.484705e-02,6.285981e-02,6.108404e-02,5.956552e-02,5.743283e-02,5.619259e-02,5.505840e-02,5.390517e-02,5.276399e-02,5.169129e-02,5.098743e-02,5.031816e-02,4.967601e-02,4.906023e-02,4.847661e-02,4.816718e-02,4.763141e-02,4.735167e-02,4.685417e-02,4.661202e-02,4.636503e-02,4.613738e-02,4.592115e-02,4.571094e-02,4.550802e-02,4.550372e-02,4.529754e-02,4.529492e-02,4.510717e-02,4.509871e-02,4.509928e-02,4.510631e-02,4.491485e-02,4.491394e-02,4.490665e-02,4.490720e-02,4.508987e-02,4.508838e-02,4.508235e-02,4.506533e-02,4.524987e-02,4.524184e-02,4.543457e-02,4.543154e-02,4.562644e-02,4.583335e-02,4.584004e-02,4.606211e-02,4.628531e-02,4.651274e-02,4.675905e-02,4.678060e-02,4.703506e-02,4.729433e-02,4.755653e-02,4.782196e-02,4.809210e-02,4.836485e-02,4.865404e-02,4.893557e-02,4.922264e-02,4.951810e-02,4.981662e-02,5.011271e-02,5.042595e-02,5.074278e-02,5.106132e-02,5.139126e-02,5.203796e-02,5.206361e-02,5.274564e-02,5.311066e-02,5.314220e-02,5.375699e-02,5.413721e-02,5.460336e-02,5.493781e-02,5.549995e-02,5.584332e-02,5.615288e-02,5.671992e-02,5.713075e-02,5.763709e-02,5.801944e-02,5.862863e-02,5.897881e-02,5.957210e-02,5.999802e-02,6.036893e-02,6.098957e-02,6.143245e-02,6.203766e-02,6.243032e-02,6.304896e-02,6.345086e-02,6.404259e-02,6.451948e-02,6.505249e-02,6.548234e-02,6.611156e-02,6.655978e-02,6.714302e-02,6.758909e-02,6.820671e-02,6.862745e-02,6.926901e-02,6.975617e-02,7.012506e-02,7.079993e-02,7.149057e-02,7.195397e-02,7.257943e-02,7.305946e-02,7.370017e-02,7.410633e-02,7.478214e-02,7.518830e-02,7.578456e-02,7.619986e-02,7.690281e-02,7.732514e-02,7.792743e-02,7.834015e-02,7.899160e-02,7.930769e-02,7.985947e-02,8.029590e-02,8.084089e-02,8.149936e-02,8.176636e-02,8.233405e-02,8.269248e-02,8.329824e-02,8.346721e-02,8.406147e-02,8.457519e-02,8.495542e-02,8.536435e-02,8.565983e-02,8.628895e-02,8.647119e-02,8.701760e-02,8.744835e-02,8.775957e-02,8.819826e-02,8.838913e-02,8.893471e-02,8.951525e-02,8.970085e-02,9.016063e-02,9.036054e-02,9.069423e-02,9.116485e-02,9.136942e-02,9.184746e-02,9.216332e-02,9.252265e-02,9.288477e-02,9.310958e-02,9.348785e-02,9.411351e-02,9.419914e-02,9.484612e-02,9.493289e-02,9.556634e-02,9.607023e-02,9.626541e-02,9.676492e-02,9.725796e-02,9.760106e-02,9.805888e-02,9.856627e-02,9.891940e-02,9.926322e-02,9.991205e-02,1.001116e-01,1.006187e-01,1.011668e-01,1.015296e-01,1.019177e-01,1.026400e-01,1.028756e-01,1.034236e-01,1.038509e-01,1.042311e-01,1.047948e-01,1.052204e-01,1.054672e-01,1.060299e-01,1.064527e-01,1.068407e-01,1.070822e-01,1.076623e-01,1.080982e-01,1.084838e-01,1.087326e-01,1.093327e-01,1.095854e-01,1.099947e-01,1.104497e-01,1.108654e-01,1.111271e-01,1.115608e-01,1.120286e-01,1.124560e-01,1.127099e-01,1.131425e-01,1.136126e-01,1.138396e-01,1.144818e-01,1.147451e-01,1.151801e-01,1.154000e-01,1.158425e-01,1.160989e-01,1.165445e-01,1.169936e-01,1.170440e-01,1.174995e-01,1.179561e-01,1.181870e-01,1.184680e-01,1.187009e-01,1.191670e-01,1.194053e-01,1.198771e-01,1.203526e-01,1.208319e-01,1.208858e-01,1.213694e-01,1.216304e-01,1.221200e-01,1.223676e-01,1.226163e-01,1.229217e-01,1.231587e-01,1.234106e-01,1.239147e-01,1.241558e-01,1.244007e-01,1.244439e-01,1.249567e-01,1.251880e-01,1.254373e-01,1.254814e-01,1.257291e-01,1.259636e-01,1.259970e-01,1.262470e-01,1.264838e-01,1.267216e-01,1.269605e-01,1.272004e-01,1.272349e-01,1.271951e-01,1.274362e-01,1.276784e-01,1.279216e-01,1.281689e-01,1.283999e-01,1.286463e-01,1.286062e-01,1.288392e-01,1.290733e-01,1.292970e-01,1.292423e-01,1.294638e-01,1.296719e-01,1.296056e-01,1.298000e-01,1.299953e-01,1.299111e-01,1.303285e-01,1.302326e-01,1.304304e-01,1.303313e-01,1.307533e-01,1.306717e-01,1.308721e-01,1.310120e-01,1.312140e-01,1.311436e-01,1.315770e-01,1.314917e-01,1.316341e-01,1.318395e-01,1.322647e-01,1.323951e-01,1.325893e-01,1.327209e-01,1.326199e-01,1.330348e-01,1.329368e-01,1.333699e-01,1.335047e-01,1.334030e-01,1.338560e-01,1.337691e-01,1.339390e-01,1.340914e-01,1.340343e-01,1.342174e-01,1.344011e-01,1.343472e-01,1.345618e-01,1.345197e-01,1.350445e-01,1.350207e-01,1.352531e-01,1.354862e-01,1.354895e-01,1.357388e-01,1.357454e-01,1.360108e-01,1.360294e-01,1.362958e-01,1.363177e-01,1.365851e-01,1.366191e-01,1.369029e-01,1.369403e-01,1.369744e-01,1.372592e-01,1.369744e-01,1.370118e-01,1.370613e-01,1.373462e-01,1.373804e-01,1.374179e-01,1.374675e-01,1.375017e-01,1.372848e-01,1.370040e-01,1.370381e-01,1.368229e-01,1.365932e-01,1.360657e-01,1.361029e-01,1.358757e-01,1.354052e-01,1.348871e-01,1.346641e-01,1.342052e-01,1.336814e-01,1.332109e-01,1.329934e-01,1.322309e-01,1.317702e-01,1.310241e-01,1.305714e-01,1.296109e-01,1.291676e-01,1.282122e-01,1.277779e-01,1.270716e-01,1.264454e-01,1.257560e-01,1.248768e-01,1.244785e-01,1.236168e-01,1.229687e-01,1.223819e-01,1.217466e-01,1.209219e-01,1.205509e-01,1.197422e-01,1.193760e-01,1.187715e-01,1.179725e-01,1.173682e-01,1.167698e-01,1.161774e-01,1.158212e-01,1.152244e-01,1.146470e-01,1.139010e-01,1.133365e-01,1.131665e-01,1.126090e-01,1.122257e-01,1.114647e-01,1.111041e-01,1.105664e-01,1.104043e-01,1.100356e-01,1.096560e-01,1.092920e-01,1.087582e-01,1.084000e-01,1.080310e-01,1.075088e-01,1.069914e-01,1.064373e-01,1.060823e-01,1.053745e-01,1.048764e-01,1.045297e-01,1.041851e-01,1.035137e-01,1.031754e-01,1.028392e-01,1.025051e-01,1.019943e-01,1.015261e-01,1.010247e-01,1.007016e-01,1.003805e-01,1.000612e-01,9.957348e-02,9.926016e-02,9.879221e-02,9.861360e-02,9.813929e-02,9.796284e-02,9.762298e-02,9.756430e-02,9.722694e-02,9.705341e-02,9.683366e-02,9.677556e-02,9.627118e-02,9.633889e-02,9.599692e-02,9.578117e-02,9.559990e-02,9.550903e-02,9.531641e-02,9.496777e-02,9.460113e-02,9.441142e-02,9.418947e-02,9.384855e-02,9.350974e-02,9.344197e-02,9.283780e-02,9.249330e-02,9.231016e-02,9.198071e-02,9.152656e-02,9.120192e-02,9.090993e-02,9.029280e-02,9.000583e-02,8.969048e-02,8.938875e-02,8.896853e-02,8.839869e-02,8.824006e-02,8.784132e-02,8.756248e-02,8.728534e-02,8.700987e-02,8.660531e-02,8.643595e-02,8.617714e-02,8.600936e-02,8.575310e-02,8.534450e-02,8.531743e-02,8.502707e-02,8.477674e-02,8.452791e-02,8.437761e-02,8.399368e-02,8.384535e-02,8.379317e-02,8.355029e-02,8.340354e-02,8.289845e-02,8.276531e-02,8.262142e-02,8.247803e-02,8.210112e-02,8.186833e-02,8.163690e-02,8.128126e-02,8.114261e-02,8.076739e-02,8.054234e-02,8.019627e-02,8.005032e-02,7.957552e-02,7.952976e-02,7.919221e-02,7.885792e-02,7.871656e-02,7.825750e-02,7.803559e-02,7.771070e-02,7.757372e-02,7.705857e-02,7.684343e-02,7.660786e-02,7.639520e-02,7.588618e-02,7.566680e-02,7.536166e-02,7.514577e-02,7.465314e-02,7.426061e-02,7.395695e-02,7.381080e-02,7.331538e-02,7.309930e-02,7.278368e-02,7.255978e-02,7.205936e-02,7.253174e-03,7.253174e-03,7.253174e-03,7.253174e-03,7.253174e-03,7.253174e-03,7.253174e-03,7.253174e-03,7.253174e-03,7.253174e-03,7.253174e-03,7.253174e-03,7.253174e-03,7.253174e-03,7.253174e-03,7.253174e-03,7.253174e-03,7.253174e-03,7.253174e-03,7.253174e-03,7.253174e-03,7.253174e-03,7.253174e-03,7.253174e-03,7.253174e-03,7.253174e-03,7.253174e-03,7.253174e-03,7.253174e-03,7.253174e-03,7.253174e-03,7.253174e-03,7.253174e-03,7.253174e-03,7.253174e-03,7.253174e-03,7.253174e-03,7.253174e-03,7.253174e-03,7.253174e-03,7.253174e-03,7.253174e-03,7.253174e-03,7.253174e-03,7.253174e-03,7.253174e-03,7.253174e-03,7.253174e-03,7.253174e-03,7.253174e-03,7.253174e-03,7.253174e-03,7.253174e-03,7.253174e-03,7.253174e-03,7.253174e-03,7.253174e-03,7.253174e-03,7.253174e-03,7.253174e-03,7.253174e-03,7.253174e-03,7.253174e-03,7.253174e-03,7.253174e-03,7.253174e-03,7.253174e-03,7.253174e-03,7.253174e-03,7.253174e-03,7.253174e-03,7.253174e-03,7.253174e-03,7.253174e-03,7.253174e-03,7.253174e-03,7.253174e-03,7.253174e-03,7.253174e-03,7.253174e-03,7.253174e-03,7.253174e-03,7.253174e-03,7.253174e-03,7.253174e-03,7.253174e-03,7.253174e-03,7.253174e-03,7.253174e-03,7.253174e-03,7.253174e-03,7.253174e-03,7.253174e-03,7.253174e-03,7.253174e-03,7.253174e-03,7.253174e-03,7.253174e-03,7.253174e-03,7.253174e-03,7.253174e-03,7.253174e-03,7.253174e-03,7.253174e-03,7.253174e-03,7.253174e-03,7.253174e-03,7.253174e-03,7.253174e-03,7.253174e-03,7.253174e-03,7.253174e-03,7.253174e-03,7.253174e-03,7.253174e-03,7.253174e-03,7.253174e-03,7.253174e-03,7.253174e-03,7.253174e-03,7.253174e-03,7.253174e-03,7.253174e-03,7.253174e-03,7.253174e-03,7.253174e-03,7.253174e-03,7.253174e-03,7.253174e-03,7.253174e-03,7.253174e-03,7.253174e-03,7.253174e-03,7.253174e-03,7.253174e-03,7.253174e-03,7.253174e-03,7.253174e-03,7.253174e-03,7.253174e-03,7.253174e-03,7.253174e-03,7.253174e-03,7.253174e-03,7.253174e-03,7.253174e-03,7.253174e-03,7.253174e-03,7.253174e-03,7.253174e-03,7.253174e-03,7.253174e-03,7.253174e-03,7.253174e-03,7.253174e-03,7.253174e-03,7.253174e-03,7.253174e-03,7.253174e-03,7.253174e-03,7.253174e-03
2.707786e-02,2.704831e-02,2.701184e-02,2.697530e-02,2.693878e-02,2.690299e-02,2.686048e-02,2.682491e-02,2.678973e-02,2.674747e-02,2.671249e-02,2.666995e-02,2.663498e-02,2.660001e-02,2.655777e-02,2.652295e-02,2.648813e-02,2.645324e-02,2.642560e-02,2.639097e-02,2.636307e-02,2.633496e-02,2.630716e-02,2.628625e-02,2.626599e-02,2.623861e-02,2.621846e-02,2.620530e-02,2.618508e-02,2.616526e-02,2.615223e-02,2.613189e-02,2.611918e-02,2.609940e-02,2.608696e-02,2.607452e-02,2.605479e-02,2.604240e-02,2.603026e-02,2.601059e-02,2.599828e-02,2.598641e-02,2.596755e-02,2.595537e-02,2.593661e-02,2.592495e-02,2.591331e-02,2.589416e-02,2.588312e-02,2.587226e-02,2.585477e-02,2.584511e-02,2.583571e-02,2.582661e-02,2.581774e-02,2.580917e-02,2.580807e-02,2.580032e-02,2.579225e-02,2.579200e-02,2.578463e-02,2.577769e-02,2.577776e-02,2.577058e-02,2.577145e-02,2.576534e-02,2.576625e-02,2.576723e-02,2.576076e-02,2.576105e-02,2.576086e-02,2.575257e-02,2.575038e-02,2.574773e-02,2.573698e-02,2.573333e-02,2.572936e-02,2.572613e-02,2.571549e-02,2.571243e-02,2.571007e-02,2.570269e-02,2.570385e-02,2.570630e-02,2.570428e-02,2.571228e-02,2.572271e-02,2.572866e-02,2.574625e-02,2.576075e-02,2.578637e-02,2.580875e-02,2.584327e-02,2.587573e-02,2.592080e-02,2.596538e-02,2.602449e-02,2.608483e-02,2.615419e-02,2.624107e-02,2.633261e-02,2.643726e-02,2.655586e-02,2.669017e-02,2.684945e-02,2.702200e-02,2.721601e-02,2.744456e-02,2.770673e-02,2.799712e-02,2.832277e-02,2.867698e-02,2.907181e-02,2.954203e-02,3.007810e-02,3.063708e-02,3.126618e-02,3.196559e-02,3.274844e-02,3.361322e-02,3.457168e-02,3.558568e-02,3.669557e-02,3.786500e-02,3.914647e-02,4.047584e-02,4.191999e-02,4.340252e-02,4.500531e-02,4.662503e-02,4.837218e-02,5.009509e-02,5.194384e-02,5.381636e-02,5.583495e-02,5.785250e-02,6.002048e-02,6.211957e-02,6.438445e-02,6.661393e-02,6.894987e-02,7.132774e-02,7.368166e-02,7.624143e-02,7.883567e-02,8.152654e-02,8.423192e-02,8.706078e-02,8.987930e-02,9.273584e-02,9.553061e-02,9.822411e-02,1.007121e-01,1.034570e-01,1.057253e-01,1.073233e-01,1.079334e-01,1.082766e-01,1.083403e-01,1.080833e-01,1.078480e-01,1.076324e-01,1.073295e-01,1.069435e-01,1.064600e-01,1.059453e-01,1.053370e-01,1.046570e-01,1.038885e-01,1.030723e-01,1.021932e-01,1.012712e-01,1.003201e-01,9.939798e-02,9.848649e-02,9.759107e-02,9.672895e-02,9.594051e-02,9.520004e-02,9.450360e-02,9.383770e-02,9.326333e-02,9.270843e-02,9.218742e-02,9.168296e-02,9.123391e-02,9.082401e-02,9.041461e-02,9.003925e-02,8.969552e-02,8.940433e-02,8.912810e-02,8.888380e-02,8.868521e-02,8.851963e-02,8.838685e-02,8.825961e-02,8.815162e-02,8.804039e-02,8.791249e-02,8.774481e-02,8.753217e-02,8.727192e-02,8.693226e-02,8.651351e-02,8.602173e-02,8.545489e-02,8.480350e-02,8.409104e-02,8.331853e-02,8.251902e-02,8.170241e-02,8.085040e-02,7.998210e-02,7.910875e-02,7.825983e-02,7.743722e-02,7.664167e-02,7.589286e-02,7.521798e-02,7.462176e-02,7.407746e-02,7.361954e-02,7.322828e-02,7.289991e-02,7.263584e-02,7.242129e-02,7.227070e-02,7.215099e-02,7.204284e-02,7.191157e-02,7.175336e-02,7.152850e-02,7.119545e-02,7.076000e-02,7.018977e-02,6.948728e-02,6.861182e-02,6.763264e-02,6.651529e-02,6.532525e-02,6.404374e-02,6.271292e-02,6.134431e-02,5.998055e-02,5.862214e-02,5.732475e-02,5.610416e-02,5.496470e-02,5.397506e-02,5.307402e-02,5.230008e-02,5.157652e-02,5.088830e-02,5.017715e-02,4.940921e-02,4.856943e-02,4.760612e-02,4.655696e-02,4.538583e-02,4.415261e-02,4.281689e-02,4.148215e-02,4.015434e-02,3.887756e-02,3.764696e-02,3.650246e-02,3.551871e-02,3.463626e-02,3.389669e-02,3.324464e-02,3.273094e-02,3.230383e-02,3.197214e-02,3.170133e-02,3.152795e-02,3.140298e-02,3.141386e-02,3.148449e-02,3.179339e-02,3.221882e-02,3.307616e-02,3.413196e-02,3.571226e-02,3.763664e-02,4.020944e-02,4.322636e-02,4.686351e-02,5.106723e-02,5.598327e-02,6.153968e-02,6.775221e-02,7.462405e-02,8.218628e-02,9.035100e-02,9.896002e-02,1.080934e-01,1.176028e-01,1.274988e-01,1.375639e-01,1.478587e-01,1.582139e-01,1.686106e-01,1.789404e-01,1.892260e-01,1.993974e-01,2.094916e-01,2.194896e-01,2.294363e-01,2.393767e-01,2.493177e-01,2.592368e-01,2.692089e-01,2.792322e-01,2.893636e-01,2.995301e-01,3.098188e-01,3.201748e-01,3.305902e-01,3.411078e-01,3.516865e-01,3.623014e-01,3.729884e-01,3.837056e-01,3.944154e-01,4.051067e-01,4.157724e-01,4.263128e-01,4.368138e-01,4.471877e-01,4.574011e-01,4.673998e-01,4.772869e-01,4.869908e-01,4.963644e-01,5.053826e-01,5.141597e-01,5.225571e-01,5.306326e-01,5.383885e-01,5.456953e-01,5.525296e-01,5.590399e-01,5.650792e-01,5.707640e-01,5.759940e-01,5.808554e-01,5.852543e-01,5.892352e-01,5.928937e-01,5.961127e-01,5.993718e-01,6.026594e-01,6.059730e-01,6.093020e-01,6.126419e-01,6.159857e-01,6.193205e-01,6.226445e-01,6.259434e-01,6.292141e-01,6.324401e-01,6.356158e-01,6.387293e-01,6.417686e-01,6.447245e-01,6.475841e-01,6.503352e-01,6.529661e-01,6.554638e-01,6.578162e-01,6.600073e-01,6.620275e-01,6.638746e-01,6.655136e-01,6.669418e-01,6.681447e-01,6.691142e-01,6.698369e-01,6.702897e-01,6.704885e-01,6.705311e-01,6.705914e-01,6.706376e-01,6.706838e-01,6.707343e-01,6.707723e-01,6.708245e-01,6.708695e-01,6.709158e-01,6.709683e-01,6.710154e-01,6.710677e-01,6.711148e-01,6.711765e-01,6.712216e-01,6.712688e-01,6.713195e-01,6.713667e-01,6.714016e-01,6.714531e-01,6.714860e-01,6.715170e-01,6.715542e-01,6.715879e-01,6.716189e-01,6.716499e-01,6.716831e-01,6.717181e-01,6.717459e-01,6.717769e-01,6.718067e-01,6.718469e-01,6.718884e-01,6.719286e-01,6.719688e-01,6.720070e-01,6.720433e-01,6.720816e-01,6.721343e-01,6.721726e-01,6.722029e-01,6.722457e-01,6.722808e-01,6.723276e-01,6.723500e-01,6.723632e-01,6.723936e-01,6.724201e-01,6.724100e-01,6.724187e-01,6.724294e-01,6.724149e-01,6.724011e-01,6.724074e-01,6.724169e-01,6.724152e-01,6.724110e-01,6.724233e-01,6.724288e-01,6.724371e-01,6.724494e-01,6.724722e-01,6.724805e-01,6.725053e-01,6.725301e-01,6.725488e-01,6.725757e-01,6.726130e-01,6.726318e-01,6.726732e-01,6.727106e-01,6.727447e-01,6.727821e-01,6.728203e-01,6.728558e-01,6.728872e-01,6.729235e-01,6.729630e-01,6.729932e-01,6.730308e-01,6.730671e-01,6.730880e-01,6.731244e-01,6.731481e-01,6.731618e-01,6.731808e-01,6.732026e-01,6.732137e-01,6.732415e-01,6.732500e-01,6.732471e-01,6.732542e-01,6.732654e-01,6.732539e-01,6.732590e-01,6.732642e-01,6.732653e-01,6.732745e-01,6.732796e-01,6.732854e-01,6.733019e-01,6.733217e-01,6.733442e-01,6.733727e-01,6.734039e-01,6.734384e-01,6.734797e-01,6.735002e-01,6.735442e-01,6.735768e-01,6.735975e-01,6.736375e-01,6.736709e-01,6.737037e-01,6.737331e-01,6.737537e-01,6.737833e-01,6.738161e-01,6.738375e-01,6.738542e-01,6.738691e-01,6.738757e-01,6.738864e-01,6.739054e-01,6.739262e-01,6.739389e-01,6.739395e-01,6.739464e-01,6.739632e-01,6.739800e-01,6.739867e-01,6.739903e-01,6.740038e-01,6.740294e-01,6.740532e-01,6.740607e-01,6.740399e-01,6.740375e-01,6.740660e-01,6.740816e-01,6.740652e-01,6.740230e-01,6.739986e-01,6.739900e-01,6.739734e-01,6.739511e-01,6.739305e-01,6.738880e-01,6.737539e-01,6.736729e-01,6.736377e-01,6.735768e-01,6.735215e-01,6.734680e-01,6.733726e-01,6.732184e-01,6.730845e-01,6.729964e-01,6.729429e-01,6.727876e-01,6.725335e-01,6.723800e-01,6.722722e-01,6.721387e-01,6.719640e-01,6.717907e-01,6.716575e-01,6.715430e-01,6.712631e-01,6.707304e-01,6.704316e-01,6.702183e-01,6.699201e-01,6.696012e-01,6.693037e-01,6.690659e-01,6.688272e-01,6.686491e-01,6.685221e-01,6.683234e-01,6.680669e-01,6.679798e-01,6.679795e-01,6.679711e-01,6.679315e-01,6.679104e-01,6.678905e-01,6.679090e-01,6.678960e-01,6.679018e-01,6.679075e-01,6.678818e-01,6.678749e-01,6.678366e-01,6.678296e-01,6.678422e-01,6.678630e-01,6.678757e-01,6.679404e-01,6.679935e-01,6.680583e-01,6.681034e-01,6.682017e-01,6.682792e-01,6.683766e-01,6.684749e-01,6.685921e-01,6.687221e-01,6.688207e-01,6.689508e-01,6.690880e-01,6.692380e-01,6.693369e-01,6.694545e-01,6.695851e-01,6.697226e-01,6.698483e-01,6.699861e-01,6.701238e-01,6.702487e-01,6.703736e-01,6.705196e-01,6.706247e-01,6.707498e-01,6.708750e-01,6.710201e-01,6.711521e-01,6.712986e-01,6.714570e-01,6.716023e-01,6.717609e-01,6.719063e-01,6.720452e-01,6.721839e-01,6.723561e-01,6.724951e-01,6.726355e-01,6.727746e-01,6.729539e-01,6.731133e-01,6.732728e-01,6.734192e-01,6.735789e-01,6.737254e-01,6.738519e-01,6.739785e-01,6.741064e-01,6.742398e-01,6.744068e-01,6.745202e-01,6.745932e-01,6.746663e-01,6.747394e-01,6.748529e-01,6.749663e-01,6.750798e-01,6.751731e-01,6.752867e-01,6.753801e-01,6.754735e-01,6.755668e-01,6.756737e-01,6.757469e-01,6.758336e-01,6.759001e-01,6.759868e-01,6.760937e-01,6.761806e-01,6.762793e-01,6.763796e-01,6.764597e-01,6.765738e-01,6.766540e-01,6.767681e-01,6.768417e-01,6.769357e-01,6.770230e-01,6.770967e-01,6.771842e-01,6.772767e-01,6.773709e-01,6.774586e-01,6.775326e-01,6.776000e-01,6.776741e-01,6.777278e-01,6.778020e-01,6.778762e-01,6.779146e-01,6.779547e-01,6.779948e-01,6.780211e-01,6.780612e-01,6.780875e-01,6.780983e-01,6.780838e-01,6.780897e-01,6.781159e-01,6.781284e-01,6.781546e-01,6.781384e-01,6.781239e-01,6.781095e-01,6.780950e-01,6.781008e-01,6.780864e-01,6.780906e-01,6.780761e-01,6.780616e-01,6.780268e-01,6.779919e-01,6.779758e-01,6.779817e-01,6.779672e-01,6.779324e-01,6.778773e-01,6.778221e-01,6.777450e-01,6.777306e-01,6.777162e-01,6.777018e-01,6.776467e-01,6.775917e-01,6.775757e-01,6.775613e-01,6.775267e-01,6.774718e-01,6.773966e-01,6.773604e-01,6.773462e-01,6.773116e-01,6.772366e-01,6.771679e-01,6.771740e-01,6.772189e-01,6.772250e-01,6.771501e-01,6.770752e-01,6.770346e-01,6.769800e-01,6.769176e-01,6.768165e-01,6.767154e-01,6.766548e-01,6.766144e-01,6.764933e-01,6.762699e-01,6.760282e-01,6.758471e-01,6.756662e-01,6.754050e-01,6.749497e-01,6.744492e-01,6.739957e-01,6.735830e-01,6.731897e-01,6.727785e-01,6.722551e-01,6.715487e-01,6.706140e-01,6.697024e-01,6.690487e-01,6.684749e-01,6.677466e-01,6.667482e-01,6.657162e-01,6.649964e-01,6.644900e-01,6.640422e-01,6.635187e-01,6.629010e-01,6.623420e-01,6.617971e-01,6.612408e-01,6.608881e-01,6.607249e-01,6.605619e-01,6.604121e-01,6.602624e-01,6.601129e-01,6.599766e-01,6.598404e-01,6.598927e-01,6.597566e-01,6.598087e-01,6.598742e-01,6.599266e-01,6.597907e-01,6.598432e-01,6.598825e-01,6.599218e-01,6.597730e-01,6.596110e-01,6.596372e-01,6.596634e-01,6.596765e-01,6.597027e-01,6.597289e-01,6.595539e-01,6.595802e-01,6.596064e-01,6.596325e-01,6.594709e-01,6.594972e-01,6.593357e-01,6.593620e-01,6.594015e-01,6.594145e-01,6.592532e-01,6.592795e-01,6.592926e-01,6.593189e-01,6.591445e-01,6.591576e-01,6.591707e-01,6.591838e-01,6.591837e-01,6.591968e-01,6.592099e-01,6.594105e-01,6.594236e-01,6.594367e-01,6.594498e-01,6.594629e-01,6.594760e-01,6.591374e-01,6.593379e-01,6.593510e-01,6.593641e-01,6.593772e-01,6.592261e-01,6.592259e-01,6.594263e-01,6.594395e-01,6.591011e-01,6.591009e-01,6.593145e-01,6.591635e-01,6.591765e-01,6.590389e-01,6.590653e-01,6.590917e-01,6.587807e-01,6.588205e-01,6.586965e-01,6.587363e-01,6.584259e-01,6.584790e-01,6.583553e-01,6.580588e-01,6.582983e-01,6.579886e-01,6.580418e-01,6.579185e-01,6.579584e-01,6.578353e-01,6.575265e-01,6.575664e-01,6.572447e-01,6.572713e-01,6.571354e-01,6.568011e-01,6.569996e-01,6.566655e-01,6.565167e-01,6.565168e-01,6.561835e-01,6.560350e-01,6.560484e-01,6.557158e-01,6.555678e-01,6.555944e-01,6.554597e-01,6.551413e-01,6.551678e-01,6.548499e-01,6.548765e-01,6.545590e-01,6.542551e-01,6.544648e-01,6.541479e-01,6.538447e-01,6.540541e-01,6.537379e-01,6.537645e-01,6.534487e-01,6.531334e-01,6.531600e-01,6.528323e-01,6.528589e-01,6.525314e-01,6.523765e-01,6.520497e-01,6.518820e-01,6.515559e-01,6.513887e-01,6.510503e-01,6.510638e-01,6.505589e-01,6.505723e-01,6.504059e-01,6.499025e-01,6.497370e-01,6.495712e-01,6.492486e-01,6.490832e-01,6.489180e-01,6.485963e-01,6.484315e-01,6.482667e-01,6.481021e-01,6.476039e-01,6.474398e-01,6.472759e-01,6.471121e-01,6.467713e-01,6.466078e-01,6.462678e-01,6.461048e-01,6.462731e-01,6.452726e-01,6.454404e-01,6.454322e-01,6.454241e-01,6.452400e-01,6.449022e-01,6.447186e-01,6.443816e-01,6.440451e-01,6.440371e-01,6.435266e-01,6.431914e-01,6.426827e-01,6.425011e-01,6.419940e-01,6.414881e-01,6.409833e-01,6.404796e-01,6.399781e-01,6.389839e-01,6.386344e-01,6.376460e-01,6.371497e-01,6.366545e-01,6.363086e-01,6.359632e-01,6.348181e-01,6.339927e-01,6.331702e-01,6.328297e-01,6.321776e-01,6.313820e-01,6.305570e-01,6.292741e-01,6.279983e-01,6.273398e-01,6.259328e-01,6.249974e-01,6.240659e-01,6.236101e-01,6.226958e-01,6.217852e-01,6.210170e-01,6.197977e-01,6.184282e-01,6.167748e-01,6.154232e-01,6.138102e-01,6.128004e-01,6.112059e-01,6.103402e-01,6.090341e-01,6.078850e-01,6.065930e-01,6.057343e-01,6.044547e-01,6.036041e-01,6.027388e-01,6.031088e-01,6.037652e-01,6.038714e-01,6.025922e-01,6.013024e-01,6.004462e-01,5.995830e-01,5.983106e-01,5.975809e-01,5.965589e-01,5.948974e-01,5.928356e-01,5.902601e-01,5.874377e-01,5.849111e-01,5.819971e-01,5.787276e-01,5.760081e-01,5.731630e-01,5.708136e-01,5.683249e-01,5.670738e-01,5.637850e-01,5.599740e-01,5.552135e-01,5.510329e-01,5.451400e-01,5.390086e-01,5.334442e-01,5.271994e-01,5.226485e-01,5.165183e-01,5.109326e-01,5.053222e-01,4.991493e-01,4.928433e-01,4.888966e-01,4.838899e-01,4.774160e-01,4.719291e-01,4.663189e-01,4.618775e-01,4.565632e-01,4.512735e-01,4.463853e-01,4.422821e-01,4.386688e-01,4.343870e-01,4.302082e-01,4.268386e-01,4.226270e-01,4.190830e-01,4.156115e-01,4.123168e-01,4.096264e-01,4.069820e-01,4.040899e-01,4.013384e-01,3.986353e-01,3.963817e-01,3.943440e-01,3.921545e-01,3.898984e-01,3.877653e-01,3.861286e-01,3.840505e-01,3.819935e-01,3.804148e-01,3.788517e-01,3.778373e-01,3.763849e-01,3.749431e-01,3.740353e-01,3.726984e-01,3.717981e-01,3.710629e-01,3.701774e-01,3.693707e-01,3.686470e-01,3.678535e-01,3.670589e-01,3.663434e-01,3.660435e-01,3.653379e-01,3.651940e-01,3.650501e-01,3.649117e-01,3.643593e-01,3.641397e-01,3.640786e-01,3.639358e-01,3.643537e-01,3.642158e-01,3.641519e-01,3.639403e-01,3.642841e-01,3.640723e-01,3.644930e-01,3.648379e-01,3.653429e-01,3.652811e-01,3.655557e-01,3.663159e-01,3.667504e-01,3.671784e-01,3.679517e-01,3.687237e-01,3.695839e-01,3.707889e-01,3.716605e-01,3.726098e-01,3.737622e-01,3.745607e-01,3.758098e-01,3.770608e-01,3.778814e-01,3.795981e-01,3.805168e-01,3.818054e-01,3.831071e-01,3.841274e-01,3.859183e-01,3.866972e-01,3.878586e-01,3.891235e-01,3.904831e-01,3.913749e-01,3.926619e-01,3.939647e-01,3.949685e-01,3.968775e-01,3.978047e-01,3.992385e-01,4.007866e-01,4.020616e-01,4.032076e-01,4.045963e-01,4.063883e-01,4.079039e-01,4.089955e-01,4.105256e-01,4.121819e-01,4.131942e-01,4.149757e-01,4.163209e-01,4.182443e-01,4.193946e-01,4.206667e-01,4.225205e-01,4.237057e-01,4.248989e-01,4.269148e-01,4.281303e-01,4.294680e-01,4.308101e-01,4.320528e-01,4.339196e-01,4.347934e-01,4.368141e-01,4.383331e-01,4.389882e-01,4.402837e-01,4.424904e-01,4.434026e-01,4.448546e-01,4.463199e-01,4.477957e-01,4.492895e-01,4.501131e-01,4.516202e-01,4.530204e-01,4.537292e-01,4.552771e-01,4.561374e-01,4.574383e-01,4.590227e-01,4.597648e-01,4.615052e-01,4.622582e-01,4.634656e-01,4.642265e-01,4.658699e-01,4.666297e-01,4.673984e-01,4.689231e-01,4.698323e-01,4.706087e-01,4.720103e-01,4.729291e-01,4.737182e-01,4.745051e-01,4.762186e-01,4.770157e-01,4.778161e-01,4.787633e-01,4.795709e-01,4.803818e-01,4.814928e-01,4.823827e-01,4.828092e-01,4.835465e-01,4.841388e-01,4.846555e-01,4.853289e-01,4.860089e-01,4.865986e-01,4.873719e-01,4.879711e-01,4.888073e-01,4.892594e-01,4.899484e-01,4.906405e-01,4.913403e-01,4.919576e-01,4.928169e-01,4.935305e-01,4.939073e-01,4.948615e-01,4.950785e-01,4.958647e-01,4.964960e-01,4.970357e-01,4.979002e-01,4.984544e-01,4.994123e-01,4.997820e-01,5.006572e-01,5.013636e-01,5.019033e-01,5.022716e-01,5.029771e-01,5.034373e-01,5.044136e-01,5.051316e-01,5.061048e-01,5.070991e-01,5.079139e-01,5.082878e-01,5.091885e-01,5.097390e-01,5.104709e-01,5.111301e-01,5.117865e-01,5.124314e-01,5.133571e-01,5.139257e-01,5.145959e-01,5.151728e-01,5.158373e-01,5.163097e-01,5.169827e-01,5.171920e-01,5.178607e-01,5.183447e-01,5.191143e-01,5.196059e-01,5.202774e-01,5.206737e-01,5.211688e-01,5.215620e-01,5.221579e-01,5.224541e-01,5.228664e-01,5.235530e-01,5.240502e-01,5.246529e-01,5.250525e-01,5.251815e-01,5.256870e-01,5.259879e-01,5.263062e-01,5.266080e-01,5.269272e-01,5.269392e-01,5.274562e-01,5.279543e-01,5.284617e-01,5.285798e-01,5.289867e-01,5.292965e-01,5.297047e-01,5.294319e-01,5.300247e-01,5.303282e-01,5.306404e-01,5.306616e-01,5.309742e-01,5.310856e-01,5.311152e-01,5.309305e-01,5.314368e-01,5.311616e-01,5.308044e-01,5.307186e-01,5.307474e-01,5.299898e-01,5.298266e-01,5.295447e-01,5.293896e-01,5.284466e-01,5.279931e-01,5.276251e-01,5.270850e-01,5.266180e-01,5.259804e-01,5.254207e-01,5.248867e-01,5.239645e-01,5.234344e-01,5.225189e-01,5.219018e-01,5.219135e-01,5.238894e-01,5.229720e-01,5.225386e-01,5.218266e-01,5.211139e-01,5.202165e-01,5.196919e-01,5.189826e-01,5.181955e-01,5.173111e-01,5.166145e-01,5.154559e-01,5.146783e-01,5.139838e-01,5.129343e-01,5.120702e-01,5.111238e-01,5.100708e-01,5.092306e-01,5.082794e-01,5.076002e-01,5.069190e-01,5.061605e-01,5.050589e-01,5.043864e-01,5.035370e-01,5.027066e-01,5.018754e-01,5.008707e-01,4.999637e-01,4.992209e-01,4.983063e-01,4.974981e-01,4.970032e-01,4.962716e-01,4.956227e-01,4.948964e-01,4.939272e-01,4.935309e-01,4.929612e-01,4.921603e-01,4.913627e-01,4.908079e-01,4.900159e-01,4.896233e-01,4.889922e-01,4.886061e-01,4.879682e-01,4.874250e-01,4.867971e-01,4.863397e-01,4.858790e-01,4.854910e-01,4.851037e-01,4.847986e-01,4.843361e-01,4.842715e-01,4.842620e-01,4.841753e-01,4.839427e-01,4.842413e-01,4.843823e-01,4.845290e-01,4.845033e-01,4.847214e-01,4.851739e-01,4.853010e-01,4.854383e-01,4.853510e-01,4.854067e-01,4.854686e-01,4.854571e-01,4.853759e-01,4.852033e-01,4.848129e-01,4.844984e-01,4.844788e-01,4.840028e-01,4.836896e-01,4.834477e-01,4.829744e-01,4.824158e-01,4.820893e-01,4.818533e-01,4.815978e-01,4.811929e-01,4.807889e-01,4.804652e-01,4.803644e-01,4.800317e-01,4.800066e-01,4.799061e-01,4.799602e-01,4.796380e-01,4.796129e-01,4.796670e-01,4.798696e-01,4.799237e-01,4.800533e-01,4.802563e-01,4.807737e-01,4.813662e-01,4.813469e-01,4.815671e-01,4.818577e-01,4.819984e-01,4.826068e-01,4.829794e-01,4.830503e-01,4.832723e-01,4.832685e-01,4.834909e-01,4.832593e-01,4.831084e-01,4.827265e-01,4.824255e-01,4.823456e-01,4.826471e-01,4.827982e-01,4.827945e-01,4.831066e-01,4.829658e-01,4.831977e-01,4.833492e-01,4.835169e-01,4.835231e-01,4.838364e-01,4.843768e-01,4.845392e-01,4.846306e-01,4.851754e-01,4.852608e-01,4.855806e-01,4.857440e-01,4.861361e-01,4.862896e-01,4.864409e-01,4.862913e-01,4.863670e-01,4.864365e-01,4.865777e-01,4.864895e-01,4.866408e-01,4.868642e-01,4.872521e-01,4.870854e-01,4.873053e-01,4.874471e-01,4.875168e-01,4.879782e-01,4.878932e-01,4.879630e-01,4.881217e-01,4.880392e-01,4.884191e-01,4.884954e-01,4.884955e-01,4.880965e-01,4.882514e-01,4.883925e-01,4.882375e-01,4.879038e-01,4.879000e-01,4.878139e-01,4.876416e-01,4.877823e-01,4.879231e-01,4.875963e-01,4.875685e-01,4.876166e-01,4.868938e-01,4.863988e-01,4.855789e-01,4.847525e-01,4.844086e-01,4.839098e-01,4.832651e-01,4.818159e-01,4.802289e-01,4.795864e-01,4.783058e-01,4.761106e-01,4.745603e-01,4.733071e-01,4.713047e-01,4.691790e-01,4.670809e-01,4.648633e-01,4.628034e-01,4.592128e-01,4.570865e-01,4.521008e-01,4.484509e-01,4.445950e-01,4.414568e-01,4.369907e-01,4.337076e-01,4.291701e-01,4.255172e-01,4.191084e-01,4.138223e-01,4.086978e-01,4.026823e-01,3.972784e-01,3.905137e-01,3.842134e-01,3.742757e-01,3.668252e-01,3.594579e-01,3.524207e-01,3.440317e-01,3.369106e-01,3.257477e-01,3.177459e-01,3.100621e-01,3.025048e-01,2.943873e-01,2.845347e-01,2.767377e-01,2.697976e-01,2.630507e-01,2.561976e-01,2.479284e-01,2.418792e-01,2.364116e-01,2.313414e-01,2.268951e-01,2.203387e-01,2.164068e-01,2.127134e-01,2.087962e-01,2.048183e-01,2.009611e-01,1.983726e-01,1.958454e-01,1.933782e-01,1.909512e-01,1.885986e-01,1.872775e-01,1.850301e-01,1.837926e-01,1.816046e-01,1.804641e-01,1.793183e-01,1.782241e-01,1.771575e-01,1.761195e-01,1.750954e-01,1.749919e-01,1.739267e-01,1.738107e-01,1.728252e-01,1.726745e-01,1.725929e-01,1.725256e-01,1.715524e-01,1.714850e-01,1.714036e-01,1.713526e-01,1.722036e-01,1.721872e-01,1.721514e-01,1.720820e-01,1.729233e-01,1.729226e-01,1.738217e-01,1.738187e-01,1.746789e-01,1.755788e-01,1.755936e-01,1.765061e-01,1.774244e-01,1.783516e-01,1.793270e-01,1.793265e-01,1.802919e-01,1.813231e-01,1.822904e-01,1.833062e-01,1.842748e-01,1.853086e-01,1.863569e-01,1.873936e-01,1.884412e-01,1.895025e-01,1.905725e-01,1.916531e-01,1.927488e-01,1.938539e-01,1.949297e-01,1.960403e-01,1.982499e-01,1.982716e-01,2.005757e-01,2.017681e-01,2.018350e-01,2.038339e-01,2.049979e-01,2.064643e-01,2.075234e-01,2.092535e-01,2.102709e-01,2.111914e-01,2.129246e-01,2.140831e-01,2.155720e-01,2.166735e-01,2.184692e-01,2.194355e-01,2.210860e-01,2.222970e-01,2.233498e-01,2.250563e-01,2.262297e-01,2.278870e-01,2.289084e-01,2.305193e-01,2.315646e-01,2.330864e-01,2.343114e-01,2.356191e-01,2.366800e-01,2.382397e-01,2.393246e-01,2.407207e-01,2.417644e-01,2.432535e-01,2.442459e-01,2.457035e-01,2.467601e-01,2.475408e-01,2.490379e-01,2.505536e-01,2.515069e-01,2.528014e-01,2.537724e-01,2.550550e-01,2.558201e-01,2.571958e-01,2.579022e-01,2.590357e-01,2.597878e-01,2.611699e-01,2.618979e-01,2.629538e-01,2.635793e-01,2.648014e-01,2.652314e-01,2.658940e-01,2.665343e-01,2.673843e-01,2.684481e-01,2.685006e-01,2.693638e-01,2.698111e-01,2.704976e-01,2.703394e-01,2.712152e-01,2.716955e-01,2.721511e-01,2.724199e-01,2.724741e-01,2.733646e-01,2.732029e-01,2.736907e-01,2.739627e-01,2.740176e-01,2.742904e-01,2.741275e-01,2.748106e-01,2.753045e-01,2.751388e-01,2.754139e-01,2.752496e-01,2.753050e-01,2.755805e-01,2.754160e-01,2.756917e-01,2.759408e-01,2.759981e-01,2.760554e-01,2.758915e-01,2.759503e-01,2.766449e-01,2.762589e-01,2.769568e-01,2.765699e-01,2.772662e-01,2.777438e-01,2.777727e-01,2.782505e-01,2.787284e-01,2.789818e-01,2.796596e-01,2.801428e-01,2.803990e-01,2.806540e-01,2.815730e-01,2.816011e-01,2.822963e-01,2.827909e-01,2.832601e-01,2.835241e-01,2.844684e-01,2.845006e-01,2.852130e-01,2.854845e-01,2.859635e-01,2.866836e-01,2.869563e-01,2.869892e-01,2.877134e-01,2.879865e-01,2.884728e-01,2.885043e-01,2.892367e-01,2.895130e-01,2.900033e-01,2.900352e-01,2.907759e-01,2.908080e-01,2.913049e-01,2.915855e-01,2.920853e-01,2.921175e-01,2.926211e-01,2.929045e-01,2.934092e-01,2.934401e-01,2.939468e-01,2.942310e-01,2.944865e-01,2.952505e-01,2.952819e-01,2.957937e-01,2.960503e-01,2.965649e-01,2.965947e-01,2.971115e-01,2.976303e-01,2.974024e-01,2.979222e-01,2.984441e-01,2.987057e-01,2.987379e-01,2.990000e-01,2.995261e-01,2.997896e-01,3.003187e-01,3.008499e-01,3.013831e-01,3.011489e-01,3.016833e-01,3.019530e-01,3.024905e-01,3.027600e-01,3.030300e-01,3.030630e-01,3.033316e-01,3.036028e-01,3.041468e-01,3.044175e-01,3.046886e-01,3.044467e-01,3.049941e-01,3.052645e-01,3.055372e-01,3.052938e-01,3.055668e-01,3.058383e-01,3.055922e-01,3.058657e-01,3.061378e-01,3.064104e-01,3.066836e-01,3.069573e-01,3.067091e-01,3.067027e-01,3.069764e-01,3.072507e-01,3.075255e-01,3.078006e-01,3.080744e-01,3.083508e-01,3.083444e-01,3.086193e-01,3.088947e-01,3.091684e-01,3.091598e-01,3.094342e-01,3.097071e-01,3.096961e-01,3.099674e-01,3.102392e-01,3.102263e-01,3.110353e-01,3.110200e-01,3.112938e-01,3.112787e-01,3.120939e-01,3.120805e-01,3.123564e-01,3.128871e-01,3.131646e-01,3.131535e-01,3.139792e-01,3.139659e-01,3.145027e-01,3.147834e-01,3.156164e-01,3.161572e-01,3.164390e-01,3.169829e-01,3.169672e-01,3.178112e-01,3.177951e-01,3.186462e-01,3.191986e-01,3.191826e-01,3.200442e-01,3.200304e-01,3.205923e-01,3.211544e-01,3.211450e-01,3.217139e-01,3.222850e-01,3.222750e-01,3.228529e-01,3.228457e-01,3.237386e-01,3.237331e-01,3.243191e-01,3.249075e-01,3.249071e-01,3.255002e-01,3.254993e-01,3.260972e-01,3.260991e-01,3.266994e-01,3.267009e-01,3.273037e-01,3.273080e-01,3.279157e-01,3.279196e-01,3.279239e-01,3.285342e-01,3.282153e-01,3.282192e-01,3.282259e-01,3.288375e-01,3.288418e-01,3.288456e-01,3.288523e-01,3.288566e-01,3.282534e-01,3.279344e-01,3.279387e-01,3.273391e-01,3.267395e-01,3.258264e-01,3.258298e-01,3.252361e-01,3.240541e-01,3.231572e-01,3.225740e-01,3.214121e-01,3.205287e-01,3.193812e-01,3.188125e-01,3.173778e-01,3.162545e-01,3.148434e-01,3.137393e-01,3.118101e-01,3.107288e-01,3.088370e-01,3.077776e-01,3.064474e-01,3.048900e-01,3.035849e-01,3.017887e-01,3.007821e-01,2.990210e-01,2.977718e-01,2.963065e-01,2.950812e-01,2.933898e-01,2.924397e-01,2.907799e-01,2.898491e-01,2.886791e-01,2.870619e-01,2.859135e-01,2.847747e-01,2.836452e-01,2.827575e-01,2.816428e-01,2.805389e-01,2.790148e-01,2.779321e-01,2.775056e-01,2.764349e-01,2.757901e-01,2.745120e-01,2.738756e-01,2.728333e-01,2.724226e-01,2.717967e-01,2.711721e-01,2.705519e-01,2.695336e-01,2.689210e-01,2.683097e-01,2.673083e-01,2.663146e-01,2.655088e-01,2.649103e-01,2.637294e-01,2.627622e-01,2.621787e-01,2.615977e-01,2.604478e-01,2.598745e-01,2.593037e-01,2.587353e-01,2.579749e-01,2.570495e-01,2.562989e-01,2.557435e-01,2.551906e-01,2.546399e-01,2.539032e-01,2.533549e-01,2.526268e-01,2.524359e-01,2.517116e-01,2.515220e-01,2.511482e-01,2.513038e-01,2.509306e-01,2.507421e-01,2.507133e-01,2.508683e-01,2.503116e-01,2.508107e-01,2.504373e-01,2.504086e-01,2.502192e-01,2.505344e-01,2.503434e-01,2.499732e-01,2.497620e-01,2.495721e-01,2.495420e-01,2.491707e-01,2.488005e-01,2.489517e-01,2.480667e-01,2.476983e-01,2.475113e-01,2.471458e-01,2.464496e-01,2.460871e-01,2.455709e-01,2.448619e-01,2.443507e-01,2.439941e-01,2.436399e-01,2.429644e-01,2.422691e-01,2.420910e-01,2.414253e-01,2.410795e-01,2.407347e-01,2.403908e-01,2.398831e-01,2.398572e-01,2.395170e-01,2.394911e-01,2.391518e-01,2.387928e-01,2.389393e-01,2.387465e-01,2.384091e-01,2.380727e-01,2.380483e-01,2.376937e-01,2.376693e-01,2.379559e-01,2.376206e-01,2.375962e-01,2.370766e-01,2.370536e-01,2.370292e-01,2.370049e-01,2.366517e-01,2.363198e-01,2.359887e-01,2.354944e-01,2.354702e-01,2.351242e-01,2.347962e-01,2.343067e-01,2.342814e-01,2.337741e-01,2.339080e-01,2.334219e-01,2.329419e-01,2.329167e-01,2.324150e-01,2.320927e-01,2.316137e-01,2.315930e-01,2.308039e-01,2.304858e-01,2.303051e-01,2.299883e-01,2.292126e-01,2.288974e-01,2.284308e-01,2.281220e-01,2.273540e-01,2.266071e-01,2.261525e-01,2.261258e-01,2.253726e-01,2.250660e-01,2.246149e-01,2.243090e-01,2.235650e-01,5.487924e-03,5.487924e-03,5.487924e-03,5.487924e-03,5.487924e-03,5.487924e-03,5.487924e-03,5.487924e-03,5.487924e-03,5.487924e-03,5.487924e-03,5.487924e-03,5.487924e-03,5.487924e-03,5.487924e-03,5.487924e-03,5.487924e-03,5.487924e-03,5.487924e-03,5.487924e-03,5.487924e-03,5.487924e-03,5.487924e-03,5.487924e-03,5.487924e-03,5.487924e-03,5.487924e-03,5.487924e-03,5.487924e-03,5.487924e-03,5.487924e-03,5.487924e-03,5.487924e-03,5.487924e-03,5.487924e-03,5.487924e-03,5.487924e-03,5.487924e-03,5.487924e-03,5.487924e-03,5.487924e-03,5.487924e-03,5.487924e-03,5.487924e-03,5.487924e-03,5.487924e-03,5.487924e-03,5.487924e-03,5.487924e-03,5.487924e-03,5.487924e-03,5.487924e-03,5.487924e-03,5.487924e-03,5.487924e-03,5.487924e-03,5.487924e-03,5.487924e-03,5.487924e-03,5.487924e-03,5.487924e-03,5.487924e-03,5.487924e-03,5.487924e-03,5.487924e-03,5.487924e-03,5.487924e-03,5.487924e-03,5.487924e-03,5.487924e-03,5.487924e-03,5.487924e-03,5.487924e-03,5.487924e-03,5.487924e-03,5.487924e-03,5.487924e-03,5.487924e-03,5.487924e-03,5.487924e-03,5.487924e-03,5.487924e-03,5.487924e-03,5.487924e-03,5.487924e-03,5.487924e-03,5.487924e-03,5.487924e-03,5.487924e-03,5.487924e-03,5.487924e-03,5.487924e-03,5.487924e-03,5.487924e-03,5.487924e-03,5.487924e-03,5.487924e-03,5.487924e-03,5.487924e-03,5.487924e-03,5.487924e-03,5.487924e-03,5.487924e-03,5.487924e-03,5.487924e-03,5.487924e-03,5.487924e-03,5.487924e-03,5.487924e-03,5.487924e-03,5.487924e-03,5.487924e-03,5.487924e-03,5.487924e-03,5.487924e-03,5.487924e-03,5.487924e-03,5.487924e-03,5.487924e-03,5.487924e-03,5.487924e-03,5.487924e-03,5.487924e-03,5.487924e-03,5.487924e-03,5.487924e-03,5.487924e-03,5.487924e-03,5.487924e-03,5.487924e-03,5.487924e-03,5.487924e-03,5.487924e-03,5.487924e-03,5.487924e-03,5.487924e-03,5.487924e-03,5.487924e-03,5.487924e-03,5.487924e-03,5.487924e-03,5.487924e-03,5.487924e-03,5.487924e-03,5.487924e-03,5.487924e-03,5.487924e-03,5.487924e-03,5.487924e-03,5.487924e-03,5.487924e-03,5.487924e-03,5.487924e-03,5.487924e-03,5.487924e-03,5.487924e-03,5.487924e-03,5.487924e-03,5.487924e-03,5.487924e-03,5.487924e-03
2.821154e-02,2.819645e-02,2.817813e-02,2.815989e-02,2.814183e-02,2.814589e-02,2.816832e-02,2.817270e-02,2.819874e-02,2.822135e-02,2.824742e-02,2.826964e-02,2.831711e-02,2.836470e-02,2.840878e-02,2.845656e-02,2.850435e-02,2.855205e-02,2.860330e-02,2.867252e-02,2.872339e-02,2.877396e-02,2.884612e-02,2.890017e-02,2.897624e-02,2.904881e-02,2.912481e-02,2.920403e-02,2.927994e-02,2.937754e-02,2.947819e-02,2.957516e-02,2.969741e-02,2.981632e-02,2.993893e-02,3.006156e-02,3.018060e-02,3.030338e-02,3.044772e-02,3.056702e-02,3.069006e-02,3.081372e-02,3.093418e-02,3.103639e-02,3.115711e-02,3.126013e-02,3.136322e-02,3.144127e-02,3.154534e-02,3.162850e-02,3.170899e-02,3.179384e-02,3.185797e-02,3.192251e-02,3.198740e-02,3.205255e-02,3.212154e-02,3.218762e-02,3.223202e-02,3.230154e-02,3.236740e-02,3.243351e-02,3.250250e-02,3.256775e-02,3.263729e-02,3.270363e-02,3.277308e-02,3.284242e-02,3.290774e-02,3.297629e-02,3.304450e-02,3.310795e-02,3.315269e-02,3.321853e-02,3.325872e-02,3.332366e-02,3.338841e-02,3.345435e-02,3.351658e-02,3.360403e-02,3.369223e-02,3.380073e-02,3.391441e-02,3.402965e-02,3.416550e-02,3.432920e-02,3.447450e-02,3.461922e-02,3.479342e-02,3.496861e-02,3.513006e-02,3.529185e-02,3.548372e-02,3.565663e-02,3.583792e-02,3.602235e-02,3.621753e-02,3.641797e-02,3.660496e-02,3.682611e-02,3.705547e-02,3.729423e-02,3.754551e-02,3.778842e-02,3.807040e-02,3.836445e-02,3.867489e-02,3.901005e-02,3.936964e-02,3.976555e-02,4.016489e-02,4.060414e-02,4.104646e-02,4.155598e-02,4.210094e-02,4.265530e-02,4.326542e-02,4.388660e-02,4.454328e-02,4.523267e-02,4.595662e-02,4.669226e-02,4.745760e-02,4.823052e-02,4.900945e-02,4.978414e-02,5.056949e-02,5.135099e-02,5.214993e-02,5.287759e-02,5.364381e-02,5.435964e-02,5.510601e-02,5.578738e-02,5.648708e-02,5.715267e-02,5.783437e-02,5.843845e-02,5.908830e-02,5.967529e-02,6.031205e-02,6.088941e-02,6.143551e-02,6.204180e-02,6.263331e-02,6.323563e-02,6.381974e-02,6.446855e-02,6.504638e-02,6.566250e-02,6.625847e-02,6.681064e-02,6.731325e-02,6.786741e-02,6.832308e-02,6.865005e-02,6.880196e-02,6.894108e-02,6.901917e-02,6.902093e-02,6.905305e-02,6.908933e-02,6.908799e-02,6.906731e-02,6.901662e-02,6.893959e-02,6.883574e-02,6.867076e-02,6.851225e-02,6.833167e-02,6.811230e-02,6.788182e-02,6.764679e-02,6.744209e-02,6.722462e-02,6.699347e-02,6.680115e-02,6.662830e-02,6.647702e-02,6.633914e-02,6.621564e-02,6.610938e-02,6.601599e-02,6.593614e-02,6.589030e-02,6.583369e-02,6.579434e-02,6.576480e-02,6.574969e-02,6.572134e-02,6.573698e-02,6.573946e-02,6.577762e-02,6.578275e-02,6.582476e-02,6.587787e-02,6.591239e-02,6.597238e-02,6.603253e-02,6.608832e-02,6.611165e-02,6.614209e-02,6.616049e-02,6.615912e-02,6.611241e-02,6.609024e-02,6.602084e-02,6.590725e-02,6.579408e-02,6.564066e-02,6.550031e-02,6.531531e-02,6.516016e-02,6.497567e-02,6.477193e-02,6.459415e-02,6.440896e-02,6.422741e-02,6.408385e-02,6.394972e-02,6.385802e-02,6.376573e-02,6.371914e-02,6.367866e-02,6.367598e-02,6.367771e-02,6.369604e-02,6.375104e-02,6.380232e-02,6.387206e-02,6.391943e-02,6.397507e-02,6.399416e-02,6.395497e-02,6.392137e-02,6.382911e-02,6.370852e-02,6.351588e-02,6.329089e-02,6.303448e-02,6.276442e-02,6.246371e-02,6.215923e-02,6.183063e-02,6.150421e-02,6.118020e-02,6.088772e-02,6.060920e-02,6.035747e-02,6.016437e-02,5.998989e-02,5.985777e-02,5.971875e-02,5.960014e-02,5.946535e-02,5.931408e-02,5.913911e-02,5.893345e-02,5.869351e-02,5.839603e-02,5.810158e-02,5.777909e-02,5.744131e-02,5.712737e-02,5.683260e-02,5.655744e-02,5.630938e-02,5.611032e-02,5.594495e-02,5.584531e-02,5.574962e-02,5.571423e-02,5.568574e-02,5.570230e-02,5.573761e-02,5.579996e-02,5.587548e-02,5.598653e-02,5.613743e-02,5.633246e-02,5.656112e-02,5.691329e-02,5.732566e-02,5.792377e-02,5.861489e-02,5.952101e-02,6.059557e-02,6.189476e-02,6.341136e-02,6.519095e-02,6.724209e-02,6.953910e-02,7.212810e-02,7.499953e-02,7.810376e-02,8.139627e-02,8.490296e-02,8.860721e-02,9.242682e-02,9.628818e-02,1.002548e-01,1.043096e-01,1.082749e-01,1.122231e-01,1.161342e-01,1.199803e-01,1.237728e-01,1.275033e-01,1.311860e-01,1.349924e-01,1.386477e-01,1.422618e-01,1.458586e-01,1.494344e-01,1.530066e-01,1.565487e-01,1.601175e-01,1.636328e-01,1.671225e-01,1.705657e-01,1.743178e-01,1.777093e-01,1.810750e-01,1.842956e-01,1.875696e-01,1.907937e-01,1.939676e-01,1.971089e-01,2.001625e-01,2.031488e-01,2.060633e-01,2.089330e-01,2.117141e-01,2.144650e-01,2.171046e-01,2.196700e-01,2.221711e-01,2.245846e-01,2.268647e-01,2.291368e-01,2.313203e-01,2.332851e-01,2.352152e-01,2.369910e-01,2.387721e-01,2.404042e-01,2.420455e-01,2.435379e-01,2.449962e-01,2.463699e-01,2.477462e-01,2.489927e-01,2.502465e-01,2.515880e-01,2.528599e-01,2.542163e-01,2.555051e-01,2.567943e-01,2.581679e-01,2.594630e-01,2.608448e-01,2.620575e-01,2.633499e-01,2.646381e-01,2.658341e-01,2.671046e-01,2.683686e-01,2.696211e-01,2.707712e-01,2.719912e-01,2.731975e-01,2.743834e-01,2.755449e-01,2.767312e-01,2.778436e-01,2.789276e-01,2.799834e-01,2.810034e-01,2.819877e-01,2.828880e-01,2.837945e-01,2.844370e-01,2.852279e-01,2.859755e-01,2.867271e-01,2.874812e-01,2.881958e-01,2.889620e-01,2.896250e-01,2.903959e-01,2.911707e-01,2.918445e-01,2.926302e-01,2.933106e-01,2.940396e-01,2.947254e-01,2.954152e-01,2.962160e-01,2.969127e-01,2.975645e-01,2.982666e-01,2.989235e-01,2.995826e-01,3.002449e-01,3.007983e-01,3.014660e-01,3.021369e-01,3.028093e-01,3.034886e-01,3.040513e-01,3.047345e-01,3.053030e-01,3.059219e-01,3.066621e-01,3.072863e-01,3.079129e-01,3.085407e-01,3.091699e-01,3.098026e-01,3.104888e-01,3.111264e-01,3.117621e-01,3.124505e-01,3.129702e-01,3.136655e-01,3.143061e-01,3.148165e-01,3.154662e-01,3.161160e-01,3.167037e-01,3.171773e-01,3.176533e-01,3.182003e-01,3.186213e-01,3.190552e-01,3.196218e-01,3.200540e-01,3.204420e-01,3.208850e-01,3.214567e-01,3.219005e-01,3.223480e-01,3.228475e-01,3.232955e-01,3.237992e-01,3.243045e-01,3.248094e-01,3.253190e-01,3.258812e-01,3.263891e-01,3.269572e-01,3.275245e-01,3.279543e-01,3.285247e-01,3.289591e-01,3.295313e-01,3.301027e-01,3.305409e-01,3.311205e-01,3.315555e-01,3.321369e-01,3.325780e-01,3.331066e-01,3.335499e-01,3.339406e-01,3.343271e-01,3.348597e-01,3.352519e-01,3.355925e-01,3.359903e-01,3.364756e-01,3.368108e-01,3.371521e-01,3.374968e-01,3.377815e-01,3.381236e-01,3.384675e-01,3.388084e-01,3.391553e-01,3.395003e-01,3.398935e-01,3.401449e-01,3.405477e-01,3.410002e-01,3.414567e-01,3.417660e-01,3.422282e-01,3.427430e-01,3.431977e-01,3.435641e-01,3.440286e-01,3.444868e-01,3.448522e-01,3.451670e-01,3.456357e-01,3.459487e-01,3.464098e-01,3.467247e-01,3.471957e-01,3.475051e-01,3.477649e-01,3.480243e-01,3.482776e-01,3.485340e-01,3.487971e-01,3.490611e-01,3.493198e-01,3.495702e-01,3.498258e-01,3.500882e-01,3.503508e-01,3.506065e-01,3.509078e-01,3.512158e-01,3.515328e-01,3.518494e-01,3.521542e-01,3.524391e-01,3.527379e-01,3.531056e-01,3.534175e-01,3.537071e-01,3.540253e-01,3.543097e-01,3.546053e-01,3.548955e-01,3.551821e-01,3.554699e-01,3.557424e-01,3.559334e-01,3.561779e-01,3.563927e-01,3.566522e-01,3.568527e-01,3.570705e-01,3.572582e-01,3.573863e-01,3.575455e-01,3.576749e-01,3.578770e-01,3.580208e-01,3.580752e-01,3.582200e-01,3.583349e-01,3.584781e-01,3.586073e-01,3.587210e-01,3.588644e-01,3.590217e-01,3.591036e-01,3.589663e-01,3.590335e-01,3.591168e-01,3.591839e-01,3.592355e-01,3.593028e-01,3.594143e-01,3.595251e-01,3.596811e-01,3.599066e-01,3.600471e-01,3.601440e-01,3.604156e-01,3.607053e-01,3.610203e-01,3.612807e-01,3.615390e-01,3.618147e-01,3.621198e-01,3.623371e-01,3.625853e-01,3.628171e-01,3.629775e-01,3.631689e-01,3.632721e-01,3.634470e-01,3.636371e-01,3.638025e-01,3.639929e-01,3.642713e-01,3.644933e-01,3.647723e-01,3.650364e-01,3.653899e-01,3.657277e-01,3.660811e-01,3.664190e-01,3.667886e-01,3.672167e-01,3.675731e-01,3.679853e-01,3.683724e-01,3.688012e-01,3.691596e-01,3.695156e-01,3.699478e-01,3.703204e-01,3.706361e-01,3.710270e-01,3.714011e-01,3.717170e-01,3.720333e-01,3.723671e-01,3.726685e-01,3.729860e-01,3.733040e-01,3.736382e-01,3.738962e-01,3.742327e-01,3.746274e-01,3.749457e-01,3.753415e-01,3.756608e-01,3.760416e-01,3.764051e-01,3.768625e-01,3.772270e-01,3.775936e-01,3.779591e-01,3.783575e-01,3.787402e-01,3.791235e-01,3.794474e-01,3.798317e-01,3.801565e-01,3.804653e-01,3.807746e-01,3.810677e-01,3.813340e-01,3.816590e-01,3.819094e-01,3.821088e-01,3.823084e-01,3.825265e-01,3.827595e-01,3.829928e-01,3.832263e-01,3.834434e-01,3.836774e-01,3.838950e-01,3.841127e-01,3.843121e-01,3.845909e-01,3.847926e-01,3.850365e-01,3.852826e-01,3.855269e-01,3.857883e-01,3.860518e-01,3.863556e-01,3.866618e-01,3.869514e-01,3.873174e-01,3.876057e-01,3.879705e-01,3.882998e-01,3.886463e-01,3.890356e-01,3.893639e-01,3.897500e-01,3.900899e-01,3.904304e-01,3.908138e-01,3.911359e-01,3.914988e-01,3.918176e-01,3.921194e-01,3.924348e-01,3.927505e-01,3.929812e-01,3.932161e-01,3.934474e-01,3.936150e-01,3.938445e-01,3.940103e-01,3.941100e-01,3.942374e-01,3.943821e-01,3.945404e-01,3.946367e-01,3.947932e-01,3.949107e-01,3.950287e-01,3.951467e-01,3.952609e-01,3.953924e-01,3.955047e-01,3.956302e-01,3.957389e-01,3.958461e-01,3.959341e-01,3.960205e-01,3.961204e-01,3.962381e-01,3.963369e-01,3.964166e-01,3.964772e-01,3.965360e-01,3.965735e-01,3.966636e-01,3.967520e-01,3.968396e-01,3.968924e-01,3.969452e-01,3.970306e-01,3.971182e-01,3.971885e-01,3.972414e-01,3.972770e-01,3.973452e-01,3.974329e-01,3.975033e-01,3.975390e-01,3.975297e-01,3.976349e-01,3.977726e-01,3.978778e-01,3.979136e-01,3.979494e-01,3.980650e-01,3.981183e-01,3.982145e-01,3.982781e-01,3.983419e-01,3.984403e-01,3.985561e-01,3.986026e-01,3.985607e-01,3.985037e-01,3.984988e-01,3.984939e-01,3.984203e-01,3.981298e-01,3.978511e-01,3.975625e-01,3.973090e-01,3.970717e-01,3.968197e-01,3.964218e-01,3.959181e-01,3.951702e-01,3.944431e-01,3.939362e-01,3.934977e-01,3.929284e-01,3.921303e-01,3.913054e-01,3.907456e-01,3.903667e-01,3.900375e-01,3.896447e-01,3.891728e-01,3.887507e-01,3.883898e-01,3.879706e-01,3.877721e-01,3.877330e-01,3.876939e-01,3.877152e-01,3.877366e-01,3.877581e-01,3.878398e-01,3.879216e-01,3.881619e-01,3.882438e-01,3.884838e-01,3.887846e-01,3.890252e-01,3.891073e-01,3.893480e-01,3.895286e-01,3.897092e-01,3.897310e-01,3.896926e-01,3.898129e-01,3.899333e-01,3.899933e-01,3.901137e-01,3.902341e-01,3.901354e-01,3.902558e-01,3.903763e-01,3.904965e-01,3.904582e-01,3.905787e-01,3.905406e-01,3.906611e-01,3.908421e-01,3.909022e-01,3.908642e-01,3.909848e-01,3.910450e-01,3.911656e-01,3.910672e-01,3.911274e-01,3.911876e-01,3.912479e-01,3.912476e-01,3.913079e-01,3.913681e-01,3.915871e-01,3.916473e-01,3.917076e-01,3.917679e-01,3.918282e-01,3.918885e-01,3.918451e-01,3.920642e-01,3.921246e-01,3.921849e-01,3.922452e-01,3.923607e-01,3.923605e-01,3.925800e-01,3.926404e-01,3.925968e-01,3.925965e-01,3.928768e-01,3.929924e-01,3.930526e-01,3.932290e-01,3.933503e-01,3.934715e-01,3.935493e-01,3.937314e-01,3.939689e-01,3.941511e-01,3.942290e-01,3.944721e-01,3.947100e-01,3.948488e-01,3.952524e-01,3.953304e-01,3.955740e-01,3.958122e-01,3.959950e-01,3.962336e-01,3.963117e-01,3.964947e-01,3.965118e-01,3.966338e-01,3.968115e-01,3.967674e-01,3.969891e-01,3.969450e-01,3.970617e-01,3.970615e-01,3.970175e-01,3.971341e-01,3.971951e-01,3.971511e-01,3.972676e-01,3.973898e-01,3.975677e-01,3.975849e-01,3.977072e-01,3.977244e-01,3.978467e-01,3.978640e-01,3.979425e-01,3.982257e-01,3.982430e-01,3.983216e-01,3.986049e-01,3.986223e-01,3.987448e-01,3.987621e-01,3.987795e-01,3.989021e-01,3.988581e-01,3.989807e-01,3.989369e-01,3.988987e-01,3.988551e-01,3.987559e-01,3.987124e-01,3.986134e-01,3.985088e-01,3.985700e-01,3.983669e-01,3.984282e-01,3.983297e-01,3.981272e-01,3.980292e-01,3.979313e-01,3.978886e-01,3.977910e-01,3.976934e-01,3.976510e-01,3.975537e-01,3.974566e-01,3.973595e-01,3.971595e-01,3.970629e-01,3.969664e-01,3.968701e-01,3.966167e-01,3.965208e-01,3.962684e-01,3.961729e-01,3.961797e-01,3.957244e-01,3.957314e-01,3.955826e-01,3.954341e-01,3.951307e-01,3.948817e-01,3.945798e-01,3.943321e-01,3.940849e-01,3.939388e-01,3.935393e-01,3.932940e-01,3.928967e-01,3.926001e-01,3.922051e-01,3.918114e-01,3.914190e-01,3.910279e-01,3.906390e-01,3.900034e-01,3.895653e-01,3.889350e-01,3.885518e-01,3.881698e-01,3.877381e-01,3.873080e-01,3.865432e-01,3.858775e-01,3.852152e-01,3.847936e-01,3.842799e-01,3.838179e-01,3.831078e-01,3.822260e-01,3.813500e-01,3.806620e-01,3.798443e-01,3.792599e-01,3.786783e-01,3.783833e-01,3.778633e-01,3.773457e-01,3.767836e-01,3.760015e-01,3.750907e-01,3.740998e-01,3.732030e-01,3.724035e-01,3.719554e-01,3.711645e-01,3.706767e-01,3.699224e-01,3.693005e-01,3.685544e-01,3.680221e-01,3.672836e-01,3.667568e-01,3.660640e-01,3.657694e-01,3.656119e-01,3.652925e-01,3.645153e-01,3.635772e-01,3.629018e-01,3.621754e-01,3.612536e-01,3.604945e-01,3.594474e-01,3.583485e-01,3.570115e-01,3.553839e-01,3.535435e-01,3.518992e-01,3.497906e-01,3.473859e-01,3.453065e-01,3.428680e-01,3.404681e-01,3.376841e-01,3.356832e-01,3.324420e-01,3.290585e-01,3.253022e-01,3.221314e-01,3.177116e-01,3.133785e-01,3.091950e-01,3.045228e-01,3.011989e-01,2.965845e-01,2.922828e-01,2.880530e-01,2.834177e-01,2.788928e-01,2.759006e-01,2.722956e-01,2.677016e-01,2.638374e-01,2.600509e-01,2.569631e-01,2.534305e-01,2.499620e-01,2.467062e-01,2.439904e-01,2.416793e-01,2.390269e-01,2.364512e-01,2.343580e-01,2.319060e-01,2.298828e-01,2.279073e-01,2.260357e-01,2.245481e-01,2.231228e-01,2.216642e-01,2.202497e-01,2.188960e-01,2.178593e-01,2.168784e-01,2.158762e-01,2.148644e-01,2.139206e-01,2.132831e-01,2.123672e-01,2.114602e-01,2.108482e-01,2.102428e-01,2.099442e-01,2.093997e-01,2.088279e-01,2.085557e-01,2.080434e-01,2.077716e-01,2.075364e-01,2.072721e-01,2.070225e-01,2.067916e-01,2.065491e-01,2.063038e-01,2.060443e-01,2.060458e-01,2.057921e-01,2.058277e-01,2.058634e-01,2.059032e-01,2.056805e-01,2.056994e-01,2.057561e-01,2.057919e-01,2.061195e-01,2.061594e-01,2.062447e-01,2.063003e-01,2.066447e-01,2.067004e-01,2.070628e-01,2.074093e-01,2.077955e-01,2.079138e-01,2.082497e-01,2.088650e-01,2.092717e-01,2.096425e-01,2.102709e-01,2.108992e-01,2.115542e-01,2.124685e-01,2.131349e-01,2.137867e-01,2.147107e-01,2.153369e-01,2.162964e-01,2.172281e-01,2.178774e-01,2.191278e-01,2.198115e-01,2.207828e-01,2.217359e-01,2.224560e-01,2.237819e-01,2.244608e-01,2.254439e-01,2.264647e-01,2.275142e-01,2.282437e-01,2.292922e-01,2.303584e-01,2.311337e-01,2.325935e-01,2.333646e-01,2.344983e-01,2.356757e-01,2.368315e-01,2.376816e-01,2.388503e-01,2.401292e-01,2.413547e-01,2.422260e-01,2.434364e-01,2.447323e-01,2.455707e-01,2.469175e-01,2.478578e-01,2.492333e-01,2.501348e-01,2.510791e-01,2.524297e-01,2.533679e-01,2.543151e-01,2.557820e-01,2.567530e-01,2.577640e-01,2.587794e-01,2.597800e-01,2.612682e-01,2.618691e-01,2.634272e-01,2.645344e-01,2.650886e-01,2.661472e-01,2.678065e-01,2.684057e-01,2.695336e-01,2.706394e-01,2.717920e-01,2.729634e-01,2.735984e-01,2.747836e-01,2.759928e-01,2.766436e-01,2.779099e-01,2.786564e-01,2.799045e-01,2.812486e-01,2.820122e-01,2.834186e-01,2.841584e-01,2.854243e-01,2.861754e-01,2.875897e-01,2.883041e-01,2.890288e-01,2.903915e-01,2.911205e-01,2.918181e-01,2.931270e-01,2.938294e-01,2.945430e-01,2.952170e-01,2.966023e-01,2.972886e-01,2.979790e-01,2.987121e-01,2.994110e-01,3.001142e-01,3.009066e-01,3.015945e-01,3.020532e-01,3.026954e-01,3.033007e-01,3.039278e-01,3.045597e-01,3.052468e-01,3.058064e-01,3.066194e-01,3.071909e-01,3.078812e-01,3.084554e-01,3.091094e-01,3.098067e-01,3.105134e-01,3.111476e-01,3.119048e-01,3.126682e-01,3.131843e-01,3.140297e-01,3.144995e-01,3.151961e-01,3.158506e-01,3.163820e-01,3.170131e-01,3.176563e-01,3.183321e-01,3.187674e-01,3.193683e-01,3.199132e-01,3.203654e-01,3.207034e-01,3.212064e-01,3.216290e-01,3.223207e-01,3.228364e-01,3.234223e-01,3.241298e-01,3.246722e-01,3.250158e-01,3.255325e-01,3.259341e-01,3.263984e-01,3.269427e-01,3.274834e-01,3.278664e-01,3.284428e-01,3.289021e-01,3.294557e-01,3.299235e-01,3.304060e-01,3.306694e-01,3.312239e-01,3.314614e-01,3.319043e-01,3.322848e-01,3.328195e-01,3.332076e-01,3.336500e-01,3.339498e-01,3.343405e-01,3.346361e-01,3.351194e-01,3.353252e-01,3.357508e-01,3.362057e-01,3.365965e-01,3.370857e-01,3.373862e-01,3.376641e-01,3.380637e-01,3.382729e-01,3.386130e-01,3.388229e-01,3.391640e-01,3.392197e-01,3.396734e-01,3.399510e-01,3.403505e-01,3.405058e-01,3.408122e-01,3.410296e-01,3.413368e-01,3.413181e-01,3.416369e-01,3.418043e-01,3.420950e-01,3.422336e-01,3.425251e-01,3.426309e-01,3.428939e-01,3.428414e-01,3.431968e-01,3.431775e-01,3.432426e-01,3.432809e-01,3.434716e-01,3.432769e-01,3.434047e-01,3.433023e-01,3.434813e-01,3.432244e-01,3.431938e-01,3.431251e-01,3.431277e-01,3.429636e-01,3.428710e-01,3.426894e-01,3.426923e-01,3.424380e-01,3.424410e-01,3.421874e-01,3.421470e-01,3.422031e-01,3.430303e-01,3.427760e-01,3.427973e-01,3.427078e-01,3.425727e-01,3.423711e-01,3.422985e-01,3.421593e-01,3.420583e-01,3.418585e-01,3.417256e-01,3.413216e-01,3.412169e-01,3.410347e-01,3.407264e-01,3.404847e-01,3.402705e-01,3.397898e-01,3.396743e-01,3.392878e-01,3.390591e-01,3.388255e-01,3.386239e-01,3.381867e-01,3.379548e-01,3.375424e-01,3.372582e-01,3.369692e-01,3.365016e-01,3.361304e-01,3.358133e-01,3.353192e-01,3.350403e-01,3.347531e-01,3.344396e-01,3.341018e-01,3.337900e-01,3.333344e-01,3.331439e-01,3.327743e-01,3.323791e-01,3.319852e-01,3.316914e-01,3.312997e-01,3.311071e-01,3.307732e-01,3.305870e-01,3.301398e-01,3.298936e-01,3.294981e-01,3.292785e-01,3.290539e-01,3.288007e-01,3.285482e-01,3.283801e-01,3.280508e-01,3.280704e-01,3.279001e-01,3.277102e-01,3.275151e-01,3.275174e-01,3.273593e-01,3.273075e-01,3.269785e-01,3.268982e-01,3.269546e-01,3.266805e-01,3.265180e-01,3.263306e-01,3.260865e-01,3.258913e-01,3.256822e-01,3.255446e-01,3.252160e-01,3.249119e-01,3.246416e-01,3.243688e-01,3.239390e-01,3.236714e-01,3.233769e-01,3.229513e-01,3.224001e-01,3.219822e-01,3.217509e-01,3.213080e-01,3.208156e-01,3.203252e-01,3.199146e-01,3.195861e-01,3.190739e-01,3.187682e-01,3.184426e-01,3.182151e-01,3.178116e-01,3.175092e-01,3.172835e-01,3.171080e-01,3.168831e-01,3.166796e-01,3.165050e-01,3.165781e-01,3.166797e-01,3.164275e-01,3.164019e-01,3.163503e-01,3.162496e-01,3.164449e-01,3.164687e-01,3.163941e-01,3.163687e-01,3.163145e-01,3.162892e-01,3.161169e-01,3.160198e-01,3.157992e-01,3.156538e-01,3.155316e-01,3.155814e-01,3.155825e-01,3.155290e-01,3.156792e-01,3.156833e-01,3.157590e-01,3.157601e-01,3.159086e-01,3.159555e-01,3.161059e-01,3.163331e-01,3.164348e-01,3.165627e-01,3.168316e-01,3.169126e-01,3.171180e-01,3.172202e-01,3.173998e-01,3.174491e-01,3.174571e-01,3.174138e-01,3.173936e-01,3.173263e-01,3.172328e-01,3.171105e-01,3.171184e-01,3.171003e-01,3.172328e-01,3.170409e-01,3.170169e-01,3.169235e-01,3.168562e-01,3.169624e-01,3.168460e-01,3.167786e-01,3.168336e-01,3.167585e-01,3.167894e-01,3.167692e-01,3.167209e-01,3.164527e-01,3.164537e-01,3.163480e-01,3.162514e-01,3.158519e-01,3.157513e-01,3.155767e-01,3.153227e-01,3.151719e-01,3.150214e-01,3.146750e-01,3.143733e-01,3.140532e-01,3.134970e-01,3.129661e-01,3.121952e-01,3.112900e-01,3.107712e-01,3.102027e-01,3.095976e-01,3.082549e-01,3.068829e-01,3.062444e-01,3.049389e-01,3.029399e-01,3.015785e-01,3.002786e-01,2.983541e-01,2.964134e-01,2.945102e-01,2.925545e-01,2.906632e-01,2.876052e-01,2.857606e-01,2.816497e-01,2.787074e-01,2.754712e-01,2.727923e-01,2.691610e-01,2.662116e-01,2.624354e-01,2.589954e-01,2.538045e-01,2.496244e-01,2.456558e-01,2.410788e-01,2.370119e-01,2.321450e-01,2.277510e-01,2.209381e-01,2.159834e-01,2.110347e-01,2.063754e-01,2.008829e-01,1.963442e-01,1.894331e-01,1.845178e-01,1.799250e-01,1.754634e-01,1.708826e-01,1.653984e-01,1.611914e-01,1.574973e-01,1.539552e-01,1.504778e-01,1.464293e-01,1.434586e-01,1.408375e-01,1.384601e-01,1.363736e-01,1.334472e-01,1.316779e-01,1.300349e-01,1.283442e-01,1.266604e-01,1.250509e-01,1.239575e-01,1.229194e-01,1.219115e-01,1.209314e-01,1.200046e-01,1.195049e-01,1.186461e-01,1.181956e-01,1.173954e-01,1.170184e-01,1.166209e-01,1.162593e-01,1.159276e-01,1.156033e-01,1.152858e-01,1.152952e-01,1.149748e-01,1.149841e-01,1.147009e-01,1.147045e-01,1.147180e-01,1.147556e-01,1.144537e-01,1.144676e-01,1.144575e-01,1.144734e-01,1.147809e-01,1.147789e-01,1.147730e-01,1.147391e-01,1.150488e-01,1.150249e-01,1.153453e-01,1.153435e-01,1.156640e-01,1.160155e-01,1.160398e-01,1.164220e-01,1.168074e-01,1.171980e-01,1.176241e-01,1.176946e-01,1.181464e-01,1.185885e-01,1.190495e-01,1.194984e-01,1.199686e-01,1.204282e-01,1.209197e-01,1.213893e-01,1.218654e-01,1.223494e-01,1.228388e-01,1.233106e-01,1.238152e-01,1.243256e-01,1.248376e-01,1.253611e-01,1.263493e-01,1.264255e-01,1.274522e-01,1.280172e-01,1.281004e-01,1.290206e-01,1.296001e-01,1.302994e-01,1.308083e-01,1.316361e-01,1.321524e-01,1.326218e-01,1.334435e-01,1.340622e-01,1.347918e-01,1.353521e-01,1.362028e-01,1.367157e-01,1.375504e-01,1.381574e-01,1.386766e-01,1.395255e-01,1.401480e-01,1.409673e-01,1.415086e-01,1.423412e-01,1.428741e-01,1.436646e-01,1.442909e-01,1.449892e-01,1.455522e-01,1.463627e-01,1.469444e-01,1.476941e-01,1.482566e-01,1.490412e-01,1.495795e-01,1.504033e-01,1.510241e-01,1.515110e-01,1.523699e-01,1.532446e-01,1.538426e-01,1.546340e-01,1.552487e-01,1.560571e-01,1.565816e-01,1.574249e-01,1.579497e-01,1.586957e-01,1.592123e-01,1.600652e-01,1.605890e-01,1.613255e-01,1.618404e-01,1.626251e-01,1.630098e-01,1.636974e-01,1.642364e-01,1.649002e-01,1.656935e-01,1.660509e-01,1.667377e-01,1.671834e-01,1.679286e-01,1.681734e-01,1.688876e-01,1.695259e-01,1.699943e-01,1.705126e-01,1.709018e-01,1.716518e-01,1.719125e-01,1.725858e-01,1.731280e-01,1.735349e-01,1.740859e-01,1.743571e-01,1.750096e-01,1.757198e-01,1.759689e-01,1.765431e-01,1.768253e-01,1.772580e-01,1.778445e-01,1.781325e-01,1.787274e-01,1.791201e-01,1.795989e-01,1.800809e-01,1.804110e-01,1.809285e-01,1.816844e-01,1.818582e-01,1.826545e-01,1.828302e-01,1.835769e-01,1.841957e-01,1.844537e-01,1.850500e-01,1.856214e-01,1.860261e-01,1.865189e-01,1.871047e-01,1.875197e-01,1.879069e-01,1.886237e-01,1.888688e-01,1.894457e-01,1.900912e-01,1.905274e-01,1.909967e-01,1.918423e-01,1.921619e-01,1.927978e-01,1.933446e-01,1.937964e-01,1.944491e-01,1.949757e-01,1.953076e-01,1.959386e-01,1.964438e-01,1.968854e-01,1.971935e-01,1.978415e-01,1.983601e-01,1.987783e-01,1.990944e-01,1.997632e-01,2.000834e-01,2.005442e-01,2.010823e-01,2.015494e-01,2.018805e-01,2.023847e-01,2.029361e-01,2.034145e-01,2.037176e-01,2.042011e-01,2.047369e-01,2.049997e-01,2.056876e-01,2.060006e-01,2.064662e-01,2.067020e-01,2.071760e-01,2.074628e-01,2.079384e-01,2.084172e-01,2.085035e-01,2.089898e-01,2.094757e-01,2.097218e-01,2.100531e-01,2.103011e-01,2.107959e-01,2.110503e-01,2.115502e-01,2.120535e-01,2.125603e-01,2.126518e-01,2.131627e-01,2.134590e-01,2.139754e-01,2.142369e-01,2.144994e-01,2.148569e-01,2.150876e-01,2.153531e-01,2.158830e-01,2.161173e-01,2.163566e-01,2.164187e-01,2.169566e-01,2.171608e-01,2.174040e-01,2.174675e-01,2.177078e-01,2.179149e-01,2.179488e-01,2.181913e-01,2.184003e-01,2.186103e-01,2.188211e-01,2.190327e-01,2.190681e-01,2.189689e-01,2.191816e-01,2.193952e-01,2.196097e-01,2.198292e-01,2.200109e-01,2.202281e-01,2.201283e-01,2.203116e-01,2.204957e-01,2.206501e-01,2.205153e-01,2.206663e-01,2.207832e-01,2.206175e-01,2.207002e-01,2.207835e-01,2.205786e-01,2.208516e-01,2.206156e-01,2.207005e-01,2.204601e-01,2.207360e-01,2.205343e-01,2.206208e-01,2.206062e-01,2.206937e-01,2.205225e-01,2.208074e-01,2.206009e-01,2.205874e-01,2.206770e-01,2.209306e-01,2.208833e-01,2.209399e-01,2.208931e-01,2.206504e-01,2.208692e-01,2.206301e-01,2.208861e-01,2.208406e-01,2.205970e-01,2.208910e-01,2.206825e-01,2.207124e-01,2.207031e-01,2.205652e-01,2.206271e-01,2.206892e-01,2.205550e-01,2.206884e-01,2.205857e-01,2.210279e-01,2.209644e-01,2.211348e-01,2.213056e-01,2.213095e-01,2.215164e-01,2.215241e-01,2.217672e-01,2.218068e-01,2.220505e-01,2.220939e-01,2.223383e-01,2.224137e-01,2.226945e-01,2.227739e-01,2.228493e-01,2.231310e-01,2.228911e-01,2.229705e-01,2.230818e-01,2.233634e-01,2.234390e-01,2.235185e-01,2.236300e-01,2.237056e-01,2.235748e-01,2.233392e-01,2.234147e-01,2.232849e-01,2.231197e-01,2.226789e-01,2.227581e-01,2.225945e-01,2.222291e-01,2.217946e-01,2.216335e-01,2.212770e-01,2.208134e-01,2.204219e-01,2.202641e-01,2.195764e-01,2.191910e-01,2.185161e-01,2.181359e-01,2.172766e-01,2.169022e-01,2.160214e-01,2.156529e-01,2.150039e-01,2.144919e-01,2.138563e-01,2.130773e-01,2.127573e-01,2.119903e-01,2.114065e-01,2.109200e-01,2.103451e-01,2.096038e-01,2.093033e-01,2.085731e-01,2.082739e-01,2.077208e-01,2.069734e-01,2.063969e-01,2.058249e-01,2.052573e-01,2.049423e-01,2.043481e-01,2.037918e-01,2.030831e-01,2.025364e-01,2.023845e-01,2.018431e-01,2.014584e-01,2.006922e-01,2.003496e-01,1.998237e-01,1.996775e-01,1.993045e-01,1.989007e-01,1.985317e-01,1.979863e-01,1.976219e-01,1.972269e-01,1.966908e-01,1.961585e-01,1.955552e-01,1.951733e-01,1.944071e-01,1.938905e-01,1.935141e-01,1.931395e-01,1.924253e-01,1.920561e-01,1.916887e-01,1.913230e-01,1.907575e-01,1.902657e-01,1.897085e-01,1.893524e-01,1.889979e-01,1.886451e-01,1.881001e-01,1.877539e-01,1.872471e-01,1.870271e-01,1.864943e-01,1.862764e-01,1.858714e-01,1.857459e-01,1.853437e-01,1.851288e-01,1.848191e-01,1.846947e-01,1.840835e-01,1.840792e-01,1.836541e-01,1.833495e-01,1.831084e-01,1.829232e-01,1.826521e-01,1.822008e-01,1.817233e-01,1.814553e-01,1.811269e-01,1.806852e-01,1.802457e-01,1.800947e-01,1.793713e-01,1.789075e-01,1.786466e-01,1.782169e-01,1.776470e-01,1.772221e-01,1.768569e-01,1.760742e-01,1.757138e-01,1.752983e-01,1.749152e-01,1.743972e-01,1.737006e-01,1.734834e-01,1.730052e-01,1.726636e-01,1.723237e-01,1.719856e-01,1.714944e-01,1.712600e-01,1.709572e-01,1.707247e-01,1.704246e-01,1.699249e-01,1.698732e-01,1.694964e-01,1.692025e-01,1.689101e-01,1.687145e-01,1.682592e-01,1.680659e-01,1.679672e-01,1.676813e-01,1.674900e-01,1.668743e-01,1.667153e-01,1.665273e-01,1.663400e-01,1.658755e-01,1.656003e-01,1.653264e-01,1.648883e-01,1.647064e-01,1.642251e-01,1.639579e-01,1.635297e-01,1.633230e-01,1.627227e-01,1.626201e-01,1.622011e-01,1.617841e-01,1.615828e-01,1.609996e-01,1.607181e-01,1.603122e-01,1.601147e-01,1.594941e-01,1.592196e-01,1.589039e-01,1.586321e-01,1.579989e-01,1.577026e-01,1.573172e-01,1.570232e-01,1.564081e-01,1.558987e-01,1.554961e-01,1.552570e-01,1.546030e-01,1.542929e-01,1.538435e-01,1.535081e-01,1.528146e-01,1.544546e-02,1.544546e-02,1.544546e-02,1.544546e-02,1.544546e-02,1.544546e-02,1.544546e-02,1.544546e-02,1.544546e-02,1.544546e-02,1.544546e-02,1.544546e-02,1.544546e-02,1.544546e-02,1.544546e-02,1.544546e-02,1.544546e-02,1.544546e-02,1.544546e-02,1.544546e-02,1.544546e-02,1.544546e-02,1.544546e-02,1.544546e-02,1.544546e-02,1.544546e-02,1.544546e-02,1.544546e-02,1.544546e-02,1.544546e-02,1.544546e-02,1.544546e-02,1.544546e-02,1.544546e-02,1.544546e-02,1.544546e-02,1.544546e-02,1.544546e-02,1.544546e-02,1.544546e-02,1.544546e-02,1.544546e-02,1.544546e-02,1.544546e-02,1.544546e-02,1.544546e-02,1.544546e-02,1.544546e-02,1.544546e-02,1.544546e-02,1.544546e-02,1.544546e-02,1.544546e-02,1.544546e-02,1.544546e-02,1.544546e-02,1.544546e-02,1.544546e-02,1.544546e-02,1.544546e-02,1.544546e-02,1.544546e-02,1.544546e-02,1.544546e-02,1.544546e-02,1.544546e-02,1.544546e-02,1.544546e-02,1.544546e-02,1.544546e-02,1.544546e-02,1.544546e-02,1.544546e-02,1.544546e-02,1.544546e-02,1.544546e-02,1.544546e-02,1.544546e-02,1.544546e-02,1.544546e-02,1.544546e-02,1.544546e-02,1.544546e-02,1.544546e-02,1.544546e-02,1.544546e-02,1.544546e-02,1.544546e-02,1.544546e-02,1.544546e-02,1.544546e-02,1.544546e-02,1.544546e-02,1.544546e-02,1.544546e-02,1.544546e-02,1.544546e-02,1.544546e-02,1.544546e-02,1.544546e-02,1.544546e-02,1.544546e-02,1.544546e-02,1.544546e-02,1.544546e-02,1.544546e-02,1.544546e-02,1.544546e-02,1.544546e-02,1.544546e-02,1.544546e-02,1.544546e-02,1.544546e-02,1.544546e-02,1.544546e-02,1.544546e-02,1.544546e-02,1.544546e-02,1.544546e-02,1.544546e-02,1.544546e-02,1.544546e-02,1.544546e-02,1.544546e-02,1.544546e-02,1.544546e-02,1.544546e-02,1.544546e-02,1.544546e-02,1.544546e-02,1.544546e-02,1.544546e-02,1.544546e-02,1.544546e-02,1.544546e-02,1.544546e-02,1.544546e-02,1.544546e-02,1.544546e-02,1.544546e-02,1.544546e-02,1.544546e-02,1.544546e-02,1.544546e-02,1.544546e-02,1.544546e-02,1.544546e-02,1.544546e-02,1.544546e-02,1.544546e-02,1.544546e-02,1.544546e-02,1.544546e-02,1.544546e-02,1.544546e-02,1.544546e-02,1.544546e-02,1.544546e-02,1.544546e-02,1.544546e-02,1.544546e-02
2.235847e-02,2.233564e-02,2.230712e-02,2.227861e-02,2.225012e-02,2.222363e-02,2.219344e-02,2.216697e-02,2.214248e-02,2.211232e-02,2.208785e-02,2.205769e-02,2.203522e-02,2.201275e-02,2.198461e-02,2.196216e-02,2.193972e-02,2.191729e-02,2.190054e-02,2.188009e-02,2.186334e-02,2.184658e-02,2.183181e-02,2.182074e-02,2.181165e-02,2.179690e-02,2.178782e-02,2.178440e-02,2.177532e-02,2.176823e-02,2.176680e-02,2.175969e-02,2.176025e-02,2.175514e-02,2.175570e-02,2.175627e-02,2.175117e-02,2.175174e-02,2.175430e-02,2.174921e-02,2.174980e-02,2.175040e-02,2.174534e-02,2.174397e-02,2.173894e-02,2.173759e-02,2.173626e-02,2.172729e-02,2.172601e-02,2.172278e-02,2.171394e-02,2.171081e-02,2.170577e-02,2.170079e-02,2.169586e-02,2.169099e-02,2.169182e-02,2.168708e-02,2.168039e-02,2.168134e-02,2.167666e-02,2.167202e-02,2.167296e-02,2.166825e-02,2.166927e-02,2.166471e-02,2.166577e-02,2.166683e-02,2.166219e-02,2.166321e-02,2.166422e-02,2.165945e-02,2.165833e-02,2.165916e-02,2.165235e-02,2.165312e-02,2.165390e-02,2.165487e-02,2.165020e-02,2.165316e-02,2.165623e-02,2.165596e-02,2.166159e-02,2.166746e-02,2.167009e-02,2.168079e-02,2.169011e-02,2.169444e-02,2.170728e-02,2.171557e-02,2.172860e-02,2.173721e-02,2.175503e-02,2.176732e-02,2.178717e-02,2.180404e-02,2.182966e-02,2.185359e-02,2.187973e-02,2.191831e-02,2.195769e-02,2.200312e-02,2.205638e-02,2.211671e-02,2.219465e-02,2.227843e-02,2.237542e-02,2.248877e-02,2.261539e-02,2.276452e-02,2.293378e-02,2.312652e-02,2.334186e-02,2.358790e-02,2.387002e-02,2.417032e-02,2.450857e-02,2.487216e-02,2.527147e-02,2.569693e-02,2.615157e-02,2.662753e-02,2.712263e-02,2.762649e-02,2.814454e-02,2.865368e-02,2.915326e-02,2.964566e-02,3.013115e-02,3.058309e-02,3.102738e-02,3.144565e-02,3.186878e-02,3.223405e-02,3.259226e-02,3.291424e-02,3.322467e-02,3.348571e-02,3.374993e-02,3.397865e-02,3.421932e-02,3.440384e-02,3.456323e-02,3.476272e-02,3.492934e-02,3.512542e-02,3.529001e-02,3.549101e-02,3.565097e-02,3.581245e-02,3.597912e-02,3.609966e-02,3.619834e-02,3.629002e-02,3.633473e-02,3.631793e-02,3.622627e-02,3.613477e-02,3.598287e-02,3.579934e-02,3.561084e-02,3.542830e-02,3.519903e-02,3.496655e-02,3.470984e-02,3.442551e-02,3.412496e-02,3.377512e-02,3.343238e-02,3.307366e-02,3.270751e-02,3.233962e-02,3.197641e-02,3.162706e-02,3.129538e-02,3.097349e-02,3.067322e-02,3.039133e-02,3.013518e-02,2.988980e-02,2.966009e-02,2.944223e-02,2.924178e-02,2.905142e-02,2.887832e-02,2.870887e-02,2.855462e-02,2.841478e-02,2.828716e-02,2.816177e-02,2.805798e-02,2.796070e-02,2.787537e-02,2.778123e-02,2.771247e-02,2.765136e-02,2.759182e-02,2.753876e-02,2.748316e-02,2.742547e-02,2.735174e-02,2.727989e-02,2.720553e-02,2.711806e-02,2.700750e-02,2.690291e-02,2.677965e-02,2.663931e-02,2.649497e-02,2.634463e-02,2.618955e-02,2.602924e-02,2.587142e-02,2.571381e-02,2.555102e-02,2.539865e-02,2.525096e-02,2.511486e-02,2.499067e-02,2.487521e-02,2.478014e-02,2.468366e-02,2.461227e-02,2.454618e-02,2.450078e-02,2.445540e-02,2.441803e-02,2.439616e-02,2.437841e-02,2.436360e-02,2.434035e-02,2.432362e-02,2.429220e-02,2.423903e-02,2.418362e-02,2.410470e-02,2.401338e-02,2.389025e-02,2.376028e-02,2.361935e-02,2.347522e-02,2.331937e-02,2.316606e-02,2.301015e-02,2.286061e-02,2.271747e-02,2.259379e-02,2.247557e-02,2.236990e-02,2.228916e-02,2.221251e-02,2.215454e-02,2.209586e-02,2.204833e-02,2.199387e-02,2.194164e-02,2.188090e-02,2.181979e-02,2.174956e-02,2.167824e-02,2.160469e-02,2.153570e-02,2.146630e-02,2.140974e-02,2.136132e-02,2.131523e-02,2.128197e-02,2.125266e-02,2.123462e-02,2.121952e-02,2.121138e-02,2.120419e-02,2.120311e-02,2.120092e-02,2.120560e-02,2.120699e-02,2.121465e-02,2.121941e-02,2.122735e-02,2.124322e-02,2.125653e-02,2.128564e-02,2.131713e-02,2.137120e-02,2.145037e-02,2.156813e-02,2.173688e-02,2.198844e-02,2.233350e-02,2.281865e-02,2.347080e-02,2.432792e-02,2.541954e-02,2.679509e-02,2.846077e-02,3.040298e-02,3.265899e-02,3.522822e-02,3.807325e-02,4.115125e-02,4.446985e-02,4.802145e-02,5.168551e-02,5.546036e-02,5.933783e-02,6.327584e-02,6.728217e-02,7.133580e-02,7.544507e-02,7.976649e-02,8.402221e-02,8.832597e-02,9.270175e-02,9.714815e-02,1.016815e-01,1.062701e-01,1.109473e-01,1.156826e-01,1.204703e-01,1.253232e-01,1.305955e-01,1.355567e-01,1.405659e-01,1.454677e-01,1.505063e-01,1.555489e-01,1.605914e-01,1.656473e-01,1.706441e-01,1.755987e-01,1.804979e-01,1.853249e-01,1.901159e-01,1.948514e-01,1.993890e-01,2.038799e-01,2.082958e-01,2.125840e-01,2.166703e-01,2.207543e-01,2.246910e-01,2.282555e-01,2.318224e-01,2.351137e-01,2.384091e-01,2.414306e-01,2.444583e-01,2.472033e-01,2.499353e-01,2.524383e-01,2.549221e-01,2.571898e-01,2.594829e-01,2.619521e-01,2.643062e-01,2.668299e-01,2.692438e-01,2.716688e-01,2.742646e-01,2.767242e-01,2.793620e-01,2.816837e-01,2.841664e-01,2.866484e-01,2.889567e-01,2.914126e-01,2.938621e-01,2.962916e-01,2.985172e-01,3.008789e-01,3.032134e-01,3.055030e-01,3.077343e-01,3.099299e-01,3.120429e-01,3.140854e-01,3.160586e-01,3.179381e-01,3.197249e-01,3.213999e-01,3.229802e-01,3.240815e-01,3.254090e-01,3.267338e-01,3.280696e-01,3.294097e-01,3.307592e-01,3.321338e-01,3.332898e-01,3.346801e-01,3.360776e-01,3.372634e-01,3.386931e-01,3.398975e-01,3.411150e-01,3.423351e-01,3.435659e-01,3.450381e-01,3.462887e-01,3.475355e-01,3.487985e-01,3.500618e-01,3.513325e-01,3.526086e-01,3.536490e-01,3.549463e-01,3.562535e-01,3.575625e-01,3.588937e-01,3.599658e-01,3.613110e-01,3.624001e-01,3.635077e-01,3.648918e-01,3.660149e-01,3.671451e-01,3.682801e-01,3.694200e-01,3.705694e-01,3.717428e-01,3.729069e-01,3.740693e-01,3.752537e-01,3.761506e-01,3.773531e-01,3.785345e-01,3.794117e-01,3.806159e-01,3.818231e-01,3.829940e-01,3.838968e-01,3.848064e-01,3.859907e-01,3.868803e-01,3.877989e-01,3.890322e-01,3.899514e-01,3.908720e-01,3.918179e-01,3.930727e-01,3.940246e-01,3.949863e-01,3.959665e-01,3.969329e-01,3.979256e-01,3.989235e-01,3.999278e-01,4.009386e-01,4.019685e-01,4.029792e-01,4.040253e-01,4.050716e-01,4.057845e-01,4.068401e-01,4.075648e-01,4.086273e-01,4.096899e-01,4.104312e-01,4.115146e-01,4.122452e-01,4.133356e-01,4.140814e-01,4.151588e-01,4.159113e-01,4.166491e-01,4.173839e-01,4.184761e-01,4.192204e-01,4.199525e-01,4.207110e-01,4.218065e-01,4.225359e-01,4.232741e-01,4.240210e-01,4.247376e-01,4.254809e-01,4.262353e-01,4.269780e-01,4.277355e-01,4.284898e-01,4.292552e-01,4.296549e-01,4.304378e-01,4.312350e-01,4.320364e-01,4.324632e-01,4.332786e-01,4.341147e-01,4.349145e-01,4.353661e-01,4.361895e-01,4.370052e-01,4.374548e-01,4.378958e-01,4.387370e-01,4.391741e-01,4.399931e-01,4.404407e-01,4.412839e-01,4.417133e-01,4.421370e-01,4.425660e-01,4.429751e-01,4.433915e-01,4.438295e-01,4.442639e-01,4.446860e-01,4.450892e-01,4.455107e-01,4.459418e-01,4.463739e-01,4.467901e-01,4.472081e-01,4.476360e-01,4.480847e-01,4.485385e-01,4.489588e-01,4.493330e-01,4.497455e-01,4.502018e-01,4.506388e-01,4.510300e-01,4.513703e-01,4.517492e-01,4.521484e-01,4.525347e-01,4.529189e-01,4.532997e-01,4.536509e-01,4.539258e-01,4.542053e-01,4.545292e-01,4.548439e-01,4.551342e-01,4.554636e-01,4.557282e-01,4.558429e-01,4.560349e-01,4.562713e-01,4.565595e-01,4.567213e-01,4.566630e-01,4.568210e-01,4.570234e-01,4.571734e-01,4.573008e-01,4.573815e-01,4.575318e-01,4.577208e-01,4.576134e-01,4.571151e-01,4.569734e-01,4.569884e-01,4.568469e-01,4.566748e-01,4.565335e-01,4.564962e-01,4.564628e-01,4.565294e-01,4.566471e-01,4.566831e-01,4.566112e-01,4.568412e-01,4.572199e-01,4.575465e-01,4.578568e-01,4.581633e-01,4.585094e-01,4.589298e-01,4.592477e-01,4.596484e-01,4.600064e-01,4.603047e-01,4.606860e-01,4.609640e-01,4.613027e-01,4.616773e-01,4.621067e-01,4.624825e-01,4.629514e-01,4.633962e-01,4.638669e-01,4.643027e-01,4.648290e-01,4.653241e-01,4.658563e-01,4.663415e-01,4.669122e-01,4.675059e-01,4.680396e-01,4.685911e-01,4.692037e-01,4.697945e-01,4.703335e-01,4.708682e-01,4.714719e-01,4.720461e-01,4.725965e-01,4.732195e-01,4.737979e-01,4.743554e-01,4.749142e-01,4.755089e-01,4.760327e-01,4.765954e-01,4.771594e-01,4.777626e-01,4.782976e-01,4.789010e-01,4.795314e-01,4.800932e-01,4.807267e-01,4.812912e-01,4.818892e-01,4.824408e-01,4.831036e-01,4.836579e-01,4.842111e-01,4.847680e-01,4.854044e-01,4.860032e-01,4.866034e-01,4.871816e-01,4.877846e-01,4.883655e-01,4.889080e-01,4.894516e-01,4.899452e-01,4.905073e-01,4.910852e-01,4.916096e-01,4.920048e-01,4.924005e-01,4.928468e-01,4.933248e-01,4.938038e-01,4.942836e-01,4.947236e-01,4.952051e-01,4.956467e-01,4.960890e-01,4.964813e-01,4.969495e-01,4.973529e-01,4.977305e-01,4.981183e-01,4.984970e-01,4.989176e-01,4.993487e-01,4.997549e-01,5.001607e-01,5.005254e-01,5.009521e-01,5.013127e-01,5.017355e-01,5.020699e-01,5.024467e-01,5.028019e-01,5.031324e-01,5.034781e-01,5.038420e-01,5.042005e-01,5.045371e-01,5.048488e-01,5.051333e-01,5.054353e-01,5.056950e-01,5.059871e-01,5.062795e-01,5.064942e-01,5.067137e-01,5.069228e-01,5.071012e-01,5.073053e-01,5.074787e-01,5.076220e-01,5.076993e-01,5.078195e-01,5.079720e-01,5.080989e-01,5.082462e-01,5.083031e-01,5.083541e-01,5.084052e-01,5.084456e-01,5.085290e-01,5.085642e-01,5.086376e-01,5.086627e-01,5.086837e-01,5.086569e-01,5.086254e-01,5.086333e-01,5.086781e-01,5.086757e-01,5.086258e-01,5.085283e-01,5.084261e-01,5.082771e-01,5.082510e-01,5.082202e-01,5.081869e-01,5.080682e-01,5.079497e-01,5.079173e-01,5.078842e-01,5.078085e-01,5.076903e-01,5.075296e-01,5.074550e-01,5.074221e-01,5.073468e-01,5.071865e-01,5.070432e-01,5.070530e-01,5.071487e-01,5.071586e-01,5.069987e-01,5.068390e-01,5.067474e-01,5.066303e-01,5.064977e-01,5.062797e-01,5.060620e-01,5.059289e-01,5.058382e-01,5.055790e-01,5.051112e-01,5.046014e-01,5.042184e-01,5.038362e-01,5.032880e-01,5.023420e-01,5.013014e-01,5.003640e-01,4.995125e-01,4.987071e-01,4.978621e-01,4.967931e-01,4.953512e-01,4.934547e-01,4.916136e-01,4.902985e-01,4.891478e-01,4.876916e-01,4.857075e-01,4.836617e-01,4.822413e-01,4.812453e-01,4.803669e-01,4.793421e-01,4.781358e-01,4.770474e-01,4.759913e-01,4.749138e-01,4.742303e-01,4.739142e-01,4.735986e-01,4.733064e-01,4.730146e-01,4.727234e-01,4.724554e-01,4.721878e-01,4.722828e-01,4.720157e-01,4.721149e-01,4.722327e-01,4.723279e-01,4.720610e-01,4.721562e-01,4.722287e-01,4.723012e-01,4.720120e-01,4.717005e-01,4.717502e-01,4.718000e-01,4.718270e-01,4.718768e-01,4.719266e-01,4.715929e-01,4.716427e-01,4.716925e-01,4.717466e-01,4.714362e-01,4.714860e-01,4.711760e-01,4.712258e-01,4.712984e-01,4.713255e-01,4.710160e-01,4.710658e-01,4.710930e-01,4.711429e-01,4.708111e-01,4.708383e-01,4.708654e-01,4.708926e-01,4.708971e-01,4.709242e-01,4.709514e-01,4.713375e-01,4.713647e-01,4.713918e-01,4.714190e-01,4.714462e-01,4.714734e-01,4.712788e-01,4.716652e-01,4.716924e-01,4.717196e-01,4.717468e-01,4.719114e-01,4.719158e-01,4.723030e-01,4.723303e-01,4.721350e-01,4.721394e-01,4.725497e-01,4.727148e-01,4.727464e-01,4.729345e-01,4.729847e-01,4.730350e-01,4.728852e-01,4.729585e-01,4.731697e-01,4.732430e-01,4.730933e-01,4.731897e-01,4.734011e-01,4.732745e-01,4.737324e-01,4.735826e-01,4.736792e-01,4.738954e-01,4.739691e-01,4.741812e-01,4.740313e-01,4.741051e-01,4.739322e-01,4.739829e-01,4.741718e-01,4.739759e-01,4.743653e-01,4.741692e-01,4.743351e-01,4.743395e-01,4.741436e-01,4.743094e-01,4.743370e-01,4.741411e-01,4.743113e-01,4.743621e-01,4.745512e-01,4.743785e-01,4.744293e-01,4.742568e-01,4.743076e-01,4.741353e-01,4.739863e-01,4.743983e-01,4.742260e-01,4.740771e-01,4.744891e-01,4.743168e-01,4.743678e-01,4.741957e-01,4.740238e-01,4.740748e-01,4.738845e-01,4.739355e-01,4.737408e-01,4.734322e-01,4.732381e-01,4.729072e-01,4.727136e-01,4.723837e-01,4.721676e-01,4.721954e-01,4.716462e-01,4.716739e-01,4.713458e-01,4.707990e-01,4.704771e-01,4.701510e-01,4.699604e-01,4.696352e-01,4.693106e-01,4.691209e-01,4.687971e-01,4.684739e-01,4.681513e-01,4.676132e-01,4.672920e-01,4.669713e-01,4.666511e-01,4.659847e-01,4.656661e-01,4.650029e-01,4.646859e-01,4.645821e-01,4.634987e-01,4.633956e-01,4.629507e-01,4.625068e-01,4.617241e-01,4.610736e-01,4.602962e-01,4.596503e-01,4.590063e-01,4.585711e-01,4.575973e-01,4.569598e-01,4.559935e-01,4.552351e-01,4.542769e-01,4.533230e-01,4.523736e-01,4.514285e-01,4.504939e-01,4.490394e-01,4.479880e-01,4.465509e-01,4.456322e-01,4.447177e-01,4.436881e-01,4.426637e-01,4.409554e-01,4.394498e-01,4.379552e-01,4.369592e-01,4.357826e-01,4.347268e-01,4.332466e-01,4.313212e-01,4.294139e-01,4.278810e-01,4.261151e-01,4.248244e-01,4.235419e-01,4.227418e-01,4.214918e-01,4.202498e-01,4.189102e-01,4.171363e-01,4.151073e-01,4.129334e-01,4.109472e-01,4.091820e-01,4.081159e-01,4.063763e-01,4.052273e-01,4.036538e-01,4.023467e-01,4.007967e-01,3.996636e-01,3.981353e-01,3.970181e-01,3.955687e-01,3.949592e-01,3.945192e-01,3.937802e-01,3.922821e-01,3.904661e-01,3.890666e-01,3.876610e-01,3.858892e-01,3.844193e-01,3.824872e-01,3.803983e-01,3.779558e-01,3.749796e-01,3.716110e-01,3.687119e-01,3.649469e-01,3.606505e-01,3.569745e-01,3.526437e-01,3.483904e-01,3.435334e-01,3.401081e-01,3.344989e-01,3.286964e-01,3.223060e-01,3.169981e-01,3.096542e-01,3.024757e-01,2.956092e-01,2.879976e-01,2.826284e-01,2.752520e-01,2.683915e-01,2.617815e-01,2.545335e-01,2.475456e-01,2.429385e-01,2.374839e-01,2.305695e-01,2.248274e-01,2.192578e-01,2.147655e-01,2.096549e-01,2.047282e-01,2.000944e-01,1.962707e-01,1.930998e-01,1.894133e-01,1.858561e-01,1.829958e-01,1.796045e-01,1.768306e-01,1.741351e-01,1.715501e-01,1.695046e-01,1.675092e-01,1.654781e-01,1.635147e-01,1.615991e-01,1.601211e-01,1.587195e-01,1.572939e-01,1.558628e-01,1.544850e-01,1.535206e-01,1.521847e-01,1.508663e-01,1.499432e-01,1.490306e-01,1.485224e-01,1.476530e-01,1.467883e-01,1.463164e-01,1.454928e-01,1.450252e-01,1.446037e-01,1.441448e-01,1.437066e-01,1.432923e-01,1.428623e-01,1.424314e-01,1.420193e-01,1.419479e-01,1.415416e-01,1.415123e-01,1.414830e-01,1.414568e-01,1.410914e-01,1.410416e-01,1.410363e-01,1.410072e-01,1.413553e-01,1.413293e-01,1.413254e-01,1.412832e-01,1.416162e-01,1.415739e-01,1.419290e-01,1.422647e-01,1.426474e-01,1.426480e-01,1.429688e-01,1.436545e-01,1.440270e-01,1.443931e-01,1.450945e-01,1.457986e-01,1.465345e-01,1.476143e-01,1.483669e-01,1.491409e-01,1.502363e-01,1.509812e-01,1.521251e-01,1.532759e-01,1.540524e-01,1.556296e-01,1.564531e-01,1.576644e-01,1.588920e-01,1.597690e-01,1.614596e-01,1.622869e-01,1.635280e-01,1.648187e-01,1.661513e-01,1.670513e-01,1.683887e-01,1.697507e-01,1.707161e-01,1.726209e-01,1.735862e-01,1.750521e-01,1.765774e-01,1.780381e-01,1.791184e-01,1.806446e-01,1.823217e-01,1.839324e-01,1.850514e-01,1.866950e-01,1.884132e-01,1.895413e-01,1.913386e-01,1.926093e-01,1.944982e-01,1.957263e-01,1.970136e-01,1.989319e-01,2.002193e-01,2.015222e-01,2.035710e-01,2.049149e-01,2.063172e-01,2.077305e-01,2.091262e-01,2.112352e-01,2.120513e-01,2.142680e-01,2.158305e-01,2.165887e-01,2.180906e-01,2.204747e-01,2.213512e-01,2.229641e-01,2.245991e-01,2.262569e-01,2.279456e-01,2.288359e-01,2.305532e-01,2.322587e-01,2.331284e-01,2.349231e-01,2.358814e-01,2.376075e-01,2.394760e-01,2.404137e-01,2.423803e-01,2.433392e-01,2.451119e-01,2.460910e-01,2.480870e-01,2.490712e-01,2.500712e-01,2.520589e-01,2.531253e-01,2.541471e-01,2.561249e-01,2.572149e-01,2.582681e-01,2.593202e-01,2.614874e-01,2.625645e-01,2.636500e-01,2.648019e-01,2.659050e-01,2.670169e-01,2.682655e-01,2.693535e-01,2.700862e-01,2.711092e-01,2.720785e-01,2.730889e-01,2.740375e-01,2.751429e-01,2.759788e-01,2.772273e-01,2.780844e-01,2.791306e-01,2.799349e-01,2.809288e-01,2.819306e-01,2.829484e-01,2.838497e-01,2.849481e-01,2.859972e-01,2.867130e-01,2.879593e-01,2.886056e-01,2.896107e-01,2.905522e-01,2.913586e-01,2.923210e-01,2.933182e-01,2.944237e-01,2.951474e-01,2.961321e-01,2.970302e-01,2.978481e-01,2.984096e-01,2.993095e-01,3.000135e-01,3.011578e-01,3.020832e-01,3.030492e-01,3.042255e-01,3.051267e-01,3.057046e-01,3.065593e-01,3.072312e-01,3.080048e-01,3.088495e-01,3.096889e-01,3.103275e-01,3.112189e-01,3.119226e-01,3.127875e-01,3.135076e-01,3.141761e-01,3.145435e-01,3.154124e-01,3.157468e-01,3.164214e-01,3.169947e-01,3.178275e-01,3.184152e-01,3.190908e-01,3.195278e-01,3.201214e-01,3.205513e-01,3.213049e-01,3.215809e-01,3.222416e-01,3.229421e-01,3.235377e-01,3.243043e-01,3.247448e-01,3.251582e-01,3.257711e-01,3.260542e-01,3.265704e-01,3.268547e-01,3.273732e-01,3.273961e-01,3.280300e-01,3.284270e-01,3.290416e-01,3.292381e-01,3.296909e-01,3.299898e-01,3.304445e-01,3.304248e-01,3.309694e-01,3.312568e-01,3.317647e-01,3.320140e-01,3.325241e-01,3.327105e-01,3.331830e-01,3.330985e-01,3.337156e-01,3.336951e-01,3.337525e-01,3.338263e-01,3.340919e-01,3.336992e-01,3.338605e-01,3.336118e-01,3.337868e-01,3.332914e-01,3.331811e-01,3.329975e-01,3.329514e-01,3.326012e-01,3.323885e-01,3.320895e-01,3.320438e-01,3.315540e-01,3.315085e-01,3.310205e-01,3.308238e-01,3.308469e-01,3.320820e-01,3.315925e-01,3.314974e-01,3.311390e-01,3.307774e-01,3.303056e-01,3.300474e-01,3.296789e-01,3.293833e-01,3.289158e-01,3.285596e-01,3.278192e-01,3.275177e-01,3.271515e-01,3.265781e-01,3.261152e-01,3.257052e-01,3.249040e-01,3.246652e-01,3.240271e-01,3.236560e-01,3.232763e-01,3.229575e-01,3.222392e-01,3.218629e-01,3.211767e-01,3.207167e-01,3.202486e-01,3.194744e-01,3.188663e-01,3.183454e-01,3.175224e-01,3.170731e-01,3.165937e-01,3.160802e-01,3.155206e-01,3.150107e-01,3.142617e-01,3.139485e-01,3.133307e-01,3.126806e-01,3.120332e-01,3.116218e-01,3.109788e-01,3.106629e-01,3.101133e-01,3.098087e-01,3.090632e-01,3.086627e-01,3.079350e-01,3.075046e-01,3.070661e-01,3.065748e-01,3.060851e-01,3.057376e-01,3.051197e-01,3.050132e-01,3.046478e-01,3.043246e-01,3.039281e-01,3.039171e-01,3.036375e-01,3.035407e-01,3.029759e-01,3.028268e-01,3.029012e-01,3.024239e-01,3.021378e-01,3.018200e-01,3.013983e-01,3.009897e-01,3.006315e-01,3.003288e-01,2.997041e-01,2.990621e-01,2.985452e-01,2.980106e-01,2.972310e-01,2.967204e-01,2.961611e-01,2.953911e-01,2.944827e-01,2.937901e-01,2.934095e-01,2.926725e-01,2.918597e-01,2.910514e-01,2.903745e-01,2.898943e-01,2.890484e-01,2.885358e-01,2.880615e-01,2.876771e-01,2.870155e-01,2.865099e-01,2.861296e-01,2.858265e-01,2.854479e-01,2.850346e-01,2.847337e-01,2.847647e-01,2.849071e-01,2.844199e-01,2.842999e-01,2.841335e-01,2.838921e-01,2.840557e-01,2.840113e-01,2.838166e-01,2.836972e-01,2.835404e-01,2.834213e-01,2.830779e-01,2.828560e-01,2.824396e-01,2.821445e-01,2.818783e-01,2.818806e-01,2.818088e-01,2.816541e-01,2.818219e-01,2.817677e-01,2.818157e-01,2.817439e-01,2.818487e-01,2.818596e-01,2.820276e-01,2.823794e-01,2.824736e-01,2.826138e-01,2.829690e-01,2.830987e-01,2.834243e-01,2.835191e-01,2.837992e-01,2.838742e-01,2.839471e-01,2.838810e-01,2.838435e-01,2.837950e-01,2.837001e-01,2.835678e-01,2.836406e-01,2.836670e-01,2.839363e-01,2.836913e-01,2.837089e-01,2.836141e-01,2.835656e-01,2.837882e-01,2.836647e-01,2.836162e-01,2.837000e-01,2.835787e-01,2.836800e-01,2.836425e-01,2.834950e-01,2.830663e-01,2.829939e-01,2.827462e-01,2.825252e-01,2.817446e-01,2.814449e-01,2.810268e-01,2.804826e-01,2.800952e-01,2.797090e-01,2.789545e-01,2.783288e-01,2.776701e-01,2.766573e-01,2.756787e-01,2.743897e-01,2.728202e-01,2.719263e-01,2.709608e-01,2.699424e-01,2.678314e-01,2.656857e-01,2.646864e-01,2.627074e-01,2.596651e-01,2.576235e-01,2.557332e-01,2.528915e-01,2.500417e-01,2.472593e-01,2.444689e-01,2.417843e-01,2.373656e-01,2.347786e-01,2.289066e-01,2.248001e-01,2.202274e-01,2.165431e-01,2.115139e-01,2.075321e-01,2.023556e-01,1.976765e-01,1.906566e-01,1.851039e-01,1.798425e-01,1.738496e-01,1.686376e-01,1.623676e-01,1.568266e-01,1.482437e-01,1.421155e-01,1.361312e-01,1.305726e-01,1.240691e-01,1.188091e-01,1.107745e-01,1.052346e-01,1.001341e-01,9.527153e-02,9.030032e-02,8.439362e-02,7.996944e-02,7.616480e-02,7.256404e-02,6.904753e-02,6.494678e-02,6.205264e-02,5.952781e-02,5.725720e-02,5.532446e-02,5.254780e-02,5.095267e-02,4.949227e-02,4.800075e-02,4.650473e-02,4.509393e-02,4.418541e-02,4.331112e-02,4.247048e-02,4.166337e-02,4.088775e-02,4.048804e-02,3.976450e-02,3.939335e-02,3.871051e-02,3.837015e-02,3.803186e-02,3.771000e-02,3.739425e-02,3.708607e-02,3.678757e-02,3.677520e-02,3.647303e-02,3.646324e-02,3.617592e-02,3.615881e-02,3.615265e-02,3.614636e-02,3.586235e-02,3.585384e-02,3.584552e-02,3.583869e-02,3.610456e-02,3.610287e-02,3.609534e-02,3.608210e-02,3.635083e-02,3.634851e-02,3.662729e-02,3.662318e-02,3.690582e-02,3.719533e-02,3.719540e-02,3.749665e-02,3.779920e-02,3.810727e-02,3.843126e-02,3.843435e-02,3.876064e-02,3.910061e-02,3.943705e-02,3.978545e-02,4.013235e-02,4.048978e-02,4.086032e-02,4.122922e-02,4.160515e-02,4.199211e-02,4.238259e-02,4.277818e-02,4.318770e-02,4.360136e-02,4.401796e-02,4.444901e-02,4.531980e-02,4.532642e-02,4.624150e-02,4.671591e-02,4.672871e-02,4.754689e-02,4.804227e-02,4.865244e-02,4.907870e-02,4.981823e-02,5.025770e-02,5.064927e-02,5.138863e-02,5.190817e-02,5.256375e-02,5.305026e-02,5.385097e-02,5.429325e-02,5.506285e-02,5.560171e-02,5.607661e-02,5.688792e-02,5.745041e-02,5.823604e-02,5.873999e-02,5.954472e-02,6.006969e-02,6.083527e-02,6.145743e-02,6.215704e-02,6.271700e-02,6.353996e-02,6.412282e-02,6.488418e-02,6.547577e-02,6.627781e-02,6.682070e-02,6.764646e-02,6.828158e-02,6.874847e-02,6.961492e-02,7.050097e-02,7.109151e-02,7.189548e-02,7.250686e-02,7.333057e-02,7.384696e-02,7.471169e-02,7.523137e-02,7.599676e-02,7.653629e-02,7.744679e-02,7.799722e-02,7.878496e-02,7.932924e-02,8.017228e-02,8.060202e-02,8.134974e-02,8.192566e-02,8.264244e-02,8.350639e-02,8.388668e-02,8.463393e-02,8.511030e-02,8.593152e-02,8.618723e-02,8.697086e-02,8.767525e-02,8.818209e-02,8.875197e-02,8.917525e-02,9.000714e-02,9.028456e-02,9.103667e-02,9.163926e-02,9.208696e-02,9.270177e-02,9.299393e-02,9.372226e-02,9.452518e-02,9.482381e-02,9.547095e-02,9.577857e-02,9.626226e-02,9.692665e-02,9.724253e-02,9.791878e-02,9.835222e-02,9.886261e-02,9.937759e-02,9.971104e-02,1.002375e-01,1.010716e-01,1.012244e-01,1.020766e-01,1.022321e-01,1.030911e-01,1.037676e-01,1.040469e-01,1.047303e-01,1.054177e-01,1.059065e-01,1.065240e-01,1.072322e-01,1.077360e-01,1.082399e-01,1.091021e-01,1.094031e-01,1.100650e-01,1.108191e-01,1.112757e-01,1.118174e-01,1.127426e-01,1.130698e-01,1.137750e-01,1.143464e-01,1.148280e-01,1.155529e-01,1.161356e-01,1.164799e-01,1.172180e-01,1.178110e-01,1.183146e-01,1.186658e-01,1.194283e-01,1.200409e-01,1.205559e-01,1.209189e-01,1.217079e-01,1.220769e-01,1.226118e-01,1.232532e-01,1.237972e-01,1.241786e-01,1.247342e-01,1.253951e-01,1.259557e-01,1.263429e-01,1.269109e-01,1.275889e-01,1.278803e-01,1.287445e-01,1.291469e-01,1.297325e-01,1.300278e-01,1.306220e-01,1.310300e-01,1.316308e-01,1.322363e-01,1.323540e-01,1.329671e-01,1.335836e-01,1.338946e-01,1.343259e-01,1.346400e-01,1.352702e-01,1.355900e-01,1.362281e-01,1.368715e-01,1.375202e-01,1.376464e-01,1.383016e-01,1.386394e-01,1.393030e-01,1.396379e-01,1.399743e-01,1.404428e-01,1.407776e-01,1.411188e-01,1.418036e-01,1.421441e-01,1.424884e-01,1.426176e-01,1.433153e-01,1.436572e-01,1.440081e-01,1.441400e-01,1.444906e-01,1.448377e-01,1.449680e-01,1.453224e-01,1.456730e-01,1.460252e-01,1.463790e-01,1.467343e-01,1.468678e-01,1.468544e-01,1.472118e-01,1.475709e-01,1.479315e-01,1.482963e-01,1.486548e-01,1.490202e-01,1.490066e-01,1.493683e-01,1.497316e-01,1.500937e-01,1.500746e-01,1.504357e-01,1.507929e-01,1.507709e-01,1.511242e-01,1.514792e-01,1.514489e-01,1.520452e-01,1.520120e-01,1.523710e-01,1.523351e-01,1.529382e-01,1.529103e-01,1.532735e-01,1.534870e-01,1.538528e-01,1.538277e-01,1.544448e-01,1.544139e-01,1.546306e-01,1.550018e-01,1.556222e-01,1.558366e-01,1.562076e-01,1.564236e-01,1.563866e-01,1.570093e-01,1.569749e-01,1.576078e-01,1.578277e-01,1.577904e-01,1.584354e-01,1.584037e-01,1.586402e-01,1.588688e-01,1.588485e-01,1.590893e-01,1.593308e-01,1.593132e-01,1.595670e-01,1.595524e-01,1.602346e-01,1.602286e-01,1.604909e-01,1.607540e-01,1.607569e-01,1.610266e-01,1.610324e-01,1.613088e-01,1.613176e-01,1.615949e-01,1.616066e-01,1.618847e-01,1.618994e-01,1.621844e-01,1.622021e-01,1.622168e-01,1.625027e-01,1.620791e-01,1.620967e-01,1.621174e-01,1.624030e-01,1.624178e-01,1.624355e-01,1.624562e-01,1.624710e-01,1.622148e-01,1.617955e-01,1.618102e-01,1.615558e-01,1.612963e-01,1.606120e-01,1.606294e-01,1.603724e-01,1.598521e-01,1.591786e-01,1.589257e-01,1.584162e-01,1.577474e-01,1.572361e-01,1.569886e-01,1.560712e-01,1.555692e-01,1.546685e-01,1.541743e-01,1.530402e-01,1.525549e-01,1.514357e-01,1.509591e-01,1.501015e-01,1.494027e-01,1.485624e-01,1.475038e-01,1.470537e-01,1.460136e-01,1.452091e-01,1.445491e-01,1.437585e-01,1.427582e-01,1.423345e-01,1.413511e-01,1.409328e-01,1.401759e-01,1.392128e-01,1.384665e-01,1.377271e-01,1.369943e-01,1.365941e-01,1.358664e-01,1.351503e-01,1.342453e-01,1.335436e-01,1.333517e-01,1.326579e-01,1.321600e-01,1.311726e-01,1.306900e-01,1.300195e-01,1.298359e-01,1.293558e-01,1.288738e-01,1.283996e-01,1.277440e-01,1.272767e-01,1.268076e-01,1.261655e-01,1.255289e-01,1.247910e-01,1.243376e-01,1.234372e-01,1.228234e-01,1.223812e-01,1.219417e-01,1.210746e-01,1.206428e-01,1.202136e-01,1.197869e-01,1.191044e-01,1.185259e-01,1.178553e-01,1.174424e-01,1.170318e-01,1.166236e-01,1.159707e-01,1.155686e-01,1.149299e-01,1.146831e-01,1.140480e-01,1.138043e-01,1.133237e-01,1.132243e-01,1.127477e-01,1.125084e-01,1.121764e-01,1.120785e-01,1.113745e-01,1.114201e-01,1.109514e-01,1.106267e-01,1.103903e-01,1.102081e-01,1.099688e-01,1.095059e-01,1.089652e-01,1.087301e-01,1.084114e-01,1.079588e-01,1.075091e-01,1.074130e-01,1.066193e-01,1.061745e-01,1.059487e-01,1.055124e-01,1.049461e-01,1.045164e-01,1.041683e-01,1.033314e-01,1.029896e-01,1.025727e-01,1.021625e-01,1.016291e-01,1.008323e-01,1.006280e-01,1.001116e-01,9.972120e-02,9.933326e-02,9.894775e-02,9.837755e-02,9.811354e-02,9.773965e-02,9.747838e-02,9.710843e-02,9.648883e-02,9.641938e-02,9.598320e-02,9.562251e-02,9.526405e-02,9.501724e-02,9.442329e-02,9.418003e-02,9.404538e-02,9.369654e-02,9.345630e-02,9.270411e-02,9.247179e-02,9.223665e-02,9.200247e-02,9.143555e-02,9.110242e-02,9.077126e-02,9.027523e-02,9.004908e-02,8.949965e-02,8.917797e-02,8.869609e-02,8.847266e-02,8.778164e-02,8.771328e-02,8.724415e-02,8.678083e-02,8.656506e-02,8.589818e-02,8.559368e-02,8.514287e-02,8.493540e-02,8.420276e-02,8.390793e-02,8.355998e-02,8.326875e-02,8.255798e-02,8.226889e-02,8.184625e-02,8.156313e-02,8.087415e-02,8.037309e-02,7.996482e-02,7.976857e-02,7.909940e-02,7.882596e-02,7.842356e-02,7.815034e-02,7.749625e-02,5.656359e-03,5.656359e-03,5.656359e-03,5.656359e-03,5.656359e-03,5.656359e-03,5.656359e-03,5.656359e-03,5.656359e-03,5.656359e-03,5.656359e-03,5.656359e-03,5.656359e-03,5.656359e-03,5.656359e-03,5.656359e-03,5.656359e-03,5.656359e-03,5.656359e-03,5.656359e-03,5.656359e-03,5.656359e-03,5.656359e-03,5.656359e-03,5.656359e-03,5.656359e-03,5.656359e-03,5.656359e-03,5.656359e-03,5.656359e-03,5.656359e-03,5.656359e-03,5.656359e-03,5.656359e-03,5.656359e-03,5.656359e-03,5.656359e-03,5.656359e-03,5.656359e-03,5.656359e-03,5.656359e-03,5.656359e-03,5.656359e-03,5.656359e-03,5.656359e-03,5.656359e-03,5.656359e-03,5.656359e-03,5.656359e-03,5.656359e-03,5.656359e-03,5.656359e-03,5.656359e-03,5.656359e-03,5.656359e-03,5.656359e-03,5.656359e-03,5.656359e-03,5.656359e-03,5.656359e-03,5.656359e-03,5.656359e-03,5.656359e-03,5.656359e-03,5.656359e-03,5.656359e-03,5.656359e-03,5.656359e-03,5.656359e-03,5.656359e-03,5.656359e-03,5.656359e-03,5.656359e-03,5.656359e-03,5.656359e-03,5.656359e-03,5.656359e-03,5.656359e-03,5.656359e-03,5.656359e-03,5.656359e-03,5.656359e-03,5.656359e-03,5.656359e-03,5.656359e-03,5.656359e-03,5.656359e-03,5.656359e-03,5.656359e-03,5.656359e-03,5.656359e-03,5.656359e-03,5.656359e-03,5.656359e-03,5.656359e-03,5.656359e-03,5.656359e-03,5.656359e-03,5.656359e-03,5.656359e-03,5.656359e-03,5.656359e-03,5.656359e-03,5.656359e-03,5.656359e-03,5.656359e-03,5.656359e-03,5.656359e-03,5.656359e-03,5.656359e-03,5.656359e-03,5.656359e-03,5.656359e-03,5.656359e-03,5.656359e-03,5.656359e-03,5.656359e-03,5.656359e-03,5.656359e-03,5.656359e-03,5.656359e-03,5.656359e-03,5.656359e-03,5.656359e-03,5.656359e-03,5.656359e-03,5.656359e-03,5.656359e-03,5.656359e-03,5.656359e-03,5.656359e-03,5.656359e-03,5.656359e-03,5.656359e-03,5.656359e-03,5.656359e-03,5.656359e-03,5.656359e-03,5.656359e-03,5.656359e-03,5.656359e-03,5.656359e-03,5.656359e-03,5.656359e-03,5.656359e-03,5.656359e-03,5.656359e-03,5.656359e-03,5.656359e-03,5.656359e-03,5.656359e-03,5.656359e-03,5.656359e-03,5.656359e-03,5.656359e-03,5.656359e-03,5.656359e-03,5.656359e-03,5.656359e-03,5.656359e-03,5.656359e-03
3.194921e-02,3.201979e-02,3.211361e-02,3.218823e-02,3.224452e-02,3.231503e-02,3.237270e-02,3.243909e-02,3.250907e-02,3.258819e-02,3.268952e-02,3.276185e-02,3.282357e-02,3.286778e-02,3.289089e-02,3.293479e-02,3.297451e-02,3.300402e-02,3.303637e-02,3.305598e-02,3.307650e-02,3.308941e-02,3.309264e-02,3.309863e-02,3.312127e-02,3.315264e-02,3.320342e-02,3.324676e-02,3.328741e-02,3.333491e-02,3.335440e-02,3.335752e-02,3.336808e-02,3.337954e-02,3.340403e-02,3.342333e-02,3.341829e-02,3.342269e-02,3.340912e-02,3.337731e-02,3.335550e-02,3.336110e-02,3.336879e-02,3.335852e-02,3.336195e-02,3.338142e-02,3.339652e-02,3.340517e-02,3.344980e-02,3.352736e-02,3.362875e-02,3.376525e-02,3.391785e-02,3.407634e-02,3.423751e-02,3.440608e-02,3.458388e-02,3.477124e-02,3.495539e-02,3.515985e-02,3.535695e-02,3.556776e-02,3.578502e-02,3.598744e-02,3.622054e-02,3.643515e-02,3.665205e-02,3.686619e-02,3.706636e-02,3.724940e-02,3.741024e-02,3.754041e-02,3.764584e-02,3.772125e-02,3.776763e-02,3.780674e-02,3.783472e-02,3.786493e-02,3.788167e-02,3.790761e-02,3.795271e-02,3.802274e-02,3.812482e-02,3.825472e-02,3.842115e-02,3.863932e-02,3.890201e-02,3.918784e-02,3.953912e-02,3.992461e-02,4.036788e-02,4.082753e-02,4.132081e-02,4.183855e-02,4.239246e-02,4.297151e-02,4.359195e-02,4.424072e-02,4.492744e-02,4.565918e-02,4.642609e-02,4.723880e-02,4.810027e-02,4.900880e-02,4.997653e-02,5.099846e-02,5.207641e-02,5.328279e-02,5.462470e-02,5.597963e-02,5.741456e-02,5.888067e-02,6.043105e-02,6.223291e-02,6.415955e-02,6.607826e-02,6.813277e-02,7.034521e-02,7.271544e-02,7.525896e-02,7.798654e-02,8.076295e-02,8.373630e-02,8.679330e-02,9.007377e-02,9.343309e-02,9.703369e-02,1.007034e-01,1.046453e-01,1.086238e-01,1.128988e-01,1.171482e-01,1.217176e-01,1.263993e-01,1.314455e-01,1.365637e-01,1.420890e-01,1.475768e-01,1.535052e-01,1.594796e-01,1.658216e-01,1.723532e-01,1.789763e-01,1.861788e-01,1.935923e-01,2.013639e-01,2.093067e-01,2.177022e-01,2.262455e-01,2.350710e-01,2.439864e-01,2.528675e-01,2.614211e-01,2.710139e-01,2.795646e-01,2.864561e-01,2.905721e-01,2.939837e-01,2.965567e-01,2.981028e-01,2.996504e-01,3.014471e-01,3.031737e-01,3.049636e-01,3.067029e-01,3.087294e-01,3.106967e-01,3.127319e-01,3.147476e-01,3.169121e-01,3.190113e-01,3.210867e-01,3.231014e-01,3.252320e-01,3.272938e-01,3.293095e-01,3.312744e-01,3.334392e-01,3.355560e-01,3.377529e-01,3.399012e-01,3.425016e-01,3.450218e-01,3.475284e-01,3.499548e-01,3.526312e-01,3.552515e-01,3.576440e-01,3.599912e-01,3.623986e-01,3.647659e-01,3.670150e-01,3.692246e-01,3.715083e-01,3.738004e-01,3.761292e-01,3.784063e-01,3.809079e-01,3.833611e-01,3.857992e-01,3.880890e-01,3.904637e-01,3.927383e-01,3.946828e-01,3.964531e-01,3.981104e-01,3.996881e-01,4.009996e-01,4.023094e-01,4.035157e-01,4.046704e-01,4.056199e-01,4.065715e-01,4.076148e-01,4.085176e-01,4.094475e-01,4.102595e-01,4.111592e-01,4.120443e-01,4.127588e-01,4.135816e-01,4.143703e-01,4.152697e-01,4.161218e-01,4.170661e-01,4.179800e-01,4.189121e-01,4.199616e-01,4.209193e-01,4.219469e-01,4.228290e-01,4.237066e-01,4.243805e-01,4.248874e-01,4.252866e-01,4.253801e-01,4.253257e-01,4.249090e-01,4.242675e-01,4.234347e-01,4.223187e-01,4.209900e-01,4.195663e-01,4.178996e-01,4.161346e-01,4.142700e-01,4.124649e-01,4.106413e-01,4.088782e-01,4.073825e-01,4.059409e-01,4.046855e-01,4.035044e-01,4.024031e-01,4.011511e-01,3.996953e-01,3.980302e-01,3.960364e-01,3.936851e-01,3.908735e-01,3.877680e-01,3.841632e-01,3.804292e-01,3.763852e-01,3.722490e-01,3.680880e-01,3.638818e-01,3.600940e-01,3.564777e-01,3.533966e-01,3.504816e-01,3.481621e-01,3.461971e-01,3.446558e-01,3.433520e-01,3.426486e-01,3.421069e-01,3.423764e-01,3.430269e-01,3.449176e-01,3.474832e-01,3.520985e-01,3.574259e-01,3.647424e-01,3.726979e-01,3.822209e-01,3.921841e-01,4.027056e-01,4.134566e-01,4.246115e-01,4.356419e-01,4.465099e-01,4.571632e-01,4.676504e-01,4.775948e-01,4.869444e-01,4.958022e-01,5.041871e-01,5.119121e-01,5.189842e-01,5.255385e-01,5.316697e-01,5.371500e-01,5.421378e-01,5.467019e-01,5.508720e-01,5.546964e-01,5.582140e-01,5.614716e-01,5.646833e-01,5.675272e-01,5.701845e-01,5.726943e-01,5.750564e-01,5.773035e-01,5.794192e-01,5.814423e-01,5.833511e-01,5.851663e-01,5.868901e-01,5.887236e-01,5.902734e-01,5.917550e-01,5.931057e-01,5.944426e-01,5.957126e-01,5.969199e-01,5.980735e-01,5.991584e-01,6.001871e-01,6.011592e-01,6.020807e-01,6.029528e-01,6.037846e-01,6.045487e-01,6.052846e-01,6.059857e-01,6.066502e-01,6.072622e-01,6.078689e-01,6.084473e-01,6.089499e-01,6.094516e-01,6.099024e-01,6.103599e-01,6.107676e-01,6.111842e-01,6.115532e-01,6.119228e-01,6.122578e-01,6.125982e-01,6.128981e-01,6.131961e-01,6.135165e-01,6.138133e-01,6.141303e-01,6.144293e-01,6.147194e-01,6.150320e-01,6.153184e-01,6.156312e-01,6.158942e-01,6.161759e-01,6.164545e-01,6.167083e-01,6.169758e-01,6.172437e-01,6.175075e-01,6.177484e-01,6.179989e-01,6.182519e-01,6.184967e-01,6.187319e-01,6.189749e-01,6.192014e-01,6.194218e-01,6.196399e-01,6.198470e-01,6.200471e-01,6.202337e-01,6.204220e-01,6.205576e-01,6.207203e-01,6.208738e-01,6.210274e-01,6.211800e-01,6.213336e-01,6.214966e-01,6.216287e-01,6.217829e-01,6.219392e-01,6.220746e-01,6.222383e-01,6.223739e-01,6.225118e-01,6.226446e-01,6.227805e-01,6.229345e-01,6.230706e-01,6.232004e-01,6.233357e-01,6.234626e-01,6.235865e-01,6.237125e-01,6.238205e-01,6.239446e-01,6.240688e-01,6.241890e-01,6.243195e-01,6.244186e-01,6.245431e-01,6.246453e-01,6.247510e-01,6.248792e-01,6.249850e-01,6.250909e-01,6.251937e-01,6.252936e-01,6.253965e-01,6.255092e-01,6.256123e-01,6.257030e-01,6.258004e-01,6.258781e-01,6.259817e-01,6.260603e-01,6.260967e-01,6.261878e-01,6.262726e-01,6.263137e-01,6.263633e-01,6.264160e-01,6.264630e-01,6.264905e-01,6.265491e-01,6.266334e-01,6.266797e-01,6.267349e-01,6.268029e-01,6.268811e-01,6.269429e-01,6.270110e-01,6.270826e-01,6.271446e-01,6.272193e-01,6.272942e-01,6.273668e-01,6.274448e-01,6.275263e-01,6.275919e-01,6.276798e-01,6.277614e-01,6.278173e-01,6.278990e-01,6.279612e-01,6.280398e-01,6.281122e-01,6.281786e-01,6.282636e-01,6.283134e-01,6.283953e-01,6.284546e-01,6.285236e-01,6.285829e-01,6.286356e-01,6.286797e-01,6.287457e-01,6.287952e-01,6.288412e-01,6.289002e-01,6.289627e-01,6.289939e-01,6.290336e-01,6.290796e-01,6.291032e-01,6.291398e-01,6.291836e-01,6.292139e-01,6.292568e-01,6.292935e-01,6.293251e-01,6.293457e-01,6.293923e-01,6.294370e-01,6.294840e-01,6.295146e-01,6.295711e-01,6.296321e-01,6.296666e-01,6.297040e-01,6.297574e-01,6.297992e-01,6.298303e-01,6.298641e-01,6.299248e-01,6.299523e-01,6.299869e-01,6.300216e-01,6.300752e-01,6.300901e-01,6.301109e-01,6.301357e-01,6.301406e-01,6.301519e-01,6.301830e-01,6.302101e-01,6.302246e-01,6.302201e-01,6.302323e-01,6.302531e-01,6.302738e-01,6.302788e-01,6.302726e-01,6.302750e-01,6.302963e-01,6.303217e-01,6.303146e-01,6.302633e-01,6.302476e-01,6.302600e-01,6.302656e-01,6.302279e-01,6.301297e-01,6.300794e-01,6.300471e-01,6.300022e-01,6.299551e-01,6.299038e-01,6.298252e-01,6.296141e-01,6.294685e-01,6.294124e-01,6.292984e-01,6.292110e-01,6.291216e-01,6.289737e-01,6.287252e-01,6.285105e-01,6.283853e-01,6.282940e-01,6.280528e-01,6.276490e-01,6.274042e-01,6.272485e-01,6.270330e-01,6.267621e-01,6.264850e-01,6.262702e-01,6.260911e-01,6.256357e-01,6.248106e-01,6.243269e-01,6.239958e-01,6.235139e-01,6.230069e-01,6.225271e-01,6.221398e-01,6.217577e-01,6.214628e-01,6.212381e-01,6.209183e-01,6.205035e-01,6.203425e-01,6.203215e-01,6.202794e-01,6.201979e-01,6.201493e-01,6.200981e-01,6.201121e-01,6.200823e-01,6.200897e-01,6.200950e-01,6.200587e-01,6.200595e-01,6.200166e-01,6.200153e-01,6.200441e-01,6.200940e-01,6.201228e-01,6.202187e-01,6.203032e-01,6.203991e-01,6.204648e-01,6.205930e-01,6.206956e-01,6.208286e-01,6.209548e-01,6.211182e-01,6.212885e-01,6.214171e-01,6.215854e-01,6.217798e-01,6.219787e-01,6.221078e-01,6.222699e-01,6.224411e-01,6.226339e-01,6.228156e-01,6.230109e-01,6.232043e-01,6.233910e-01,6.235778e-01,6.237909e-01,6.239473e-01,6.241346e-01,6.243220e-01,6.245403e-01,6.247498e-01,6.249639e-01,6.251897e-01,6.254066e-01,6.256327e-01,6.258500e-01,6.260456e-01,6.262391e-01,6.264730e-01,6.266669e-01,6.268565e-01,6.270508e-01,6.273074e-01,6.275331e-01,6.277591e-01,6.279783e-01,6.282046e-01,6.284242e-01,6.286127e-01,6.288013e-01,6.289834e-01,6.291966e-01,6.294462e-01,6.296283e-01,6.297454e-01,6.298625e-01,6.299820e-01,6.301622e-01,6.303425e-01,6.305229e-01,6.306719e-01,6.308526e-01,6.310018e-01,6.311510e-01,6.312980e-01,6.314546e-01,6.315724e-01,6.316952e-01,6.317886e-01,6.319115e-01,6.320661e-01,6.321914e-01,6.323258e-01,6.324561e-01,6.325548e-01,6.326923e-01,6.327908e-01,6.329282e-01,6.330018e-01,6.331073e-01,6.331880e-01,6.332615e-01,6.333418e-01,6.334509e-01,6.335557e-01,6.336358e-01,6.337085e-01,6.337563e-01,6.338286e-01,6.338691e-01,6.339411e-01,6.340131e-01,6.340493e-01,6.340817e-01,6.341137e-01,6.341381e-01,6.341699e-01,6.341941e-01,6.342146e-01,6.341743e-01,6.341660e-01,6.341893e-01,6.342051e-01,6.342281e-01,6.341909e-01,6.341496e-01,6.341082e-01,6.340664e-01,6.340565e-01,6.340145e-01,6.340082e-01,6.339658e-01,6.339232e-01,6.338485e-01,6.337736e-01,6.337344e-01,6.337230e-01,6.336795e-01,6.336039e-01,6.334963e-01,6.333886e-01,6.332529e-01,6.332085e-01,6.331639e-01,6.331192e-01,6.330110e-01,6.329028e-01,6.328622e-01,6.328177e-01,6.327414e-01,6.326334e-01,6.324939e-01,6.324218e-01,6.323773e-01,6.323013e-01,6.321620e-01,6.320470e-01,6.320343e-01,6.320888e-01,6.320761e-01,6.319371e-01,6.317981e-01,6.316982e-01,6.315910e-01,6.314638e-01,6.312696e-01,6.310757e-01,6.309448e-01,6.308454e-01,6.306205e-01,6.302432e-01,6.298313e-01,6.295138e-01,6.291968e-01,6.287557e-01,6.280289e-01,6.272189e-01,6.264971e-01,6.258391e-01,6.252182e-01,6.245640e-01,6.237525e-01,6.226481e-01,6.212110e-01,6.198130e-01,6.188104e-01,6.179309e-01,6.168189e-01,6.153069e-01,6.137423e-01,6.126514e-01,6.118830e-01,6.112035e-01,6.104116e-01,6.094800e-01,6.086375e-01,6.078101e-01,6.069742e-01,6.064292e-01,6.061664e-01,6.059038e-01,6.056482e-01,6.053928e-01,6.051378e-01,6.048895e-01,6.046416e-01,6.046728e-01,6.044252e-01,6.044617e-01,6.044994e-01,6.045306e-01,6.042833e-01,6.043146e-01,6.043393e-01,6.043641e-01,6.041106e-01,6.038509e-01,6.038692e-01,6.038875e-01,6.038994e-01,6.039177e-01,6.039360e-01,6.036702e-01,6.036885e-01,6.037068e-01,6.037304e-01,6.034714e-01,6.034897e-01,6.032310e-01,6.032494e-01,6.032741e-01,6.032860e-01,6.030276e-01,6.030459e-01,6.030578e-01,6.030761e-01,6.028116e-01,6.028234e-01,6.028352e-01,6.028471e-01,6.028524e-01,6.028643e-01,6.028761e-01,6.031643e-01,6.031761e-01,6.031879e-01,6.031998e-01,6.032116e-01,6.032234e-01,6.027814e-01,6.030694e-01,6.030812e-01,6.030930e-01,6.031048e-01,6.029391e-01,6.029444e-01,6.032325e-01,6.032443e-01,6.028025e-01,6.028078e-01,6.031021e-01,6.029364e-01,6.029535e-01,6.027945e-01,6.028128e-01,6.028312e-01,6.024035e-01,6.024283e-01,6.022763e-01,6.023011e-01,6.018746e-01,6.019059e-01,6.017543e-01,6.013354e-01,6.016408e-01,6.012156e-01,6.012470e-01,6.011013e-01,6.011262e-01,6.009753e-01,6.005517e-01,6.005765e-01,6.001472e-01,6.001656e-01,6.000090e-01,5.995745e-01,5.998579e-01,5.994238e-01,5.992613e-01,5.992668e-01,5.988338e-01,5.986719e-01,5.986838e-01,5.982521e-01,5.980961e-01,5.981144e-01,5.979595e-01,5.975358e-01,5.975541e-01,5.971313e-01,5.971495e-01,5.967276e-01,5.963128e-01,5.965984e-01,5.961776e-01,5.957640e-01,5.960489e-01,5.956292e-01,5.956475e-01,5.952286e-01,5.948107e-01,5.948289e-01,5.944110e-01,5.944292e-01,5.940065e-01,5.937607e-01,5.933394e-01,5.930881e-01,5.926683e-01,5.924178e-01,5.919930e-01,5.920049e-01,5.913263e-01,5.913381e-01,5.910893e-01,5.904137e-01,5.901716e-01,5.899242e-01,5.895109e-01,5.892643e-01,5.890180e-01,5.886065e-01,5.883610e-01,5.881159e-01,5.878710e-01,5.872059e-01,5.869621e-01,5.867187e-01,5.864755e-01,5.859783e-01,5.857360e-01,5.852406e-01,5.849992e-01,5.851738e-01,5.838512e-01,5.840249e-01,5.839467e-01,5.838687e-01,5.835392e-01,5.830491e-01,5.827210e-01,5.822328e-01,5.817458e-01,5.816687e-01,5.809347e-01,5.804508e-01,5.797211e-01,5.793983e-01,5.786724e-01,5.779489e-01,5.772280e-01,5.765096e-01,5.757997e-01,5.744494e-01,5.738947e-01,5.725567e-01,5.718543e-01,5.711542e-01,5.706084e-01,5.700640e-01,5.685164e-01,5.673619e-01,5.662138e-01,5.656810e-01,5.647718e-01,5.637196e-01,5.625863e-01,5.608678e-01,5.591635e-01,5.582031e-01,5.563788e-01,5.551493e-01,5.539271e-01,5.532908e-01,5.520847e-01,5.508857e-01,5.498310e-01,5.482208e-01,5.464129e-01,5.442790e-01,5.425058e-01,5.404853e-01,5.392225e-01,5.372346e-01,5.361203e-01,5.344835e-01,5.330566e-01,5.314446e-01,5.303579e-01,5.287676e-01,5.276954e-01,5.265611e-01,5.268675e-01,5.274927e-01,5.274904e-01,5.259189e-01,5.242927e-01,5.231779e-01,5.220652e-01,5.204705e-01,5.194912e-01,5.181475e-01,5.161066e-01,5.136112e-01,5.105144e-01,5.071143e-01,5.041083e-01,5.005884e-01,4.966415e-01,4.933583e-01,4.898607e-01,4.868804e-01,4.836818e-01,4.819344e-01,4.778346e-01,4.732047e-01,4.675765e-01,4.627080e-01,4.559013e-01,4.489301e-01,4.425841e-01,4.355139e-01,4.304152e-01,4.235560e-01,4.173077e-01,4.111124e-01,4.043234e-01,3.974933e-01,3.931904e-01,3.878221e-01,3.809300e-01,3.751340e-01,3.692850e-01,3.646543e-01,3.591787e-01,3.537791e-01,3.487857e-01,3.446181e-01,3.409989e-01,3.367285e-01,3.325785e-01,3.292413e-01,3.251101e-01,3.216590e-01,3.182893e-01,3.150882e-01,3.124917e-01,3.099435e-01,3.071912e-01,3.045716e-01,3.020019e-01,2.998866e-01,2.979615e-01,2.959113e-01,2.938116e-01,2.918205e-01,2.903122e-01,2.883756e-01,2.864636e-01,2.850146e-01,2.835814e-01,2.826651e-01,2.813278e-01,2.800032e-01,2.791801e-01,2.779458e-01,2.771326e-01,2.764587e-01,2.756576e-01,2.749250e-01,2.742625e-01,2.735405e-01,2.728198e-01,2.721673e-01,2.719120e-01,2.712667e-01,2.711419e-01,2.710173e-01,2.708954e-01,2.703806e-01,2.701927e-01,2.701355e-01,2.700118e-01,2.704052e-01,2.702838e-01,2.702247e-01,2.700404e-01,2.703707e-01,2.701861e-01,2.705809e-01,2.709126e-01,2.713768e-01,2.713180e-01,2.715895e-01,2.723193e-01,2.727243e-01,2.731271e-01,2.738684e-01,2.746115e-01,2.754281e-01,2.765891e-01,2.774185e-01,2.783179e-01,2.794393e-01,2.802145e-01,2.814224e-01,2.826378e-01,2.834352e-01,2.851061e-01,2.859910e-01,2.872497e-01,2.885228e-01,2.895021e-01,2.912551e-01,2.920309e-01,2.931956e-01,2.944509e-01,2.957925e-01,2.966733e-01,2.979581e-01,2.992587e-01,3.002427e-01,3.021384e-01,3.030614e-01,3.044910e-01,3.060230e-01,3.073190e-01,3.084443e-01,3.098483e-01,3.116115e-01,3.131360e-01,3.142241e-01,3.157724e-01,3.174337e-01,3.184628e-01,3.202447e-01,3.215749e-01,3.234941e-01,3.246593e-01,3.259346e-01,3.278098e-01,3.290146e-01,3.302294e-01,3.322630e-01,3.335052e-01,3.348604e-01,3.362238e-01,3.374999e-01,3.394251e-01,3.402934e-01,3.423677e-01,3.439108e-01,3.445864e-01,3.459314e-01,3.481974e-01,3.491165e-01,3.506164e-01,3.521346e-01,3.536645e-01,3.552147e-01,3.560603e-01,3.576300e-01,3.591017e-01,3.598442e-01,3.614593e-01,3.623426e-01,3.637320e-01,3.653895e-01,3.661656e-01,3.679764e-01,3.687690e-01,3.700874e-01,3.708907e-01,3.726253e-01,3.734346e-01,3.742532e-01,3.758892e-01,3.768483e-01,3.776828e-01,3.792158e-01,3.801931e-01,3.810451e-01,3.818999e-01,3.837473e-01,3.846163e-01,3.854900e-01,3.865058e-01,3.873896e-01,3.882781e-01,3.894569e-01,3.904139e-01,3.909032e-01,3.917154e-01,3.923888e-01,3.930012e-01,3.937401e-01,3.945131e-01,3.951614e-01,3.960350e-01,3.966948e-01,3.975976e-01,3.981120e-01,3.988737e-01,3.996354e-01,4.004060e-01,4.010851e-01,4.020137e-01,4.027972e-01,4.032313e-01,4.042687e-01,4.045470e-01,4.053974e-01,4.060967e-01,4.066984e-01,4.076210e-01,4.082636e-01,4.092979e-01,4.097388e-01,4.106814e-01,4.114576e-01,4.120740e-01,4.124913e-01,4.132735e-01,4.137960e-01,4.148584e-01,4.156570e-01,4.166937e-01,4.177797e-01,4.186617e-01,4.190893e-01,4.200461e-01,4.206520e-01,4.214415e-01,4.221677e-01,4.228912e-01,4.235824e-01,4.245663e-01,4.251904e-01,4.259321e-01,4.265667e-01,4.272714e-01,4.277601e-01,4.285069e-01,4.287437e-01,4.294603e-01,4.299894e-01,4.308238e-01,4.313627e-01,4.320841e-01,4.325127e-01,4.330565e-01,4.334817e-01,4.341434e-01,4.344558e-01,4.349312e-01,4.356728e-01,4.362205e-01,4.368922e-01,4.373265e-01,4.374993e-01,4.380582e-01,4.383774e-01,4.387449e-01,4.390654e-01,4.394342e-01,4.394425e-01,4.400099e-01,4.405337e-01,4.410962e-01,4.412297e-01,4.416743e-01,4.420054e-01,4.424519e-01,4.421879e-01,4.428303e-01,4.431607e-01,4.435293e-01,4.435837e-01,4.439531e-01,4.440857e-01,4.441780e-01,4.439894e-01,4.445596e-01,4.442924e-01,4.439503e-01,4.438777e-01,4.439348e-01,4.431471e-01,4.430054e-01,4.426947e-01,4.425561e-01,4.415776e-01,4.411212e-01,4.407372e-01,4.402064e-01,4.397058e-01,4.390601e-01,4.384843e-01,4.379603e-01,4.370068e-01,4.364872e-01,4.355416e-01,4.349135e-01,4.349214e-01,4.369593e-01,4.360112e-01,4.355716e-01,4.348254e-01,4.340851e-01,4.331549e-01,4.326084e-01,4.318721e-01,4.310715e-01,4.301571e-01,4.294361e-01,4.282339e-01,4.274446e-01,4.267322e-01,4.256578e-01,4.247737e-01,4.238195e-01,4.227220e-01,4.218909e-01,4.209120e-01,4.202235e-01,4.195328e-01,4.187773e-01,4.176489e-01,4.169684e-01,4.160835e-01,4.152446e-01,4.144051e-01,4.133657e-01,4.124386e-01,4.116775e-01,4.107190e-01,4.099060e-01,4.093836e-01,4.086360e-01,4.079598e-01,4.072184e-01,4.062218e-01,4.058126e-01,4.052054e-01,4.043792e-01,4.035571e-01,4.029946e-01,4.021791e-01,4.017751e-01,4.011213e-01,4.007243e-01,4.000408e-01,3.994876e-01,3.988112e-01,3.983284e-01,3.978425e-01,3.974177e-01,3.969940e-01,3.966637e-01,3.961540e-01,3.960704e-01,3.960110e-01,3.958905e-01,3.956213e-01,3.958945e-01,3.959885e-01,3.961110e-01,3.960167e-01,3.961984e-01,3.966241e-01,3.966811e-01,3.967712e-01,3.966501e-01,3.966477e-01,3.966474e-01,3.965899e-01,3.964709e-01,3.962271e-01,3.957755e-01,3.954148e-01,3.953228e-01,3.947803e-01,3.944217e-01,3.941223e-01,3.935837e-01,3.929545e-01,3.925656e-01,3.922997e-01,3.919700e-01,3.914938e-01,3.910190e-01,3.906346e-01,3.904841e-01,3.900692e-01,3.899781e-01,3.898282e-01,3.898258e-01,3.894441e-01,3.893534e-01,3.893510e-01,3.894939e-01,3.894915e-01,3.895479e-01,3.896909e-01,3.901591e-01,3.907157e-01,3.906262e-01,3.908039e-01,3.910392e-01,3.911280e-01,3.916918e-01,3.920180e-01,3.920496e-01,3.922288e-01,3.921987e-01,3.923781e-01,3.921143e-01,3.919406e-01,3.915304e-01,3.912105e-01,3.910951e-01,3.913627e-01,3.914835e-01,3.914536e-01,3.917537e-01,3.916124e-01,3.918231e-01,3.919443e-01,3.920996e-01,3.921016e-01,3.924029e-01,3.929411e-01,3.930953e-01,3.931916e-01,3.937305e-01,3.938251e-01,3.941599e-01,3.943152e-01,3.947096e-01,3.948596e-01,3.950114e-01,3.948652e-01,3.949277e-01,3.949882e-01,3.951075e-01,3.950140e-01,3.951660e-01,3.953770e-01,3.957717e-01,3.955899e-01,3.957976e-01,3.959174e-01,3.959782e-01,3.964336e-01,3.963432e-01,3.964041e-01,3.965593e-01,3.964671e-01,3.968313e-01,3.968945e-01,3.968674e-01,3.964427e-01,3.965670e-01,3.966548e-01,3.964762e-01,3.960500e-01,3.959923e-01,3.958426e-01,3.955977e-01,3.956580e-01,3.957183e-01,3.952961e-01,3.951695e-01,3.951055e-01,3.942924e-01,3.936902e-01,3.927558e-01,3.917682e-01,3.913199e-01,3.907227e-01,3.899855e-01,3.883691e-01,3.866253e-01,3.859007e-01,3.844623e-01,3.820493e-01,3.803656e-01,3.789728e-01,3.767714e-01,3.744636e-01,3.721913e-01,3.698200e-01,3.676071e-01,3.637852e-01,3.615345e-01,3.562871e-01,3.524914e-01,3.484426e-01,3.451642e-01,3.405386e-01,3.370997e-01,3.323996e-01,3.285311e-01,3.219633e-01,3.166009e-01,3.114308e-01,3.054111e-01,3.000483e-01,2.933910e-01,2.872671e-01,2.776621e-01,2.705435e-01,2.635403e-01,2.569012e-01,2.490252e-01,2.424138e-01,2.321145e-01,2.248076e-01,2.178552e-01,2.110694e-01,2.038587e-01,1.951532e-01,1.883477e-01,1.823420e-01,1.765385e-01,1.706931e-01,1.636952e-01,1.586192e-01,1.540664e-01,1.498752e-01,1.462235e-01,1.408668e-01,1.376884e-01,1.347175e-01,1.315935e-01,1.284278e-01,1.253769e-01,1.233505e-01,1.213753e-01,1.194537e-01,1.175756e-01,1.157559e-01,1.147495e-01,1.130220e-01,1.120811e-01,1.104095e-01,1.095419e-01,1.086734e-01,1.078461e-01,1.070357e-01,1.062469e-01,1.054736e-01,1.054002e-01,1.045978e-01,1.045200e-01,1.037733e-01,1.036686e-01,1.036139e-01,1.035647e-01,1.028288e-01,1.027797e-01,1.027255e-01,1.026874e-01,1.033335e-01,1.033225e-01,1.032946e-01,1.032445e-01,1.038859e-01,1.038855e-01,1.045673e-01,1.045614e-01,1.052231e-01,1.059092e-01,1.059151e-01,1.066155e-01,1.073179e-01,1.080284e-01,1.087773e-01,1.087726e-01,1.095128e-01,1.103041e-01,1.110501e-01,1.118354e-01,1.125868e-01,1.133851e-01,1.141995e-01,1.150048e-01,1.158199e-01,1.166510e-01,1.174866e-01,1.183324e-01,1.191949e-01,1.200628e-01,1.209130e-01,1.217940e-01,1.235530e-01,1.235636e-01,1.254041e-01,1.263529e-01,1.263953e-01,1.279989e-01,1.289400e-01,1.301189e-01,1.309637e-01,1.323634e-01,1.331885e-01,1.339299e-01,1.353325e-01,1.362759e-01,1.374903e-01,1.383859e-01,1.398539e-01,1.406444e-01,1.420068e-01,1.429944e-01,1.438557e-01,1.452691e-01,1.462426e-01,1.476149e-01,1.484652e-01,1.498128e-01,1.506905e-01,1.519653e-01,1.529938e-01,1.541031e-01,1.550000e-01,1.563236e-01,1.572443e-01,1.584339e-01,1.593302e-01,1.605965e-01,1.614418e-01,1.626954e-01,1.636125e-01,1.642870e-01,1.655772e-01,1.668862e-01,1.677170e-01,1.688506e-01,1.696997e-01,1.708274e-01,1.715047e-01,1.727093e-01,1.733458e-01,1.743547e-01,1.750300e-01,1.762527e-01,1.769134e-01,1.778708e-01,1.784563e-01,1.795464e-01,1.799630e-01,1.806297e-01,1.812326e-01,1.820218e-01,1.830017e-01,1.831304e-01,1.839354e-01,1.843723e-01,1.850665e-01,1.850096e-01,1.858305e-01,1.863442e-01,1.867921e-01,1.871184e-01,1.872529e-01,1.880930e-01,1.880344e-01,1.885600e-01,1.888923e-01,1.890293e-01,1.893633e-01,1.893040e-01,1.899638e-01,1.904999e-01,1.904395e-01,1.907783e-01,1.907183e-01,1.908580e-01,1.911983e-01,1.911381e-01,1.914794e-01,1.917498e-01,1.918916e-01,1.920336e-01,1.919699e-01,1.921126e-01,1.927923e-01,1.925281e-01,1.932113e-01,1.929460e-01,1.936310e-01,1.941144e-01,1.941853e-01,1.946709e-01,1.951582e-01,1.954384e-01,1.960608e-01,1.965550e-01,1.968392e-01,1.971236e-01,1.979749e-01,1.980482e-01,1.986916e-01,1.991994e-01,1.996290e-01,1.999226e-01,2.007995e-01,2.008761e-01,2.015382e-01,2.018385e-01,2.022829e-01,2.029507e-01,2.032546e-01,2.033332e-01,2.040106e-01,2.043171e-01,2.047684e-01,2.048476e-01,2.055350e-01,2.058460e-01,2.063067e-01,2.063871e-01,2.070815e-01,2.071626e-01,2.076297e-01,2.079471e-01,2.084178e-01,2.084967e-01,2.089705e-01,2.092919e-01,2.097687e-01,2.098513e-01,2.103306e-01,2.106525e-01,2.108924e-01,2.116199e-01,2.117040e-01,2.121912e-01,2.124340e-01,2.129213e-01,2.130059e-01,2.134990e-01,2.139944e-01,2.138308e-01,2.143246e-01,2.148238e-01,2.150728e-01,2.151598e-01,2.154095e-01,2.159138e-01,2.161622e-01,2.166701e-01,2.171803e-01,2.176930e-01,2.175238e-01,2.180381e-01,2.182922e-01,2.188102e-01,2.190685e-01,2.193275e-01,2.194151e-01,2.196742e-01,2.199347e-01,2.204605e-01,2.207222e-01,2.209814e-01,2.208065e-01,2.213366e-01,2.215997e-01,2.218611e-01,2.216849e-01,2.219495e-01,2.222142e-01,2.220336e-01,2.222991e-01,2.225646e-01,2.228307e-01,2.230975e-01,2.233650e-01,2.231826e-01,2.231774e-01,2.234451e-01,2.237134e-01,2.239824e-01,2.242489e-01,2.245185e-01,2.247895e-01,2.247843e-01,2.250553e-01,2.253269e-01,2.255954e-01,2.255895e-01,2.258617e-01,2.261339e-01,2.261242e-01,2.263964e-01,2.266692e-01,2.266619e-01,2.273984e-01,2.273872e-01,2.276625e-01,2.276544e-01,2.283975e-01,2.283870e-01,2.286649e-01,2.291276e-01,2.294073e-01,2.294006e-01,2.301522e-01,2.301448e-01,2.306137e-01,2.308971e-01,2.316581e-01,2.321325e-01,2.324191e-01,2.328967e-01,2.328884e-01,2.336652e-01,2.336539e-01,2.344367e-01,2.349228e-01,2.349145e-01,2.357066e-01,2.356990e-01,2.361890e-01,2.366833e-01,2.366772e-01,2.371752e-01,2.376752e-01,2.376661e-01,2.381698e-01,2.381645e-01,2.389822e-01,2.389745e-01,2.394847e-01,2.399972e-01,2.399941e-01,2.405095e-01,2.405034e-01,2.410219e-01,2.410196e-01,2.415403e-01,2.415350e-01,2.420581e-01,2.420566e-01,2.425827e-01,2.425782e-01,2.425766e-01,2.431052e-01,2.427808e-01,2.427761e-01,2.427754e-01,2.433049e-01,2.433034e-01,2.432987e-01,2.432980e-01,2.432964e-01,2.427637e-01,2.424367e-01,2.424350e-01,2.419058e-01,2.413781e-01,2.405360e-01,2.405310e-01,2.400089e-01,2.389738e-01,2.381478e-01,2.376356e-01,2.366168e-01,2.358056e-01,2.348045e-01,2.343060e-01,2.330188e-01,2.320404e-01,2.307734e-01,2.298130e-01,2.281023e-01,2.271631e-01,2.254894e-01,2.245706e-01,2.233841e-01,2.220356e-01,2.208704e-01,2.192853e-01,2.184146e-01,2.168628e-01,2.157530e-01,2.144905e-01,2.134035e-01,2.119183e-01,2.110974e-01,2.096421e-01,2.088419e-01,2.078079e-01,2.063941e-01,2.053819e-01,2.043790e-01,2.033851e-01,2.026233e-01,2.016444e-01,2.006749e-01,1.993498e-01,1.984006e-01,1.980358e-01,1.970980e-01,1.965218e-01,1.953837e-01,1.948120e-01,1.939019e-01,1.935519e-01,1.929943e-01,1.924390e-01,1.918872e-01,1.910011e-01,1.904567e-01,1.899145e-01,1.890448e-01,1.881823e-01,1.874538e-01,1.869214e-01,1.858808e-01,1.850441e-01,1.845292e-01,1.840168e-01,1.830057e-01,1.825008e-01,1.819984e-01,1.814984e-01,1.808155e-01,1.800192e-01,1.793462e-01,1.788590e-01,1.783742e-01,1.778916e-01,1.772326e-01,1.767496e-01,1.760986e-01,1.759158e-01,1.752695e-01,1.750882e-01,1.747328e-01,1.748378e-01,1.744833e-01,1.743032e-01,1.742342e-01,1.743386e-01,1.738125e-01,1.742005e-01,1.738475e-01,1.737788e-01,1.735992e-01,1.738138e-01,1.736336e-01,1.732880e-01,1.730481e-01,1.728693e-01,1.728005e-01,1.724516e-01,1.721040e-01,1.722053e-01,1.714184e-01,1.710738e-01,1.708982e-01,1.705559e-01,1.699475e-01,1.696084e-01,1.691646e-01,1.685066e-01,1.680679e-01,1.677352e-01,1.674042e-01,1.668160e-01,1.661687e-01,1.660019e-01,1.654230e-01,1.651002e-01,1.647785e-01,1.644579e-01,1.639889e-01,1.639263e-01,1.636090e-01,1.635466e-01,1.632304e-01,1.628603e-01,1.629593e-01,1.627434e-01,1.624298e-01,1.621173e-01,1.620561e-01,1.616909e-01,1.616300e-01,1.618189e-01,1.615082e-01,1.614474e-01,1.609329e-01,1.608729e-01,1.608123e-01,1.607518e-01,1.603909e-01,1.600846e-01,1.597794e-01,1.593262e-01,1.592665e-01,1.589174e-01,1.586158e-01,1.581682e-01,1.581086e-01,1.576114e-01,1.576971e-01,1.572538e-01,1.568194e-01,1.567605e-01,1.562704e-01,1.559767e-01,1.555414e-01,1.554902e-01,1.547752e-01,1.544861e-01,1.542881e-01,1.540005e-01,1.533036e-01,1.530186e-01,1.525972e-01,1.523215e-01,1.516307e-01,1.509925e-01,1.505872e-01,1.505306e-01,1.498597e-01,1.495848e-01,1.491850e-01,1.489117e-01,1.482523e-01,5.953766e-03,5.953766e-03,5.953766e-03,5.953766e-03,5.953766e-03,5.953766e-03,5.953766e-03,5.953766e-03,5.953766e-03,5.953766e-03,5.953766e-03,5.953766e-03,5.953766e-03,5.953766e-03,5.953766e-03,5.953766e-03,5.953766e-03,5.953766e-03,5.953766e-03,5.953766e-03,5.953766e-03,5.953766e-03,5.953766e-03,5.953766e-03,5.953766e-03,5.953766e-03,5.953766e-03,5.953766e-03,5.953766e-03,5.953766e-03,5.953766e-03,5.953766e-03,5.953766e-03,5.953766e-03,5.953766e-03,5.953766e-03,5.953766e-03,5.953766e-03,5.953766e-03,5.953766e-03,5.953766e-03,5.953766e-03,5.953766e-03,5.953766e-03,5.953766e-03,5.953766e-03,5.953766e-03,5.953766e-03,5.953766e-03,5.953766e-03,5.953766e-03,5.953766e-03,5.953766e-03,5.953766e-03,5.953766e-03,5.953766e-03,5.953766e-03,5.953766e-03,5.953766e-03,5.953766e-03,5.953766e-03,5.953766e-03,5.953766e-03,5.953766e-03,5.953766e-03,5.953766e-03,5.953766e-03,5.953766e-03,5.953766e-03,5.953766e-03,5.953766e-03,5.953766e-03,5.953766e-03,5.953766e-03,5.953766e-03,5.953766e-03,5.953766e-03,5.953766e-03,5.953766e-03,5.953766e-03,5.953766e-03,5.953766e-03,5.953766e-03,5.953766e-03,5.953766e-03,5.953766e-03,5.953766e-03,5.953766e-03,5.953766e-03,5.953766e-03,5.953766e-03,5.953766e-03,5.953766e-03,5.953766e-03,5.953766e-03,5.953766e-03,5.953766e-03,5.953766e-03,5.953766e-03,5.953766e-03,5.953766e-03,5.953766e-03,5.953766e-03,5.953766e-03,5.953766e-03,5.953766e-03,5.953766e-03,5.953766e-03,5.953766e-03,5.953766e-03,5.953766e-03,5.953766e-03,5.953766e-03,5.953766e-03,5.953766e-03,5.953766e-03,5.953766e-03,5.953766e-03,5.953766e-03,5.953766e-03,5.953766e-03,5.953766e-03,5.953766e-03,5.953766e-03,5.953766e-03,5.953766e-03,5.953766e-03,5.953766e-03,5.953766e-03,5.953766e-03,5.953766e-03,5.953766e-03,5.953766e-03,5.953766e-03,5.953766e-03,5.953766e-03,5.953766e-03,5.953766e-03,5.953766e-03,5.953766e-03,5.953766e-03,5.953766e-03,5.953766e-03,5.953766e-03,5.953766e-03,5.953766e-03,5.953766e-03,5.953766e-03,5.953766e-03,5.953766e-03,5.953766e-03,5.953766e-03,5.953766e-03,5.953766e-03,5.953766e-03,5.953766e-03,5.953766e-03,5.953766e-03,5.953766e-03,5.953766e-03,5.953766e-03
1.938401e-02,1.936292e-02,1.933668e-02,1.931040e-02,1.928411e-02,1.925798e-02,1.922665e-02,1.920060e-02,1.917461e-02,1.914341e-02,1.911752e-02,1.908624e-02,1.906023e-02,1.903421e-02,1.900291e-02,1.897696e-02,1.895102e-02,1.892503e-02,1.890431e-02,1.887830e-02,1.885746e-02,1.883652e-02,1.881555e-02,1.879982e-02,1.878427e-02,1.876351e-02,1.874802e-02,1.873766e-02,1.872213e-02,1.870665e-02,1.869618e-02,1.868039e-02,1.866990e-02,1.865425e-02,1.864391e-02,1.863357e-02,1.861792e-02,1.860759e-02,1.859721e-02,1.858157e-02,1.857126e-02,1.856122e-02,1.854606e-02,1.853600e-02,1.852090e-02,1.851116e-02,1.850142e-02,1.848645e-02,1.847706e-02,1.846795e-02,1.845392e-02,1.844547e-02,1.843730e-02,1.842926e-02,1.842133e-02,1.841352e-02,1.841106e-02,1.840362e-02,1.839617e-02,1.839408e-02,1.838677e-02,1.837966e-02,1.837769e-02,1.837043e-02,1.836879e-02,1.836198e-02,1.836031e-02,1.835867e-02,1.835167e-02,1.834969e-02,1.834747e-02,1.833959e-02,1.833653e-02,1.833313e-02,1.832421e-02,1.832029e-02,1.831623e-02,1.831248e-02,1.830342e-02,1.829960e-02,1.829614e-02,1.828827e-02,1.828624e-02,1.828483e-02,1.827926e-02,1.828003e-02,1.828202e-02,1.827989e-02,1.828476e-02,1.828608e-02,1.829440e-02,1.829898e-02,1.831058e-02,1.831909e-02,1.833484e-02,1.834786e-02,1.836887e-02,1.838786e-02,1.841026e-02,1.844155e-02,1.847213e-02,1.850729e-02,1.854777e-02,1.859415e-02,1.865226e-02,1.871259e-02,1.878122e-02,1.886080e-02,1.894802e-02,1.905024e-02,1.916620e-02,1.929560e-02,1.944146e-02,1.960843e-02,1.980359e-02,2.001216e-02,2.025299e-02,2.052080e-02,2.082781e-02,2.116955e-02,2.155507e-02,2.198013e-02,2.245188e-02,2.296587e-02,2.354287e-02,2.416108e-02,2.484421e-02,2.557509e-02,2.638176e-02,2.723057e-02,2.816434e-02,2.913313e-02,3.019839e-02,3.130931e-02,3.252857e-02,3.379368e-02,3.517389e-02,3.656824e-02,3.809157e-02,3.964601e-02,4.131410e-02,4.302733e-02,4.477296e-02,4.669184e-02,4.866138e-02,5.074433e-02,5.285797e-02,5.509931e-02,5.734682e-02,5.963198e-02,6.192147e-02,6.411719e-02,6.617137e-02,6.836259e-02,7.020385e-02,7.154306e-02,7.214768e-02,7.252381e-02,7.259855e-02,7.237399e-02,7.208658e-02,7.178660e-02,7.139057e-02,7.096602e-02,7.047551e-02,6.993524e-02,6.933327e-02,6.864164e-02,6.792879e-02,6.717364e-02,6.638605e-02,6.557695e-02,6.476000e-02,6.396361e-02,6.318773e-02,6.243684e-02,6.172120e-02,6.105204e-02,6.042654e-02,5.983513e-02,5.927476e-02,5.875772e-02,5.826453e-02,5.780315e-02,5.736190e-02,5.695227e-02,5.657815e-02,5.621944e-02,5.589048e-02,5.558510e-02,5.532013e-02,5.507400e-02,5.485396e-02,5.464119e-02,5.447628e-02,5.433425e-02,5.420024e-02,5.407083e-02,5.394396e-02,5.380812e-02,5.362937e-02,5.344220e-02,5.322767e-02,5.297412e-02,5.265218e-02,5.230838e-02,5.191914e-02,5.146102e-02,5.098608e-02,5.047516e-02,4.994957e-02,4.939947e-02,4.884780e-02,4.828353e-02,4.770231e-02,4.715727e-02,4.661516e-02,4.610801e-02,4.563246e-02,4.519299e-02,4.481974e-02,4.446526e-02,4.418078e-02,4.392466e-02,4.372317e-02,4.354849e-02,4.340563e-02,4.331729e-02,4.323505e-02,4.317473e-02,4.308717e-02,4.299767e-02,4.285417e-02,4.264511e-02,4.238725e-02,4.203413e-02,4.161407e-02,4.107649e-02,4.047774e-02,3.980910e-02,3.908716e-02,3.831315e-02,3.752363e-02,3.670480e-02,3.589325e-02,3.508934e-02,3.433476e-02,3.362008e-02,3.295650e-02,3.239112e-02,3.187135e-02,3.142754e-02,3.101389e-02,3.062897e-02,3.022508e-02,2.979108e-02,2.931754e-02,2.878287e-02,2.819666e-02,2.754733e-02,2.686749e-02,2.613804e-02,2.541877e-02,2.470682e-02,2.402909e-02,2.338413e-02,2.278848e-02,2.228011e-02,2.182907e-02,2.145446e-02,2.112580e-02,2.086683e-02,2.065549e-02,2.048914e-02,2.035490e-02,2.026928e-02,2.020766e-02,2.021186e-02,2.024703e-02,2.040081e-02,2.061368e-02,2.104513e-02,2.158070e-02,2.239628e-02,2.340604e-02,2.478295e-02,2.644049e-02,2.848599e-02,3.091159e-02,3.383238e-02,3.721300e-02,4.108856e-02,4.547675e-02,5.043086e-02,5.586852e-02,6.170339e-02,6.798721e-02,7.465213e-02,8.162642e-02,8.877749e-02,9.613786e-02,1.036412e-01,1.111327e-01,1.185822e-01,1.259950e-01,1.333147e-01,1.405534e-01,1.476937e-01,1.547606e-01,1.619345e-01,1.689166e-01,1.758296e-01,1.827237e-01,1.895837e-01,1.964503e-01,2.032614e-01,2.100768e-01,2.168474e-01,2.235738e-01,2.302735e-01,2.372249e-01,2.438058e-01,2.503378e-01,2.566816e-01,2.630256e-01,2.692618e-01,2.753877e-01,2.813884e-01,2.872429e-01,2.929445e-01,2.984808e-01,3.038312e-01,3.090530e-01,3.141164e-01,3.188983e-01,3.235226e-01,3.279882e-01,3.322433e-01,3.362526e-01,3.401611e-01,3.438562e-01,3.471930e-01,3.504535e-01,3.534309e-01,3.563331e-01,3.589656e-01,3.615290e-01,3.638261e-01,3.660432e-01,3.680516e-01,3.699697e-01,3.717616e-01,3.735565e-01,3.754475e-01,3.772591e-01,3.791547e-01,3.809838e-01,3.827972e-01,3.846916e-01,3.864937e-01,3.883833e-01,3.900791e-01,3.918417e-01,3.935833e-01,3.952127e-01,3.968893e-01,3.985446e-01,4.001637e-01,4.016550e-01,4.031777e-01,4.046658e-01,4.060978e-01,4.074617e-01,4.087812e-01,4.100206e-01,4.111894e-01,4.122939e-01,4.133082e-01,4.142385e-01,4.150770e-01,4.158294e-01,4.163431e-01,4.169527e-01,4.175573e-01,4.181639e-01,4.187653e-01,4.193792e-01,4.200020e-01,4.205164e-01,4.211326e-01,4.217473e-01,4.222700e-01,4.229025e-01,4.234284e-01,4.239489e-01,4.244743e-01,4.250046e-01,4.256288e-01,4.261624e-01,4.266937e-01,4.272235e-01,4.277542e-01,4.282828e-01,4.288097e-01,4.292437e-01,4.297764e-01,4.303107e-01,4.308361e-01,4.313807e-01,4.318095e-01,4.323495e-01,4.327841e-01,4.332200e-01,4.337642e-01,4.342023e-01,4.346414e-01,4.350778e-01,4.355115e-01,4.359498e-01,4.363970e-01,4.368374e-01,4.372638e-01,4.376951e-01,4.380250e-01,4.384657e-01,4.388805e-01,4.391566e-01,4.395882e-01,4.400131e-01,4.403889e-01,4.406924e-01,4.410003e-01,4.413892e-01,4.416708e-01,4.419915e-01,4.424287e-01,4.427350e-01,4.430570e-01,4.433915e-01,4.438241e-01,4.441521e-01,4.444885e-01,4.448258e-01,4.451555e-01,4.454980e-01,4.458410e-01,4.461867e-01,4.465348e-01,4.468840e-01,4.472175e-01,4.475758e-01,4.479269e-01,4.481590e-01,4.485111e-01,4.487520e-01,4.491012e-01,4.494430e-01,4.496949e-01,4.500537e-01,4.502804e-01,4.506364e-01,4.508758e-01,4.512203e-01,4.514605e-01,4.516964e-01,4.519263e-01,4.522685e-01,4.525014e-01,4.527340e-01,4.529796e-01,4.533231e-01,4.535420e-01,4.537677e-01,4.540018e-01,4.542110e-01,4.544333e-01,4.546697e-01,4.548843e-01,4.551156e-01,4.553389e-01,4.555562e-01,4.556647e-01,4.558974e-01,4.561282e-01,4.563579e-01,4.564757e-01,4.567182e-01,4.569671e-01,4.571811e-01,4.573042e-01,4.575436e-01,4.577721e-01,4.578872e-01,4.580102e-01,4.582642e-01,4.583791e-01,4.585947e-01,4.587235e-01,4.589647e-01,4.590632e-01,4.591737e-01,4.592939e-01,4.593836e-01,4.594817e-01,4.596105e-01,4.597298e-01,4.598323e-01,4.599096e-01,4.600133e-01,4.601244e-01,4.602356e-01,4.603257e-01,4.604007e-01,4.604831e-01,4.605908e-01,4.607083e-01,4.607781e-01,4.607887e-01,4.608512e-01,4.609429e-01,4.610298e-01,4.610628e-01,4.610063e-01,4.610223e-01,4.610584e-01,4.610775e-01,4.610978e-01,4.611085e-01,4.610864e-01,4.609050e-01,4.607887e-01,4.607918e-01,4.607178e-01,4.606787e-01,4.606422e-01,4.605308e-01,4.602709e-01,4.600658e-01,4.599798e-01,4.599311e-01,4.596939e-01,4.592251e-01,4.589791e-01,4.588517e-01,4.586358e-01,4.583585e-01,4.580596e-01,4.578446e-01,4.576812e-01,4.571386e-01,4.561179e-01,4.555382e-01,4.551710e-01,4.545941e-01,4.539877e-01,4.534141e-01,4.529642e-01,4.525252e-01,4.521989e-01,4.519569e-01,4.516011e-01,4.511148e-01,4.509666e-01,4.510052e-01,4.510065e-01,4.509645e-01,4.509612e-01,4.509596e-01,4.510486e-01,4.510709e-01,4.511554e-01,4.512281e-01,4.512458e-01,4.513257e-01,4.513388e-01,4.514069e-01,4.515155e-01,4.516615e-01,4.517702e-01,4.519645e-01,4.521443e-01,4.523390e-01,4.524932e-01,4.527235e-01,4.529234e-01,4.531641e-01,4.533833e-01,4.536654e-01,4.539527e-01,4.541846e-01,4.544607e-01,4.547852e-01,4.551032e-01,4.553365e-01,4.556092e-01,4.558991e-01,4.562139e-01,4.565144e-01,4.568421e-01,4.571583e-01,4.574701e-01,4.577823e-01,4.581267e-01,4.583981e-01,4.587117e-01,4.590257e-01,4.593820e-01,4.597218e-01,4.600695e-01,4.604326e-01,4.607790e-01,4.611432e-01,4.614908e-01,4.618138e-01,4.621250e-01,4.624966e-01,4.628088e-01,4.631117e-01,4.634248e-01,4.638239e-01,4.641809e-01,4.645385e-01,4.648915e-01,4.652502e-01,4.656044e-01,4.659158e-01,4.662277e-01,4.665178e-01,4.668687e-01,4.672563e-01,4.675648e-01,4.677738e-01,4.679829e-01,4.682050e-01,4.685020e-01,4.687994e-01,4.690972e-01,4.693514e-01,4.696499e-01,4.699047e-01,4.701599e-01,4.704024e-01,4.706635e-01,4.708752e-01,4.710796e-01,4.712528e-01,4.714576e-01,4.717069e-01,4.719250e-01,4.721453e-01,4.723563e-01,4.725230e-01,4.727386e-01,4.729042e-01,4.731189e-01,4.732431e-01,4.734121e-01,4.735407e-01,4.736638e-01,4.737900e-01,4.739649e-01,4.741293e-01,4.742532e-01,4.743715e-01,4.744480e-01,4.745639e-01,4.746349e-01,4.747483e-01,4.748617e-01,4.749313e-01,4.749929e-01,4.750519e-01,4.751039e-01,4.751616e-01,4.752124e-01,4.752655e-01,4.752235e-01,4.752266e-01,4.752721e-01,4.753120e-01,4.753563e-01,4.753184e-01,4.752699e-01,4.752214e-01,4.751704e-01,4.751643e-01,4.751120e-01,4.751128e-01,4.750580e-01,4.750022e-01,4.749003e-01,4.747973e-01,4.747476e-01,4.747322e-01,4.746708e-01,4.745635e-01,4.744102e-01,4.742559e-01,4.740651e-01,4.739982e-01,4.739301e-01,4.738614e-01,4.737035e-01,4.735457e-01,4.734867e-01,4.734183e-01,4.733053e-01,4.731479e-01,4.729462e-01,4.728431e-01,4.727749e-01,4.726625e-01,4.724614e-01,4.722992e-01,4.722756e-01,4.723501e-01,4.723265e-01,4.721259e-01,4.719255e-01,4.717750e-01,4.716191e-01,4.714344e-01,4.711523e-01,4.708706e-01,4.706772e-01,4.705278e-01,4.702033e-01,4.696702e-01,4.690854e-01,4.686328e-01,4.681812e-01,4.675575e-01,4.665425e-01,4.654095e-01,4.644053e-01,4.634908e-01,4.626325e-01,4.617261e-01,4.606094e-01,4.590887e-01,4.571217e-01,4.552144e-01,4.538500e-01,4.526557e-01,4.511491e-01,4.491106e-01,4.470044e-01,4.455401e-01,4.445107e-01,4.436019e-01,4.425444e-01,4.413027e-01,4.401822e-01,4.390832e-01,4.379755e-01,4.372501e-01,4.368982e-01,4.365470e-01,4.362010e-01,4.358556e-01,4.355108e-01,4.351712e-01,4.348321e-01,4.348606e-01,4.345222e-01,4.345614e-01,4.345943e-01,4.346228e-01,4.342850e-01,4.343135e-01,4.343375e-01,4.343616e-01,4.340199e-01,4.336744e-01,4.336941e-01,4.337137e-01,4.337290e-01,4.337486e-01,4.337683e-01,4.334190e-01,4.334387e-01,4.334583e-01,4.334889e-01,4.331446e-01,4.331643e-01,4.328207e-01,4.328403e-01,4.328644e-01,4.328797e-01,4.325367e-01,4.325564e-01,4.325716e-01,4.325913e-01,4.322446e-01,4.322598e-01,4.322751e-01,4.322904e-01,4.323012e-01,4.323165e-01,4.323318e-01,4.327091e-01,4.327244e-01,4.327396e-01,4.327549e-01,4.327702e-01,4.327855e-01,4.323413e-01,4.327185e-01,4.327338e-01,4.327490e-01,4.327643e-01,4.326821e-01,4.326929e-01,4.330706e-01,4.330859e-01,4.326413e-01,4.326522e-01,4.330341e-01,4.329518e-01,4.329779e-01,4.329001e-01,4.329198e-01,4.329396e-01,4.325045e-01,4.325287e-01,4.324556e-01,4.324798e-01,4.320459e-01,4.320745e-01,4.320016e-01,4.315733e-01,4.319618e-01,4.315293e-01,4.315579e-01,4.314962e-01,4.315204e-01,4.314478e-01,4.310167e-01,4.310408e-01,4.306062e-01,4.306260e-01,4.305494e-01,4.301116e-01,4.304839e-01,4.300463e-01,4.299657e-01,4.299767e-01,4.295403e-01,4.294600e-01,4.294753e-01,4.290403e-01,4.289712e-01,4.289909e-01,4.289152e-01,4.284859e-01,4.285056e-01,4.280773e-01,4.280970e-01,4.276697e-01,4.272478e-01,4.276187e-01,4.271926e-01,4.267718e-01,4.271418e-01,4.267169e-01,4.267365e-01,4.263125e-01,4.258895e-01,4.259091e-01,4.254939e-01,4.255135e-01,4.250881e-01,4.247612e-01,4.243376e-01,4.240078e-01,4.235860e-01,4.232576e-01,4.228333e-01,4.228486e-01,4.220879e-01,4.221032e-01,4.217776e-01,4.210213e-01,4.207087e-01,4.203856e-01,4.199722e-01,4.196504e-01,4.193292e-01,4.189182e-01,4.185983e-01,4.182790e-01,4.179602e-01,4.172197e-01,4.169028e-01,4.165865e-01,4.162708e-01,4.156258e-01,4.153118e-01,4.146701e-01,4.143578e-01,4.144612e-01,4.129960e-01,4.130987e-01,4.128766e-01,4.126547e-01,4.121095e-01,4.114792e-01,4.109375e-01,4.103112e-01,4.096871e-01,4.094692e-01,4.085306e-01,4.079126e-01,4.069819e-01,4.064536e-01,4.055303e-01,4.046118e-01,4.036978e-01,4.027884e-01,4.018950e-01,4.003052e-01,3.994939e-01,3.979249e-01,3.970440e-01,3.961675e-01,3.953747e-01,3.945854e-01,3.927671e-01,3.913330e-01,3.899103e-01,3.891448e-01,3.880225e-01,3.868315e-01,3.854409e-01,3.834365e-01,3.814545e-01,3.801816e-01,3.781634e-01,3.767708e-01,3.753892e-01,3.746167e-01,3.732551e-01,3.719040e-01,3.706326e-01,3.687928e-01,3.667212e-01,3.643596e-01,3.623405e-01,3.602148e-01,3.588979e-01,3.568147e-01,3.555874e-01,3.538373e-01,3.523360e-01,3.506196e-01,3.494345e-01,3.477478e-01,3.465832e-01,3.452651e-01,3.452938e-01,3.456058e-01,3.453559e-01,3.437083e-01,3.419188e-01,3.406380e-01,3.393651e-01,3.376227e-01,3.364296e-01,3.348281e-01,3.326690e-01,3.300791e-01,3.268957e-01,3.233777e-01,3.203130e-01,3.166163e-01,3.124654e-01,3.089979e-01,3.051850e-01,3.017692e-01,2.980254e-01,2.957422e-01,2.911652e-01,2.861936e-01,2.803994e-01,2.754930e-01,2.687044e-01,2.619156e-01,2.556813e-01,2.487987e-01,2.439096e-01,2.373295e-01,2.313332e-01,2.254959e-01,2.191411e-01,2.128964e-01,2.089214e-01,2.040865e-01,1.979503e-01,1.928533e-01,1.878181e-01,1.838315e-01,1.792103e-01,1.747242e-01,1.705742e-01,1.671454e-01,1.642342e-01,1.608304e-01,1.575492e-01,1.549248e-01,1.517383e-01,1.491086e-01,1.465574e-01,1.441353e-01,1.421954e-01,1.403005e-01,1.383026e-01,1.363979e-01,1.345381e-01,1.330436e-01,1.316695e-01,1.302329e-01,1.287746e-01,1.273878e-01,1.263641e-01,1.250246e-01,1.237056e-01,1.227315e-01,1.217704e-01,1.211798e-01,1.202788e-01,1.193888e-01,1.188562e-01,1.180224e-01,1.174969e-01,1.170507e-01,1.165355e-01,1.160582e-01,1.156212e-01,1.151531e-01,1.146853e-01,1.142567e-01,1.141151e-01,1.136929e-01,1.136243e-01,1.135557e-01,1.134900e-01,1.131401e-01,1.130364e-01,1.130067e-01,1.129388e-01,1.132226e-01,1.131572e-01,1.131249e-01,1.130241e-01,1.132728e-01,1.131718e-01,1.134569e-01,1.137072e-01,1.140335e-01,1.140009e-01,1.142199e-01,1.147604e-01,1.150554e-01,1.153486e-01,1.159011e-01,1.164552e-01,1.170546e-01,1.179188e-01,1.185310e-01,1.191843e-01,1.200393e-01,1.206272e-01,1.215401e-01,1.224612e-01,1.230730e-01,1.243430e-01,1.250131e-01,1.259796e-01,1.269624e-01,1.276969e-01,1.290534e-01,1.296776e-01,1.306155e-01,1.316151e-01,1.326705e-01,1.333722e-01,1.344041e-01,1.354541e-01,1.362301e-01,1.377417e-01,1.384901e-01,1.396422e-01,1.408671e-01,1.419533e-01,1.428430e-01,1.440092e-01,1.454058e-01,1.466640e-01,1.475542e-01,1.488395e-01,1.502076e-01,1.510767e-01,1.525350e-01,1.536080e-01,1.551755e-01,1.561517e-01,1.572068e-01,1.587694e-01,1.597911e-01,1.608244e-01,1.625174e-01,1.635817e-01,1.647263e-01,1.658791e-01,1.669825e-01,1.686495e-01,1.693649e-01,1.711531e-01,1.724602e-01,1.730559e-01,1.742385e-01,1.761956e-01,1.769681e-01,1.782768e-01,1.796090e-01,1.809528e-01,1.823213e-01,1.830605e-01,1.844507e-01,1.857831e-01,1.864563e-01,1.879006e-01,1.886816e-01,1.899749e-01,1.914691e-01,1.921806e-01,1.937969e-01,1.945309e-01,1.958049e-01,1.965526e-01,1.981414e-01,1.988971e-01,1.996657e-01,2.012025e-01,2.020768e-01,2.028671e-01,2.043483e-01,2.052470e-01,2.060599e-01,2.068779e-01,2.086116e-01,2.094481e-01,2.102907e-01,2.112375e-01,2.120932e-01,2.129552e-01,2.140328e-01,2.149325e-01,2.154448e-01,2.162361e-01,2.169296e-01,2.175950e-01,2.183210e-01,2.191160e-01,2.197529e-01,2.206488e-01,2.213024e-01,2.221590e-01,2.227044e-01,2.234618e-01,2.242161e-01,2.249837e-01,2.256616e-01,2.265503e-01,2.273334e-01,2.278061e-01,2.288073e-01,2.291622e-01,2.299787e-01,2.306844e-01,2.312945e-01,2.321510e-01,2.328413e-01,2.338173e-01,2.343043e-01,2.351897e-01,2.359420e-01,2.365760e-01,2.370070e-01,2.377693e-01,2.383087e-01,2.393183e-01,2.401035e-01,2.410494e-01,2.420900e-01,2.429222e-01,2.433654e-01,2.442352e-01,2.448222e-01,2.455614e-01,2.462757e-01,2.469845e-01,2.476234e-01,2.485227e-01,2.491300e-01,2.498637e-01,2.504866e-01,2.511350e-01,2.515636e-01,2.523011e-01,2.525539e-01,2.532208e-01,2.537322e-01,2.545230e-01,2.550489e-01,2.557184e-01,2.561292e-01,2.566612e-01,2.570651e-01,2.577217e-01,2.580073e-01,2.585138e-01,2.592101e-01,2.597443e-01,2.604136e-01,2.608286e-01,2.610636e-01,2.616147e-01,2.619084e-01,2.623039e-01,2.625990e-01,2.629964e-01,2.630074e-01,2.635672e-01,2.640354e-01,2.645883e-01,2.647363e-01,2.651642e-01,2.654751e-01,2.659052e-01,2.657275e-01,2.663204e-01,2.666325e-01,2.670299e-01,2.671443e-01,2.675431e-01,2.676928e-01,2.678927e-01,2.677474e-01,2.683134e-01,2.681325e-01,2.679181e-01,2.678930e-01,2.680091e-01,2.673607e-01,2.673119e-01,2.670294e-01,2.669820e-01,2.661755e-01,2.658362e-01,2.655223e-01,2.651504e-01,2.647110e-01,2.642147e-01,2.637432e-01,2.633762e-01,2.625910e-01,2.622273e-01,2.614487e-01,2.609657e-01,2.609765e-01,2.627011e-01,2.619201e-01,2.615928e-01,2.609773e-01,2.603730e-01,2.596066e-01,2.591631e-01,2.585575e-01,2.579317e-01,2.571791e-01,2.565920e-01,2.555763e-01,2.549550e-01,2.543767e-01,2.534946e-01,2.527751e-01,2.520191e-01,2.510678e-01,2.504449e-01,2.496183e-01,2.490622e-01,2.484993e-01,2.479087e-01,2.469661e-01,2.464122e-01,2.456406e-01,2.449625e-01,2.442791e-01,2.433828e-01,2.426092e-01,2.419670e-01,2.411154e-01,2.404612e-01,2.399915e-01,2.393624e-01,2.387733e-01,2.381503e-01,2.372963e-01,2.369498e-01,2.363909e-01,2.356778e-01,2.349688e-01,2.345000e-01,2.337977e-01,2.334523e-01,2.328821e-01,2.325479e-01,2.319097e-01,2.314448e-01,2.308132e-01,2.303881e-01,2.299559e-01,2.295514e-01,2.291482e-01,2.288425e-01,2.283542e-01,2.282685e-01,2.281379e-01,2.279809e-01,2.277039e-01,2.278848e-01,2.278833e-01,2.279432e-01,2.277425e-01,2.278280e-01,2.281304e-01,2.280506e-01,2.280407e-01,2.278838e-01,2.277785e-01,2.276741e-01,2.275518e-01,2.273964e-01,2.270771e-01,2.266140e-01,2.262460e-01,2.260489e-01,2.254953e-01,2.251307e-01,2.247923e-01,2.242444e-01,2.236061e-01,2.231792e-01,2.229124e-01,2.225126e-01,2.219987e-01,2.214871e-01,2.210677e-01,2.208533e-01,2.203707e-01,2.201824e-01,2.199695e-01,2.198711e-01,2.194575e-01,2.192707e-01,2.191729e-01,2.191878e-01,2.190901e-01,2.190171e-01,2.190320e-01,2.193378e-01,2.197329e-01,2.195464e-01,2.196272e-01,2.197320e-01,2.197238e-01,2.201215e-01,2.203164e-01,2.202839e-01,2.203652e-01,2.203005e-01,2.203817e-01,2.201220e-01,2.199521e-01,2.195803e-01,2.192984e-01,2.191536e-01,2.193229e-01,2.193796e-01,2.193155e-01,2.195500e-01,2.194459e-01,2.195916e-01,2.196484e-01,2.197711e-01,2.197719e-01,2.200073e-01,2.204456e-01,2.205683e-01,2.206670e-01,2.211003e-01,2.211986e-01,2.215020e-01,2.216258e-01,2.219546e-01,2.220699e-01,2.221926e-01,2.220853e-01,2.221179e-01,2.221497e-01,2.222060e-01,2.221143e-01,2.222370e-01,2.223844e-01,2.227144e-01,2.225393e-01,2.226788e-01,2.227353e-01,2.227672e-01,2.231229e-01,2.230387e-01,2.230706e-01,2.231951e-01,2.231034e-01,2.233682e-01,2.234011e-01,2.233430e-01,2.229600e-01,2.230183e-01,2.230015e-01,2.228276e-01,2.223394e-01,2.222162e-01,2.220024e-01,2.216904e-01,2.216166e-01,2.215429e-01,2.210607e-01,2.207994e-01,2.205709e-01,2.197763e-01,2.191231e-01,2.181771e-01,2.171199e-01,2.165903e-01,2.159458e-01,2.152038e-01,2.136170e-01,2.119456e-01,2.112200e-01,2.097893e-01,2.074687e-01,2.058752e-01,2.045085e-01,2.023886e-01,2.002052e-01,1.980708e-01,1.958843e-01,1.938238e-01,1.903364e-01,1.882991e-01,1.836036e-01,1.802673e-01,1.766685e-01,1.737771e-01,1.697577e-01,1.667204e-01,1.626586e-01,1.592104e-01,1.536569e-01,1.492139e-01,1.449847e-01,1.401343e-01,1.358896e-01,1.307185e-01,1.260765e-01,1.189051e-01,1.137322e-01,1.087175e-01,1.040506e-01,9.861122e-02,9.416731e-02,8.739606e-02,8.272771e-02,7.840610e-02,7.428869e-02,7.004130e-02,6.504237e-02,6.127443e-02,5.803966e-02,5.499192e-02,5.200982e-02,4.854464e-02,4.611140e-02,4.398874e-02,4.208323e-02,4.046451e-02,3.814805e-02,3.681753e-02,3.560060e-02,3.435259e-02,3.311073e-02,3.194206e-02,3.118653e-02,3.046015e-02,2.976407e-02,2.909602e-02,2.845621e-02,2.811409e-02,2.752050e-02,2.720595e-02,2.664525e-02,2.635901e-02,2.607549e-02,2.580718e-02,2.554398e-02,2.528885e-02,2.504203e-02,2.502160e-02,2.476816e-02,2.474870e-02,2.451162e-02,2.448369e-02,2.447010e-02,2.445587e-02,2.422412e-02,2.421005e-02,2.419673e-02,2.418534e-02,2.439073e-02,2.438802e-02,2.437919e-02,2.436491e-02,2.457101e-02,2.457098e-02,2.478924e-02,2.478585e-02,2.500307e-02,2.522666e-02,2.522625e-02,2.545751e-02,2.568972e-02,2.592635e-02,2.617707e-02,2.617389e-02,2.642304e-02,2.669000e-02,2.694580e-02,2.721649e-02,2.747899e-02,2.775705e-02,2.804389e-02,2.832960e-02,2.862103e-02,2.892140e-02,2.922469e-02,2.953409e-02,2.985284e-02,3.017503e-02,3.049546e-02,3.082955e-02,3.150622e-02,3.150791e-02,3.222463e-02,3.259607e-02,3.260761e-02,3.324643e-02,3.362740e-02,3.410447e-02,3.444414e-02,3.502157e-02,3.536395e-02,3.567135e-02,3.625788e-02,3.665933e-02,3.717692e-02,3.756053e-02,3.819629e-02,3.854194e-02,3.914465e-02,3.957750e-02,3.995851e-02,4.059728e-02,4.103911e-02,4.166491e-02,4.205881e-02,4.268861e-02,4.310110e-02,4.370333e-02,4.419333e-02,4.473242e-02,4.516818e-02,4.581305e-02,4.626651e-02,4.685734e-02,4.731020e-02,4.794167e-02,4.836679e-02,4.900451e-02,4.948267e-02,4.983415e-02,5.050235e-02,5.118533e-02,5.162797e-02,5.223335e-02,5.269091e-02,5.330443e-02,5.367961e-02,5.433450e-02,5.469891e-02,5.526128e-02,5.564747e-02,5.632990e-02,5.671630e-02,5.727473e-02,5.763470e-02,5.825810e-02,5.852828e-02,5.897577e-02,5.935326e-02,5.983782e-02,6.043358e-02,6.058648e-02,6.108747e-02,6.137940e-02,6.186170e-02,6.191133e-02,6.243020e-02,6.281414e-02,6.311960e-02,6.339696e-02,6.356235e-02,6.410379e-02,6.415654e-02,6.455784e-02,6.484555e-02,6.501717e-02,6.530822e-02,6.536267e-02,6.580868e-02,6.622685e-02,6.628252e-02,6.658282e-02,6.663909e-02,6.681856e-02,6.712283e-02,6.717988e-02,6.748684e-02,6.770395e-02,6.788823e-02,6.807332e-02,6.813151e-02,6.831781e-02,6.879709e-02,6.872745e-02,6.921150e-02,6.914121e-02,6.962979e-02,6.999099e-02,7.008805e-02,7.045300e-02,7.082092e-02,7.105566e-02,7.146543e-02,7.184193e-02,7.208217e-02,7.232363e-02,7.288696e-02,7.299062e-02,7.341883e-02,7.381212e-02,7.410254e-02,7.435523e-02,7.494453e-02,7.505324e-02,7.550118e-02,7.576182e-02,7.606464e-02,7.652254e-02,7.678879e-02,7.690191e-02,7.736764e-02,7.763854e-02,7.795374e-02,7.806958e-02,7.854675e-02,7.882435e-02,7.914693e-02,7.926568e-02,7.975506e-02,7.987531e-02,8.020498e-02,8.049211e-02,8.082588e-02,8.094927e-02,8.128625e-02,8.157966e-02,8.192074e-02,8.204624e-02,8.239048e-02,8.269082e-02,8.286520e-02,8.339028e-02,8.351947e-02,8.387360e-02,8.405191e-02,8.441038e-02,8.454205e-02,8.490319e-02,8.526682e-02,8.521858e-02,8.558518e-02,8.595355e-02,8.613909e-02,8.627531e-02,8.646199e-02,8.683646e-02,8.702597e-02,8.740440e-02,8.778546e-02,8.816920e-02,8.811844e-02,8.850454e-02,8.870019e-02,8.909041e-02,8.928706e-02,8.948441e-02,8.963037e-02,8.982882e-02,9.002813e-02,9.042783e-02,9.062915e-02,9.083229e-02,9.077902e-02,9.118413e-02,9.138805e-02,9.159400e-02,9.154004e-02,9.174541e-02,9.195139e-02,9.189811e-02,9.210481e-02,9.231212e-02,9.252018e-02,9.272900e-02,9.293859e-02,9.288446e-02,9.288523e-02,9.309541e-02,9.330637e-02,9.351810e-02,9.373187e-02,9.394502e-02,9.415911e-02,9.415994e-02,9.437468e-02,9.459021e-02,9.480771e-02,9.480842e-02,9.502542e-02,9.524307e-02,9.524499e-02,9.546332e-02,9.568246e-02,9.568289e-02,9.618264e-02,9.618434e-02,9.640617e-02,9.640648e-02,9.691236e-02,9.691428e-02,9.713885e-02,9.742498e-02,9.765147e-02,9.765214e-02,9.817012e-02,9.817065e-02,9.846171e-02,9.869212e-02,9.921889e-02,9.951481e-02,9.974905e-02,1.000475e-01,1.000480e-01,1.005847e-01,1.005868e-01,1.011283e-01,1.014335e-01,1.014340e-01,1.019831e-01,1.019838e-01,1.022952e-01,1.026063e-01,1.026073e-01,1.029203e-01,1.032347e-01,1.032376e-01,1.035540e-01,1.035553e-01,1.041238e-01,1.041271e-01,1.044481e-01,1.047707e-01,1.047726e-01,1.050970e-01,1.051008e-01,1.054271e-01,1.054291e-01,1.057571e-01,1.057611e-01,1.060907e-01,1.060930e-01,1.064245e-01,1.064288e-01,1.064311e-01,1.067643e-01,1.065058e-01,1.065100e-01,1.065125e-01,1.068462e-01,1.068485e-01,1.068528e-01,1.068553e-01,1.068577e-01,1.065285e-01,1.062727e-01,1.062750e-01,1.059486e-01,1.056237e-01,1.050451e-01,1.050492e-01,1.047285e-01,1.040898e-01,1.035245e-01,1.032111e-01,1.025886e-01,1.020358e-01,1.014226e-01,1.011191e-01,1.002773e-01,9.968054e-02,9.885892e-02,9.827536e-02,9.718364e-02,9.661551e-02,9.555236e-02,9.499908e-02,9.423568e-02,9.342492e-02,9.268229e-02,9.168621e-02,9.116755e-02,9.019671e-02,8.949272e-02,8.874460e-02,8.805814e-02,8.713826e-02,8.665974e-02,8.576238e-02,8.529476e-02,8.464917e-02,8.378370e-02,8.315560e-02,8.253475e-02,8.192104e-02,8.148564e-02,8.088376e-02,8.028883e-02,7.949115e-02,7.891193e-02,7.870591e-02,7.813544e-02,7.777302e-02,7.705569e-02,7.670116e-02,7.615281e-02,7.595764e-02,7.561054e-02,7.526573e-02,7.492343e-02,7.439429e-02,7.405803e-02,7.372396e-02,7.320772e-02,7.269699e-02,7.222995e-02,7.190822e-02,7.127174e-02,7.078148e-02,7.046966e-02,7.015993e-02,6.954704e-02,6.924345e-02,6.894187e-02,6.864227e-02,6.821433e-02,6.775576e-02,6.733621e-02,6.704714e-02,6.675995e-02,6.647462e-02,6.606706e-02,6.578565e-02,6.538455e-02,6.526211e-02,6.486574e-02,6.474474e-02,6.450445e-02,6.453582e-02,6.429668e-02,6.417724e-02,6.408987e-02,6.412091e-02,6.376638e-02,6.394655e-02,6.371053e-02,6.362408e-02,6.350635e-02,6.356838e-02,6.345071e-02,6.321799e-02,6.301700e-02,6.290084e-02,6.281588e-02,6.258595e-02,6.235727e-02,6.238683e-02,6.190446e-02,6.167944e-02,6.156690e-02,6.134380e-02,6.098316e-02,6.076325e-02,6.051531e-02,6.008367e-02,5.983992e-02,5.962619e-02,5.941368e-02,5.907034e-02,5.865356e-02,5.854919e-02,5.821355e-02,5.800868e-02,5.780488e-02,5.760215e-02,5.730169e-02,5.722774e-02,5.702812e-02,5.695467e-02,5.675646e-02,5.648791e-02,5.651419e-02,5.634436e-02,5.614932e-02,5.595528e-02,5.588390e-02,5.562157e-02,5.555080e-02,5.560090e-02,5.540965e-02,5.533925e-02,5.498681e-02,5.491727e-02,5.484778e-02,5.477841e-02,5.452367e-02,5.433789e-02,5.415305e-02,5.387812e-02,5.381051e-02,5.356372e-02,5.338281e-02,5.311375e-02,5.304745e-02,5.271665e-02,5.273881e-02,5.247458e-02,5.221374e-02,5.214906e-02,5.182666e-02,5.165437e-02,5.139829e-02,5.133651e-02,5.091581e-02,5.074805e-02,5.060333e-02,5.043710e-02,5.002895e-02,4.986548e-02,4.962268e-02,4.946275e-02,4.906510e-02,4.872903e-02,4.849611e-02,4.843786e-02,4.805419e-02,4.790027e-02,4.767330e-02,4.752116e-02,4.714850e-02,4.252936e-03,4.252936e-03,4.252936e-03,4.252936e-03,4.252936e-03,4.252936e-03,4.252936e-03,4.252936e-03,4.252936e-03,4.252936e-03,4.252936e-03,4.252936e-03,4.252936e-03,4.252936e-03,4.252936e-03,4.252936e-03,4.252936e-03,4.252936e-03,4.252936e-03,4.252936e-03,4.252936e-03,4.252936e-03,4.252936e-03,4.252936e-03,4.252936e-03,4.252936e-03,4.252936e-03,4.252936e-03,4.252936e-03,4.252936e-03,4.252936e-03,4.252936e-03,4.252936e-03,4.252936e-03,4.252936e-03,4.252936e-03,4.252936e-03,4.252936e-03,4.252936e-03,4.252936e-03,4.252936e-03,4.252936e-03,4.252936e-03,4.252936e-03,4.252936e-03,4.252936e-03,4.252936e-03,4.252936e-03,4.252936e-03,4.252936e-03,4.252936e-03,4.252936e-03,4.252936e-03,4.252936e-03,4.252936e-03,4.252936e-03,4.252936e-03,4.252936e-03,4.252936e-03,4.252936e-03,4.252936e-03,4.252936e-03,4.252936e-03,4.252936e-03,4.252936e-03,4.252936e-03,4.252936e-03,4.252936e-03,4.252936e-03,4.252936e-03,4.252936e-03,4.252936e-03,4.252936e-03,4.252936e-03,4.252936e-03,4.252936e-03,4.252936e-03,4.252936e-03,4.252936e-03,4.252936e-03,4.252936e-03,4.252936e-03,4.252936e-03,4.252936e-03,4.252936e-03,4.252936e-03,4.252936e-03,4.252936e-03,4.252936e-03,4.252936e-03,4.252936e-03,4.252936e-03,4.252936e-03,4.252936e-03,4.252936e-03,4.252936e-03,4.252936e-03,4.252936e-03,4.252936e-03,4.252936e-03,4.252936e-03,4.252936e-03,4.252936e-03,4.252936e-03,4.252936e-03,4.252936e-03,4.252936e-03,4.252936e-03,4.252936e-03,4.252936e-03,4.252936e-03,4.252936e-03,4.252936e-03,4.252936e-03,4.252936e-03,4.252936e-03,4.252936e-03,4.252936e-03,4.252936e-03,4.252936e-03,4.252936e-03,4.252936e-03,4.252936e-03,4.252936e-03,4.252936e-03,4.252936e-03,4.252936e-03,4.252936e-03,4.252936e-03,4.252936e-03,4.252936e-03,4.252936e-03,4.252936e-03,4.252936e-03,4.252936e-03,4.252936e-03,4.252936e-03,4.252936e-03,4.252936e-03,4.252936e-03,4.252936e-03,4.252936e-03,4.252936e-03,4.252936e-03,4.252936e-03,4.252936e-03,4.252936e-03,4.252936e-03,4.252936e-03,4.252936e-03,4.252936e-03,4.252936e-03,4.252936e-03,4.252936e-03,4.252936e-03,4.252936e-03,4.252936e-03,4.252936e-03,4.252936e-03,4.252936e-03,4.252936e-03
1.714415e-02,1.712358e-02,1.709949e-02,1.707583e-02,1.705290e-02,1.703287e-02,1.701095e-02,1.699191e-02,1.697449e-02,1.695294e-02,1.693539e-02,1.691274e-02,1.689634e-02,1.688041e-02,1.686029e-02,1.684488e-02,1.682948e-02,1.681388e-02,1.680266e-02,1.678837e-02,1.677612e-02,1.676304e-02,1.675147e-02,1.674261e-02,1.673635e-02,1.672579e-02,1.671916e-02,1.671604e-02,1.670921e-02,1.670412e-02,1.670215e-02,1.669552e-02,1.669508e-02,1.669085e-02,1.669135e-02,1.669195e-02,1.668817e-02,1.668923e-02,1.669176e-02,1.668877e-02,1.669067e-02,1.669419e-02,1.669426e-02,1.669679e-02,1.669766e-02,1.670232e-02,1.670727e-02,1.670667e-02,1.671421e-02,1.672205e-02,1.672772e-02,1.673982e-02,1.675271e-02,1.676658e-02,1.678119e-02,1.679637e-02,1.681655e-02,1.683378e-02,1.684903e-02,1.686969e-02,1.688547e-02,1.690151e-02,1.691980e-02,1.693312e-02,1.695226e-02,1.696798e-02,1.698671e-02,1.700506e-02,1.701773e-02,1.703421e-02,1.704988e-02,1.705846e-02,1.706867e-02,1.707960e-02,1.708376e-02,1.709286e-02,1.710170e-02,1.711369e-02,1.712104e-02,1.713431e-02,1.714925e-02,1.716659e-02,1.719207e-02,1.722080e-02,1.725262e-02,1.729617e-02,1.734515e-02,1.739672e-02,1.746352e-02,1.753608e-02,1.762018e-02,1.770865e-02,1.781378e-02,1.792630e-02,1.805358e-02,1.819084e-02,1.834774e-02,1.851858e-02,1.870541e-02,1.891648e-02,1.914717e-02,1.939772e-02,1.967272e-02,1.997292e-02,2.030625e-02,2.066537e-02,2.105647e-02,2.149373e-02,2.197789e-02,2.249003e-02,2.304615e-02,2.363848e-02,2.427430e-02,2.499231e-02,2.576976e-02,2.656485e-02,2.741569e-02,2.831944e-02,2.927635e-02,3.028356e-02,3.134028e-02,3.240617e-02,3.351162e-02,3.461667e-02,3.574740e-02,3.685658e-02,3.796597e-02,3.904553e-02,4.012939e-02,4.114481e-02,4.216439e-02,4.311263e-02,4.408044e-02,4.496081e-02,4.584488e-02,4.665523e-02,4.746787e-02,4.817784e-02,4.890602e-02,4.955658e-02,5.023062e-02,5.081461e-02,5.134661e-02,5.195148e-02,5.250681e-02,5.309580e-02,5.363367e-02,5.421949e-02,5.474224e-02,5.525022e-02,5.575158e-02,5.616416e-02,5.650825e-02,5.687642e-02,5.711306e-02,5.717949e-02,5.702277e-02,5.683741e-02,5.655274e-02,5.620006e-02,5.585973e-02,5.553334e-02,5.513119e-02,5.471407e-02,5.425212e-02,5.373935e-02,5.318829e-02,5.256025e-02,5.193176e-02,5.126982e-02,5.059114e-02,4.990377e-02,4.921947e-02,4.855372e-02,4.791142e-02,4.729197e-02,4.670731e-02,4.615451e-02,4.564124e-02,4.515324e-02,4.469336e-02,4.425495e-02,4.384153e-02,4.345394e-02,4.308941e-02,4.274104e-02,4.242266e-02,4.212495e-02,4.185177e-02,4.159295e-02,4.136864e-02,4.116021e-02,4.097423e-02,4.078499e-02,4.063689e-02,4.050521e-02,4.037951e-02,4.025683e-02,4.013664e-02,4.001162e-02,3.985584e-02,3.969868e-02,3.952689e-02,3.933351e-02,3.909230e-02,3.884663e-02,3.856880e-02,3.824574e-02,3.791507e-02,3.756179e-02,3.720029e-02,3.682117e-02,3.644602e-02,3.606137e-02,3.566380e-02,3.529346e-02,3.492474e-02,3.458108e-02,3.426106e-02,3.396419e-02,3.371453e-02,3.347344e-02,3.328325e-02,3.310959e-02,3.297650e-02,3.285734e-02,3.275952e-02,3.270043e-02,3.264465e-02,3.260474e-02,3.254491e-02,3.248838e-02,3.239454e-02,3.225537e-02,3.209063e-02,3.186192e-02,3.159265e-02,3.124359e-02,3.085682e-02,3.042741e-02,2.996474e-02,2.946736e-02,2.896238e-02,2.843689e-02,2.791664e-02,2.740188e-02,2.692253e-02,2.646645e-02,2.604388e-02,2.568789e-02,2.535892e-02,2.508059e-02,2.481903e-02,2.457875e-02,2.432396e-02,2.405144e-02,2.375257e-02,2.341729e-02,2.304725e-02,2.263741e-02,2.220960e-02,2.175304e-02,2.130263e-02,2.086118e-02,2.044371e-02,2.004860e-02,1.968761e-02,1.938162e-02,1.911425e-02,1.889571e-02,1.870574e-02,1.855879e-02,1.844096e-02,1.835011e-02,1.827985e-02,1.823697e-02,1.820928e-02,1.821831e-02,1.824714e-02,1.834459e-02,1.847610e-02,1.873919e-02,1.906657e-02,1.957075e-02,2.020150e-02,2.106945e-02,2.212668e-02,2.344318e-02,2.501325e-02,2.691240e-02,2.911763e-02,3.164986e-02,3.451987e-02,3.776363e-02,4.132498e-02,4.514917e-02,4.927503e-02,5.367038e-02,5.828041e-02,6.302999e-02,6.794690e-02,7.300679e-02,7.808403e-02,8.317753e-02,8.829201e-02,9.338906e-02,9.848235e-02,1.035588e-01,1.086372e-01,1.138792e-01,1.190162e-01,1.241617e-01,1.293522e-01,1.345814e-01,1.398785e-01,1.452005e-01,1.505954e-01,1.560229e-01,1.614847e-01,1.669938e-01,1.728619e-01,1.784300e-01,1.840312e-01,1.895203e-01,1.951094e-01,2.006799e-01,2.062281e-01,2.117513e-01,2.172038e-01,2.225880e-01,2.278893e-01,2.330891e-01,2.382287e-01,2.432858e-01,2.481209e-01,2.528691e-01,2.575154e-01,2.620030e-01,2.662719e-01,2.705010e-01,2.745524e-01,2.782303e-01,2.818748e-01,2.852309e-01,2.885549e-01,2.915952e-01,2.946051e-01,2.973254e-01,2.999939e-01,3.024337e-01,3.048130e-01,3.070165e-01,3.092373e-01,3.116063e-01,3.138748e-01,3.162808e-01,3.185972e-01,3.209135e-01,3.233659e-01,3.256997e-01,3.281774e-01,3.303857e-01,3.327167e-01,3.350375e-01,3.372071e-01,3.394806e-01,3.417400e-01,3.439693e-01,3.460210e-01,3.481606e-01,3.502658e-01,3.523149e-01,3.542936e-01,3.562305e-01,3.580725e-01,3.598347e-01,3.615207e-01,3.631027e-01,3.645842e-01,3.659461e-01,3.672083e-01,3.680804e-01,3.691275e-01,3.701661e-01,3.712110e-01,3.722551e-01,3.733062e-01,3.743793e-01,3.752783e-01,3.763551e-01,3.774345e-01,3.783526e-01,3.794578e-01,3.803867e-01,3.813237e-01,3.822597e-01,3.832037e-01,3.843244e-01,3.852797e-01,3.862268e-01,3.871859e-01,3.881404e-01,3.890968e-01,3.900553e-01,3.908402e-01,3.918114e-01,3.927880e-01,3.937606e-01,3.947544e-01,3.955506e-01,3.965479e-01,3.973553e-01,3.981773e-01,3.992001e-01,4.000304e-01,4.008646e-01,4.016991e-01,4.025342e-01,4.033764e-01,4.042404e-01,4.050905e-01,4.059307e-01,4.067896e-01,4.074415e-01,4.083143e-01,4.091554e-01,4.097649e-01,4.106267e-01,4.114853e-01,4.122902e-01,4.129216e-01,4.135586e-01,4.143716e-01,4.149766e-01,4.156197e-01,4.164851e-01,4.171189e-01,4.177575e-01,4.184211e-01,4.192922e-01,4.199539e-01,4.206253e-01,4.213112e-01,4.219800e-01,4.226745e-01,4.233715e-01,4.240715e-01,4.247773e-01,4.254980e-01,4.261939e-01,4.269275e-01,4.276563e-01,4.281536e-01,4.288869e-01,4.293951e-01,4.301292e-01,4.308583e-01,4.313792e-01,4.321286e-01,4.326294e-01,4.333796e-01,4.338955e-01,4.346258e-01,4.351449e-01,4.356485e-01,4.361446e-01,4.368792e-01,4.373832e-01,4.378754e-01,4.383940e-01,4.391239e-01,4.396031e-01,4.400926e-01,4.405916e-01,4.410539e-01,4.415429e-01,4.420442e-01,4.425273e-01,4.430281e-01,4.435220e-01,4.440205e-01,4.442843e-01,4.448030e-01,4.453305e-01,4.458611e-01,4.461492e-01,4.466946e-01,4.472574e-01,4.477760e-01,4.480847e-01,4.486309e-01,4.491638e-01,4.494659e-01,4.497634e-01,4.503249e-01,4.506150e-01,4.511420e-01,4.514440e-01,4.519991e-01,4.522742e-01,4.525487e-01,4.528300e-01,4.530835e-01,4.533460e-01,4.536370e-01,4.539221e-01,4.541900e-01,4.544320e-01,4.546980e-01,4.549758e-01,4.552538e-01,4.555102e-01,4.557608e-01,4.560230e-01,4.563122e-01,4.566080e-01,4.568580e-01,4.570461e-01,4.572849e-01,4.575722e-01,4.578412e-01,4.580497e-01,4.581816e-01,4.583725e-01,4.585887e-01,4.587873e-01,4.589832e-01,4.591731e-01,4.593244e-01,4.593249e-01,4.593804e-01,4.595311e-01,4.596316e-01,4.597374e-01,4.598641e-01,4.599069e-01,4.597818e-01,4.597286e-01,4.597706e-01,4.598705e-01,4.597784e-01,4.594289e-01,4.593310e-01,4.593282e-01,4.592484e-01,4.591119e-01,4.589427e-01,4.588631e-01,4.588345e-01,4.584164e-01,4.574795e-01,4.570200e-01,4.567705e-01,4.563127e-01,4.558184e-01,4.553629e-01,4.550400e-01,4.547243e-01,4.545338e-01,4.544299e-01,4.542028e-01,4.538384e-01,4.538484e-01,4.540512e-01,4.542097e-01,4.543255e-01,4.544657e-01,4.546254e-01,4.548794e-01,4.550385e-01,4.552743e-01,4.554842e-01,4.556250e-01,4.558428e-01,4.559651e-01,4.561569e-01,4.563929e-01,4.566743e-01,4.569108e-01,4.572549e-01,4.575741e-01,4.579191e-01,4.582202e-01,4.586232e-01,4.589888e-01,4.593997e-01,4.597781e-01,4.602353e-01,4.607125e-01,4.611202e-01,4.615723e-01,4.620784e-01,4.625778e-01,4.629890e-01,4.634255e-01,4.639095e-01,4.643935e-01,4.648529e-01,4.653664e-01,4.658536e-01,4.663221e-01,4.667916e-01,4.673025e-01,4.677276e-01,4.682000e-01,4.686733e-01,4.691944e-01,4.696688e-01,4.701864e-01,4.707310e-01,4.712286e-01,4.717756e-01,4.722755e-01,4.727774e-01,4.732520e-01,4.738242e-01,4.743009e-01,4.747732e-01,4.752519e-01,4.758279e-01,4.763571e-01,4.768875e-01,4.773984e-01,4.779312e-01,4.784444e-01,4.789099e-01,4.793763e-01,4.798093e-01,4.803058e-01,4.808440e-01,4.812933e-01,4.816150e-01,4.819371e-01,4.822892e-01,4.827115e-01,4.831345e-01,4.835583e-01,4.839328e-01,4.843580e-01,4.847337e-01,4.851101e-01,4.854569e-01,4.858558e-01,4.861834e-01,4.865027e-01,4.868021e-01,4.871222e-01,4.874935e-01,4.878448e-01,4.881922e-01,4.885357e-01,4.888288e-01,4.891918e-01,4.894826e-01,4.898435e-01,4.900995e-01,4.904070e-01,4.906823e-01,4.909361e-01,4.912059e-01,4.915097e-01,4.918067e-01,4.920713e-01,4.923141e-01,4.925213e-01,4.927584e-01,4.929439e-01,4.931752e-01,4.934067e-01,4.935622e-01,4.937168e-01,4.938652e-01,4.939884e-01,4.941339e-01,4.942541e-01,4.943530e-01,4.943629e-01,4.944249e-01,4.945327e-01,4.946183e-01,4.947231e-01,4.947247e-01,4.947190e-01,4.947135e-01,4.947017e-01,4.947420e-01,4.947271e-01,4.947653e-01,4.947446e-01,4.947214e-01,4.946434e-01,4.945626e-01,4.945356e-01,4.945533e-01,4.945166e-01,4.944252e-01,4.942792e-01,4.941306e-01,4.939317e-01,4.938813e-01,4.938281e-01,4.937736e-01,4.936157e-01,4.934579e-01,4.934079e-01,4.933537e-01,4.932479e-01,4.930906e-01,4.928821e-01,4.927811e-01,4.927272e-01,4.926220e-01,4.924142e-01,4.922357e-01,4.922334e-01,4.923381e-01,4.923358e-01,4.921286e-01,4.919216e-01,4.917882e-01,4.916328e-01,4.914533e-01,4.911675e-01,4.908822e-01,4.906991e-01,4.905669e-01,4.902320e-01,4.896497e-01,4.890139e-01,4.885310e-01,4.880493e-01,4.873688e-01,4.862208e-01,4.849525e-01,4.838179e-01,4.827873e-01,4.818163e-01,4.807960e-01,4.795186e-01,4.777920e-01,4.755383e-01,4.733556e-01,4.717983e-01,4.704372e-01,4.687190e-01,4.663879e-01,4.639872e-01,4.623226e-01,4.611559e-01,4.601276e-01,4.589302e-01,4.575235e-01,4.562556e-01,4.550228e-01,4.537711e-01,4.529689e-01,4.525920e-01,4.522158e-01,4.518594e-01,4.515037e-01,4.511488e-01,4.508134e-01,4.504786e-01,4.505619e-01,4.502278e-01,4.503191e-01,4.504211e-01,4.505044e-01,4.501709e-01,4.502542e-01,4.503187e-01,4.503833e-01,4.500315e-01,4.496617e-01,4.497075e-01,4.497533e-01,4.497803e-01,4.498261e-01,4.498719e-01,4.494840e-01,4.495298e-01,4.495756e-01,4.496297e-01,4.492613e-01,4.493071e-01,4.489395e-01,4.489853e-01,4.490499e-01,4.490769e-01,4.487101e-01,4.487559e-01,4.487830e-01,4.488288e-01,4.484439e-01,4.484710e-01,4.484981e-01,4.485253e-01,4.485337e-01,4.485608e-01,4.485879e-01,4.490270e-01,4.490542e-01,4.490813e-01,4.491084e-01,4.491356e-01,4.491628e-01,4.489951e-01,4.494348e-01,4.494619e-01,4.494891e-01,4.495163e-01,4.497614e-01,4.497698e-01,4.502108e-01,4.502380e-01,4.500695e-01,4.500779e-01,4.505382e-01,4.507843e-01,4.508198e-01,4.510851e-01,4.511314e-01,4.511776e-01,4.510465e-01,4.511117e-01,4.513963e-01,4.514616e-01,4.513305e-01,4.514149e-01,4.516998e-01,4.515876e-01,4.520887e-01,4.519574e-01,4.520420e-01,4.523360e-01,4.524017e-01,4.526877e-01,4.525561e-01,4.526219e-01,4.524713e-01,4.525180e-01,4.527849e-01,4.526151e-01,4.530605e-01,4.528905e-01,4.531385e-01,4.531469e-01,4.529768e-01,4.532250e-01,4.532525e-01,4.530825e-01,4.533389e-01,4.533857e-01,4.536535e-01,4.535024e-01,4.535493e-01,4.533984e-01,4.534453e-01,4.532946e-01,4.531633e-01,4.536283e-01,4.534776e-01,4.533463e-01,4.538115e-01,4.536607e-01,4.537077e-01,4.535571e-01,4.534067e-01,4.534536e-01,4.532925e-01,4.533395e-01,4.531701e-01,4.528005e-01,4.526317e-01,4.522441e-01,4.520758e-01,4.516894e-01,4.515026e-01,4.515303e-01,4.509504e-01,4.509781e-01,4.505941e-01,4.500172e-01,4.496440e-01,4.492629e-01,4.490977e-01,4.487179e-01,4.483388e-01,4.481746e-01,4.477967e-01,4.474196e-01,4.470433e-01,4.464776e-01,4.461033e-01,4.457298e-01,4.453570e-01,4.445862e-01,4.442158e-01,4.434498e-01,4.430817e-01,4.429009e-01,4.417689e-01,4.415895e-01,4.410188e-01,4.404499e-01,4.394944e-01,4.387475e-01,4.378006e-01,4.370605e-01,4.363232e-01,4.357686e-01,4.346578e-01,4.339300e-01,4.328300e-01,4.319125e-01,4.308243e-01,4.297423e-01,4.286666e-01,4.275970e-01,4.265436e-01,4.249562e-01,4.237193e-01,4.221556e-01,4.211229e-01,4.200961e-01,4.188912e-01,4.176942e-01,4.158378e-01,4.141601e-01,4.124976e-01,4.113416e-01,4.100361e-01,4.089140e-01,4.072829e-01,4.052054e-01,4.031515e-01,4.014197e-01,3.995737e-01,3.982040e-01,3.968448e-01,3.959626e-01,3.946356e-01,3.933186e-01,3.918532e-01,3.899624e-01,3.877985e-01,3.855245e-01,3.834150e-01,3.816294e-01,3.805562e-01,3.788003e-01,3.775992e-01,3.759893e-01,3.746662e-01,3.730841e-01,3.719099e-01,3.703536e-01,3.691986e-01,3.676531e-01,3.668568e-01,3.661993e-01,3.653017e-01,3.637936e-01,3.619144e-01,3.604360e-01,3.589585e-01,3.571339e-01,3.555584e-01,3.535071e-01,3.513951e-01,3.489563e-01,3.460017e-01,3.426420e-01,3.397791e-01,3.359959e-01,3.316774e-01,3.279788e-01,3.235664e-01,3.191688e-01,3.141358e-01,3.105190e-01,3.048200e-01,2.990167e-01,2.927405e-01,2.875835e-01,2.804894e-01,2.736352e-01,2.670624e-01,2.598132e-01,2.547380e-01,2.477727e-01,2.413025e-01,2.351233e-01,2.283713e-01,2.219278e-01,2.176662e-01,2.126730e-01,2.063733e-01,2.011684e-01,1.961618e-01,1.921226e-01,1.875613e-01,1.831904e-01,1.790734e-01,1.756873e-01,1.729042e-01,1.696755e-01,1.665663e-01,1.640688e-01,1.611274e-01,1.587304e-01,1.564039e-01,1.541683e-01,1.524070e-01,1.506891e-01,1.489588e-01,1.472809e-01,1.456439e-01,1.443946e-01,1.432010e-01,1.419976e-01,1.407930e-01,1.396285e-01,1.388244e-01,1.376962e-01,1.365820e-01,1.358125e-01,1.350516e-01,1.346396e-01,1.339101e-01,1.331852e-01,1.327993e-01,1.321042e-01,1.317208e-01,1.313686e-01,1.309931e-01,1.306305e-01,1.302841e-01,1.299290e-01,1.295722e-01,1.292283e-01,1.291821e-01,1.288438e-01,1.288258e-01,1.288078e-01,1.287934e-01,1.284813e-01,1.284495e-01,1.284490e-01,1.284312e-01,1.287350e-01,1.287206e-01,1.287197e-01,1.286946e-01,1.289887e-01,1.289635e-01,1.292728e-01,1.295695e-01,1.298995e-01,1.299018e-01,1.301906e-01,1.307944e-01,1.311192e-01,1.314386e-01,1.320574e-01,1.326782e-01,1.333234e-01,1.342747e-01,1.349352e-01,1.356100e-01,1.365821e-01,1.372417e-01,1.382529e-01,1.392711e-01,1.399608e-01,1.413568e-01,1.420839e-01,1.431586e-01,1.442505e-01,1.450201e-01,1.465228e-01,1.472671e-01,1.483839e-01,1.495414e-01,1.507307e-01,1.515371e-01,1.527386e-01,1.539645e-01,1.548256e-01,1.565317e-01,1.574008e-01,1.587177e-01,1.600838e-01,1.614123e-01,1.623742e-01,1.637592e-01,1.652528e-01,1.667105e-01,1.677193e-01,1.692103e-01,1.707632e-01,1.717928e-01,1.734120e-01,1.745502e-01,1.762506e-01,1.773670e-01,1.785313e-01,1.802721e-01,1.814477e-01,1.826388e-01,1.844948e-01,1.857266e-01,1.870043e-01,1.882920e-01,1.895756e-01,1.915160e-01,1.922501e-01,1.942863e-01,1.957098e-01,1.964120e-01,1.978018e-01,1.999929e-01,2.007887e-01,2.022765e-01,2.037902e-01,2.053237e-01,2.068896e-01,2.077113e-01,2.093055e-01,2.109021e-01,2.117152e-01,2.133875e-01,2.142735e-01,2.159053e-01,2.176514e-01,2.185297e-01,2.203600e-01,2.212641e-01,2.229643e-01,2.238901e-01,2.257700e-01,2.267035e-01,2.276548e-01,2.295491e-01,2.305531e-01,2.315311e-01,2.334397e-01,2.344723e-01,2.354844e-01,2.364988e-01,2.385714e-01,2.396132e-01,2.406643e-01,2.417636e-01,2.428341e-01,2.439142e-01,2.450950e-01,2.461386e-01,2.468697e-01,2.478660e-01,2.488291e-01,2.498478e-01,2.507743e-01,2.518741e-01,2.526904e-01,2.539302e-01,2.547712e-01,2.557794e-01,2.565845e-01,2.575624e-01,2.585441e-01,2.595447e-01,2.604313e-01,2.614934e-01,2.625249e-01,2.632489e-01,2.644601e-01,2.651351e-01,2.661094e-01,2.670419e-01,2.678441e-01,2.687623e-01,2.697748e-01,2.708420e-01,2.715851e-01,2.725333e-01,2.734129e-01,2.742380e-01,2.748041e-01,2.756905e-01,2.764002e-01,2.775098e-01,2.784261e-01,2.793375e-01,2.804835e-01,2.813532e-01,2.819373e-01,2.827401e-01,2.833986e-01,2.841409e-01,2.849732e-01,2.857985e-01,2.864054e-01,2.872429e-01,2.879317e-01,2.887866e-01,2.894950e-01,2.901236e-01,2.904529e-01,2.913107e-01,2.916510e-01,2.922920e-01,2.928504e-01,2.936525e-01,2.942284e-01,2.948685e-01,2.952914e-01,2.958736e-01,2.962870e-01,2.970325e-01,2.972893e-01,2.979639e-01,2.986327e-01,2.992157e-01,2.999760e-01,3.004009e-01,3.008483e-01,3.014523e-01,3.017166e-01,3.022459e-01,3.025115e-01,3.030435e-01,3.030655e-01,3.036879e-01,3.040473e-01,3.046515e-01,3.048541e-01,3.052927e-01,3.055759e-01,3.060165e-01,3.060505e-01,3.065629e-01,3.068383e-01,3.073628e-01,3.076489e-01,3.081761e-01,3.083729e-01,3.089120e-01,3.088552e-01,3.094683e-01,3.095026e-01,3.096385e-01,3.097425e-01,3.100428e-01,3.097369e-01,3.099551e-01,3.097219e-01,3.099501e-01,3.095627e-01,3.095252e-01,3.093841e-01,3.094380e-01,3.091243e-01,3.090055e-01,3.087736e-01,3.088274e-01,3.084434e-01,3.084971e-01,3.081141e-01,3.080065e-01,3.080289e-01,3.090574e-01,3.086731e-01,3.086463e-01,3.083644e-01,3.080854e-01,3.077140e-01,3.075170e-01,3.072276e-01,3.070408e-01,3.066724e-01,3.063972e-01,3.057725e-01,3.055756e-01,3.052929e-01,3.048404e-01,3.044805e-01,3.041970e-01,3.034852e-01,3.033814e-01,3.028385e-01,3.025519e-01,3.022538e-01,3.020426e-01,3.014402e-01,3.011444e-01,3.005248e-01,3.001669e-01,2.997977e-01,2.991083e-01,2.985942e-01,2.981452e-01,2.973804e-01,2.970309e-01,2.965783e-01,2.961359e-01,2.956246e-01,2.951853e-01,2.945187e-01,2.942414e-01,2.936438e-01,2.930573e-01,2.924733e-01,2.921189e-01,2.915390e-01,2.912560e-01,2.907511e-01,2.904817e-01,2.897506e-01,2.894008e-01,2.886845e-01,2.882803e-01,2.878654e-01,2.873741e-01,2.868846e-01,2.865432e-01,2.859230e-01,2.858072e-01,2.853841e-01,2.850298e-01,2.846172e-01,2.845450e-01,2.841970e-01,2.840572e-01,2.834125e-01,2.831983e-01,2.831944e-01,2.826210e-01,2.822664e-01,2.819205e-01,2.814269e-01,2.809439e-01,2.805395e-01,2.802069e-01,2.795239e-01,2.788607e-01,2.783298e-01,2.777213e-01,2.769225e-01,2.763995e-01,2.758074e-01,2.750203e-01,2.740964e-01,2.733739e-01,2.729887e-01,2.722031e-01,2.713606e-01,2.705236e-01,2.698208e-01,2.693025e-01,2.684115e-01,2.678401e-01,2.673298e-01,2.668891e-01,2.662061e-01,2.656445e-01,2.652097e-01,2.648349e-01,2.644029e-01,2.639154e-01,2.635446e-01,2.634855e-01,2.635411e-01,2.629994e-01,2.628253e-01,2.625873e-01,2.622924e-01,2.623633e-01,2.622475e-01,2.620174e-01,2.618448e-01,2.616680e-01,2.614959e-01,2.611535e-01,2.609321e-01,2.605347e-01,2.602580e-01,2.599754e-01,2.599249e-01,2.598181e-01,2.596443e-01,2.597754e-01,2.597381e-01,2.597504e-01,2.596438e-01,2.597266e-01,2.597343e-01,2.598655e-01,2.601645e-01,2.602398e-01,2.603780e-01,2.606749e-01,2.608058e-01,2.611135e-01,2.611892e-01,2.614343e-01,2.614912e-01,2.615514e-01,2.615056e-01,2.614532e-01,2.613930e-01,2.612694e-01,2.611414e-01,2.612014e-01,2.611981e-01,2.614353e-01,2.611980e-01,2.611836e-01,2.610602e-01,2.610002e-01,2.611735e-01,2.610568e-01,2.609967e-01,2.610645e-01,2.609446e-01,2.609979e-01,2.609457e-01,2.607817e-01,2.603778e-01,2.602708e-01,2.599711e-01,2.597523e-01,2.589441e-01,2.586108e-01,2.581611e-01,2.575855e-01,2.571333e-01,2.566827e-01,2.559022e-01,2.552163e-01,2.544851e-01,2.534914e-01,2.524996e-01,2.512236e-01,2.496443e-01,2.487275e-01,2.477561e-01,2.467527e-01,2.446965e-01,2.426263e-01,2.416478e-01,2.397181e-01,2.367872e-01,2.348343e-01,2.330066e-01,2.302765e-01,2.275580e-01,2.249131e-01,2.222825e-01,2.197438e-01,2.155964e-01,2.131792e-01,2.077147e-01,2.039235e-01,1.996817e-01,1.962775e-01,1.916557e-01,1.879785e-01,1.832325e-01,1.789021e-01,1.725189e-01,1.675059e-01,1.627734e-01,1.574073e-01,1.527658e-01,1.472077e-01,1.423297e-01,1.347850e-01,1.294282e-01,1.242029e-01,1.193588e-01,1.136941e-01,1.091298e-01,1.021514e-01,9.734375e-02,9.292209e-02,8.870394e-02,8.439166e-02,7.924479e-02,7.538637e-02,7.205851e-02,6.889682e-02,6.579841e-02,6.216259e-02,5.958507e-02,5.732674e-02,5.528543e-02,5.354225e-02,5.101755e-02,4.956189e-02,4.822437e-02,4.685297e-02,4.546784e-02,4.415479e-02,4.330809e-02,4.249010e-02,4.170041e-02,4.093905e-02,4.020399e-02,3.982875e-02,3.913704e-02,3.878512e-02,3.812797e-02,3.780103e-02,3.747626e-02,3.716461e-02,3.685801e-02,3.655771e-02,3.626546e-02,3.625597e-02,3.596134e-02,3.595393e-02,3.567109e-02,3.565797e-02,3.565329e-02,3.564838e-02,3.536855e-02,3.536194e-02,3.535560e-02,3.535027e-02,3.561606e-02,3.561478e-02,3.560892e-02,3.559872e-02,3.586729e-02,3.586552e-02,3.614233e-02,3.613907e-02,3.641956e-02,3.670573e-02,3.670564e-02,3.700147e-02,3.729878e-02,3.760091e-02,3.791586e-02,3.791805e-02,3.823526e-02,3.856357e-02,3.888983e-02,3.922592e-02,3.956151e-02,3.990569e-02,4.026064e-02,4.061499e-02,4.097541e-02,4.134507e-02,4.171803e-02,4.209566e-02,4.248475e-02,4.287766e-02,4.327377e-02,4.368174e-02,4.450702e-02,4.451173e-02,4.537411e-02,4.581921e-02,4.582834e-02,4.659649e-02,4.706057e-02,4.763033e-02,4.802527e-02,4.871422e-02,4.912157e-02,4.948364e-02,5.016691e-02,5.064720e-02,5.125093e-02,5.169813e-02,5.243455e-02,5.284038e-02,5.354672e-02,5.403729e-02,5.447000e-02,5.521250e-02,5.572481e-02,5.643993e-02,5.689940e-02,5.763300e-02,5.811061e-02,5.880604e-02,5.937114e-02,6.000900e-02,6.051782e-02,6.126356e-02,6.179214e-02,6.248251e-02,6.302099e-02,6.374465e-02,6.423443e-02,6.497982e-02,6.555677e-02,6.597932e-02,6.676042e-02,6.755854e-02,6.809262e-02,6.881872e-02,6.937111e-02,7.011622e-02,7.058473e-02,7.136335e-02,7.183762e-02,7.252973e-02,7.302090e-02,7.384207e-02,7.434460e-02,7.506243e-02,7.556457e-02,7.632564e-02,7.672651e-02,7.742758e-02,7.795921e-02,7.861705e-02,7.940683e-02,7.978238e-02,8.046884e-02,8.091325e-02,8.168538e-02,8.195176e-02,8.267301e-02,8.334305e-02,8.381718e-02,8.436806e-02,8.478804e-02,8.555600e-02,8.584619e-02,8.656446e-02,8.714913e-02,8.759504e-02,8.819264e-02,8.849959e-02,8.917983e-02,8.995048e-02,9.026629e-02,9.089804e-02,9.122267e-02,9.170791e-02,9.235847e-02,9.269283e-02,9.335639e-02,9.377555e-02,9.428889e-02,9.480742e-02,9.516147e-02,9.569158e-02,9.648037e-02,9.667043e-02,9.747688e-02,9.767057e-02,9.848699e-02,9.913538e-02,9.941939e-02,1.000764e-01,1.007388e-01,1.012187e-01,1.017918e-01,1.024756e-01,1.029711e-01,1.034683e-01,1.042684e-01,1.045776e-01,1.051918e-01,1.059219e-01,1.063459e-01,1.068800e-01,1.077389e-01,1.080735e-01,1.087295e-01,1.092919e-01,1.097400e-01,1.104164e-01,1.109921e-01,1.113458e-01,1.120361e-01,1.126247e-01,1.130972e-01,1.134605e-01,1.141756e-01,1.147854e-01,1.152702e-01,1.156466e-01,1.163897e-01,1.167731e-01,1.172770e-01,1.179182e-01,1.184314e-01,1.188297e-01,1.193535e-01,1.200163e-01,1.205468e-01,1.209530e-01,1.214913e-01,1.221758e-01,1.224524e-01,1.232744e-01,1.236982e-01,1.242565e-01,1.245387e-01,1.251069e-01,1.255394e-01,1.261136e-01,1.266928e-01,1.268484e-01,1.274368e-01,1.280276e-01,1.283264e-01,1.287838e-01,1.290859e-01,1.296913e-01,1.300005e-01,1.306141e-01,1.312332e-01,1.318579e-01,1.320259e-01,1.326578e-01,1.329842e-01,1.336248e-01,1.339489e-01,1.342746e-01,1.347765e-01,1.351025e-01,1.354335e-01,1.360968e-01,1.364289e-01,1.367661e-01,1.369427e-01,1.376202e-01,1.379559e-01,1.383003e-01,1.384808e-01,1.388242e-01,1.391657e-01,1.393483e-01,1.396959e-01,1.400415e-01,1.403888e-01,1.407377e-01,1.410884e-01,1.412761e-01,1.412687e-01,1.416219e-01,1.419769e-01,1.423337e-01,1.426960e-01,1.430525e-01,1.434145e-01,1.434071e-01,1.437671e-01,1.441289e-01,1.444926e-01,1.444813e-01,1.448429e-01,1.452024e-01,1.451912e-01,1.455487e-01,1.459080e-01,1.458889e-01,1.464301e-01,1.464112e-01,1.467749e-01,1.467518e-01,1.472997e-01,1.472846e-01,1.476527e-01,1.478172e-01,1.481881e-01,1.481726e-01,1.487356e-01,1.487162e-01,1.488831e-01,1.492596e-01,1.498269e-01,1.499926e-01,1.503707e-01,1.505376e-01,1.505140e-01,1.510829e-01,1.510635e-01,1.516407e-01,1.518106e-01,1.517868e-01,1.523737e-01,1.523539e-01,1.525381e-01,1.527143e-01,1.527026e-01,1.528873e-01,1.530725e-01,1.530652e-01,1.532590e-01,1.532512e-01,1.538662e-01,1.538670e-01,1.540669e-01,1.542673e-01,1.542718e-01,1.544769e-01,1.544860e-01,1.546957e-01,1.547043e-01,1.549146e-01,1.549278e-01,1.551387e-01,1.551515e-01,1.553671e-01,1.553845e-01,1.553973e-01,1.556135e-01,1.551966e-01,1.552140e-01,1.552310e-01,1.554467e-01,1.554595e-01,1.554770e-01,1.554940e-01,1.555068e-01,1.553167e-01,1.549059e-01,1.549187e-01,1.547299e-01,1.545375e-01,1.539266e-01,1.539437e-01,1.537531e-01,1.533648e-01,1.527627e-01,1.525749e-01,1.521965e-01,1.515990e-01,1.512169e-01,1.510326e-01,1.502491e-01,1.498733e-01,1.491051e-01,1.487346e-01,1.477884e-01,1.474241e-01,1.464895e-01,1.461310e-01,1.453944e-01,1.448668e-01,1.441457e-01,1.432570e-01,1.429170e-01,1.420425e-01,1.413476e-01,1.408471e-01,1.401631e-01,1.393198e-01,1.390003e-01,1.381700e-01,1.378521e-01,1.371949e-01,1.363809e-01,1.357330e-01,1.350908e-01,1.344542e-01,1.341514e-01,1.335193e-01,1.328962e-01,1.321286e-01,1.315174e-01,1.313718e-01,1.307670e-01,1.303132e-01,1.294116e-01,1.289724e-01,1.283877e-01,1.282483e-01,1.278103e-01,1.273717e-01,1.269392e-01,1.263678e-01,1.259414e-01,1.255143e-01,1.249545e-01,1.243992e-01,1.237001e-01,1.232887e-01,1.224671e-01,1.219316e-01,1.215287e-01,1.211281e-01,1.203355e-01,1.199420e-01,1.195509e-01,1.191619e-01,1.185150e-01,1.180102e-01,1.173745e-01,1.169982e-01,1.166240e-01,1.162519e-01,1.156331e-01,1.152681e-01,1.146617e-01,1.144158e-01,1.138143e-01,1.135716e-01,1.130906e-01,1.129599e-01,1.124836e-01,1.122458e-01,1.118822e-01,1.117538e-01,1.110519e-01,1.110341e-01,1.105689e-01,1.102147e-01,1.099822e-01,1.097380e-01,1.095042e-01,1.090461e-01,1.084783e-01,1.082491e-01,1.079047e-01,1.074592e-01,1.070168e-01,1.068947e-01,1.061409e-01,1.057050e-01,1.054856e-01,1.050572e-01,1.045302e-01,1.041086e-01,1.037979e-01,1.029725e-01,1.026676e-01,1.022589e-01,1.018559e-01,1.013595e-01,1.005739e-01,1.003751e-01,9.989413e-02,9.951004e-02,9.912853e-02,9.874956e-02,9.818702e-02,9.790153e-02,9.753351e-02,9.725130e-02,9.688754e-02,9.625176e-02,9.615732e-02,9.570432e-02,9.535066e-02,9.499928e-02,9.473240e-02,9.412399e-02,9.386140e-02,9.368070e-02,9.334000e-02,9.308118e-02,9.232190e-02,9.207066e-02,9.181794e-02,9.156641e-02,9.099062e-02,9.066679e-02,9.034497e-02,8.986354e-02,8.962121e-02,8.906453e-02,8.875253e-02,8.828576e-02,8.804814e-02,8.735658e-02,8.727113e-02,8.681770e-02,8.636909e-02,8.614021e-02,8.547440e-02,8.518124e-02,8.474641e-02,8.452568e-02,8.381749e-02,8.353402e-02,8.317902e-02,8.289921e-02,8.221300e-02,8.193625e-02,8.152957e-02,8.125780e-02,8.059390e-02,8.013229e-02,7.973961e-02,7.953484e-02,7.889134e-02,7.863077e-02,7.824578e-02,7.798631e-02,7.735925e-02,4.580994e-03,4.580994e-03,4.580994e-03,4.580994e-03,4.580994e-03,4.580994e-03,4.580994e-03,4.580994e-03,4.580994e-03,4.580994e-03,4.580994e-03,4.580994e-03,4.580994e-03,4.580994e-03,4.580994e-03,4.580994e-03,4.580994e-03,4.580994e-03,4.580994e-03,4.580994e-03,4.580994e-03,4.580994e-03,4.580994e-03,4.580994e-03,4.580994e-03,4.580994e-03,4.580994e-03,4.580994e-03,4.580994e-03,4.580994e-03,4.580994e-03,4.580994e-03,4.580994e-03,4.580994e-03,4.580994e-03,4.580994e-03,4.580994e-03,4.580994e-03,4.580994e-03,4.580994e-03,4.580994e-03,4.580994e-03,4.580994e-03,4.580994e-03,4.580994e-03,4.580994e-03,4.580994e-03,4.580994e-03,4.580994e-03,4.580994e-03,4.580994e-03,4.580994e-03,4.580994e-03,4.580994e-03,4.580994e-03,4.580994e-03,4.580994e-03,4.580994e-03,4.580994e-03,4.580994e-03,4.580994e-03,4.580994e-03,4.580994e-03,4.580994e-03,4.580994e-03,4.580994e-03,4.580994e-03,4.580994e-03,4.580994e-03,4.580994e-03,4.580994e-03,4.580994e-03,4.580994e-03,4.580994e-03,4.580994e-03,4.580994e-03,4.580994e-03,4.580994e-03,4.580994e-03,4.580994e-03,4.580994e-03,4.580994e-03,4.580994e-03,4.580994e-03,4.580994e-03,4.580994e-03,4.580994e-03,4.580994e-03,4.580994e-03,4.580994e-03,4.580994e-03,4.580994e-03,4.580994e-03,4.580994e-03,4.580994e-03,4.580994e-03,4.580994e-03,4.580994e-03,4.580994e-03,4.580994e-03,4.580994e-03,4.580994e-03,4.580994e-03,4.580994e-03,4.580994e-03,4.580994e-03,4.580994e-03,4.580994e-03,4.580994e-03,4.580994e-03,4.580994e-03,4.580994e-03,4.580994e-03,4.580994e-03,4.580994e-03,4.580994e-03,4.580994e-03,4.580994e-03,4.580994e-03,4.580994e-03,4.580994e-03,4.580994e-03,4.580994e-03,4.580994e-03,4.580994e-03,4.580994e-03,4.580994e-03,4.580994e-03,4.580994e-03,4.580994e-03,4.580994e-03,4.580994e-03,4.580994e-03,4.580994e-03,4.580994e-03,4.580994e-03,4.580994e-03,4.580994e-03,4.580994e-03,4.580994e-03,4.580994e-03,4.580994e-03,4.580994e-03,4.580994e-03,4.580994e-03,4.580994e-03,4.580994e-03,4.580994e-03,4.580994e-03,4.580994e-03,4.580994e-03,4.580994e-03,4.580994e-03,4.580994e-03,4.580994e-03,4.580994e-03,4.580994e-03,4.580994e-03,4.580994e-03,4.580994e-03,4.580994e-03
2.647869e-02,2.645129e-02,2.641722e-02,2.638323e-02,2.634937e-02,2.631781e-02,2.628174e-02,2.625034e-02,2.622107e-02,2.618507e-02,2.615575e-02,2.611959e-02,2.609238e-02,2.606529e-02,2.603151e-02,2.600455e-02,2.597760e-02,2.595062e-02,2.593041e-02,2.590552e-02,2.588511e-02,2.586452e-02,2.584602e-02,2.583214e-02,2.582057e-02,2.580225e-02,2.579053e-02,2.578536e-02,2.577360e-02,2.576398e-02,2.576086e-02,2.575092e-02,2.574990e-02,2.574226e-02,2.574144e-02,2.574064e-02,2.573313e-02,2.573245e-02,2.573389e-02,2.572660e-02,2.572616e-02,2.572612e-02,2.571960e-02,2.571768e-02,2.571146e-02,2.571020e-02,2.570911e-02,2.569940e-02,2.569928e-02,2.569774e-02,2.569036e-02,2.569060e-02,2.568988e-02,2.568985e-02,2.569043e-02,2.569150e-02,2.569986e-02,2.570231e-02,2.570272e-02,2.571169e-02,2.571377e-02,2.571592e-02,2.572363e-02,2.572435e-02,2.573239e-02,2.573437e-02,2.574241e-02,2.575018e-02,2.575056e-02,2.575769e-02,2.576462e-02,2.576340e-02,2.576653e-02,2.577167e-02,2.576775e-02,2.577226e-02,2.577685e-02,2.578340e-02,2.578321e-02,2.579194e-02,2.580158e-02,2.580955e-02,2.582653e-02,2.584539e-02,2.586309e-02,2.589311e-02,2.592544e-02,2.595595e-02,2.600134e-02,2.604739e-02,2.610424e-02,2.616153e-02,2.623655e-02,2.631435e-02,2.640814e-02,2.650827e-02,2.662959e-02,2.676191e-02,2.690966e-02,2.708499e-02,2.727871e-02,2.749376e-02,2.773569e-02,2.800521e-02,2.831428e-02,2.865076e-02,2.902507e-02,2.944448e-02,2.990724e-02,3.041135e-02,3.096553e-02,3.156873e-02,3.222100e-02,3.294462e-02,3.373180e-02,3.454664e-02,3.541893e-02,3.633160e-02,3.728841e-02,3.827687e-02,3.929261e-02,4.030918e-02,4.133251e-02,4.233207e-02,4.331414e-02,4.423981e-02,4.510677e-02,4.592003e-02,4.668274e-02,4.735390e-02,4.797896e-02,4.852926e-02,4.906013e-02,4.947547e-02,4.985749e-02,5.016456e-02,5.044045e-02,5.063356e-02,5.082274e-02,5.095467e-02,5.110216e-02,5.117124e-02,5.120786e-02,5.130461e-02,5.136272e-02,5.146999e-02,5.154457e-02,5.167590e-02,5.176222e-02,5.186135e-02,5.197512e-02,5.203977e-02,5.208286e-02,5.212932e-02,5.212299e-02,5.204397e-02,5.187573e-02,5.171580e-02,5.148736e-02,5.122714e-02,5.096812e-02,5.072074e-02,5.040616e-02,5.007918e-02,4.971205e-02,4.930608e-02,4.886905e-02,4.836250e-02,4.785556e-02,4.732223e-02,4.677257e-02,4.621523e-02,4.565989e-02,4.512301e-02,4.460793e-02,4.410740e-02,4.363667e-02,4.319512e-02,4.278961e-02,4.240247e-02,4.203816e-02,4.169593e-02,4.137681e-02,4.107499e-02,4.079561e-02,4.052682e-02,4.028166e-02,4.005481e-02,3.984730e-02,3.964716e-02,3.947882e-02,3.932131e-02,3.918230e-02,3.903598e-02,3.892657e-02,3.883031e-02,3.873732e-02,3.865231e-02,3.856518e-02,3.847381e-02,3.835623e-02,3.823827e-02,3.811141e-02,3.796191e-02,3.777300e-02,3.758515e-02,3.736724e-02,3.711602e-02,3.685649e-02,3.658234e-02,3.630007e-02,3.600684e-02,3.571588e-02,3.542212e-02,3.511928e-02,3.483561e-02,3.455766e-02,3.429966e-02,3.406156e-02,3.384100e-02,3.365686e-02,3.347567e-02,3.333660e-02,3.320956e-02,3.311653e-02,3.302968e-02,3.295844e-02,3.291578e-02,3.287874e-02,3.284986e-02,3.280599e-02,3.276848e-02,3.270343e-02,3.260083e-02,3.248504e-02,3.232326e-02,3.213363e-02,3.188458e-02,3.161489e-02,3.131859e-02,3.100755e-02,3.067342e-02,3.033945e-02,2.999714e-02,2.966415e-02,2.934070e-02,2.904952e-02,2.877377e-02,2.852315e-02,2.832039e-02,2.813225e-02,2.798005e-02,2.783395e-02,2.770602e-02,2.756747e-02,2.742573e-02,2.726810e-02,2.709909e-02,2.691182e-02,2.671300e-02,2.650861e-02,2.630276e-02,2.610196e-02,2.591964e-02,2.575575e-02,2.560381e-02,2.547701e-02,2.537097e-02,2.528801e-02,2.522108e-02,2.516938e-02,2.512891e-02,2.510186e-02,2.507955e-02,2.506884e-02,2.506042e-02,2.506160e-02,2.506710e-02,2.507958e-02,2.511441e-02,2.515403e-02,2.523893e-02,2.534329e-02,2.551644e-02,2.575476e-02,2.610662e-02,2.657926e-02,2.723174e-02,2.808012e-02,2.920077e-02,3.061637e-02,3.237281e-02,3.450175e-02,3.706096e-02,4.003218e-02,4.337482e-02,4.713326e-02,5.128428e-02,5.577200e-02,6.051874e-02,6.553786e-02,7.080050e-02,7.615817e-02,8.160002e-02,8.711904e-02,9.266040e-02,9.823649e-02,1.038222e-01,1.094318e-01,1.152422e-01,1.209460e-01,1.266667e-01,1.324375e-01,1.382551e-01,1.441416e-01,1.500541e-01,1.560364e-01,1.620474e-01,1.680793e-01,1.741477e-01,1.806093e-01,1.867121e-01,1.928270e-01,1.987939e-01,2.048530e-01,2.108697e-01,2.168393e-01,2.227663e-01,2.285878e-01,2.343134e-01,2.399294e-01,2.454189e-01,2.508228e-01,2.561222e-01,2.611750e-01,2.661167e-01,2.709357e-01,2.755742e-01,2.799734e-01,2.843161e-01,2.884629e-01,2.922164e-01,2.959211e-01,2.993261e-01,3.026881e-01,3.057596e-01,3.087918e-01,3.115308e-01,3.142098e-01,3.166611e-01,3.190518e-01,3.212525e-01,3.234704e-01,3.258307e-01,3.280876e-01,3.304796e-01,3.327700e-01,3.350628e-01,3.374873e-01,3.397890e-01,3.422242e-01,3.443899e-01,3.466753e-01,3.489469e-01,3.510644e-01,3.532883e-01,3.554900e-01,3.576594e-01,3.596493e-01,3.617319e-01,3.637722e-01,3.657583e-01,3.676801e-01,3.695565e-01,3.713431e-01,3.730527e-01,3.746840e-01,3.762213e-01,3.776632e-01,3.789889e-01,3.802223e-01,3.810716e-01,3.820969e-01,3.831119e-01,3.841324e-01,3.851546e-01,3.861723e-01,3.872115e-01,3.880876e-01,3.891349e-01,3.901851e-01,3.910756e-01,3.921414e-01,3.930409e-01,3.939560e-01,3.948631e-01,3.957752e-01,3.968614e-01,3.977828e-01,3.986926e-01,3.996194e-01,4.005370e-01,4.014580e-01,4.023811e-01,4.031326e-01,4.040659e-01,4.050035e-01,4.059418e-01,4.068900e-01,4.076563e-01,4.086109e-01,4.093846e-01,4.101772e-01,4.111598e-01,4.119593e-01,4.127619e-01,4.135668e-01,4.143741e-01,4.151853e-01,4.160178e-01,4.168355e-01,4.176531e-01,4.184913e-01,4.191234e-01,4.199692e-01,4.207958e-01,4.214213e-01,4.222572e-01,4.230947e-01,4.239074e-01,4.245322e-01,4.251598e-01,4.259663e-01,4.265751e-01,4.271945e-01,4.280197e-01,4.286399e-01,4.292483e-01,4.298785e-01,4.307126e-01,4.313453e-01,4.319818e-01,4.326376e-01,4.332762e-01,4.339369e-01,4.345997e-01,4.352651e-01,4.359330e-01,4.366205e-01,4.372888e-01,4.379826e-01,4.386767e-01,4.391579e-01,4.398558e-01,4.403415e-01,4.410422e-01,4.417433e-01,4.422353e-01,4.429440e-01,4.434327e-01,4.441444e-01,4.446387e-01,4.453331e-01,4.458300e-01,4.463088e-01,4.467865e-01,4.474868e-01,4.479681e-01,4.484321e-01,4.489185e-01,4.496070e-01,4.500702e-01,4.505366e-01,4.510059e-01,4.514516e-01,4.519200e-01,4.523919e-01,4.528602e-01,4.533336e-01,4.538059e-01,4.542956e-01,4.545600e-01,4.550560e-01,4.555703e-01,4.560865e-01,4.563742e-01,4.568952e-01,4.574369e-01,4.579532e-01,4.582634e-01,4.587878e-01,4.593094e-01,4.596193e-01,4.599124e-01,4.604427e-01,4.607348e-01,4.612585e-01,4.615538e-01,4.620856e-01,4.623755e-01,4.626494e-01,4.629247e-01,4.631939e-01,4.634656e-01,4.637439e-01,4.640215e-01,4.642952e-01,4.645629e-01,4.648360e-01,4.651128e-01,4.653899e-01,4.656620e-01,4.659488e-01,4.662392e-01,4.665365e-01,4.668349e-01,4.671232e-01,4.673969e-01,4.676825e-01,4.679972e-01,4.682912e-01,4.685702e-01,4.688483e-01,4.691237e-01,4.694061e-01,4.696846e-01,4.699619e-01,4.702389e-01,4.705060e-01,4.707572e-01,4.710023e-01,4.712352e-01,4.714917e-01,4.717141e-01,4.719607e-01,4.721864e-01,4.723539e-01,4.725574e-01,4.727482e-01,4.729710e-01,4.731646e-01,4.732779e-01,4.734711e-01,4.736516e-01,4.738312e-01,4.740145e-01,4.741722e-01,4.743522e-01,4.745439e-01,4.746573e-01,4.746422e-01,4.747446e-01,4.748813e-01,4.749839e-01,4.750760e-01,4.751786e-01,4.753145e-01,4.754510e-01,4.756204e-01,4.758092e-01,4.759682e-01,4.760935e-01,4.763301e-01,4.766002e-01,4.768566e-01,4.771050e-01,4.773400e-01,4.776000e-01,4.778833e-01,4.781078e-01,4.783696e-01,4.786062e-01,4.788093e-01,4.790498e-01,4.792312e-01,4.794466e-01,4.796733e-01,4.799147e-01,4.801418e-01,4.804140e-01,4.806639e-01,4.809366e-01,4.811982e-01,4.815048e-01,4.818007e-01,4.821083e-01,4.823902e-01,4.827099e-01,4.830524e-01,4.833613e-01,4.836787e-01,4.840115e-01,4.843412e-01,4.846517e-01,4.849482e-01,4.852937e-01,4.856024e-01,4.858888e-01,4.862244e-01,4.865343e-01,4.868217e-01,4.871095e-01,4.874092e-01,4.876859e-01,4.879746e-01,4.882637e-01,4.885647e-01,4.888166e-01,4.891183e-01,4.894433e-01,4.897191e-01,4.900448e-01,4.903212e-01,4.906359e-01,4.909243e-01,4.912746e-01,4.915637e-01,4.918533e-01,4.921430e-01,4.924567e-01,4.927589e-01,4.930615e-01,4.933410e-01,4.936442e-01,4.939244e-01,4.941929e-01,4.944616e-01,4.947039e-01,4.949617e-01,4.952280e-01,4.954742e-01,4.956693e-01,4.958646e-01,4.960873e-01,4.963070e-01,4.965268e-01,4.967468e-01,4.969549e-01,4.971752e-01,4.973836e-01,4.975922e-01,4.977734e-01,4.980061e-01,4.982029e-01,4.983963e-01,4.986052e-01,4.987988e-01,4.990047e-01,4.992262e-01,4.994435e-01,4.996617e-01,4.998679e-01,5.001077e-01,5.003114e-01,5.005489e-01,5.007593e-01,5.009821e-01,5.012143e-01,5.014224e-01,5.016494e-01,5.018638e-01,5.020764e-01,5.022984e-01,5.024963e-01,5.027008e-01,5.028934e-01,5.030738e-01,5.032611e-01,5.034486e-01,5.035929e-01,5.037409e-01,5.038835e-01,5.039988e-01,5.041387e-01,5.042514e-01,5.043358e-01,5.044181e-01,5.045129e-01,5.046144e-01,5.046914e-01,5.047902e-01,5.048605e-01,5.049289e-01,5.049974e-01,5.050602e-01,5.051355e-01,5.051955e-01,5.052643e-01,5.053190e-01,5.053716e-01,5.054091e-01,5.054442e-01,5.054885e-01,5.055434e-01,5.055836e-01,5.056089e-01,5.056192e-01,5.056270e-01,5.056189e-01,5.056464e-01,5.056714e-01,5.056951e-01,5.056940e-01,5.056930e-01,5.057158e-01,5.057396e-01,5.057510e-01,5.057499e-01,5.057365e-01,5.057471e-01,5.057709e-01,5.057824e-01,5.057690e-01,5.057433e-01,5.057797e-01,5.058399e-01,5.058762e-01,5.058630e-01,5.058498e-01,5.058738e-01,5.058730e-01,5.058838e-01,5.058707e-01,5.058577e-01,5.058695e-01,5.058937e-01,5.058683e-01,5.057804e-01,5.056809e-01,5.056186e-01,5.055564e-01,5.054449e-01,5.051975e-01,5.049383e-01,5.046916e-01,5.044699e-01,5.042601e-01,5.040389e-01,5.037319e-01,5.033278e-01,5.027655e-01,5.022169e-01,5.018275e-01,5.014874e-01,5.010510e-01,5.004460e-01,4.998189e-01,4.993858e-01,4.990857e-01,4.988219e-01,4.985106e-01,4.981401e-01,4.978059e-01,4.974966e-01,4.971635e-01,4.969740e-01,4.969036e-01,4.968332e-01,4.967871e-01,4.967410e-01,4.966949e-01,4.966731e-01,4.966513e-01,4.967483e-01,4.967266e-01,4.968238e-01,4.969451e-01,4.970422e-01,4.970207e-01,4.971179e-01,4.971909e-01,4.972639e-01,4.972182e-01,4.971483e-01,4.971971e-01,4.972459e-01,4.972704e-01,4.973193e-01,4.973681e-01,4.972740e-01,4.973229e-01,4.973717e-01,4.974209e-01,4.973511e-01,4.974000e-01,4.973303e-01,4.973793e-01,4.974526e-01,4.974772e-01,4.974076e-01,4.974566e-01,4.974813e-01,4.975303e-01,4.974363e-01,4.974610e-01,4.974857e-01,4.975103e-01,4.975106e-01,4.975352e-01,4.975599e-01,4.977032e-01,4.977278e-01,4.977525e-01,4.977772e-01,4.978019e-01,4.978266e-01,4.975216e-01,4.976647e-01,4.976894e-01,4.977141e-01,4.977388e-01,4.975525e-01,4.975528e-01,4.976959e-01,4.977206e-01,4.974161e-01,4.974163e-01,4.975838e-01,4.973978e-01,4.974228e-01,4.972614e-01,4.973106e-01,4.973598e-01,4.971050e-01,4.971787e-01,4.970422e-01,4.971159e-01,4.968616e-01,4.969598e-01,4.968236e-01,4.965944e-01,4.968103e-01,4.965567e-01,4.966550e-01,4.965198e-01,4.965936e-01,4.964581e-01,4.962053e-01,4.962792e-01,4.960023e-01,4.960517e-01,4.958924e-01,4.955918e-01,4.957338e-01,4.954335e-01,4.952504e-01,4.952510e-01,4.949515e-01,4.947689e-01,4.947939e-01,4.944951e-01,4.943136e-01,4.943629e-01,4.942053e-01,4.939317e-01,4.939811e-01,4.937079e-01,4.937572e-01,4.934844e-01,4.932363e-01,4.934013e-01,4.931291e-01,4.928815e-01,4.930463e-01,4.927747e-01,4.928241e-01,4.925529e-01,4.922821e-01,4.923314e-01,4.920378e-01,4.920871e-01,4.917929e-01,4.917276e-01,4.914339e-01,4.913446e-01,4.910516e-01,4.909624e-01,4.906459e-01,4.906711e-01,4.902651e-01,4.902903e-01,4.902016e-01,4.897967e-01,4.897094e-01,4.896210e-01,4.893306e-01,4.892425e-01,4.891544e-01,4.888647e-01,4.887768e-01,4.886890e-01,4.886012e-01,4.881996e-01,4.881121e-01,4.880246e-01,4.879372e-01,4.877373e-01,4.876500e-01,4.874505e-01,4.873634e-01,4.875887e-01,4.867656e-01,4.869903e-01,4.871032e-01,4.872160e-01,4.872167e-01,4.870178e-01,4.870185e-01,4.868198e-01,4.866213e-01,4.867340e-01,4.864239e-01,4.862258e-01,4.859165e-01,4.859174e-01,4.856087e-01,4.853003e-01,4.849925e-01,4.846851e-01,4.843798e-01,4.836560e-01,4.835469e-01,4.828259e-01,4.825218e-01,4.822181e-01,4.821099e-01,4.820017e-01,4.811770e-01,4.806577e-01,4.801397e-01,4.800327e-01,4.796244e-01,4.790246e-01,4.784873e-01,4.775686e-01,4.766537e-01,4.763353e-01,4.752363e-01,4.745427e-01,4.738513e-01,4.735829e-01,4.729174e-01,4.722540e-01,4.717788e-01,4.709107e-01,4.699424e-01,4.686917e-01,4.677333e-01,4.664154e-01,4.655909e-01,4.642860e-01,4.636490e-01,4.626126e-01,4.616809e-01,4.606538e-01,4.600060e-01,4.589869e-01,4.583442e-01,4.577800e-01,4.583849e-01,4.592873e-01,4.596427e-01,4.586042e-01,4.576473e-01,4.570852e-01,4.565032e-01,4.555557e-01,4.551503e-01,4.545311e-01,4.532290e-01,4.515531e-01,4.494423e-01,4.471615e-01,4.450688e-01,4.427932e-01,4.402700e-01,4.382039e-01,4.362076e-01,4.347883e-01,4.334080e-01,4.330447e-01,4.310012e-01,4.284154e-01,4.249052e-01,4.217193e-01,4.171993e-01,4.123540e-01,4.081178e-01,4.033576e-01,3.998371e-01,3.951804e-01,3.910431e-01,3.867824e-01,3.821394e-01,3.772388e-01,3.743140e-01,3.704241e-01,3.653693e-01,3.610549e-01,3.565118e-01,3.529799e-01,3.486350e-01,3.442343e-01,3.402483e-01,3.368797e-01,3.337931e-01,3.301244e-01,3.265340e-01,3.236422e-01,3.199412e-01,3.167831e-01,3.136855e-01,3.107836e-01,3.083773e-01,3.060186e-01,3.033423e-01,3.008225e-01,2.983543e-01,2.962216e-01,2.943440e-01,2.922733e-01,2.901147e-01,2.881057e-01,2.865082e-01,2.845540e-01,2.826194e-01,2.810807e-01,2.795583e-01,2.785233e-01,2.771383e-01,2.757567e-01,2.748480e-01,2.735964e-01,2.726956e-01,2.719940e-01,2.711097e-01,2.703205e-01,2.696310e-01,2.688564e-01,2.680801e-01,2.673922e-01,2.670433e-01,2.663668e-01,2.662061e-01,2.660456e-01,2.658915e-01,2.653992e-01,2.651476e-01,2.650866e-01,2.649276e-01,2.652837e-01,2.651305e-01,2.650730e-01,2.648377e-01,2.651109e-01,2.648756e-01,2.652410e-01,2.655149e-01,2.659805e-01,2.659322e-01,2.661208e-01,2.667306e-01,2.671162e-01,2.674872e-01,2.681087e-01,2.687268e-01,2.694485e-01,2.704151e-01,2.711452e-01,2.719592e-01,2.728518e-01,2.734803e-01,2.744803e-01,2.754708e-01,2.761168e-01,2.774783e-01,2.782338e-01,2.792499e-01,2.802690e-01,2.811351e-01,2.825500e-01,2.831231e-01,2.839634e-01,2.849201e-01,2.859825e-01,2.866751e-01,2.876426e-01,2.886226e-01,2.894357e-01,2.909236e-01,2.916387e-01,2.927487e-01,2.939851e-01,2.949047e-01,2.958577e-01,2.968908e-01,2.983836e-01,2.995493e-01,3.004209e-01,3.015834e-01,3.028910e-01,3.036504e-01,3.050882e-01,3.062201e-01,3.077980e-01,3.086966e-01,3.097304e-01,3.111995e-01,3.121238e-01,3.130532e-01,3.146921e-01,3.156361e-01,3.167143e-01,3.177927e-01,3.187543e-01,3.201872e-01,3.209515e-01,3.225436e-01,3.237946e-01,3.243051e-01,3.252975e-01,3.270680e-01,3.278505e-01,3.290023e-01,3.301555e-01,3.313229e-01,3.325050e-01,3.331834e-01,3.343714e-01,3.354436e-01,3.359957e-01,3.372232e-01,3.379471e-01,3.389012e-01,3.401625e-01,3.407569e-01,3.421807e-01,3.427744e-01,3.436036e-01,3.442018e-01,3.455004e-01,3.460839e-01,3.466759e-01,3.478234e-01,3.485547e-01,3.491401e-01,3.501322e-01,3.508582e-01,3.514508e-01,3.520306e-01,3.533347e-01,3.539203e-01,3.545077e-01,3.552510e-01,3.558425e-01,3.564359e-01,3.573492e-01,3.580517e-01,3.583121e-01,3.588477e-01,3.592271e-01,3.594955e-01,3.599968e-01,3.604377e-01,3.608754e-01,3.613932e-01,3.618395e-01,3.625072e-01,3.628040e-01,3.633136e-01,3.638337e-01,3.643614e-01,3.648298e-01,3.655234e-01,3.660712e-01,3.663119e-01,3.670721e-01,3.671429e-01,3.677829e-01,3.682592e-01,3.686589e-01,3.693987e-01,3.697518e-01,3.705486e-01,3.707562e-01,3.714941e-01,3.720531e-01,3.724280e-01,3.726931e-01,3.732393e-01,3.735689e-01,3.743748e-01,3.749318e-01,3.757935e-01,3.766147e-01,3.773096e-01,3.775748e-01,3.783890e-01,3.788371e-01,3.794742e-01,3.800128e-01,3.805470e-01,3.811233e-01,3.819686e-01,3.824414e-01,3.829878e-01,3.834688e-01,3.840813e-01,3.845501e-01,3.850962e-01,3.852595e-01,3.858659e-01,3.862800e-01,3.869573e-01,3.873791e-01,3.879860e-01,3.883415e-01,3.887660e-01,3.891170e-01,3.896118e-01,3.898953e-01,3.901998e-01,3.908204e-01,3.912442e-01,3.917438e-01,3.920998e-01,3.921436e-01,3.925754e-01,3.928627e-01,3.931012e-01,3.933892e-01,3.936282e-01,3.936513e-01,3.941038e-01,3.945944e-01,3.950255e-01,3.951248e-01,3.954862e-01,3.957826e-01,3.961450e-01,3.958320e-01,3.963740e-01,3.966535e-01,3.968724e-01,3.968273e-01,3.970463e-01,3.971280e-01,3.970219e-01,3.968343e-01,3.972515e-01,3.969367e-01,3.965140e-01,3.963927e-01,3.963658e-01,3.956008e-01,3.953776e-01,3.951339e-01,3.949292e-01,3.939751e-01,3.934894e-01,3.931240e-01,3.925165e-01,3.920836e-01,3.914104e-01,3.908394e-01,3.902394e-01,3.893086e-01,3.887135e-01,3.877902e-01,3.871498e-01,3.871726e-01,3.891777e-01,3.882526e-01,3.877995e-01,3.871039e-01,3.863990e-01,3.855047e-01,3.849918e-01,3.842894e-01,3.834771e-01,3.825968e-01,3.819090e-01,3.807716e-01,3.799691e-01,3.792742e-01,3.782171e-01,3.773502e-01,3.763678e-01,3.753599e-01,3.744568e-01,3.735221e-01,3.728347e-01,3.721442e-01,3.713454e-01,3.702598e-01,3.695788e-01,3.687775e-01,3.679378e-01,3.670961e-01,3.661372e-01,3.652493e-01,3.645266e-01,3.636873e-01,3.628707e-01,3.624277e-01,3.617161e-01,3.611179e-01,3.604114e-01,3.594870e-01,3.591162e-01,3.586243e-01,3.578696e-01,3.571182e-01,3.565772e-01,3.558311e-01,3.554621e-01,3.548788e-01,3.545176e-01,3.539816e-01,3.534595e-01,3.529419e-01,3.525439e-01,3.521410e-01,3.518386e-01,3.515368e-01,3.512912e-01,3.509405e-01,3.509211e-01,3.510291e-01,3.510228e-01,3.508770e-01,3.512358e-01,3.514896e-01,3.516943e-01,3.518310e-01,3.521356e-01,3.526528e-01,3.529465e-01,3.531966e-01,3.531901e-01,3.533842e-01,3.535938e-01,3.536935e-01,3.537023e-01,3.536988e-01,3.534535e-01,3.532495e-01,3.534026e-01,3.530862e-01,3.528827e-01,3.527793e-01,3.524641e-01,3.520783e-01,3.519043e-01,3.517427e-01,3.516683e-01,3.514391e-01,3.512101e-01,3.510370e-01,3.510588e-01,3.509292e-01,3.510652e-01,3.510869e-01,3.512786e-01,3.511054e-01,3.512414e-01,3.514332e-01,3.517801e-01,3.519724e-01,3.522798e-01,3.526283e-01,3.532613e-01,3.539374e-01,3.540908e-01,3.544139e-01,3.548385e-01,3.551061e-01,3.558199e-01,3.563047e-01,3.564724e-01,3.567995e-01,3.568600e-01,3.571877e-01,3.570369e-01,3.569436e-01,3.566340e-01,3.563820e-01,3.563908e-01,3.567748e-01,3.570002e-01,3.570607e-01,3.574011e-01,3.572628e-01,3.575461e-01,3.577723e-01,3.579696e-01,3.579854e-01,3.583274e-01,3.588727e-01,3.590551e-01,3.591345e-01,3.596925e-01,3.597561e-01,3.600397e-01,3.602232e-01,3.606114e-01,3.607739e-01,3.609259e-01,3.607689e-01,3.608785e-01,3.609721e-01,3.611701e-01,3.610955e-01,3.612477e-01,3.615045e-01,3.618791e-01,3.617510e-01,3.620030e-01,3.622019e-01,3.622960e-01,3.627773e-01,3.627075e-01,3.628018e-01,3.629715e-01,3.629124e-01,3.633359e-01,3.634467e-01,3.635146e-01,3.631777e-01,3.634102e-01,3.636839e-01,3.635869e-01,3.634804e-01,3.636109e-01,3.636821e-01,3.636888e-01,3.640308e-01,3.643735e-01,3.642829e-01,3.645015e-01,3.648319e-01,3.643341e-01,3.641085e-01,3.635782e-01,3.631634e-01,3.630873e-01,3.628417e-01,3.624382e-01,3.614332e-01,3.602718e-01,3.598525e-01,3.590061e-01,3.574301e-01,3.562724e-01,3.554265e-01,3.540214e-01,3.524663e-01,3.509296e-01,3.492380e-01,3.477074e-01,3.449720e-01,3.433347e-01,3.394638e-01,3.365462e-01,3.336125e-01,3.312073e-01,3.277203e-01,3.253016e-01,3.218583e-01,3.193806e-01,3.144828e-01,3.103604e-01,3.063511e-01,3.015884e-01,2.972465e-01,2.917485e-01,2.864879e-01,2.782392e-01,2.719473e-01,2.657468e-01,2.597965e-01,2.527453e-01,2.466533e-01,2.371852e-01,2.303561e-01,2.237436e-01,2.172288e-01,2.101668e-01,2.017180e-01,1.949581e-01,1.889404e-01,1.831235e-01,1.772154e-01,1.701555e-01,1.649912e-01,1.603276e-01,1.560200e-01,1.522332e-01,1.467369e-01,1.434119e-01,1.402900e-01,1.369690e-01,1.336454e-01,1.304320e-01,1.282450e-01,1.261236e-01,1.240613e-01,1.220342e-01,1.200886e-01,1.189429e-01,1.171076e-01,1.160563e-01,1.142802e-01,1.133411e-01,1.123909e-01,1.114999e-01,1.106427e-01,1.098159e-01,1.090019e-01,1.088905e-01,1.080302e-01,1.079041e-01,1.071348e-01,1.069716e-01,1.068843e-01,1.068172e-01,1.060571e-01,1.059867e-01,1.058966e-01,1.058445e-01,1.064743e-01,1.064561e-01,1.064175e-01,1.063384e-01,1.069552e-01,1.069510e-01,1.076298e-01,1.076275e-01,1.082599e-01,1.089388e-01,1.089598e-01,1.096528e-01,1.103512e-01,1.110574e-01,1.118174e-01,1.118284e-01,1.125798e-01,1.133982e-01,1.141471e-01,1.149435e-01,1.156891e-01,1.165021e-01,1.173313e-01,1.181425e-01,1.189635e-01,1.197959e-01,1.206366e-01,1.214830e-01,1.223458e-01,1.232176e-01,1.240529e-01,1.249233e-01,1.266307e-01,1.266684e-01,1.284689e-01,1.294173e-01,1.295074e-01,1.310697e-01,1.319735e-01,1.331324e-01,1.340006e-01,1.353606e-01,1.361714e-01,1.369170e-01,1.383116e-01,1.392325e-01,1.404284e-01,1.413211e-01,1.427588e-01,1.435373e-01,1.448470e-01,1.458515e-01,1.467172e-01,1.480718e-01,1.490180e-01,1.503572e-01,1.511698e-01,1.524414e-01,1.532681e-01,1.544808e-01,1.554527e-01,1.564563e-01,1.572859e-01,1.585124e-01,1.593611e-01,1.604464e-01,1.612329e-01,1.624163e-01,1.632032e-01,1.643405e-01,1.651282e-01,1.657253e-01,1.668942e-01,1.680776e-01,1.687983e-01,1.697760e-01,1.705095e-01,1.714639e-01,1.720181e-01,1.730717e-01,1.735502e-01,1.743797e-01,1.749009e-01,1.759357e-01,1.764215e-01,1.771377e-01,1.774969e-01,1.783988e-01,1.785954e-01,1.788328e-01,1.791981e-01,1.797268e-01,1.804214e-01,1.801745e-01,1.807083e-01,1.809162e-01,1.811604e-01,1.807477e-01,1.812845e-01,1.813646e-01,1.815738e-01,1.814890e-01,1.812395e-01,1.817789e-01,1.813637e-01,1.814439e-01,1.813591e-01,1.811099e-01,1.810255e-01,1.806133e-01,1.809850e-01,1.810649e-01,1.806458e-01,1.805617e-01,1.801513e-01,1.799050e-01,1.798215e-01,1.794141e-01,1.793310e-01,1.793742e-01,1.791365e-01,1.788993e-01,1.785034e-01,1.782744e-01,1.786444e-01,1.780886e-01,1.784646e-01,1.779099e-01,1.782718e-01,1.784814e-01,1.783641e-01,1.785672e-01,1.787639e-01,1.788002e-01,1.792792e-01,1.794774e-01,1.795139e-01,1.795437e-01,1.801948e-01,1.800687e-01,1.805663e-01,1.807738e-01,1.811183e-01,1.811623e-01,1.818445e-01,1.817301e-01,1.822427e-01,1.823009e-01,1.826493e-01,1.831677e-01,1.832195e-01,1.831035e-01,1.836159e-01,1.836610e-01,1.840083e-01,1.838844e-01,1.844007e-01,1.844461e-01,1.847877e-01,1.846629e-01,1.851844e-01,1.850592e-01,1.854098e-01,1.854556e-01,1.858076e-01,1.856830e-01,1.860427e-01,1.860888e-01,1.864429e-01,1.863091e-01,1.866639e-01,1.867045e-01,1.868867e-01,1.874109e-01,1.872758e-01,1.876268e-01,1.878034e-01,1.881575e-01,1.880143e-01,1.883678e-01,1.887224e-01,1.884091e-01,1.887653e-01,1.891213e-01,1.893005e-01,1.891630e-01,1.893422e-01,1.897001e-01,1.898817e-01,1.902415e-01,1.906025e-01,1.909648e-01,1.906448e-01,1.910072e-01,1.911983e-01,1.915626e-01,1.917459e-01,1.919296e-01,1.917901e-01,1.919665e-01,1.921505e-01,1.925181e-01,1.926957e-01,1.928751e-01,1.925419e-01,1.929108e-01,1.930816e-01,1.932617e-01,1.929272e-01,1.931055e-01,1.932767e-01,1.929361e-01,1.931144e-01,1.932856e-01,1.934571e-01,1.936288e-01,1.938009e-01,1.934585e-01,1.934375e-01,1.936092e-01,1.937813e-01,1.939536e-01,1.941276e-01,1.942930e-01,1.944662e-01,1.944450e-01,1.946109e-01,1.947771e-01,1.949374e-01,1.949086e-01,1.950678e-01,1.952196e-01,1.951845e-01,1.953290e-01,1.954736e-01,1.954295e-01,1.961018e-01,1.960512e-01,1.961970e-01,1.961449e-01,1.968222e-01,1.967789e-01,1.969258e-01,1.974155e-01,1.975634e-01,1.975262e-01,1.982140e-01,1.981690e-01,1.986647e-01,1.988145e-01,1.995031e-01,1.999974e-01,2.001414e-01,2.006388e-01,2.005852e-01,2.012764e-01,2.012238e-01,2.019272e-01,2.024332e-01,2.023790e-01,2.030981e-01,2.030516e-01,2.035803e-01,2.041023e-01,2.040715e-01,2.046121e-01,2.051553e-01,2.051255e-01,2.056875e-01,2.056644e-01,2.064382e-01,2.064244e-01,2.070011e-01,2.075806e-01,2.075819e-01,2.081726e-01,2.081751e-01,2.087771e-01,2.087866e-01,2.093917e-01,2.094026e-01,2.100108e-01,2.100288e-01,2.106486e-01,2.106679e-01,2.106859e-01,2.113091e-01,2.111093e-01,2.111286e-01,2.111551e-01,2.117807e-01,2.117988e-01,2.118183e-01,2.118449e-01,2.118631e-01,2.112734e-01,2.110750e-01,2.110931e-01,2.105072e-01,2.099159e-01,2.091215e-01,2.091406e-01,2.085560e-01,2.073861e-01,2.066086e-01,2.060364e-01,2.048923e-01,2.041231e-01,2.029883e-01,2.024336e-01,2.011151e-01,2.000094e-01,1.987190e-01,1.976360e-01,1.958393e-01,1.947834e-01,1.930237e-01,1.919939e-01,1.907911e-01,1.892878e-01,1.881145e-01,1.864722e-01,1.855093e-01,1.839061e-01,1.827966e-01,1.814006e-01,1.803171e-01,1.787905e-01,1.778951e-01,1.764037e-01,1.755287e-01,1.745049e-01,1.730551e-01,1.720491e-01,1.710530e-01,1.700668e-01,1.692379e-01,1.682627e-01,1.673036e-01,1.659543e-01,1.650174e-01,1.646228e-01,1.636986e-01,1.631699e-01,1.621216e-01,1.616071e-01,1.607114e-01,1.603338e-01,1.598232e-01,1.593090e-01,1.588039e-01,1.579279e-01,1.574301e-01,1.569286e-01,1.560699e-01,1.552190e-01,1.546021e-01,1.541144e-01,1.531499e-01,1.523254e-01,1.518506e-01,1.513782e-01,1.504480e-01,1.499828e-01,1.495200e-01,1.490595e-01,1.484826e-01,1.476993e-01,1.471310e-01,1.466826e-01,1.462364e-01,1.457924e-01,1.452361e-01,1.447955e-01,1.442512e-01,1.441307e-01,1.435847e-01,1.434651e-01,1.432337e-01,1.434199e-01,1.431886e-01,1.430694e-01,1.431435e-01,1.433296e-01,1.429810e-01,1.434784e-01,1.432409e-01,1.433152e-01,1.431900e-01,1.435763e-01,1.434449e-01,1.432034e-01,1.431657e-01,1.430348e-01,1.431031e-01,1.428606e-01,1.426187e-01,1.427980e-01,1.421385e-01,1.418928e-01,1.417634e-01,1.415243e-01,1.409776e-01,1.407405e-01,1.403107e-01,1.398557e-01,1.394302e-01,1.391970e-01,1.389701e-01,1.384447e-01,1.380084e-01,1.378897e-01,1.373765e-01,1.371597e-01,1.369435e-01,1.367277e-01,1.364112e-01,1.364843e-01,1.362752e-01,1.363483e-01,1.361394e-01,1.360116e-01,1.361953e-01,1.361650e-01,1.359566e-01,1.357487e-01,1.358267e-01,1.357048e-01,1.357828e-01,1.361475e-01,1.359390e-01,1.360172e-01,1.357866e-01,1.358702e-01,1.359484e-01,1.360266e-01,1.358988e-01,1.356908e-01,1.354834e-01,1.351688e-01,1.352462e-01,1.351163e-01,1.349102e-01,1.345977e-01,1.346691e-01,1.344364e-01,1.346035e-01,1.342920e-01,1.339840e-01,1.340548e-01,1.338237e-01,1.336152e-01,1.333072e-01,1.333798e-01,1.328793e-01,1.326731e-01,1.326435e-01,1.324377e-01,1.319401e-01,1.317306e-01,1.314295e-01,1.312239e-01,1.307310e-01,1.301554e-01,1.298573e-01,1.299133e-01,1.294203e-01,1.292116e-01,1.289063e-01,1.286936e-01,1.281972e-01,6.244809e-03,6.244809e-03,6.244809e-03,6.244809e-03,6.244809e-03,6.244809e-03,6.244809e-03,6.244809e-03,6.244809e-03,6.244809e-03,6.244809e-03,6.244809e-03,6.244809e-03,6.244809e-03,6.244809e-03,6.244809e-03,6.244809e-03,6.244809e-03,6.244809e-03,6.244809e-03,6.244809e-03,6.244809e-03,6.244809e-03,6.244809e-03,6.244809e-03,6.244809e-03,6.244809e-03,6.244809e-03,6.244809e-03,6.244809e-03,6.244809e-03,6.244809e-03,6.244809e-03,6.244809e-03,6.244809e-03,6.244809e-03,6.244809e-03,6.244809e-03,6.244809e-03,6.244809e-03,6.244809e-03,6.244809e-03,6.244809e-03,6.244809e-03,6.244809e-03,6.244809e-03,6.244809e-03,6.244809e-03,6.244809e-03,6.244809e-03,6.244809e-03,6.244809e-03,6.244809e-03,6.244809e-03,6.244809e-03,6.244809e-03,6.244809e-03,6.244809e-03,6.244809e-03,6.244809e-03,6.244809e-03,6.244809e-03,6.244809e-03,6.244809e-03,6.244809e-03,6.244809e-03,6.244809e-03,6.244809e-03,6.244809e-03,6.244809e-03,6.244809e-03,6.244809e-03,6.244809e-03,6.244809e-03,6.244809e-03,6.244809e-03,6.244809e-03,6.244809e-03,6.244809e-03,6.244809e-03,6.244809e-03,6.244809e-03,6.244809e-03,6.244809e-03,6.244809e-03,6.244809e-03,6.244809e-03,6.244809e-03,6.244809e-03,6.244809e-03,6.244809e-03,6.244809e-03,6.244809e-03,6.244809e-03,6.244809e-03,6.244809e-03,6.244809e-03,6.244809e-03,6.244809e-03,6.244809e-03,6.244809e-03,6.244809e-03,6.244809e-03,6.244809e-03,6.244809e-03,6.244809e-03,6.244809e-03,6.244809e-03,6.244809e-03,6.244809e-03,6.244809e-03,6.244809e-03,6.244809e-03,6.244809e-03,6.244809e-03,6.244809e-03,6.244809e-03,6.244809e-03,6.244809e-03,6.244809e-03,6.244809e-03,6.244809e-03,6.244809e-03,6.244809e-03,6.244809e-03,6.244809e-03,6.244809e-03,6.244809e-03,6.244809e-03,6.244809e-03,6.244809e-03,6.244809e-03,6.244809e-03,6.244809e-03,6.244809e-03,6.244809e-03,6.244809e-03,6.244809e-03,6.244809e-03,6.244809e-03,6.244809e-03,6.244809e-03,6.244809e-03,6.244809e-03,6.244809e-03,6.244809e-03,6.244809e-03,6.244809e-03,6.244809e-03,6.244809e-03,6.244809e-03,6.244809e-03,6.244809e-03,6.244809e-03,6.244809e-03,6.244809e-03,6.244809e-03,6.244809e-03,6.244809e-03,6.244809e-03,6.244809e-03
2.656820e-02,2.655355e-02,2.653528e-02,2.651703e-02,2.649881e-02,2.649958e-02,2.651570e-02,2.651650e-02,2.653626e-02,2.655239e-02,2.657216e-02,2.658828e-02,2.662702e-02,2.666577e-02,2.670089e-02,2.673965e-02,2.677841e-02,2.681717e-02,2.685956e-02,2.691729e-02,2.695967e-02,2.700205e-02,2.706339e-02,2.710939e-02,2.717437e-02,2.723571e-02,2.730068e-02,2.736927e-02,2.743423e-02,2.751816e-02,2.760572e-02,2.768964e-02,2.779615e-02,2.789905e-02,2.800557e-02,2.811210e-02,2.821500e-02,2.832154e-02,2.844704e-02,2.854995e-02,2.865650e-02,2.876307e-02,2.886602e-02,2.895363e-02,2.905660e-02,2.914426e-02,2.923193e-02,2.929703e-02,2.938478e-02,2.945361e-02,2.951890e-02,2.958790e-02,2.963807e-02,2.968833e-02,2.973869e-02,2.978914e-02,2.984332e-02,2.989398e-02,2.992572e-02,2.998003e-02,3.003069e-02,3.008136e-02,3.013548e-02,3.018594e-02,3.024009e-02,3.029073e-02,3.034490e-02,3.039903e-02,3.044943e-02,3.050351e-02,3.055761e-02,3.060789e-02,3.064286e-02,3.069687e-02,3.072829e-02,3.078229e-02,3.083634e-02,3.089076e-02,3.094157e-02,3.101502e-02,3.108860e-02,3.117802e-02,3.127147e-02,3.136524e-02,3.147496e-02,3.160792e-02,3.172274e-02,3.183500e-02,3.197113e-02,3.210537e-02,3.222568e-02,3.234437e-02,3.248832e-02,3.261310e-02,3.274474e-02,3.287731e-02,3.301892e-02,3.316381e-02,3.329732e-02,3.346214e-02,3.363513e-02,3.381973e-02,3.401856e-02,3.421547e-02,3.445389e-02,3.471021e-02,3.499179e-02,3.530184e-02,3.564017e-02,3.603061e-02,3.644063e-02,3.691070e-02,3.740387e-02,3.796192e-02,3.856907e-02,3.920874e-02,3.990710e-02,4.061398e-02,4.134309e-02,4.208158e-02,4.281855e-02,4.353925e-02,4.423296e-02,4.487905e-02,4.544451e-02,4.593372e-02,4.633107e-02,4.665367e-02,4.689360e-02,4.700908e-02,4.707906e-02,4.707267e-02,4.702991e-02,4.689341e-02,4.672787e-02,4.652929e-02,4.631390e-02,4.605641e-02,4.582523e-02,4.556844e-02,4.535031e-02,4.512063e-02,4.489940e-02,4.471602e-02,4.455704e-02,4.441313e-02,4.429473e-02,4.422799e-02,4.414181e-02,4.411107e-02,4.407617e-02,4.405751e-02,4.404739e-02,4.405685e-02,4.406654e-02,4.407152e-02,4.407169e-02,4.408240e-02,4.410153e-02,4.410223e-02,4.412774e-02,4.413495e-02,4.414401e-02,4.412788e-02,4.410132e-02,4.406167e-02,4.401755e-02,4.395601e-02,4.389623e-02,4.383180e-02,4.374924e-02,4.366983e-02,4.359660e-02,4.355165e-02,4.350067e-02,4.343748e-02,4.340513e-02,4.338271e-02,4.337462e-02,4.337148e-02,4.337652e-02,4.338720e-02,4.340775e-02,4.343209e-02,4.348434e-02,4.351862e-02,4.355957e-02,4.360842e-02,4.366247e-02,4.369769e-02,4.376136e-02,4.380930e-02,4.388040e-02,4.393029e-02,4.398905e-02,4.405061e-02,4.409438e-02,4.416068e-02,4.422461e-02,4.428804e-02,4.434811e-02,4.440733e-02,4.446785e-02,4.452280e-02,4.457227e-02,4.464302e-02,4.468793e-02,4.473143e-02,4.477103e-02,4.479285e-02,4.483063e-02,4.485221e-02,4.489068e-02,4.491336e-02,4.493639e-02,4.495999e-02,4.498858e-02,4.500142e-02,4.503660e-02,4.507539e-02,4.511904e-02,4.516117e-02,4.521138e-02,4.526381e-02,4.532307e-02,4.538087e-02,4.544069e-02,4.550371e-02,4.557068e-02,4.563548e-02,4.569889e-02,4.576556e-02,4.582937e-02,4.586714e-02,4.592481e-02,4.597770e-02,4.602741e-02,4.606837e-02,4.611066e-02,4.615068e-02,4.621223e-02,4.626965e-02,4.632811e-02,4.638728e-02,4.644858e-02,4.651196e-02,4.658211e-02,4.665150e-02,4.672366e-02,4.680305e-02,4.688091e-02,4.696482e-02,4.702736e-02,4.709449e-02,4.715804e-02,4.722492e-02,4.728792e-02,4.735388e-02,4.741608e-02,4.746265e-02,4.752512e-02,4.759153e-02,4.763654e-02,4.770521e-02,4.777510e-02,4.784242e-02,4.791437e-02,4.798371e-02,4.805734e-02,4.814691e-02,4.822151e-02,4.831182e-02,4.838702e-02,4.847774e-02,4.857223e-02,4.866322e-02,4.875792e-02,4.884915e-02,4.895944e-02,4.905474e-02,4.914659e-02,4.924293e-02,4.933633e-02,4.945066e-02,4.955212e-02,4.965523e-02,4.976563e-02,4.989217e-02,5.003359e-02,5.018579e-02,5.039821e-02,5.065266e-02,5.099998e-02,5.143144e-02,5.198874e-02,5.268001e-02,5.353644e-02,5.457096e-02,5.579266e-02,5.717374e-02,5.876182e-02,6.053118e-02,6.243034e-02,6.448589e-02,6.667350e-02,6.896782e-02,7.137174e-02,7.387017e-02,7.646595e-02,7.921221e-02,8.203869e-02,8.495414e-02,8.797374e-02,9.109627e-02,9.433333e-02,9.766228e-02,1.011299e-01,1.046691e-01,1.082975e-01,1.120011e-01,1.159654e-01,1.198392e-01,1.237958e-01,1.277605e-01,1.318279e-01,1.359379e-01,1.400853e-01,1.442565e-01,1.484320e-01,1.526010e-01,1.567494e-01,1.608861e-01,1.649861e-01,1.690841e-01,1.730848e-01,1.769933e-01,1.808441e-01,1.845847e-01,1.881862e-01,1.917457e-01,1.951663e-01,1.983305e-01,2.014158e-01,2.042880e-01,2.071064e-01,2.097125e-01,2.122608e-01,2.145882e-01,2.168031e-01,2.188815e-01,2.208719e-01,2.227647e-01,2.246790e-01,2.266910e-01,2.286512e-01,2.307029e-01,2.327031e-01,2.347117e-01,2.368079e-01,2.388343e-01,2.409482e-01,2.428972e-01,2.449213e-01,2.469362e-01,2.488516e-01,2.508291e-01,2.527864e-01,2.547148e-01,2.565178e-01,2.583667e-01,2.601731e-01,2.619264e-01,2.636180e-01,2.652941e-01,2.668494e-01,2.683262e-01,2.697203e-01,2.710195e-01,2.722197e-01,2.732670e-01,2.742499e-01,2.749206e-01,2.757458e-01,2.765267e-01,2.773115e-01,2.780986e-01,2.788447e-01,2.796435e-01,2.803348e-01,2.811391e-01,2.819468e-01,2.826488e-01,2.834671e-01,2.841757e-01,2.849344e-01,2.856485e-01,2.863665e-01,2.872005e-01,2.879254e-01,2.886040e-01,2.893342e-01,2.900182e-01,2.907045e-01,2.913938e-01,2.919690e-01,2.926641e-01,2.933622e-01,2.940621e-01,2.947681e-01,2.953534e-01,2.960637e-01,2.966545e-01,2.972973e-01,2.980662e-01,2.987142e-01,2.993645e-01,3.000164e-01,3.006699e-01,3.013265e-01,3.020377e-01,3.026993e-01,3.033601e-01,3.040748e-01,3.046138e-01,3.053348e-01,3.060016e-01,3.065351e-01,3.072097e-01,3.078851e-01,3.085006e-01,3.089941e-01,3.094898e-01,3.100621e-01,3.105033e-01,3.109544e-01,3.115427e-01,3.119934e-01,3.123970e-01,3.128563e-01,3.134503e-01,3.139109e-01,3.143747e-01,3.148921e-01,3.153568e-01,3.158780e-01,3.164007e-01,3.169231e-01,3.174498e-01,3.180306e-01,3.185568e-01,3.191428e-01,3.197287e-01,3.201726e-01,3.207614e-01,3.212093e-01,3.218002e-01,3.223910e-01,3.228418e-01,3.234394e-01,3.238890e-01,3.244887e-01,3.249433e-01,3.254896e-01,3.259464e-01,3.263494e-01,3.267487e-01,3.272992e-01,3.277040e-01,3.280557e-01,3.284650e-01,3.289665e-01,3.293140e-01,3.296669e-01,3.300225e-01,3.303187e-01,3.306727e-01,3.310275e-01,3.313810e-01,3.317392e-01,3.320961e-01,3.325032e-01,3.327632e-01,3.331787e-01,3.336456e-01,3.341167e-01,3.344353e-01,3.349109e-01,3.354402e-01,3.359107e-01,3.362875e-01,3.367657e-01,3.372385e-01,3.376149e-01,3.379386e-01,3.384197e-01,3.387422e-01,3.392191e-01,3.395421e-01,3.400267e-01,3.403470e-01,3.406152e-01,3.408820e-01,3.411455e-01,3.414114e-01,3.416812e-01,3.419528e-01,3.422205e-01,3.424822e-01,3.427467e-01,3.430174e-01,3.432883e-01,3.435543e-01,3.438684e-01,3.441888e-01,3.445159e-01,3.448416e-01,3.451598e-01,3.454634e-01,3.457762e-01,3.461569e-01,3.464807e-01,3.467870e-01,3.471313e-01,3.474338e-01,3.477460e-01,3.480542e-01,3.483586e-01,3.486652e-01,3.489593e-01,3.491880e-01,3.494628e-01,3.496941e-01,3.499802e-01,3.502009e-01,3.504405e-01,3.506565e-01,3.508251e-01,3.510215e-01,3.511741e-01,3.513977e-01,3.515815e-01,3.516957e-01,3.518817e-01,3.520237e-01,3.522039e-01,3.523771e-01,3.525355e-01,3.527159e-01,3.529054e-01,3.530560e-01,3.530314e-01,3.531711e-01,3.533056e-01,3.534453e-01,3.535720e-01,3.537117e-01,3.538845e-01,3.540553e-01,3.542613e-01,3.545287e-01,3.547218e-01,3.548838e-01,3.551906e-01,3.554966e-01,3.558312e-01,3.561156e-01,3.563922e-01,3.566882e-01,3.570047e-01,3.572366e-01,3.574951e-01,3.577366e-01,3.579105e-01,3.581109e-01,3.582265e-01,3.584099e-01,3.586047e-01,3.587716e-01,3.589666e-01,3.592432e-01,3.594634e-01,3.597404e-01,3.600064e-01,3.603565e-01,3.606934e-01,3.610420e-01,3.613758e-01,3.617365e-01,3.621568e-01,3.625094e-01,3.629130e-01,3.632870e-01,3.637030e-01,3.640573e-01,3.644033e-01,3.648270e-01,3.651854e-01,3.654871e-01,3.658642e-01,3.662238e-01,3.665241e-01,3.668247e-01,3.671399e-01,3.674295e-01,3.677311e-01,3.680330e-01,3.683470e-01,3.685832e-01,3.689005e-01,3.692756e-01,3.695728e-01,3.699487e-01,3.702466e-01,3.706115e-01,3.709585e-01,3.713964e-01,3.717443e-01,3.720953e-01,3.724439e-01,3.728168e-01,3.731781e-01,3.735398e-01,3.738412e-01,3.742037e-01,3.745058e-01,3.747961e-01,3.750867e-01,3.753621e-01,3.756044e-01,3.759015e-01,3.761322e-01,3.763201e-01,3.765080e-01,3.767149e-01,3.769276e-01,3.771404e-01,3.773534e-01,3.775543e-01,3.777676e-01,3.779689e-01,3.781702e-01,3.783529e-01,3.786159e-01,3.788054e-01,3.790376e-01,3.792765e-01,3.795090e-01,3.797540e-01,3.800058e-01,3.802968e-01,3.805916e-01,3.808742e-01,3.812292e-01,3.815103e-01,3.818639e-01,3.821909e-01,3.825307e-01,3.829182e-01,3.832441e-01,3.836283e-01,3.839597e-01,3.842930e-01,3.846742e-01,3.849935e-01,3.853587e-01,3.856746e-01,3.859780e-01,3.862904e-01,3.866029e-01,3.868332e-01,3.870691e-01,3.873013e-01,3.874692e-01,3.876995e-01,3.878656e-01,3.879637e-01,3.881006e-01,3.882502e-01,3.884087e-01,3.885046e-01,3.886612e-01,3.887868e-01,3.889141e-01,3.890414e-01,3.891649e-01,3.893011e-01,3.894227e-01,3.895513e-01,3.896692e-01,3.897856e-01,3.898875e-01,3.899876e-01,3.900953e-01,3.902174e-01,3.903252e-01,3.904186e-01,3.904975e-01,3.905746e-01,3.906336e-01,3.907326e-01,3.908299e-01,3.909263e-01,3.909973e-01,3.910683e-01,3.911612e-01,3.912576e-01,3.913414e-01,3.914125e-01,3.914708e-01,3.915511e-01,3.916477e-01,3.917315e-01,3.917900e-01,3.917984e-01,3.919077e-01,3.920390e-01,3.921484e-01,3.922069e-01,3.922655e-01,3.923996e-01,3.924710e-01,3.925889e-01,3.926850e-01,3.927812e-01,3.929027e-01,3.930370e-01,3.931205e-01,3.931372e-01,3.931447e-01,3.931903e-01,3.932360e-01,3.932311e-01,3.930496e-01,3.928935e-01,3.927130e-01,3.925582e-01,3.924131e-01,3.922590e-01,3.919801e-01,3.916394e-01,3.911005e-01,3.905762e-01,3.902146e-01,3.899034e-01,3.894945e-01,3.889126e-01,3.883114e-01,3.879075e-01,3.876385e-01,3.874064e-01,3.871265e-01,3.867869e-01,3.864843e-01,3.862418e-01,3.859408e-01,3.858218e-01,3.858227e-01,3.858238e-01,3.858863e-01,3.859488e-01,3.860114e-01,3.861355e-01,3.862596e-01,3.865033e-01,3.866275e-01,3.868694e-01,3.871748e-01,3.874189e-01,3.875432e-01,3.877874e-01,3.879701e-01,3.881528e-01,3.882157e-01,3.882171e-01,3.883383e-01,3.884596e-01,3.885193e-01,3.886406e-01,3.887619e-01,3.887018e-01,3.888231e-01,3.889445e-01,3.890640e-01,3.890656e-01,3.891870e-01,3.891886e-01,3.893100e-01,3.894931e-01,3.895530e-01,3.895546e-01,3.896761e-01,3.897360e-01,3.898575e-01,3.897976e-01,3.898575e-01,3.899174e-01,3.899773e-01,3.899755e-01,3.900354e-01,3.900953e-01,3.902751e-01,3.903351e-01,3.903950e-01,3.904550e-01,3.905149e-01,3.905749e-01,3.905922e-01,3.907721e-01,3.908321e-01,3.908921e-01,3.909521e-01,3.910895e-01,3.910877e-01,3.912678e-01,3.913278e-01,3.913451e-01,3.913433e-01,3.915854e-01,3.917229e-01,3.917811e-01,3.919807e-01,3.921027e-01,3.922248e-01,3.923660e-01,3.925501e-01,3.928120e-01,3.929962e-01,3.931376e-01,3.933840e-01,3.936462e-01,3.938498e-01,3.942174e-01,3.943590e-01,3.946059e-01,3.948669e-01,3.950518e-01,3.953148e-01,3.954566e-01,3.956416e-01,3.957212e-01,3.958440e-01,3.960451e-01,3.960624e-01,3.962444e-01,3.962617e-01,3.964005e-01,3.963987e-01,3.964160e-01,3.965549e-01,3.966155e-01,3.966328e-01,3.967699e-01,3.968929e-01,3.970943e-01,3.971741e-01,3.972972e-01,3.973770e-01,3.975002e-01,3.975800e-01,3.977224e-01,3.979674e-01,3.980473e-01,3.981898e-01,3.984351e-01,3.985150e-01,3.986384e-01,3.987184e-01,3.987984e-01,3.989218e-01,3.989374e-01,3.990609e-01,3.990783e-01,3.990798e-01,3.990973e-01,3.990362e-01,3.990537e-01,3.989928e-01,3.989478e-01,3.990086e-01,3.989046e-01,3.989655e-01,3.989048e-01,3.988010e-01,3.987388e-01,3.986785e-01,3.986962e-01,3.986359e-01,3.985758e-01,3.985936e-01,3.985335e-01,3.984735e-01,3.984136e-01,3.983108e-01,3.982511e-01,3.981915e-01,3.981319e-01,3.979522e-01,3.978929e-01,3.977136e-01,3.976545e-01,3.976382e-01,3.973743e-01,3.973581e-01,3.972225e-01,3.970871e-01,3.968327e-01,3.966555e-01,3.964022e-01,3.962257e-01,3.960496e-01,3.959159e-01,3.956223e-01,3.954472e-01,3.951548e-01,3.949048e-01,3.946137e-01,3.943233e-01,3.940337e-01,3.937447e-01,3.934557e-01,3.930109e-01,3.926500e-01,3.922079e-01,3.919233e-01,3.916393e-01,3.912822e-01,3.909262e-01,3.903762e-01,3.898687e-01,3.893632e-01,3.890123e-01,3.886224e-01,3.883059e-01,3.877457e-01,3.870970e-01,3.864511e-01,3.858869e-01,3.853175e-01,3.848991e-01,3.844821e-01,3.842745e-01,3.839195e-01,3.835658e-01,3.831435e-01,3.825763e-01,3.819044e-01,3.811978e-01,3.805330e-01,3.800081e-01,3.797344e-01,3.792131e-01,3.788739e-01,3.783348e-01,3.779022e-01,3.773670e-01,3.769745e-01,3.764430e-01,3.760533e-01,3.754958e-01,3.751305e-01,3.748607e-01,3.745189e-01,3.739390e-01,3.731949e-01,3.726489e-01,3.720472e-01,3.713124e-01,3.706519e-01,3.697388e-01,3.688814e-01,3.678389e-01,3.665768e-01,3.651299e-01,3.638299e-01,3.621011e-01,3.601106e-01,3.583610e-01,3.562397e-01,3.540624e-01,3.514810e-01,3.495236e-01,3.465548e-01,3.434974e-01,3.401652e-01,3.373565e-01,3.334175e-01,3.295751e-01,3.257656e-01,3.214704e-01,3.184027e-01,3.140708e-01,3.099644e-01,3.059068e-01,3.014127e-01,2.970233e-01,2.940545e-01,2.904940e-01,2.859240e-01,2.820476e-01,2.782524e-01,2.751102e-01,2.715232e-01,2.679893e-01,2.646258e-01,2.618056e-01,2.594193e-01,2.566770e-01,2.540002e-01,2.518105e-01,2.492668e-01,2.471673e-01,2.451087e-01,2.431426e-01,2.415851e-01,2.400905e-01,2.385875e-01,2.371135e-01,2.357005e-01,2.346422e-01,2.336208e-01,2.325945e-01,2.315612e-01,2.305897e-01,2.299573e-01,2.290122e-01,2.280712e-01,2.274593e-01,2.268526e-01,2.265839e-01,2.260330e-01,2.254497e-01,2.251984e-01,2.246701e-01,2.244152e-01,2.241832e-01,2.239379e-01,2.236974e-01,2.234687e-01,2.232376e-01,2.230004e-01,2.227385e-01,2.227761e-01,2.225225e-01,2.225814e-01,2.226403e-01,2.227064e-01,2.224679e-01,2.225163e-01,2.225930e-01,2.226519e-01,2.230297e-01,2.230959e-01,2.232020e-01,2.232942e-01,2.236992e-01,2.237914e-01,2.242083e-01,2.246158e-01,2.250532e-01,2.251966e-01,2.256031e-01,2.263199e-01,2.267886e-01,2.272145e-01,2.279480e-01,2.286786e-01,2.294324e-01,2.304900e-01,2.312557e-01,2.319928e-01,2.330708e-01,2.337966e-01,2.349038e-01,2.359764e-01,2.367289e-01,2.381615e-01,2.389410e-01,2.400540e-01,2.411474e-01,2.419527e-01,2.434639e-01,2.442548e-01,2.453963e-01,2.465704e-01,2.477623e-01,2.485961e-01,2.497956e-01,2.510155e-01,2.518862e-01,2.535284e-01,2.544035e-01,2.556788e-01,2.569903e-01,2.583133e-01,2.592449e-01,2.605658e-01,2.619540e-01,2.633202e-01,2.642828e-01,2.656255e-01,2.670492e-01,2.679826e-01,2.694421e-01,2.704426e-01,2.719129e-01,2.728926e-01,2.739045e-01,2.753490e-01,2.763641e-01,2.773873e-01,2.789353e-01,2.799795e-01,2.810498e-01,2.821214e-01,2.831915e-01,2.847758e-01,2.853873e-01,2.870250e-01,2.881660e-01,2.887551e-01,2.898729e-01,2.915871e-01,2.921839e-01,2.933507e-01,2.944891e-01,2.956763e-01,2.968812e-01,2.975281e-01,2.987420e-01,3.000000e-01,3.006798e-01,3.019753e-01,3.027389e-01,3.040501e-01,3.054224e-01,3.062212e-01,3.076341e-01,3.084022e-01,3.097399e-01,3.105176e-01,3.119471e-01,3.126797e-01,3.134224e-01,3.148068e-01,3.155266e-01,3.162335e-01,3.175712e-01,3.182550e-01,3.189745e-01,3.196479e-01,3.210082e-01,3.216909e-01,3.223768e-01,3.230837e-01,3.237760e-01,3.244715e-01,3.252130e-01,3.258707e-01,3.263430e-01,3.269747e-01,3.275902e-01,3.282474e-01,3.288734e-01,3.295673e-01,3.301212e-01,3.309433e-01,3.315077e-01,3.321657e-01,3.327598e-01,3.334026e-01,3.340936e-01,3.347931e-01,3.354216e-01,3.361465e-01,3.369057e-01,3.374402e-01,3.382478e-01,3.387593e-01,3.394221e-01,3.400659e-01,3.405835e-01,3.411512e-01,3.417974e-01,3.423983e-01,3.428370e-01,3.433646e-01,3.438610e-01,3.442835e-01,3.446047e-01,3.450518e-01,3.454526e-01,3.460621e-01,3.465186e-01,3.470022e-01,3.476227e-01,3.480862e-01,3.484097e-01,3.488239e-01,3.491772e-01,3.495647e-01,3.500588e-01,3.505494e-01,3.508589e-01,3.513330e-01,3.517456e-01,3.522453e-01,3.526646e-01,3.530818e-01,3.532857e-01,3.537846e-01,3.540128e-01,3.543824e-01,3.547186e-01,3.551722e-01,3.555142e-01,3.558819e-01,3.561417e-01,3.564852e-01,3.567413e-01,3.571694e-01,3.573424e-01,3.577418e-01,3.581176e-01,3.584598e-01,3.588914e-01,3.591502e-01,3.594380e-01,3.597865e-01,3.599613e-01,3.602803e-01,3.604555e-01,3.607751e-01,3.608349e-01,3.612411e-01,3.614514e-01,3.617987e-01,3.619484e-01,3.622105e-01,3.623910e-01,3.626536e-01,3.626864e-01,3.629240e-01,3.630489e-01,3.633119e-01,3.634619e-01,3.637254e-01,3.638198e-01,3.641088e-01,3.640857e-01,3.643809e-01,3.644137e-01,3.645586e-01,3.646185e-01,3.648255e-01,3.647617e-01,3.649377e-01,3.648799e-01,3.651123e-01,3.650176e-01,3.650757e-01,3.650739e-01,3.651881e-01,3.650994e-01,3.651267e-01,3.650378e-01,3.651519e-01,3.650576e-01,3.651717e-01,3.650775e-01,3.651611e-01,3.652213e-01,3.657376e-01,3.656432e-01,3.657578e-01,3.658072e-01,3.658041e-01,3.657664e-01,3.657944e-01,3.657877e-01,3.658407e-01,3.658033e-01,3.658007e-01,3.655901e-01,3.656393e-01,3.655808e-01,3.654570e-01,3.653680e-01,3.653306e-01,3.650098e-01,3.650625e-01,3.648282e-01,3.647144e-01,3.645967e-01,3.645341e-01,3.642744e-01,3.641571e-01,3.638695e-01,3.637264e-01,3.635794e-01,3.632628e-01,3.630358e-01,3.628351e-01,3.624660e-01,3.623246e-01,3.621006e-01,3.619013e-01,3.616525e-01,3.614539e-01,3.611422e-01,3.610080e-01,3.607030e-01,3.604225e-01,3.601427e-01,3.599247e-01,3.596458e-01,3.595088e-01,3.592601e-01,3.591279e-01,3.587448e-01,3.585795e-01,3.582531e-01,3.580956e-01,3.579338e-01,3.577198e-01,3.575062e-01,3.573743e-01,3.570850e-01,3.571187e-01,3.569120e-01,3.567029e-01,3.565202e-01,3.564498e-01,3.562229e-01,3.561240e-01,3.557324e-01,3.555822e-01,3.555408e-01,3.551793e-01,3.549499e-01,3.547439e-01,3.544357e-01,3.541827e-01,3.539318e-01,3.537819e-01,3.534234e-01,3.531432e-01,3.528879e-01,3.525602e-01,3.521499e-01,3.518969e-01,3.515944e-01,3.511874e-01,3.506504e-01,3.502199e-01,3.499940e-01,3.495161e-01,3.490125e-01,3.485107e-01,3.480866e-01,3.477130e-01,3.471670e-01,3.468004e-01,3.464298e-01,3.461401e-01,3.457229e-01,3.453601e-01,3.450726e-01,3.448121e-01,3.445258e-01,3.442455e-01,3.439867e-01,3.439552e-01,3.439445e-01,3.436396e-01,3.435560e-01,3.434251e-01,3.432684e-01,3.433637e-01,3.433067e-01,3.431975e-01,3.431146e-01,3.430472e-01,3.429645e-01,3.428039e-01,3.427166e-01,3.425306e-01,3.424177e-01,3.422840e-01,3.422748e-01,3.422398e-01,3.421732e-01,3.422834e-01,3.423161e-01,3.423538e-01,3.423189e-01,3.424560e-01,3.425087e-01,3.426190e-01,3.427750e-01,3.428594e-01,3.429908e-01,3.431940e-01,3.432727e-01,3.434502e-01,3.435348e-01,3.436655e-01,3.436915e-01,3.436703e-01,3.436501e-01,3.436089e-01,3.435148e-01,3.433738e-01,3.432481e-01,3.432269e-01,3.431588e-01,3.432363e-01,3.430436e-01,3.429698e-01,3.428291e-01,3.427352e-01,3.427657e-01,3.426459e-01,3.425521e-01,3.425837e-01,3.425111e-01,3.424690e-01,3.424280e-01,3.423675e-01,3.421304e-01,3.420958e-01,3.419367e-01,3.418510e-01,3.414374e-01,3.413124e-01,3.411159e-01,3.408426e-01,3.406267e-01,3.404114e-01,3.400564e-01,3.396950e-01,3.392953e-01,3.387720e-01,3.382311e-01,3.374704e-01,3.365445e-01,3.359863e-01,3.353998e-01,3.347980e-01,3.334698e-01,3.321300e-01,3.314853e-01,3.301602e-01,3.281703e-01,3.268220e-01,3.254881e-01,3.235330e-01,3.215744e-01,3.196484e-01,3.176769e-01,3.157452e-01,3.126495e-01,3.107691e-01,3.065863e-01,3.035893e-01,3.002308e-01,2.974293e-01,2.936372e-01,2.904772e-01,2.864520e-01,2.826643e-01,2.770585e-01,2.725267e-01,2.681982e-01,2.631765e-01,2.586938e-01,2.533103e-01,2.484437e-01,2.408028e-01,2.352163e-01,2.295748e-01,2.242224e-01,2.178509e-01,2.125723e-01,2.044374e-01,1.986088e-01,1.931456e-01,1.878116e-01,1.823148e-01,1.756654e-01,1.705610e-01,1.660618e-01,1.617323e-01,1.574684e-01,1.524624e-01,1.487981e-01,1.455616e-01,1.426158e-01,1.400438e-01,1.363963e-01,1.342087e-01,1.321841e-01,1.300999e-01,1.280138e-01,1.260212e-01,1.246832e-01,1.234110e-01,1.221761e-01,1.209736e-01,1.198331e-01,1.192366e-01,1.181698e-01,1.176252e-01,1.166265e-01,1.161572e-01,1.156695e-01,1.152148e-01,1.147930e-01,1.143792e-01,1.139708e-01,1.139864e-01,1.135805e-01,1.135939e-01,1.132236e-01,1.132349e-01,1.132513e-01,1.132935e-01,1.129055e-01,1.129240e-01,1.129169e-01,1.129368e-01,1.133397e-01,1.133382e-01,1.133360e-01,1.133073e-01,1.137144e-01,1.136907e-01,1.141080e-01,1.141087e-01,1.145268e-01,1.149786e-01,1.150049e-01,1.154861e-01,1.159749e-01,1.164704e-01,1.169990e-01,1.170722e-01,1.176317e-01,1.181783e-01,1.187510e-01,1.193093e-01,1.198957e-01,1.204710e-01,1.210775e-01,1.216673e-01,1.222656e-01,1.228709e-01,1.234864e-01,1.240860e-01,1.247179e-01,1.253606e-01,1.260088e-01,1.266668e-01,1.279343e-01,1.280141e-01,1.293243e-01,1.300375e-01,1.301228e-01,1.312999e-01,1.320342e-01,1.329231e-01,1.335593e-01,1.346161e-01,1.352643e-01,1.358532e-01,1.368952e-01,1.376749e-01,1.385959e-01,1.393016e-01,1.403886e-01,1.410351e-01,1.420955e-01,1.428556e-01,1.435110e-01,1.445987e-01,1.453818e-01,1.464252e-01,1.471159e-01,1.481839e-01,1.488658e-01,1.498762e-01,1.506814e-01,1.515877e-01,1.523142e-01,1.533542e-01,1.541043e-01,1.550726e-01,1.558099e-01,1.568162e-01,1.575066e-01,1.585593e-01,1.593684e-01,1.599939e-01,1.610949e-01,1.622156e-01,1.629864e-01,1.640039e-01,1.647961e-01,1.658427e-01,1.665238e-01,1.676075e-01,1.682969e-01,1.692607e-01,1.699415e-01,1.710467e-01,1.717411e-01,1.727150e-01,1.734114e-01,1.744304e-01,1.749672e-01,1.759252e-01,1.766549e-01,1.775441e-01,1.785988e-01,1.791453e-01,1.800662e-01,1.806803e-01,1.817250e-01,1.821326e-01,1.830922e-01,1.840051e-01,1.846525e-01,1.854147e-01,1.860133e-01,1.870241e-01,1.874605e-01,1.884277e-01,1.892283e-01,1.898568e-01,1.906721e-01,1.911288e-01,1.920231e-01,1.930485e-01,1.934857e-01,1.943391e-01,1.948167e-01,1.954903e-01,1.963649e-01,1.968541e-01,1.977432e-01,1.983117e-01,1.990476e-01,1.997896e-01,2.003388e-01,2.011250e-01,2.021676e-01,2.025131e-01,2.036058e-01,2.039561e-01,2.049970e-01,2.058660e-01,2.062679e-01,2.071143e-01,2.079341e-01,2.085359e-01,2.091952e-01,2.100356e-01,2.106526e-01,2.112390e-01,2.121838e-01,2.125794e-01,2.133353e-01,2.142525e-01,2.148220e-01,2.155089e-01,2.166070e-01,2.170936e-01,2.179217e-01,2.187026e-01,2.192891e-01,2.201424e-01,2.209032e-01,2.214094e-01,2.222360e-01,2.229757e-01,2.235572e-01,2.240393e-01,2.248882e-01,2.256477e-01,2.261999e-01,2.266946e-01,2.275741e-01,2.280754e-01,2.286787e-01,2.294670e-01,2.300784e-01,2.305995e-01,2.312551e-01,2.320630e-01,2.326894e-01,2.331774e-01,2.338105e-01,2.346082e-01,2.349516e-01,2.358573e-01,2.363607e-01,2.369748e-01,2.372872e-01,2.379148e-01,2.383899e-01,2.390165e-01,2.396470e-01,2.398562e-01,2.404998e-01,2.411394e-01,2.414646e-01,2.419964e-01,2.423243e-01,2.429752e-01,2.433141e-01,2.439712e-01,2.446324e-01,2.452978e-01,2.455183e-01,2.461893e-01,2.465781e-01,2.472555e-01,2.475999e-01,2.479453e-01,2.485184e-01,2.488267e-01,2.491761e-01,2.498702e-01,2.501827e-01,2.505042e-01,2.506952e-01,2.513995e-01,2.516764e-01,2.520027e-01,2.521968e-01,2.525169e-01,2.527974e-01,2.529604e-01,2.532832e-01,2.535663e-01,2.538503e-01,2.541353e-01,2.544214e-01,2.545877e-01,2.544727e-01,2.547602e-01,2.550487e-01,2.553381e-01,2.556365e-01,2.558868e-01,2.561792e-01,2.560633e-01,2.563153e-01,2.565682e-01,2.567885e-01,2.566307e-01,2.568438e-01,2.570162e-01,2.568242e-01,2.569556e-01,2.570876e-01,2.568458e-01,2.571117e-01,2.568356e-01,2.569686e-01,2.566845e-01,2.569520e-01,2.567168e-01,2.568509e-01,2.567421e-01,2.568770e-01,2.566754e-01,2.569532e-01,2.567093e-01,2.566005e-01,2.567366e-01,2.569746e-01,2.568239e-01,2.569195e-01,2.567688e-01,2.564816e-01,2.566721e-01,2.563918e-01,2.566252e-01,2.564742e-01,2.561861e-01,2.564628e-01,2.562166e-01,2.561569e-01,2.560480e-01,2.558860e-01,2.558615e-01,2.558369e-01,2.556818e-01,2.557418e-01,2.556219e-01,2.560695e-01,2.559987e-01,2.561015e-01,2.562044e-01,2.562114e-01,2.563568e-01,2.563707e-01,2.565588e-01,2.566083e-01,2.567966e-01,2.568530e-01,2.570416e-01,2.571336e-01,2.573650e-01,2.574641e-01,2.575562e-01,2.577880e-01,2.574881e-01,2.575872e-01,2.577219e-01,2.579536e-01,2.580458e-01,2.581450e-01,2.582799e-01,2.583722e-01,2.583248e-01,2.580324e-01,2.581246e-01,2.580777e-01,2.579883e-01,2.575523e-01,2.576514e-01,2.575627e-01,2.573361e-01,2.569039e-01,2.568162e-01,2.565988e-01,2.561282e-01,2.558632e-01,2.557768e-01,2.551331e-01,2.548707e-01,2.542394e-01,2.539793e-01,2.532136e-01,2.529559e-01,2.521557e-01,2.519006e-01,2.512795e-01,2.509382e-01,2.503300e-01,2.496314e-01,2.494238e-01,2.487317e-01,2.481707e-01,2.478407e-01,2.472849e-01,2.466080e-01,2.464147e-01,2.457440e-01,2.455456e-01,2.450034e-01,2.443019e-01,2.437260e-01,2.431533e-01,2.425838e-01,2.423592e-01,2.417539e-01,2.411920e-01,2.405159e-01,2.399608e-01,2.398514e-01,2.393000e-01,2.388668e-01,2.379989e-01,2.376182e-01,2.370790e-01,2.369729e-01,2.365499e-01,2.360891e-01,2.356697e-01,2.351014e-01,2.346861e-01,2.342332e-01,2.336726e-01,2.331148e-01,2.323638e-01,2.319276e-01,2.310393e-01,2.304950e-01,2.300592e-01,2.296252e-01,2.287939e-01,2.283650e-01,2.279379e-01,2.275124e-01,2.268002e-01,2.262772e-01,2.255735e-01,2.251575e-01,2.247430e-01,2.243302e-01,2.236396e-01,2.232381e-01,2.225927e-01,2.222863e-01,2.216096e-01,2.213060e-01,2.207321e-01,2.204895e-01,2.199200e-01,2.196212e-01,2.191139e-01,2.188745e-01,2.180123e-01,2.178686e-01,2.172758e-01,2.167789e-01,2.164514e-01,2.160501e-01,2.156874e-01,2.150623e-01,2.143201e-01,2.139623e-01,2.134428e-01,2.128362e-01,2.122328e-01,2.119691e-01,2.110287e-01,2.103982e-01,2.100511e-01,2.094618e-01,2.087469e-01,2.081642e-01,2.077381e-01,2.066448e-01,2.062241e-01,2.056542e-01,2.051230e-01,2.044703e-01,2.034874e-01,2.031947e-01,2.025892e-01,2.021092e-01,2.016316e-01,2.011564e-01,2.004566e-01,2.000656e-01,1.996337e-01,1.992463e-01,1.988186e-01,1.980398e-01,1.979018e-01,1.973091e-01,1.968913e-01,1.964756e-01,1.961366e-01,1.954174e-01,1.950829e-01,1.948232e-01,1.944182e-01,1.940879e-01,1.931514e-01,1.928606e-01,1.925369e-01,1.922145e-01,1.914974e-01,1.911093e-01,1.907231e-01,1.901106e-01,1.897980e-01,1.890628e-01,1.886865e-01,1.880889e-01,1.877506e-01,1.868527e-01,1.866715e-01,1.860880e-01,1.855029e-01,1.851746e-01,1.843043e-01,1.839168e-01,1.833526e-01,1.830271e-01,1.821503e-01,1.817729e-01,1.812854e-01,1.809120e-01,1.800211e-01,1.796208e-01,1.790861e-01,1.786846e-01,1.778237e-01,1.771777e-01,1.766214e-01,1.762620e-01,1.753571e-01,1.749453e-01,1.743389e-01,1.738993e-01,1.729545e-01,1.409813e-02,1.409813e-02,1.409813e-02,1.409813e-02,1.409813e-02,1.409813e-02,1.409813e-02,1.409813e-02,1.409813e-02,1.409813e-02,1.409813e-02,1.409813e-02,1.409813e-02,1.409813e-02,1.409813e-02,1.409813e-02,1.409813e-02,1.409813e-02,1.409813e-02,1.409813e-02,1.409813e-02,1.409813e-02,1.409813e-02,1.409813e-02,1.409813e-02,1.409813e-02,1.409813e-02,1.409813e-02,1.409813e-02,1.409813e-02,1.409813e-02,1.409813e-02,1.409813e-02,1.409813e-02,1.409813e-02,1.409813e-02,1.409813e-02,1.409813e-02,1.409813e-02,1.409813e-02,1.409813e-02,1.409813e-02,1.409813e-02,1.409813e-02,1.409813e-02,1.409813e-02,1.409813e-02,1.409813e-02,1.409813e-02,1.409813e-02,1.409813e-02,1.409813e-02,1.409813e-02,1.409813e-02,1.409813e-02,1.409813e-02,1.409813e-02,1.409813e-02,1.409813e-02,1.409813e-02,1.409813e-02,1.409813e-02,1.409813e-02,1.409813e-02,1.409813e-02,1.409813e-02,1.409813e-02,1.409813e-02,1.409813e-02,1.409813e-02,1.409813e-02,1.409813e-02,1.409813e-02,1.409813e-02,1.409813e-02,1.409813e-02,1.409813e-02,1.409813e-02,1.409813e-02,1.409813e-02,1.409813e-02,1.409813e-02,1.409813e-02,1.409813e-02,1.409813e-02,1.409813e-02,1.409813e-02,1.409813e-02,1.409813e-02,1.409813e-02,1.409813e-02,1.409813e-02,1.409813e-02,1.409813e-02,1.409813e-02,1.409813e-02,1.409813e-02,1.409813e-02,1.409813e-02,1.409813e-02,1.409813e-02,1.409813e-02,1.409813e-02,1.409813e-02,1.409813e-02,1.409813e-02,1.409813e-02,1.409813e-02,1.409813e-02,1.409813e-02,1.409813e-02,1.409813e-02,1.409813e-02,1.409813e-02,1.409813e-02,1.409813e-02,1.409813e-02,1.409813e-02,1.409813e-02,1.409813e-02,1.409813e-02,1.409813e-02,1.409813e-02,1.409813e-02,1.409813e-02,1.409813e-02,1.409813e-02,1.409813e-02,1.409813e-02,1.409813e-02,1.409813e-02,1.409813e-02,1.409813e-02,1.409813e-02,1.409813e-02,1.409813e-02,1.409813e-02,1.409813e-02,1.409813e-02,1.409813e-02,1.409813e-02,1.409813e-02,1.409813e-02,1.409813e-02,1.409813e-02,1.409813e-02,1.409813e-02,1.409813e-02,1.409813e-02,1.409813e-02,1.409813e-02,1.409813e-02,1.409813e-02,1.409813e-02,1.409813e-02,1.409813e-02,1.409813e-02,1.409813e-02,1.409813e-02,1.409813e-02,1.409813e-02
3.448480e-02,3.447661e-02,3.446652e-02,3.445656e-02,3.444671e-02,3.447586e-02,3.454205e-02,3.457130e-02,3.463944e-02,3.470563e-02,3.477371e-02,3.483981e-02,3.494680e-02,3.505387e-02,3.515903e-02,3.526614e-02,3.537326e-02,3.548037e-02,3.558943e-02,3.573543e-02,3.584439e-02,3.595327e-02,3.610105e-02,3.621187e-02,3.636166e-02,3.650949e-02,3.665919e-02,3.681076e-02,3.696044e-02,3.714903e-02,3.733949e-02,3.752797e-02,3.775733e-02,3.798479e-02,3.821423e-02,3.844368e-02,3.867121e-02,3.890072e-02,3.916915e-02,3.939679e-02,3.962643e-02,3.985624e-02,4.008420e-02,4.027524e-02,4.050336e-02,4.069472e-02,4.088618e-02,4.103693e-02,4.122891e-02,4.138234e-02,4.153425e-02,4.168859e-02,4.180465e-02,4.192111e-02,4.203793e-02,4.215499e-02,4.227432e-02,4.239207e-02,4.247089e-02,4.259024e-02,4.270742e-02,4.282442e-02,4.294253e-02,4.305850e-02,4.317651e-02,4.329298e-02,4.341096e-02,4.352871e-02,4.364408e-02,4.376161e-02,4.387919e-02,4.399414e-02,4.407225e-02,4.418952e-02,4.426597e-02,4.438326e-02,4.450072e-02,4.461936e-02,4.473612e-02,4.489387e-02,4.505197e-02,4.524853e-02,4.544818e-02,4.564864e-02,4.588766e-02,4.616913e-02,4.641367e-02,4.665878e-02,4.694751e-02,4.723805e-02,4.749416e-02,4.775203e-02,4.805563e-02,4.832462e-02,4.860026e-02,4.888109e-02,4.917175e-02,4.947051e-02,4.973974e-02,5.006042e-02,5.039377e-02,5.073862e-02,5.109854e-02,5.143611e-02,5.183196e-02,5.224481e-02,5.267886e-02,5.313478e-02,5.361217e-02,5.414796e-02,5.467108e-02,5.525903e-02,5.583068e-02,5.646686e-02,5.712518e-02,5.779328e-02,5.851241e-02,5.919360e-02,5.987021e-02,6.053523e-02,6.118022e-02,6.179709e-02,6.238146e-02,6.292232e-02,6.337128e-02,6.376505e-02,6.409058e-02,6.437481e-02,6.460815e-02,6.471291e-02,6.482171e-02,6.486674e-02,6.489860e-02,6.484746e-02,6.478265e-02,6.470403e-02,6.461921e-02,6.448717e-02,6.440169e-02,6.427660e-02,6.420981e-02,6.413184e-02,6.406196e-02,6.401894e-02,6.401812e-02,6.400314e-02,6.403131e-02,6.412364e-02,6.417493e-02,6.431880e-02,6.443687e-02,6.459269e-02,6.475478e-02,6.495969e-02,6.516671e-02,6.537281e-02,6.557809e-02,6.579376e-02,6.604119e-02,6.625022e-02,6.650281e-02,6.671962e-02,6.696114e-02,6.716029e-02,6.735074e-02,6.753218e-02,6.770745e-02,6.786732e-02,6.802780e-02,6.818285e-02,6.829566e-02,6.840764e-02,6.852095e-02,6.867826e-02,6.880196e-02,6.888972e-02,6.902380e-02,6.916427e-02,6.931316e-02,6.946572e-02,6.962336e-02,6.978539e-02,6.995296e-02,7.012381e-02,7.033918e-02,7.051692e-02,7.069958e-02,7.088671e-02,7.107780e-02,7.123068e-02,7.142963e-02,7.159166e-02,7.179655e-02,7.196025e-02,7.213175e-02,7.230581e-02,7.244140e-02,7.261815e-02,7.279397e-02,7.296900e-02,7.313905e-02,7.330904e-02,7.347798e-02,7.364220e-02,7.379898e-02,7.399581e-02,7.414734e-02,7.429339e-02,7.443746e-02,7.454059e-02,7.468087e-02,7.478102e-02,7.492026e-02,7.502088e-02,7.512019e-02,7.522259e-02,7.532702e-02,7.539631e-02,7.550834e-02,7.562367e-02,7.574553e-02,7.586724e-02,7.599709e-02,7.612908e-02,7.626774e-02,7.640669e-02,7.654833e-02,7.669488e-02,7.684317e-02,7.699208e-02,7.713842e-02,7.728666e-02,7.743020e-02,7.752764e-02,7.766261e-02,7.778984e-02,7.791251e-02,7.802461e-02,7.813443e-02,7.824030e-02,7.838401e-02,7.852372e-02,7.866412e-02,7.880393e-02,7.894592e-02,7.909010e-02,7.924080e-02,7.939339e-02,7.955015e-02,7.971523e-02,7.988163e-02,8.005436e-02,8.018828e-02,8.032595e-02,8.046125e-02,8.059744e-02,8.073064e-02,8.086381e-02,8.099386e-02,8.108537e-02,8.121431e-02,8.134493e-02,8.143682e-02,8.157150e-02,8.170882e-02,8.184664e-02,8.198888e-02,8.213218e-02,8.227939e-02,8.246563e-02,8.261608e-02,8.280493e-02,8.295771e-02,8.314822e-02,8.334123e-02,8.353293e-02,8.372694e-02,8.391980e-02,8.415202e-02,8.434883e-02,8.454461e-02,8.474595e-02,8.494792e-02,8.519584e-02,8.541415e-02,8.564537e-02,8.589397e-02,8.617128e-02,8.648125e-02,8.680262e-02,8.722364e-02,8.768323e-02,8.827237e-02,8.893554e-02,8.971914e-02,9.062250e-02,9.166414e-02,9.284625e-02,9.416046e-02,9.554920e-02,9.709803e-02,9.876014e-02,1.004510e-01,1.022465e-01,1.041015e-01,1.059974e-01,1.079338e-01,1.099013e-01,1.119022e-01,1.139950e-01,1.161175e-01,1.182673e-01,1.204558e-01,1.226780e-01,1.249437e-01,1.272341e-01,1.296124e-01,1.319695e-01,1.343505e-01,1.367117e-01,1.392746e-01,1.416713e-01,1.440852e-01,1.464550e-01,1.488680e-01,1.512742e-01,1.536712e-01,1.560580e-01,1.584147e-01,1.607422e-01,1.630347e-01,1.653361e-01,1.675599e-01,1.698004e-01,1.720026e-01,1.741182e-01,1.761917e-01,1.782010e-01,1.801213e-01,1.820257e-01,1.838591e-01,1.855443e-01,1.871621e-01,1.886663e-01,1.901580e-01,1.915392e-01,1.929091e-01,1.941670e-01,1.953511e-01,1.965021e-01,1.976314e-01,1.986912e-01,1.997565e-01,2.008789e-01,2.019607e-01,2.030951e-01,2.041936e-01,2.052917e-01,2.064412e-01,2.075445e-01,2.087018e-01,2.097548e-01,2.108545e-01,2.119498e-01,2.129869e-01,2.140636e-01,2.151346e-01,2.161940e-01,2.171854e-01,2.182112e-01,2.192236e-01,2.202158e-01,2.211823e-01,2.221916e-01,2.231078e-01,2.239953e-01,2.248551e-01,2.256776e-01,2.264642e-01,2.271487e-01,2.278564e-01,2.283600e-01,2.289883e-01,2.295546e-01,2.301233e-01,2.306914e-01,2.312013e-01,2.317783e-01,2.322923e-01,2.328727e-01,2.334530e-01,2.339735e-01,2.345622e-01,2.350866e-01,2.356745e-01,2.362024e-01,2.367325e-01,2.373287e-01,2.378629e-01,2.383338e-01,2.388690e-01,2.393432e-01,2.398187e-01,2.402938e-01,2.407041e-01,2.411848e-01,2.416674e-01,2.421488e-01,2.426360e-01,2.430524e-01,2.435422e-01,2.439619e-01,2.444487e-01,2.450095e-01,2.454994e-01,2.459908e-01,2.464832e-01,2.469766e-01,2.474718e-01,2.480357e-01,2.485340e-01,2.490320e-01,2.495984e-01,2.500250e-01,2.505951e-01,2.510972e-01,2.515191e-01,2.520256e-01,2.525328e-01,2.529687e-01,2.533325e-01,2.536976e-01,2.540714e-01,2.543680e-01,2.546699e-01,2.550523e-01,2.553542e-01,2.555913e-01,2.558978e-01,2.562836e-01,2.565910e-01,2.569002e-01,2.572777e-01,2.575875e-01,2.579673e-01,2.583479e-01,2.587308e-01,2.591138e-01,2.595655e-01,2.599485e-01,2.604032e-01,2.608581e-01,2.612297e-01,2.616864e-01,2.620603e-01,2.625183e-01,2.629765e-01,2.633546e-01,2.638165e-01,2.641919e-01,2.646552e-01,2.650334e-01,2.654285e-01,2.658080e-01,2.661189e-01,2.664304e-01,2.668280e-01,2.671401e-01,2.673838e-01,2.676983e-01,2.680301e-01,2.682741e-01,2.685187e-01,2.687647e-01,2.689390e-01,2.691843e-01,2.694323e-01,2.696775e-01,2.699250e-01,2.701720e-01,2.704885e-01,2.707160e-01,2.710346e-01,2.714233e-01,2.718120e-01,2.721111e-01,2.725023e-01,2.729649e-01,2.733537e-01,2.737244e-01,2.741173e-01,2.745099e-01,2.748807e-01,2.751829e-01,2.755801e-01,2.758819e-01,2.762747e-01,2.765792e-01,2.769762e-01,2.772771e-01,2.775097e-01,2.777440e-01,2.779743e-01,2.782058e-01,2.784418e-01,2.786764e-01,2.789089e-01,2.791385e-01,2.793718e-01,2.796060e-01,2.798404e-01,2.800722e-01,2.803729e-01,2.806744e-01,2.809794e-01,2.812861e-01,2.815867e-01,2.818797e-01,2.821799e-01,2.825545e-01,2.828581e-01,2.831551e-01,2.835109e-01,2.838061e-01,2.841039e-01,2.843997e-01,2.846960e-01,2.849911e-01,2.852822e-01,2.854978e-01,2.857766e-01,2.859925e-01,2.862771e-01,2.864877e-01,2.867068e-01,2.869161e-01,2.870973e-01,2.872941e-01,2.874279e-01,2.876376e-01,2.878304e-01,2.879835e-01,2.881750e-01,2.883034e-01,2.884907e-01,2.886781e-01,2.888542e-01,2.890418e-01,2.892365e-01,2.894503e-01,2.895351e-01,2.897431e-01,2.899094e-01,2.901175e-01,2.903213e-01,2.905294e-01,2.907548e-01,2.909816e-01,2.912243e-01,2.915418e-01,2.917803e-01,2.920002e-01,2.923395e-01,2.926345e-01,2.929871e-01,2.932709e-01,2.935519e-01,2.938418e-01,2.941449e-01,2.943587e-01,2.945901e-01,2.948114e-01,2.949534e-01,2.951129e-01,2.951829e-01,2.953324e-01,2.954878e-01,2.955858e-01,2.957414e-01,2.959811e-01,2.961474e-01,2.963874e-01,2.966217e-01,2.969391e-01,2.972521e-01,2.975713e-01,2.978790e-01,2.982046e-01,2.986030e-01,2.989220e-01,2.993106e-01,2.996432e-01,3.000384e-01,3.003584e-01,3.006754e-01,3.010760e-01,3.013996e-01,3.016493e-01,3.019839e-01,3.023082e-01,3.025598e-01,3.028116e-01,3.030685e-01,3.033145e-01,3.035669e-01,3.038195e-01,3.040783e-01,3.042535e-01,3.045117e-01,3.048444e-01,3.050933e-01,3.054265e-01,3.056759e-01,3.060034e-01,3.063204e-01,3.067280e-01,3.070455e-01,3.073621e-01,3.076801e-01,3.080107e-01,3.083353e-01,3.086602e-01,3.089117e-01,3.092371e-01,3.094890e-01,3.097348e-01,3.099808e-01,3.102149e-01,3.103937e-01,3.106418e-01,3.108145e-01,3.109637e-01,3.111129e-01,3.112732e-01,3.114353e-01,3.115975e-01,3.117597e-01,3.119157e-01,3.120781e-01,3.122343e-01,3.123906e-01,3.125357e-01,3.127662e-01,3.129163e-01,3.131295e-01,3.133475e-01,3.135609e-01,3.137807e-01,3.140055e-01,3.142942e-01,3.145822e-01,3.148640e-01,3.152255e-01,3.155064e-01,3.158672e-01,3.162141e-01,3.165676e-01,3.169882e-01,3.173344e-01,3.177530e-01,3.181046e-01,3.184544e-01,3.188714e-01,3.192139e-01,3.196223e-01,3.199628e-01,3.202969e-01,3.206354e-01,3.209740e-01,3.212298e-01,3.214860e-01,3.217401e-01,3.219182e-01,3.221712e-01,3.223483e-01,3.224501e-01,3.226117e-01,3.227799e-01,3.229525e-01,3.230502e-01,3.232216e-01,3.233794e-01,3.235354e-01,3.236914e-01,3.238450e-01,3.240054e-01,3.241580e-01,3.243168e-01,3.244672e-01,3.246166e-01,3.247585e-01,3.248993e-01,3.250465e-01,3.251986e-01,3.253430e-01,3.254798e-01,3.256089e-01,3.257370e-01,3.258581e-01,3.259974e-01,3.261356e-01,3.262733e-01,3.263977e-01,3.265222e-01,3.266607e-01,3.267985e-01,3.269296e-01,3.270541e-01,3.271719e-01,3.273039e-01,3.274418e-01,3.275730e-01,3.276908e-01,3.277402e-01,3.278848e-01,3.280435e-01,3.281881e-01,3.283061e-01,3.284240e-01,3.286239e-01,3.287485e-01,3.289427e-01,3.291226e-01,3.293026e-01,3.294959e-01,3.296959e-01,3.298692e-01,3.300102e-01,3.301437e-01,3.302971e-01,3.304506e-01,3.305775e-01,3.305694e-01,3.306168e-01,3.306091e-01,3.306148e-01,3.306284e-01,3.306344e-01,3.305325e-01,3.304401e-01,3.302010e-01,3.299694e-01,3.298235e-01,3.297041e-01,3.295330e-01,3.292731e-01,3.290000e-01,3.288310e-01,3.287333e-01,3.286552e-01,3.285516e-01,3.284163e-01,3.283006e-01,3.282612e-01,3.281462e-01,3.281694e-01,3.282563e-01,3.283432e-01,3.285046e-01,3.286660e-01,3.288274e-01,3.290632e-01,3.292991e-01,3.295985e-01,3.298345e-01,3.301357e-01,3.305098e-01,3.308095e-01,3.310456e-01,3.313454e-01,3.315707e-01,3.317961e-01,3.319577e-01,3.320448e-01,3.321957e-01,3.323466e-01,3.324229e-01,3.325739e-01,3.327248e-01,3.327374e-01,3.328883e-01,3.330393e-01,3.331921e-01,3.332793e-01,3.334303e-01,3.335175e-01,3.336686e-01,3.338943e-01,3.339707e-01,3.340580e-01,3.342091e-01,3.342856e-01,3.344367e-01,3.344494e-01,3.345259e-01,3.346024e-01,3.346789e-01,3.346808e-01,3.347573e-01,3.348338e-01,3.349743e-01,3.350509e-01,3.351274e-01,3.352040e-01,3.352806e-01,3.353571e-01,3.353851e-01,3.355256e-01,3.356022e-01,3.356788e-01,3.357554e-01,3.358474e-01,3.358492e-01,3.359899e-01,3.360665e-01,3.360945e-01,3.360963e-01,3.363118e-01,3.364038e-01,3.364823e-01,3.366492e-01,3.368007e-01,3.369522e-01,3.371298e-01,3.373563e-01,3.375981e-01,3.378246e-01,3.380023e-01,3.383038e-01,3.385458e-01,3.387985e-01,3.391645e-01,3.393423e-01,3.396441e-01,3.398883e-01,3.401153e-01,3.403577e-01,3.405356e-01,3.407626e-01,3.408655e-01,3.410176e-01,3.411851e-01,3.412129e-01,3.413546e-01,3.413825e-01,3.414750e-01,3.414769e-01,3.415048e-01,3.415973e-01,3.416744e-01,3.417023e-01,3.417968e-01,3.419490e-01,3.421167e-01,3.422197e-01,3.423719e-01,3.424750e-01,3.426272e-01,3.427303e-01,3.429085e-01,3.431255e-01,3.432286e-01,3.434069e-01,3.436240e-01,3.437271e-01,3.438795e-01,3.439827e-01,3.440859e-01,3.442383e-01,3.442684e-01,3.444209e-01,3.444489e-01,3.445367e-01,3.445648e-01,3.445774e-01,3.446055e-01,3.446183e-01,3.445713e-01,3.446486e-01,3.446123e-01,3.446896e-01,3.447024e-01,3.446663e-01,3.446814e-01,3.446944e-01,3.447228e-01,3.447358e-01,3.447489e-01,3.447774e-01,3.447905e-01,3.448037e-01,3.448169e-01,3.447814e-01,3.447947e-01,3.448080e-01,3.448214e-01,3.447709e-01,3.447844e-01,3.447341e-01,3.447477e-01,3.448098e-01,3.446629e-01,3.447250e-01,3.447236e-01,3.447222e-01,3.446574e-01,3.446079e-01,3.445434e-01,3.444942e-01,3.444452e-01,3.444443e-01,3.443324e-01,3.442838e-01,3.441724e-01,3.441091e-01,3.439983e-01,3.438878e-01,3.437776e-01,3.436677e-01,3.435608e-01,3.433422e-01,3.432186e-01,3.430013e-01,3.428933e-01,3.427856e-01,3.426636e-01,3.425418e-01,3.422661e-01,3.420379e-01,3.418105e-01,3.416907e-01,3.415252e-01,3.413747e-01,3.410759e-01,3.407462e-01,3.404180e-01,3.401819e-01,3.398705e-01,3.396648e-01,3.394598e-01,3.394330e-01,3.393027e-01,3.391729e-01,3.390297e-01,3.387843e-01,3.384820e-01,3.381372e-01,3.378385e-01,3.375689e-01,3.374590e-01,3.371917e-01,3.370695e-01,3.367749e-01,3.365383e-01,3.362460e-01,3.360541e-01,3.357639e-01,3.355735e-01,3.353146e-01,3.352094e-01,3.352192e-01,3.351444e-01,3.347861e-01,3.343607e-01,3.341063e-01,3.337807e-01,3.333600e-01,3.330239e-01,3.325085e-01,3.319980e-01,3.313239e-01,3.305112e-01,3.295946e-01,3.287187e-01,3.276289e-01,3.263951e-01,3.253140e-01,3.240680e-01,3.228493e-01,3.214026e-01,3.203369e-01,3.186440e-01,3.168568e-01,3.148537e-01,3.131228e-01,3.106946e-01,3.083203e-01,3.060159e-01,3.034264e-01,3.015695e-01,2.989624e-01,2.965455e-01,2.940946e-01,2.914342e-01,2.887952e-01,2.870561e-01,2.849000e-01,2.821429e-01,2.797849e-01,2.774422e-01,2.755060e-01,2.732757e-01,2.710268e-01,2.689311e-01,2.671569e-01,2.655836e-01,2.638190e-01,2.620918e-01,2.606679e-01,2.590359e-01,2.576702e-01,2.563291e-01,2.550881e-01,2.540954e-01,2.531756e-01,2.522262e-01,2.513012e-01,2.504482e-01,2.498036e-01,2.491991e-01,2.485776e-01,2.479414e-01,2.473862e-01,2.470390e-01,2.465033e-01,2.459680e-01,2.456347e-01,2.453049e-01,2.451928e-01,2.449398e-01,2.446331e-01,2.445402e-01,2.443093e-01,2.442120e-01,2.441440e-01,2.440553e-01,2.439748e-01,2.439091e-01,2.438370e-01,2.437587e-01,2.436390e-01,2.437026e-01,2.435907e-01,2.436822e-01,2.437737e-01,2.438722e-01,2.437817e-01,2.438595e-01,2.439718e-01,2.440633e-01,2.443645e-01,2.444630e-01,2.446246e-01,2.447655e-01,2.451097e-01,2.452506e-01,2.456094e-01,2.459550e-01,2.463365e-01,2.465547e-01,2.468949e-01,2.474290e-01,2.478560e-01,2.482202e-01,2.487668e-01,2.493089e-01,2.498752e-01,2.506155e-01,2.511885e-01,2.517151e-01,2.524614e-01,2.529646e-01,2.537354e-01,2.544475e-01,2.549683e-01,2.558965e-01,2.564411e-01,2.571750e-01,2.578644e-01,2.584293e-01,2.594030e-01,2.599348e-01,2.606645e-01,2.614242e-01,2.621998e-01,2.627639e-01,2.635333e-01,2.643167e-01,2.649103e-01,2.659491e-01,2.665347e-01,2.673538e-01,2.682060e-01,2.690701e-01,2.697034e-01,2.705387e-01,2.714497e-01,2.723196e-01,2.729620e-01,2.737774e-01,2.746884e-01,2.752654e-01,2.762032e-01,2.768503e-01,2.777708e-01,2.783802e-01,2.790219e-01,2.798749e-01,2.805062e-01,2.811416e-01,2.820998e-01,2.827460e-01,2.834184e-01,2.840880e-01,2.847476e-01,2.856991e-01,2.861178e-01,2.871137e-01,2.878327e-01,2.882136e-01,2.888940e-01,2.899429e-01,2.903155e-01,2.910348e-01,2.917034e-01,2.924332e-01,2.931758e-01,2.936006e-01,2.943442e-01,2.951397e-01,2.956035e-01,2.964327e-01,2.969979e-01,2.978423e-01,2.987510e-01,2.993562e-01,3.003011e-01,3.008542e-01,3.016964e-01,3.022544e-01,3.031926e-01,3.036834e-01,3.041831e-01,3.050422e-01,3.055015e-01,3.059422e-01,3.067206e-01,3.071208e-01,3.075676e-01,3.079501e-01,3.087266e-01,3.091136e-01,3.095021e-01,3.099138e-01,3.103054e-01,3.106985e-01,3.111441e-01,3.115313e-01,3.117846e-01,3.121379e-01,3.124699e-01,3.128053e-01,3.131970e-01,3.135713e-01,3.139192e-01,3.144024e-01,3.147593e-01,3.151800e-01,3.155759e-01,3.159755e-01,3.164368e-01,3.169062e-01,3.173366e-01,3.178325e-01,3.183734e-01,3.187354e-01,3.192763e-01,3.196088e-01,3.200702e-01,3.205081e-01,3.208376e-01,3.212244e-01,3.216072e-01,3.219764e-01,3.222025e-01,3.225316e-01,3.228231e-01,3.230213e-01,3.232037e-01,3.234286e-01,3.236542e-01,3.240241e-01,3.242576e-01,3.245765e-01,3.249562e-01,3.252506e-01,3.254301e-01,3.257154e-01,3.259287e-01,3.261820e-01,3.265154e-01,3.268430e-01,3.270541e-01,3.274123e-01,3.276978e-01,3.280343e-01,3.283272e-01,3.286730e-01,3.288671e-01,3.291996e-01,3.293708e-01,3.296551e-01,3.298994e-01,3.302294e-01,3.304807e-01,3.307604e-01,3.309672e-01,3.312194e-01,3.314205e-01,3.317187e-01,3.318747e-01,3.321390e-01,3.324274e-01,3.326754e-01,3.329756e-01,3.331784e-01,3.333635e-01,3.336187e-01,3.337760e-01,3.339967e-01,3.341542e-01,3.343752e-01,3.344515e-01,3.347782e-01,3.349775e-01,3.352285e-01,3.353575e-01,3.355623e-01,3.357268e-01,3.359320e-01,3.359197e-01,3.360902e-01,3.361845e-01,3.363308e-01,3.364008e-01,3.365474e-01,3.366063e-01,3.367285e-01,3.367048e-01,3.368874e-01,3.368748e-01,3.369440e-01,3.369612e-01,3.371021e-01,3.370357e-01,3.371407e-01,3.371347e-01,3.373104e-01,3.372085e-01,3.372310e-01,3.372364e-01,3.372702e-01,3.372288e-01,3.372160e-01,3.371154e-01,3.371494e-01,3.370487e-01,3.370828e-01,3.369824e-01,3.370407e-01,3.371173e-01,3.376712e-01,3.375706e-01,3.376642e-01,3.377404e-01,3.377522e-01,3.377228e-01,3.377703e-01,3.377764e-01,3.377999e-01,3.377712e-01,3.377840e-01,3.376042e-01,3.376221e-01,3.375652e-01,3.374323e-01,3.373410e-01,3.372545e-01,3.369960e-01,3.369620e-01,3.367499e-01,3.366245e-01,3.364929e-01,3.363723e-01,3.361337e-01,3.360029e-01,3.357824e-01,3.356244e-01,3.354603e-01,3.352071e-01,3.350056e-01,3.348320e-01,3.345700e-01,3.344143e-01,3.342650e-01,3.340929e-01,3.339171e-01,3.337457e-01,3.334973e-01,3.334000e-01,3.332087e-01,3.329950e-01,3.327819e-01,3.325829e-01,3.323706e-01,3.322680e-01,3.320894e-01,3.319938e-01,3.317624e-01,3.316278e-01,3.314666e-01,3.313983e-01,3.313235e-01,3.312386e-01,3.311540e-01,3.311122e-01,3.309922e-01,3.310947e-01,3.310653e-01,3.309770e-01,3.309256e-01,3.309444e-01,3.308853e-01,3.308718e-01,3.307214e-01,3.306979e-01,3.307488e-01,3.306307e-01,3.305651e-01,3.304775e-01,3.303698e-01,3.303313e-01,3.302409e-01,3.302227e-01,3.301107e-01,3.300461e-01,3.299547e-01,3.298753e-01,3.297012e-01,3.296106e-01,3.295104e-01,3.293376e-01,3.290554e-01,3.288465e-01,3.287302e-01,3.285123e-01,3.282638e-01,3.280160e-01,3.278096e-01,3.276069e-01,3.273511e-01,3.272076e-01,3.270058e-01,3.269032e-01,3.266992e-01,3.265568e-01,3.264548e-01,3.263834e-01,3.262816e-01,3.262386e-01,3.261675e-01,3.262750e-01,3.263544e-01,3.262810e-01,3.263276e-01,3.263648e-01,3.263715e-01,3.265871e-01,3.266642e-01,3.266805e-01,3.267272e-01,3.267458e-01,3.267925e-01,3.267482e-01,3.267438e-01,3.266693e-01,3.266348e-01,3.266211e-01,3.267077e-01,3.267640e-01,3.267828e-01,3.269187e-01,3.269638e-01,3.270599e-01,3.271163e-01,3.272901e-01,3.273582e-01,3.274942e-01,3.276324e-01,3.277382e-01,3.278535e-01,3.280529e-01,3.281002e-01,3.282179e-01,3.283239e-01,3.284322e-01,3.284627e-01,3.284322e-01,3.284089e-01,3.284066e-01,3.283360e-01,3.282558e-01,3.281474e-01,3.281169e-01,3.280767e-01,3.281166e-01,3.279755e-01,3.279281e-01,3.278479e-01,3.277772e-01,3.278075e-01,3.277064e-01,3.276358e-01,3.276734e-01,3.276334e-01,3.276236e-01,3.276213e-01,3.276473e-01,3.275043e-01,3.275607e-01,3.275605e-01,3.275562e-01,3.274420e-01,3.274872e-01,3.274928e-01,3.274515e-01,3.274780e-01,3.275045e-01,3.274601e-01,3.274008e-01,3.273396e-01,3.271294e-01,3.269408e-01,3.265701e-01,3.261805e-01,3.259572e-01,3.256980e-01,3.254181e-01,3.246903e-01,3.239394e-01,3.235911e-01,3.228385e-01,3.216931e-01,3.208904e-01,3.200901e-01,3.189348e-01,3.177565e-01,3.165983e-01,3.153599e-01,3.141525e-01,3.122630e-01,3.110701e-01,3.084923e-01,3.065786e-01,3.045291e-01,3.027617e-01,3.003930e-01,2.984032e-01,2.959194e-01,2.936444e-01,2.901742e-01,2.873111e-01,2.845928e-01,2.814021e-01,2.784831e-01,2.750246e-01,2.718071e-01,2.668263e-01,2.631193e-01,2.593091e-01,2.556615e-01,2.513342e-01,2.476633e-01,2.421196e-01,2.380302e-01,2.341525e-01,2.303124e-01,2.263618e-01,2.216218e-01,2.179020e-01,2.145726e-01,2.113540e-01,2.081947e-01,2.045519e-01,2.017842e-01,1.993291e-01,1.970954e-01,1.950854e-01,1.923605e-01,1.906345e-01,1.890198e-01,1.873541e-01,1.857205e-01,1.841493e-01,1.830304e-01,1.819875e-01,1.809708e-01,1.799739e-01,1.790515e-01,1.785332e-01,1.776904e-01,1.772397e-01,1.764712e-01,1.761328e-01,1.757526e-01,1.754243e-01,1.751494e-01,1.748812e-01,1.746152e-01,1.746481e-01,1.743819e-01,1.744106e-01,1.742016e-01,1.742282e-01,1.742614e-01,1.743428e-01,1.740939e-01,1.741313e-01,1.741206e-01,1.741602e-01,1.744417e-01,1.744396e-01,1.744372e-01,1.743866e-01,1.746696e-01,1.746255e-01,1.749190e-01,1.749210e-01,1.752097e-01,1.755532e-01,1.756018e-01,1.759918e-01,1.763884e-01,1.767895e-01,1.772421e-01,1.773778e-01,1.778800e-01,1.783477e-01,1.788577e-01,1.793308e-01,1.798486e-01,1.803349e-01,1.808690e-01,1.813638e-01,1.818642e-01,1.823677e-01,1.828799e-01,1.833528e-01,1.838741e-01,1.844046e-01,1.849353e-01,1.854725e-01,1.864261e-01,1.865694e-01,1.875527e-01,1.881299e-01,1.882809e-01,1.891716e-01,1.897552e-01,1.904496e-01,1.909769e-01,1.917830e-01,1.923103e-01,1.928011e-01,1.936016e-01,1.942463e-01,1.949598e-01,1.955290e-01,1.963269e-01,1.968534e-01,1.976548e-01,1.982641e-01,1.987712e-01,1.995621e-01,2.001770e-01,2.009416e-01,2.014638e-01,2.022361e-01,2.027198e-01,2.034545e-01,2.040217e-01,2.046477e-01,2.051584e-01,2.058749e-01,2.063999e-01,2.070664e-01,2.075459e-01,2.082414e-01,2.087272e-01,2.094736e-01,2.100244e-01,2.104898e-01,2.112675e-01,2.120570e-01,2.126127e-01,2.133236e-01,2.138918e-01,2.146186e-01,2.151093e-01,2.158649e-01,2.163527e-01,2.170188e-01,2.174720e-01,2.182026e-01,2.186592e-01,2.192878e-01,2.197325e-01,2.204022e-01,2.207113e-01,2.212792e-01,2.217404e-01,2.223020e-01,2.229674e-01,2.232686e-01,2.238456e-01,2.242274e-01,2.248385e-01,2.250467e-01,2.256417e-01,2.261637e-01,2.265602e-01,2.269845e-01,2.273053e-01,2.279234e-01,2.281410e-01,2.286847e-01,2.291236e-01,2.294550e-01,2.298992e-01,2.301227e-01,2.306570e-01,2.312231e-01,2.313983e-01,2.318562e-01,2.320859e-01,2.324323e-01,2.328973e-01,2.331301e-01,2.335999e-01,2.339254e-01,2.343339e-01,2.347443e-01,2.350426e-01,2.355092e-01,2.361406e-01,2.363127e-01,2.370036e-01,2.371767e-01,2.377674e-01,2.382901e-01,2.385079e-01,2.389818e-01,2.394053e-01,2.397021e-01,2.400533e-01,2.404851e-01,2.407878e-01,2.410381e-01,2.415797e-01,2.417535e-01,2.422202e-01,2.427226e-01,2.431199e-01,2.434900e-01,2.442158e-01,2.445052e-01,2.450432e-01,2.455311e-01,2.459324e-01,2.464863e-01,2.469261e-01,2.472227e-01,2.477219e-01,2.481126e-01,2.484775e-01,2.487235e-01,2.492325e-01,2.496306e-01,2.499394e-01,2.501897e-01,2.507164e-01,2.509689e-01,2.513390e-01,2.517477e-01,2.521214e-01,2.523857e-01,2.528177e-01,2.532336e-01,2.536137e-01,2.538185e-01,2.542014e-01,2.545764e-01,2.548014e-01,2.552952e-01,2.555049e-01,2.558399e-01,2.560120e-01,2.563575e-01,2.565142e-01,2.568544e-01,2.571964e-01,2.572445e-01,2.575964e-01,2.579421e-01,2.581197e-01,2.583383e-01,2.585169e-01,2.588673e-01,2.590552e-01,2.594083e-01,2.597633e-01,2.601200e-01,2.601700e-01,2.605288e-01,2.607782e-01,2.611399e-01,2.613255e-01,2.615117e-01,2.617492e-01,2.618791e-01,2.620668e-01,2.624354e-01,2.625671e-01,2.627074e-01,2.627016e-01,2.630742e-01,2.631502e-01,2.632924e-01,2.632869e-01,2.634214e-01,2.634987e-01,2.634439e-01,2.635793e-01,2.636574e-01,2.637359e-01,2.638147e-01,2.638939e-01,2.638394e-01,2.636741e-01,2.637537e-01,2.638336e-01,2.639139e-01,2.640027e-01,2.640258e-01,2.641072e-01,2.639414e-01,2.639650e-01,2.639890e-01,2.639633e-01,2.637391e-01,2.637054e-01,2.636138e-01,2.633393e-01,2.631895e-01,2.630399e-01,2.626987e-01,2.626951e-01,2.623035e-01,2.621540e-01,2.617541e-01,2.617511e-01,2.614172e-01,2.612679e-01,2.610725e-01,2.609234e-01,2.606394e-01,2.606458e-01,2.603030e-01,2.601078e-01,2.599590e-01,2.599080e-01,2.596544e-01,2.594476e-01,2.591941e-01,2.587916e-01,2.586751e-01,2.582802e-01,2.582228e-01,2.579693e-01,2.575660e-01,2.575680e-01,2.572231e-01,2.570948e-01,2.569000e-01,2.566725e-01,2.565953e-01,2.565181e-01,2.562982e-01,2.563388e-01,2.561699e-01,2.564094e-01,2.563070e-01,2.564072e-01,2.565078e-01,2.565155e-01,2.566753e-01,2.566908e-01,2.569101e-01,2.569769e-01,2.571966e-01,2.572712e-01,2.574913e-01,2.576174e-01,2.578972e-01,2.580311e-01,2.581573e-01,2.584377e-01,2.583613e-01,2.584953e-01,2.586808e-01,2.589614e-01,2.590877e-01,2.592219e-01,2.594075e-01,2.595339e-01,2.595057e-01,2.594371e-01,2.595634e-01,2.595357e-01,2.594490e-01,2.592205e-01,2.593545e-01,2.592687e-01,2.590310e-01,2.588059e-01,2.587215e-01,2.584948e-01,2.582142e-01,2.579232e-01,2.578409e-01,2.573573e-01,2.570701e-01,2.565998e-01,2.563159e-01,2.556986e-01,2.554185e-01,2.547509e-01,2.544746e-01,2.540141e-01,2.536588e-01,2.532120e-01,2.526803e-01,2.524708e-01,2.519464e-01,2.515620e-01,2.512227e-01,2.508436e-01,2.503346e-01,2.501430e-01,2.496408e-01,2.494444e-01,2.490783e-01,2.485292e-01,2.481122e-01,2.476980e-01,2.472865e-01,2.470502e-01,2.465862e-01,2.461816e-01,2.456565e-01,2.452579e-01,2.451435e-01,2.447482e-01,2.444759e-01,2.439274e-01,2.437226e-01,2.433366e-01,2.432259e-01,2.429606e-01,2.426404e-01,2.423775e-01,2.419437e-01,2.416836e-01,2.413688e-01,2.409410e-01,2.405155e-01,2.400570e-01,2.397562e-01,2.391355e-01,2.387201e-01,2.384168e-01,2.381148e-01,2.375619e-01,2.372632e-01,2.369656e-01,2.366691e-01,2.362335e-01,2.358338e-01,2.354033e-01,2.351128e-01,2.348233e-01,2.345349e-01,2.341118e-01,2.338334e-01,2.334690e-01,2.332876e-01,2.328719e-01,2.326918e-01,2.323798e-01,2.322465e-01,2.319360e-01,2.317576e-01,2.314940e-01,2.313612e-01,2.308697e-01,2.308358e-01,2.304757e-01,2.302147e-01,2.299849e-01,2.298223e-01,2.295389e-01,2.291215e-01,2.287366e-01,2.284551e-01,2.281441e-01,2.277384e-01,2.273340e-01,2.271495e-01,2.265225e-01,2.260684e-01,2.257916e-01,2.253934e-01,2.248440e-01,2.244489e-01,2.240838e-01,2.233932e-01,2.230313e-01,2.226423e-01,2.223079e-01,2.218262e-01,2.212640e-01,2.210493e-01,2.206270e-01,2.203529e-01,2.200798e-01,2.198077e-01,2.194181e-01,2.192334e-01,2.190175e-01,2.188338e-01,2.186193e-01,2.182699e-01,2.182437e-01,2.179530e-01,2.177421e-01,2.175322e-01,2.174050e-01,2.171162e-01,2.169903e-01,2.169457e-01,2.167393e-01,2.166143e-01,2.161735e-01,2.161024e-01,2.159792e-01,2.158562e-01,2.155261e-01,2.153258e-01,2.151263e-01,2.147732e-01,2.146533e-01,2.142725e-01,2.140769e-01,2.137300e-01,2.135604e-01,2.130934e-01,2.129722e-01,2.126309e-01,2.122852e-01,2.121187e-01,2.116621e-01,2.114239e-01,2.110908e-01,2.109209e-01,2.104528e-01,2.102190e-01,2.099637e-01,2.097316e-01,2.092166e-01,2.089359e-01,2.086159e-01,2.083313e-01,2.078337e-01,2.073492e-01,2.069800e-01,2.067230e-01,2.061299e-01,2.058082e-01,2.053439e-01,2.049735e-01,2.042906e-01,2.487023e-02,2.487023e-02,2.487023e-02,2.487023e-02,2.487023e-02,2.487023e-02,2.487023e-02,2.487023e-02,2.487023e-02,2.487023e-02,2.487023e-02,2.487023e-02,2.487023e-02,2.487023e-02,2.487023e-02,2.487023e-02,2.487023e-02,2.487023e-02,2.487023e-02,2.487023e-02,2.487023e-02,2.487023e-02,2.487023e-02,2.487023e-02,2.487023e-02,2.487023e-02,2.487023e-02,2.487023e-02,2.487023e-02,2.487023e-02,2.487023e-02,2.487023e-02,2.487023e-02,2.487023e-02,2.487023e-02,2.487023e-02,2.487023e-02,2.487023e-02,2.487023e-02,2.487023e-02,2.487023e-02,2.487023e-02,2.487023e-02,2.487023e-02,2.487023e-02,2.487023e-02,2.487023e-02,2.487023e-02,2.487023e-02,2.487023e-02,2.487023e-02,2.487023e-02,2.487023e-02,2.487023e-02,2.487023e-02,2.487023e-02,2.487023e-02,2.487023e-02,2.487023e-02,2.487023e-02,2.487023e-02,2.487023e-02,2.487023e-02,2.487023e-02,2.487023e-02,2.487023e-02,2.487023e-02,2.487023e-02,2.487023e-02,2.487023e-02,2.487023e-02,2.487023e-02,2.487023e-02,2.487023e-02,2.487023e-02,2.487023e-02,2.487023e-02,2.487023e-02,2.487023e-02,2.487023e-02,2.487023e-02,2.487023e-02,2.487023e-02,2.487023e-02,2.487023e-02,2.487023e-02,2.487023e-02,2.487023e-02,2.487023e-02,2.487023e-02,2.487023e-02,2.487023e-02,2.487023e-02,2.487023e-02,2.487023e-02,2.487023e-02,2.487023e-02,2.487023e-02,2.487023e-02,2.487023e-02,2.487023e-02,2.487023e-02,2.487023e-02,2.487023e-02,2.487023e-02,2.487023e-02,2.487023e-02,2.487023e-02,2.487023e-02,2.487023e-02,2.487023e-02,2.487023e-02,2.487023e-02,2.487023e-02,2.487023e-02,2.487023e-02,2.487023e-02,2.487023e-02,2.487023e-02,2.487023e-02,2.487023e-02,2.487023e-02,2.487023e-02,2.487023e-02,2.487023e-02,2.487023e-02,2.487023e-02,2.487023e-02,2.487023e-02,2.487023e-02,2.487023e-02,2.487023e-02,2.487023e-02,2.487023e-02,2.487023e-02,2.487023e-02,2.487023e-02,2.487023e-02,2.487023e-02,2.487023e-02,2.487023e-02,2.487023e-02,2.487023e-02,2.487023e-02,2.487023e-02,2.487023e-02,2.487023e-02,2.487023e-02,2.487023e-02,2.487023e-02,2.487023e-02,2.487023e-02,2.487023e-02,2.487023e-02,2.487023e-02,2.487023e-02,2.487023e-02,2.487023e-02,2.487023e-02,2.487023e-02,2.487023e-02
1.519300e-02,1.520964e-02,1.522566e-02,1.524883e-02,1.528556e-02,1.533901e-02,1.540433e-02,1.547199e-02,1.554418e-02,1.561042e-02,1.566934e-02,1.572096e-02,1.579061e-02,1.587732e-02,1.596822e-02,1.606355e-02,1.615865e-02,1.624963e-02,1.634244e-02,1.643478e-02,1.650855e-02,1.656554e-02,1.662222e-02,1.667478e-02,1.674621e-02,1.680667e-02,1.684949e-02,1.687694e-02,1.691044e-02,1.695487e-02,1.697955e-02,1.698960e-02,1.701005e-02,1.704180e-02,1.708429e-02,1.713080e-02,1.717563e-02,1.723552e-02,1.730408e-02,1.738225e-02,1.747617e-02,1.761841e-02,1.777972e-02,1.794240e-02,1.813304e-02,1.835429e-02,1.858284e-02,1.881727e-02,1.910840e-02,1.942562e-02,1.977601e-02,2.015031e-02,2.055362e-02,2.095757e-02,2.136310e-02,2.174976e-02,2.213274e-02,2.251203e-02,2.286892e-02,2.318360e-02,2.346810e-02,2.372939e-02,2.393932e-02,2.412957e-02,2.431808e-02,2.451449e-02,2.469207e-02,2.485262e-02,2.499463e-02,2.514814e-02,2.530480e-02,2.542389e-02,2.554346e-02,2.568035e-02,2.580954e-02,2.593685e-02,2.607304e-02,2.624816e-02,2.642268e-02,2.660319e-02,2.679815e-02,2.703493e-02,2.730838e-02,2.760671e-02,2.794077e-02,2.831330e-02,2.873369e-02,2.919558e-02,2.970892e-02,3.028421e-02,3.089398e-02,3.153611e-02,3.223953e-02,3.302466e-02,3.383072e-02,3.469337e-02,3.561990e-02,3.663193e-02,3.768007e-02,3.877951e-02,3.997839e-02,4.116937e-02,4.243944e-02,4.375889e-02,4.513048e-02,4.654067e-02,4.800769e-02,4.952189e-02,5.107828e-02,5.260413e-02,5.419612e-02,5.583025e-02,5.746587e-02,5.913694e-02,6.079189e-02,6.240400e-02,6.398434e-02,6.549093e-02,6.691008e-02,6.823934e-02,6.945740e-02,7.054533e-02,7.151073e-02,7.232739e-02,7.297254e-02,7.346287e-02,7.369811e-02,7.387853e-02,7.391816e-02,7.381428e-02,7.361358e-02,7.340313e-02,7.321242e-02,7.283252e-02,7.239844e-02,7.191293e-02,7.139648e-02,7.084435e-02,7.029718e-02,6.973216e-02,6.927805e-02,6.865560e-02,6.805587e-02,6.758316e-02,6.706838e-02,6.667274e-02,6.624156e-02,6.593765e-02,6.557883e-02,6.526025e-02,6.504276e-02,6.476768e-02,6.450872e-02,6.426497e-02,6.402862e-02,6.378838e-02,6.354484e-02,6.337652e-02,6.314274e-02,6.290929e-02,6.269648e-02,6.253237e-02,6.226682e-02,6.202615e-02,6.174749e-02,6.141822e-02,6.105171e-02,6.057633e-02,6.013930e-02,5.966617e-02,5.916973e-02,5.866046e-02,5.814892e-02,5.765059e-02,5.716046e-02,5.668489e-02,5.624091e-02,5.581847e-02,5.542538e-02,5.505424e-02,5.470648e-02,5.437015e-02,5.405228e-02,5.376011e-02,5.348954e-02,5.322881e-02,5.299597e-02,5.278055e-02,5.258812e-02,5.240714e-02,5.226031e-02,5.212522e-02,5.201631e-02,5.187163e-02,5.179466e-02,5.173358e-02,5.167451e-02,5.161695e-02,5.156573e-02,5.150946e-02,5.139273e-02,5.130325e-02,5.119518e-02,5.107008e-02,5.086623e-02,5.068665e-02,5.047160e-02,5.017645e-02,4.990264e-02,4.959459e-02,4.928248e-02,4.891470e-02,4.858221e-02,4.822717e-02,4.782927e-02,4.748710e-02,4.711527e-02,4.678866e-02,4.648952e-02,4.619133e-02,4.596817e-02,4.573389e-02,4.557581e-02,4.541334e-02,4.531581e-02,4.521561e-02,4.514012e-02,4.513191e-02,4.510172e-02,4.511610e-02,4.508511e-02,4.507600e-02,4.500067e-02,4.487137e-02,4.473218e-02,4.449356e-02,4.422527e-02,4.384032e-02,4.340160e-02,4.292528e-02,4.238127e-02,4.179084e-02,4.120086e-02,4.055760e-02,3.991201e-02,3.926419e-02,3.866552e-02,3.807791e-02,3.752810e-02,3.707328e-02,3.664079e-02,3.627100e-02,3.592267e-02,3.560955e-02,3.526333e-02,3.488218e-02,3.446124e-02,3.398533e-02,3.344110e-02,3.281683e-02,3.215824e-02,3.143204e-02,3.070807e-02,2.996717e-02,2.924631e-02,2.855571e-02,2.789340e-02,2.732199e-02,2.680354e-02,2.638271e-02,2.599641e-02,2.570080e-02,2.545836e-02,2.527492e-02,2.512764e-02,2.505188e-02,2.499861e-02,2.503670e-02,2.512557e-02,2.535775e-02,2.567490e-02,2.626167e-02,2.697205e-02,2.801955e-02,2.924980e-02,3.085704e-02,3.271670e-02,3.489268e-02,3.735930e-02,4.020745e-02,4.334855e-02,4.679008e-02,5.053971e-02,5.464036e-02,5.894517e-02,6.341294e-02,6.807292e-02,7.293232e-02,7.781964e-02,8.269146e-02,8.759310e-02,9.257576e-02,9.734844e-02,1.020084e-01,1.065597e-01,1.109804e-01,1.152784e-01,1.194541e-01,1.235276e-01,1.277934e-01,1.317294e-01,1.355790e-01,1.393757e-01,1.431058e-01,1.468005e-01,1.504225e-01,1.540233e-01,1.575499e-01,1.610253e-01,1.644433e-01,1.682770e-01,1.715850e-01,1.748483e-01,1.778953e-01,1.810237e-01,1.840843e-01,1.870789e-01,1.900394e-01,1.928902e-01,1.956658e-01,1.983641e-01,2.009940e-01,2.035523e-01,2.060580e-01,2.084111e-01,2.107428e-01,2.130140e-01,2.152068e-01,2.172496e-01,2.193172e-01,2.213097e-01,2.230566e-01,2.248258e-01,2.264317e-01,2.280792e-01,2.295687e-01,2.311046e-01,2.324834e-01,2.338908e-01,2.351773e-01,2.365000e-01,2.376635e-01,2.388251e-01,2.400976e-01,2.412742e-01,2.425515e-01,2.437506e-01,2.449421e-01,2.462349e-01,2.474322e-01,2.487414e-01,2.498401e-01,2.510372e-01,2.522316e-01,2.533189e-01,2.544927e-01,2.556710e-01,2.568416e-01,2.578966e-01,2.590359e-01,2.601747e-01,2.612993e-01,2.623982e-01,2.635120e-01,2.645771e-01,2.656224e-01,2.666570e-01,2.676578e-01,2.686339e-01,2.695628e-01,2.704846e-01,2.711472e-01,2.719424e-01,2.727205e-01,2.735029e-01,2.742798e-01,2.750514e-01,2.758490e-01,2.765260e-01,2.773296e-01,2.781287e-01,2.788172e-01,2.796361e-01,2.803318e-01,2.810419e-01,2.817435e-01,2.824493e-01,2.832769e-01,2.839900e-01,2.846847e-01,2.853952e-01,2.860959e-01,2.867991e-01,2.874971e-01,2.880754e-01,2.887882e-01,2.895045e-01,2.902140e-01,2.909390e-01,2.915284e-01,2.922581e-01,2.928536e-01,2.934734e-01,2.942346e-01,2.948600e-01,2.954878e-01,2.961174e-01,2.967486e-01,2.973832e-01,2.980446e-01,2.986845e-01,2.993234e-01,2.999884e-01,3.004903e-01,3.011619e-01,3.018073e-01,3.022941e-01,3.029478e-01,3.036023e-01,3.042247e-01,3.047096e-01,3.051970e-01,3.058054e-01,3.062665e-01,3.067383e-01,3.073641e-01,3.078355e-01,3.082888e-01,3.087697e-01,3.094020e-01,3.098844e-01,3.103703e-01,3.108813e-01,3.113684e-01,3.118836e-01,3.124004e-01,3.129264e-01,3.134475e-01,3.139942e-01,3.145147e-01,3.150669e-01,3.156189e-01,3.160114e-01,3.165665e-01,3.169631e-01,3.175203e-01,3.180774e-01,3.184868e-01,3.190510e-01,3.194493e-01,3.200157e-01,3.204192e-01,3.209612e-01,3.213669e-01,3.217479e-01,3.221347e-01,3.226812e-01,3.230640e-01,3.234229e-01,3.238106e-01,3.243376e-01,3.247020e-01,3.250623e-01,3.254255e-01,3.257582e-01,3.261198e-01,3.264922e-01,3.268532e-01,3.272193e-01,3.275841e-01,3.279796e-01,3.281996e-01,3.285940e-01,3.290203e-01,3.294408e-01,3.296902e-01,3.301156e-01,3.305752e-01,3.309950e-01,3.312731e-01,3.317010e-01,3.321332e-01,3.324108e-01,3.326651e-01,3.331060e-01,3.333590e-01,3.337851e-01,3.340488e-01,3.344831e-01,3.347335e-01,3.349615e-01,3.351985e-01,3.354215e-01,3.356470e-01,3.358870e-01,3.361186e-01,3.363460e-01,3.365670e-01,3.368014e-01,3.370318e-01,3.372626e-01,3.374880e-01,3.377418e-01,3.379919e-01,3.382490e-01,3.385150e-01,3.387626e-01,3.389946e-01,3.392468e-01,3.395274e-01,3.397807e-01,3.400259e-01,3.402676e-01,3.405087e-01,3.407495e-01,3.409860e-01,3.412290e-01,3.414637e-01,3.416957e-01,3.418828e-01,3.420837e-01,3.422814e-01,3.424942e-01,3.426806e-01,3.428774e-01,3.430597e-01,3.431802e-01,3.433311e-01,3.434786e-01,3.436573e-01,3.438054e-01,3.438682e-01,3.440079e-01,3.441442e-01,3.442769e-01,3.444137e-01,3.445233e-01,3.446562e-01,3.448094e-01,3.448772e-01,3.448042e-01,3.448604e-01,3.449553e-01,3.450115e-01,3.450646e-01,3.451208e-01,3.452122e-01,3.453121e-01,3.454385e-01,3.456064e-01,3.457298e-01,3.458097e-01,3.460202e-01,3.462526e-01,3.464915e-01,3.467009e-01,3.469118e-01,3.471334e-01,3.473873e-01,3.475736e-01,3.477995e-01,3.480065e-01,3.481648e-01,3.483627e-01,3.484926e-01,3.486716e-01,3.488626e-01,3.490479e-01,3.492393e-01,3.494834e-01,3.496906e-01,3.499353e-01,3.501682e-01,3.504458e-01,3.507202e-01,3.510069e-01,3.512661e-01,3.515656e-01,3.518944e-01,3.521743e-01,3.524844e-01,3.527977e-01,3.531208e-01,3.534023e-01,3.536849e-01,3.540169e-01,3.543125e-01,3.545709e-01,3.548871e-01,3.551838e-01,3.554516e-01,3.557196e-01,3.559921e-01,3.562485e-01,3.565175e-01,3.567868e-01,3.570689e-01,3.573016e-01,3.575762e-01,3.578890e-01,3.581523e-01,3.584659e-01,3.587299e-01,3.590318e-01,3.593137e-01,3.596588e-01,3.599416e-01,3.602166e-01,3.605000e-01,3.608090e-01,3.611058e-01,3.614029e-01,3.616704e-01,3.619682e-01,3.622363e-01,3.624920e-01,3.627479e-01,3.629755e-01,3.632144e-01,3.634760e-01,3.637027e-01,3.638832e-01,3.640638e-01,3.642654e-01,3.644720e-01,3.646788e-01,3.648858e-01,3.650801e-01,3.652874e-01,3.654821e-01,3.656768e-01,3.658508e-01,3.660765e-01,3.662588e-01,3.664510e-01,3.666513e-01,3.668437e-01,3.670493e-01,3.672631e-01,3.674946e-01,3.677185e-01,3.679295e-01,3.681826e-01,3.683919e-01,3.686434e-01,3.688667e-01,3.691033e-01,3.693560e-01,3.695777e-01,3.698266e-01,3.700654e-01,3.702946e-01,3.705398e-01,3.707540e-01,3.709821e-01,3.711924e-01,3.713896e-01,3.715959e-01,3.718024e-01,3.719678e-01,3.721277e-01,3.722835e-01,3.724057e-01,3.725594e-01,3.726796e-01,3.727740e-01,3.728633e-01,3.729660e-01,3.730777e-01,3.731580e-01,3.732676e-01,3.733562e-01,3.734349e-01,3.735136e-01,3.735881e-01,3.736759e-01,3.737482e-01,3.738395e-01,3.739077e-01,3.739743e-01,3.740255e-01,3.740748e-01,3.741436e-01,3.742158e-01,3.742729e-01,3.743147e-01,3.743412e-01,3.743658e-01,3.743828e-01,3.744302e-01,3.744757e-01,3.745202e-01,3.745379e-01,3.745557e-01,3.746081e-01,3.746526e-01,3.746838e-01,3.747016e-01,3.747061e-01,3.747453e-01,3.747899e-01,3.748212e-01,3.748258e-01,3.748120e-01,3.748700e-01,3.749627e-01,3.750207e-01,3.750254e-01,3.750301e-01,3.750799e-01,3.750980e-01,3.751425e-01,3.751524e-01,3.751623e-01,3.751989e-01,3.752489e-01,3.752456e-01,3.751838e-01,3.751007e-01,3.750577e-01,3.750147e-01,3.749187e-01,3.746717e-01,3.744171e-01,3.741711e-01,3.739520e-01,3.737547e-01,3.735364e-01,3.732212e-01,3.728071e-01,3.722191e-01,3.716463e-01,3.712442e-01,3.708949e-01,3.704431e-01,3.698210e-01,3.691671e-01,3.687203e-01,3.684151e-01,3.681488e-01,3.678321e-01,3.674527e-01,3.671122e-01,3.668121e-01,3.664731e-01,3.662915e-01,3.662359e-01,3.661805e-01,3.661557e-01,3.661310e-01,3.661064e-01,3.661125e-01,3.661187e-01,3.662505e-01,3.662567e-01,3.663976e-01,3.665602e-01,3.666922e-01,3.666985e-01,3.668306e-01,3.669320e-01,3.670334e-01,3.670090e-01,3.669540e-01,3.670247e-01,3.670953e-01,3.671352e-01,3.672060e-01,3.672767e-01,3.671909e-01,3.672617e-01,3.673324e-01,3.674123e-01,3.673575e-01,3.674283e-01,3.673735e-01,3.674443e-01,3.675460e-01,3.675860e-01,3.675313e-01,3.676021e-01,3.676422e-01,3.677131e-01,3.676276e-01,3.676676e-01,3.677077e-01,3.677478e-01,3.677570e-01,3.677971e-01,3.678372e-01,3.680029e-01,3.680430e-01,3.680832e-01,3.681233e-01,3.681634e-01,3.682036e-01,3.679538e-01,3.681195e-01,3.681597e-01,3.681998e-01,3.682400e-01,3.681159e-01,3.681252e-01,3.682909e-01,3.683311e-01,3.680816e-01,3.680909e-01,3.682875e-01,3.681636e-01,3.682131e-01,3.681203e-01,3.681914e-01,3.682626e-01,3.680756e-01,3.681777e-01,3.681161e-01,3.682183e-01,3.680318e-01,3.681648e-01,3.681035e-01,3.679483e-01,3.682063e-01,3.680203e-01,3.681535e-01,3.681019e-01,3.682042e-01,3.681433e-01,3.679579e-01,3.680602e-01,3.678442e-01,3.679155e-01,3.678242e-01,3.675779e-01,3.677426e-01,3.674965e-01,3.673748e-01,3.673844e-01,3.671391e-01,3.670178e-01,3.670582e-01,3.668136e-01,3.667023e-01,3.667735e-01,3.666835e-01,3.664704e-01,3.665416e-01,3.663289e-01,3.664001e-01,3.661878e-01,3.660065e-01,3.662003e-01,3.659885e-01,3.658077e-01,3.660013e-01,3.657900e-01,3.658612e-01,3.656502e-01,3.654397e-01,3.655108e-01,3.652799e-01,3.653510e-01,3.651106e-01,3.650601e-01,3.648203e-01,3.647395e-01,3.645003e-01,3.644197e-01,3.641506e-01,3.641911e-01,3.638323e-01,3.638728e-01,3.637927e-01,3.634350e-01,3.633654e-01,3.632858e-01,3.630493e-01,3.629699e-01,3.628906e-01,3.626549e-01,3.625759e-01,3.624969e-01,3.624180e-01,3.620641e-01,3.619855e-01,3.619070e-01,3.618286e-01,3.616315e-01,3.615532e-01,3.613566e-01,3.612786e-01,3.614740e-01,3.607321e-01,3.609269e-01,3.610037e-01,3.610806e-01,3.610392e-01,3.608436e-01,3.608025e-01,3.606072e-01,3.604123e-01,3.604890e-01,3.601769e-01,3.599827e-01,3.596717e-01,3.596311e-01,3.593210e-01,3.590115e-01,3.587027e-01,3.583946e-01,3.580977e-01,3.574089e-01,3.572542e-01,3.565692e-01,3.562656e-01,3.559627e-01,3.558096e-01,3.556568e-01,3.548655e-01,3.543391e-01,3.538145e-01,3.536639e-01,3.532540e-01,3.526988e-01,3.521508e-01,3.512662e-01,3.503864e-01,3.500192e-01,3.490033e-01,3.483540e-01,3.477075e-01,3.474503e-01,3.468362e-01,3.462246e-01,3.457557e-01,3.449351e-01,3.440128e-01,3.428528e-01,3.419429e-01,3.407664e-01,3.400438e-01,3.388816e-01,3.383018e-01,3.373601e-01,3.365252e-01,3.355943e-01,3.350001e-01,3.340784e-01,3.334903e-01,3.329349e-01,3.333658e-01,3.340544e-01,3.342851e-01,3.333416e-01,3.324341e-01,3.318830e-01,3.313073e-01,3.304118e-01,3.299684e-01,3.293065e-01,3.281054e-01,3.265730e-01,3.246636e-01,3.225801e-01,3.206812e-01,3.185624e-01,3.162055e-01,3.142614e-01,3.123084e-01,3.108015e-01,3.092524e-01,3.086128e-01,3.064759e-01,3.039084e-01,3.005880e-01,2.976300e-01,2.934595e-01,2.890867e-01,2.852111e-01,2.808687e-01,2.776971e-01,2.734705e-01,2.696886e-01,2.658475e-01,2.616703e-01,2.573546e-01,2.547287e-01,2.513227e-01,2.469301e-01,2.432092e-01,2.393671e-01,2.363611e-01,2.327325e-01,2.291041e-01,2.257983e-01,2.230229e-01,2.205287e-01,2.175928e-01,2.147343e-01,2.124365e-01,2.095609e-01,2.071265e-01,2.047483e-01,2.025222e-01,2.006970e-01,1.989192e-01,1.969495e-01,1.950845e-01,1.932691e-01,1.917355e-01,1.903730e-01,1.888976e-01,1.873634e-01,1.859378e-01,1.848330e-01,1.834583e-01,1.820937e-01,1.810361e-01,1.799912e-01,1.793150e-01,1.783680e-01,1.774188e-01,1.768263e-01,1.759695e-01,1.753767e-01,1.749113e-01,1.743370e-01,1.738169e-01,1.733606e-01,1.728576e-01,1.723472e-01,1.718870e-01,1.716855e-01,1.712398e-01,1.711576e-01,1.710754e-01,1.710041e-01,1.706687e-01,1.705289e-01,1.705165e-01,1.704353e-01,1.707232e-01,1.706524e-01,1.706418e-01,1.705253e-01,1.707672e-01,1.706506e-01,1.709512e-01,1.711941e-01,1.715657e-01,1.715673e-01,1.717632e-01,1.722642e-01,1.725928e-01,1.728990e-01,1.734166e-01,1.739262e-01,1.745100e-01,1.752902e-01,1.758824e-01,1.765165e-01,1.772620e-01,1.777795e-01,1.785983e-01,1.794000e-01,1.799404e-01,1.810354e-01,1.816506e-01,1.824785e-01,1.833117e-01,1.839972e-01,1.851515e-01,1.856561e-01,1.863812e-01,1.871927e-01,1.880693e-01,1.886592e-01,1.894778e-01,1.903148e-01,1.909901e-01,1.922174e-01,1.928317e-01,1.937592e-01,1.947824e-01,1.956027e-01,1.963776e-01,1.972730e-01,1.984751e-01,1.994674e-01,2.002047e-01,2.011865e-01,2.022854e-01,2.029463e-01,2.041335e-01,2.050546e-01,2.063471e-01,2.071055e-01,2.079672e-01,2.091812e-01,2.099725e-01,2.107695e-01,2.121200e-01,2.129326e-01,2.138413e-01,2.147446e-01,2.155765e-01,2.168021e-01,2.174319e-01,2.187853e-01,2.198245e-01,2.202797e-01,2.211399e-01,2.226357e-01,2.232814e-01,2.242634e-01,2.252503e-01,2.262491e-01,2.272698e-01,2.278561e-01,2.288773e-01,2.298339e-01,2.303320e-01,2.314050e-01,2.320456e-01,2.329242e-01,2.340374e-01,2.345871e-01,2.358240e-01,2.363772e-01,2.371761e-01,2.377350e-01,2.388909e-01,2.394255e-01,2.399759e-01,2.410204e-01,2.416601e-01,2.422018e-01,2.431306e-01,2.437627e-01,2.443132e-01,2.448476e-01,2.460001e-01,2.465415e-01,2.470851e-01,2.477371e-01,2.482856e-01,2.488364e-01,2.496191e-01,2.502448e-01,2.505214e-01,2.510143e-01,2.513994e-01,2.517016e-01,2.521778e-01,2.526200e-01,2.530314e-01,2.535498e-01,2.539777e-01,2.545742e-01,2.548977e-01,2.553847e-01,2.558789e-01,2.563886e-01,2.568444e-01,2.574727e-01,2.580075e-01,2.582819e-01,2.589730e-01,2.591184e-01,2.596998e-01,2.601657e-01,2.605561e-01,2.611986e-01,2.615740e-01,2.622732e-01,2.625013e-01,2.631468e-01,2.636461e-01,2.640056e-01,2.642686e-01,2.647517e-01,2.650750e-01,2.657777e-01,2.662803e-01,2.670076e-01,2.677343e-01,2.683434e-01,2.686000e-01,2.692925e-01,2.696918e-01,2.702478e-01,2.707461e-01,2.712319e-01,2.717317e-01,2.724601e-01,2.728891e-01,2.733961e-01,2.738417e-01,2.743783e-01,2.747829e-01,2.752820e-01,2.754585e-01,2.759935e-01,2.763684e-01,2.769709e-01,2.773622e-01,2.778898e-01,2.782185e-01,2.786128e-01,2.789289e-01,2.793903e-01,2.796424e-01,2.799543e-01,2.805047e-01,2.808905e-01,2.813576e-01,2.816790e-01,2.817750e-01,2.821779e-01,2.824342e-01,2.826845e-01,2.829416e-01,2.831926e-01,2.832286e-01,2.836570e-01,2.840850e-01,2.844793e-01,2.845972e-01,2.849249e-01,2.851995e-01,2.855284e-01,2.853109e-01,2.857749e-01,2.860285e-01,2.862474e-01,2.862545e-01,2.864736e-01,2.865702e-01,2.865422e-01,2.864126e-01,2.867898e-01,2.865705e-01,2.862847e-01,2.862096e-01,2.862391e-01,2.856474e-01,2.855204e-01,2.853326e-01,2.852282e-01,2.844862e-01,2.841387e-01,2.838656e-01,2.834327e-01,2.830947e-01,2.825983e-01,2.821542e-01,2.817274e-01,2.810055e-01,2.805827e-01,2.798673e-01,2.794054e-01,2.794412e-01,2.810801e-01,2.803628e-01,2.800494e-01,2.795304e-01,2.790062e-01,2.783222e-01,2.779507e-01,2.774193e-01,2.768216e-01,2.761496e-01,2.756402e-01,2.747471e-01,2.741483e-01,2.736263e-01,2.728086e-01,2.721513e-01,2.714038e-01,2.705981e-01,2.699339e-01,2.691971e-01,2.686753e-01,2.681416e-01,2.675329e-01,2.666888e-01,2.661634e-01,2.655240e-01,2.648843e-01,2.642337e-01,2.634721e-01,2.627861e-01,2.622202e-01,2.615443e-01,2.609250e-01,2.605693e-01,2.600134e-01,2.595467e-01,2.589955e-01,2.582653e-01,2.579862e-01,2.575845e-01,2.569879e-01,2.563941e-01,2.559758e-01,2.553869e-01,2.551006e-01,2.546388e-01,2.543685e-01,2.539258e-01,2.535213e-01,2.531009e-01,2.528011e-01,2.524879e-01,2.522439e-01,2.520005e-01,2.518096e-01,2.515294e-01,2.515298e-01,2.515949e-01,2.515732e-01,2.514509e-01,2.517203e-01,2.519005e-01,2.520507e-01,2.521129e-01,2.523314e-01,2.527231e-01,2.529064e-01,2.530737e-01,2.530516e-01,2.531667e-01,2.533010e-01,2.533617e-01,2.533588e-01,2.533196e-01,2.531101e-01,2.529341e-01,2.530158e-01,2.527357e-01,2.525604e-01,2.524535e-01,2.521748e-01,2.518260e-01,2.516491e-01,2.515082e-01,2.513993e-01,2.511716e-01,2.509443e-01,2.507689e-01,2.507443e-01,2.505849e-01,2.506465e-01,2.506219e-01,2.507348e-01,2.505597e-01,2.506212e-01,2.507340e-01,2.509653e-01,2.510784e-01,2.512779e-01,2.515101e-01,2.519846e-01,2.524936e-01,2.525750e-01,2.528126e-01,2.531188e-01,2.533050e-01,2.538574e-01,2.542184e-01,2.543371e-01,2.545775e-01,2.546131e-01,2.548540e-01,2.547292e-01,2.546573e-01,2.544112e-01,2.542182e-01,2.542154e-01,2.545080e-01,2.546795e-01,2.547152e-01,2.549925e-01,2.549043e-01,2.551291e-01,2.553013e-01,2.554767e-01,2.554962e-01,2.557749e-01,2.562109e-01,2.563678e-01,2.564550e-01,2.568983e-01,2.569662e-01,2.572116e-01,2.573695e-01,2.576861e-01,2.578104e-01,2.579296e-01,2.578195e-01,2.579043e-01,2.579696e-01,2.581055e-01,2.580318e-01,2.581511e-01,2.583413e-01,2.586401e-01,2.585263e-01,2.587026e-01,2.588392e-01,2.589049e-01,2.592763e-01,2.592163e-01,2.592821e-01,2.594223e-01,2.593677e-01,2.596857e-01,2.597715e-01,2.598226e-01,2.595469e-01,2.597240e-01,2.599038e-01,2.598286e-01,2.596978e-01,2.597856e-01,2.598187e-01,2.597829e-01,2.600137e-01,2.602449e-01,2.601337e-01,2.602410e-01,2.604344e-01,2.599960e-01,2.597563e-01,2.592486e-01,2.588106e-01,2.586784e-01,2.584074e-01,2.580272e-01,2.570937e-01,2.560449e-01,2.556383e-01,2.548239e-01,2.533751e-01,2.523232e-01,2.515107e-01,2.501968e-01,2.487667e-01,2.473667e-01,2.458508e-01,2.444503e-01,2.420185e-01,2.405660e-01,2.371722e-01,2.346427e-01,2.320622e-01,2.299469e-01,2.269210e-01,2.247528e-01,2.217483e-01,2.194503e-01,2.152142e-01,2.117056e-01,2.083220e-01,2.043330e-01,2.007390e-01,1.962609e-01,1.920512e-01,1.854892e-01,1.805751e-01,1.757444e-01,1.711447e-01,1.657368e-01,1.611394e-01,1.540664e-01,1.490139e-01,1.441969e-01,1.394948e-01,1.344815e-01,1.285295e-01,1.238477e-01,1.197134e-01,1.157525e-01,1.117803e-01,1.070791e-01,1.036680e-01,1.006183e-01,9.781945e-02,9.537783e-02,9.186665e-02,8.975393e-02,8.778713e-02,8.571134e-02,8.364574e-02,8.166073e-02,8.031474e-02,7.902093e-02,7.776660e-02,7.653521e-02,7.536217e-02,7.468835e-02,7.358414e-02,7.296878e-02,7.191016e-02,7.136596e-02,7.081332e-02,7.029312e-02,6.979947e-02,6.932257e-02,6.885011e-02,6.880237e-02,6.831169e-02,6.825326e-02,6.781395e-02,6.774042e-02,6.770134e-02,6.768019e-02,6.724239e-02,6.721513e-02,6.717025e-02,6.715202e-02,6.753585e-02,6.752678e-02,6.751082e-02,6.747020e-02,6.784877e-02,6.784219e-02,6.825300e-02,6.825525e-02,6.864083e-02,6.905887e-02,6.907735e-02,6.950502e-02,6.994032e-02,7.038103e-02,7.085141e-02,7.087408e-02,7.134982e-02,7.185302e-02,7.233088e-02,7.282630e-02,7.330579e-02,7.381685e-02,7.433879e-02,7.485258e-02,7.537320e-02,7.589775e-02,7.643240e-02,7.696727e-02,7.751329e-02,7.807000e-02,7.860986e-02,7.916590e-02,8.025710e-02,8.029488e-02,8.143907e-02,8.205102e-02,8.211650e-02,8.312344e-02,8.371424e-02,8.446706e-02,8.502773e-02,8.591487e-02,8.644553e-02,8.693678e-02,8.784211e-02,8.845866e-02,8.923823e-02,8.982848e-02,9.076823e-02,9.129033e-02,9.215703e-02,9.281812e-02,9.338891e-02,9.429093e-02,9.492331e-02,9.581196e-02,9.636372e-02,9.722287e-02,9.777684e-02,9.859694e-02,9.925485e-02,9.994728e-02,1.005173e-01,1.013481e-01,1.019336e-01,1.026832e-01,1.032336e-01,1.040439e-01,1.045886e-01,1.053788e-01,1.059442e-01,1.063770e-01,1.071991e-01,1.080334e-01,1.085585e-01,1.092596e-01,1.097959e-01,1.104949e-01,1.109152e-01,1.116759e-01,1.120559e-01,1.126688e-01,1.130708e-01,1.138256e-01,1.142102e-01,1.147669e-01,1.150807e-01,1.157488e-01,1.159459e-01,1.162240e-01,1.165453e-01,1.169827e-01,1.175385e-01,1.174837e-01,1.179276e-01,1.181410e-01,1.184362e-01,1.182635e-01,1.187129e-01,1.188925e-01,1.191091e-01,1.191711e-01,1.191147e-01,1.195700e-01,1.193941e-01,1.195756e-01,1.196380e-01,1.195811e-01,1.196436e-01,1.194676e-01,1.198054e-01,1.199879e-01,1.198016e-01,1.198642e-01,1.196877e-01,1.196309e-01,1.196933e-01,1.195174e-01,1.195797e-01,1.196788e-01,1.196314e-01,1.195840e-01,1.194251e-01,1.193873e-01,1.197333e-01,1.194481e-01,1.198037e-01,1.195184e-01,1.198555e-01,1.200838e-01,1.200636e-01,1.202833e-01,1.204942e-01,1.205851e-01,1.209537e-01,1.211669e-01,1.212587e-01,1.213412e-01,1.218393e-01,1.218089e-01,1.221963e-01,1.224232e-01,1.227064e-01,1.228099e-01,1.233482e-01,1.233361e-01,1.237419e-01,1.238661e-01,1.241475e-01,1.245657e-01,1.246816e-01,1.246691e-01,1.250730e-01,1.251799e-01,1.254646e-01,1.254421e-01,1.258505e-01,1.259586e-01,1.262288e-01,1.262060e-01,1.266269e-01,1.266039e-01,1.268865e-01,1.269961e-01,1.272803e-01,1.272649e-01,1.275599e-01,1.276706e-01,1.279574e-01,1.279239e-01,1.282118e-01,1.283216e-01,1.284752e-01,1.288919e-01,1.288579e-01,1.291397e-01,1.292851e-01,1.295769e-01,1.295326e-01,1.298172e-01,1.301030e-01,1.299295e-01,1.302240e-01,1.305115e-01,1.306598e-01,1.306249e-01,1.307734e-01,1.310632e-01,1.312210e-01,1.315126e-01,1.318055e-01,1.320996e-01,1.319210e-01,1.322156e-01,1.323861e-01,1.326826e-01,1.328355e-01,1.329888e-01,1.329611e-01,1.331045e-01,1.332583e-01,1.335585e-01,1.337031e-01,1.338566e-01,1.336631e-01,1.339651e-01,1.341003e-01,1.342547e-01,1.340601e-01,1.342058e-01,1.343416e-01,1.341450e-01,1.342909e-01,1.344269e-01,1.345631e-01,1.346997e-01,1.348365e-01,1.346384e-01,1.346161e-01,1.347529e-01,1.348899e-01,1.350272e-01,1.351735e-01,1.353011e-01,1.354394e-01,1.354169e-01,1.355451e-01,1.356735e-01,1.358006e-01,1.357676e-01,1.358862e-01,1.359947e-01,1.359600e-01,1.360582e-01,1.361567e-01,1.361028e-01,1.365548e-01,1.364991e-01,1.365986e-01,1.365340e-01,1.369899e-01,1.369444e-01,1.370450e-01,1.373491e-01,1.374506e-01,1.374067e-01,1.378786e-01,1.378240e-01,1.381325e-01,1.382357e-01,1.387037e-01,1.390062e-01,1.391005e-01,1.394052e-01,1.393393e-01,1.397966e-01,1.397395e-01,1.402108e-01,1.405217e-01,1.404553e-01,1.409432e-01,1.408874e-01,1.412329e-01,1.415602e-01,1.415259e-01,1.418767e-01,1.422294e-01,1.422040e-01,1.425803e-01,1.425567e-01,1.431050e-01,1.431014e-01,1.434936e-01,1.438879e-01,1.438971e-01,1.443046e-01,1.443231e-01,1.447439e-01,1.447643e-01,1.451873e-01,1.452171e-01,1.456425e-01,1.456742e-01,1.461132e-01,1.461544e-01,1.461861e-01,1.466277e-01,1.464817e-01,1.465230e-01,1.465661e-01,1.470093e-01,1.470413e-01,1.470827e-01,1.471260e-01,1.471580e-01,1.467781e-01,1.466417e-01,1.466736e-01,1.462965e-01,1.459102e-01,1.453624e-01,1.454034e-01,1.450220e-01,1.442448e-01,1.437095e-01,1.433369e-01,1.425865e-01,1.420527e-01,1.412955e-01,1.409352e-01,1.400271e-01,1.392906e-01,1.384114e-01,1.376912e-01,1.364652e-01,1.357642e-01,1.345602e-01,1.338778e-01,1.330546e-01,1.320612e-01,1.312676e-01,1.301585e-01,1.295284e-01,1.284475e-01,1.276971e-01,1.267795e-01,1.260480e-01,1.250224e-01,1.244474e-01,1.234468e-01,1.228783e-01,1.221898e-01,1.212143e-01,1.205341e-01,1.198612e-01,1.191954e-01,1.186620e-01,1.179995e-01,1.173533e-01,1.164500e-01,1.158199e-01,1.155669e-01,1.149459e-01,1.145859e-01,1.138655e-01,1.135279e-01,1.129277e-01,1.126868e-01,1.123403e-01,1.119867e-01,1.116443e-01,1.110539e-01,1.107169e-01,1.103728e-01,1.097950e-01,1.092228e-01,1.087870e-01,1.084604e-01,1.077938e-01,1.072409e-01,1.069166e-01,1.065942e-01,1.059572e-01,1.056402e-01,1.053248e-01,1.050112e-01,1.046062e-01,1.040834e-01,1.036850e-01,1.033804e-01,1.030774e-01,1.027761e-01,1.023869e-01,1.020951e-01,1.017192e-01,1.016282e-01,1.012471e-01,1.011569e-01,1.009796e-01,1.010825e-01,1.009054e-01,1.008157e-01,1.008312e-01,1.009338e-01,1.006620e-01,1.009651e-01,1.007798e-01,1.007953e-01,1.006973e-01,1.009135e-01,1.008068e-01,1.006078e-01,1.005366e-01,1.004304e-01,1.004374e-01,1.002451e-01,1.000534e-01,1.001462e-01,9.966606e-02,9.946771e-02,9.936316e-02,9.917406e-02,9.877743e-02,9.859014e-02,9.829437e-02,9.792912e-02,9.763670e-02,9.745293e-02,9.727796e-02,9.690225e-02,9.656736e-02,9.647558e-02,9.611341e-02,9.595072e-02,9.578851e-02,9.562679e-02,9.538148e-02,9.540276e-02,9.525034e-02,9.527156e-02,9.511953e-02,9.499205e-02,9.509451e-02,9.503724e-02,9.488591e-02,9.473503e-02,9.476411e-02,9.464564e-02,9.467467e-02,9.488360e-02,9.473276e-02,9.476183e-02,9.455763e-02,9.459472e-02,9.462371e-02,9.465272e-02,9.452646e-02,9.437672e-02,9.422743e-02,9.399373e-02,9.402238e-02,9.388461e-02,9.373676e-02,9.350528e-02,9.352559e-02,9.331832e-02,9.340626e-02,9.317616e-02,9.294217e-02,9.296220e-02,9.275711e-02,9.260447e-02,9.237791e-02,9.239279e-02,9.202735e-02,9.187686e-02,9.182282e-02,9.167290e-02,9.130002e-02,9.114369e-02,9.092353e-02,9.076358e-02,9.040203e-02,9.000554e-02,8.977779e-02,8.978051e-02,8.940560e-02,8.924685e-02,8.900663e-02,8.884115e-02,8.845717e-02,5.659827e-03,5.659827e-03,5.659827e-03,5.659827e-03,5.659827e-03,5.659827e-03,5.659827e-03,5.659827e-03,5.659827e-03,5.659827e-03,5.659827e-03,5.659827e-03,5.659827e-03,5.659827e-03,5.659827e-03,5.659827e-03,5.659827e-03,5.659827e-03,5.659827e-03,5.659827e-03,5.659827e-03,5.659827e-03,5.659827e-03,5.659827e-03,5.659827e-03,5.659827e-03,5.659827e-03,5.659827e-03,5.659827e-03,5.659827e-03,5.659827e-03,5.659827e-03,5.659827e-03,5.659827e-03,5.659827e-03,5.659827e-03,5.659827e-03,5.659827e-03,5.659827e-03,5.659827e-03,5.659827e-03,5.659827e-03,5.659827e-03,5.659827e-03,5.659827e-03,5.659827e-03,5.659827e-03,5.659827e-03,5.659827e-03,5.659827e-03,5.659827e-03,5.659827e-03,5.659827e-03,5.659827e-03,5.659827e-03,5.659827e-03,5.659827e-03,5.659827e-03,5.659827e-03,5.659827e-03,5.659827e-03,5.659827e-03,5.659827e-03,5.659827e-03,5.659827e-03,5.659827e-03,5.659827e-03,5.659827e-03,5.659827e-03,5.659827e-03,5.659827e-03,5.659827e-03,5.659827e-03,5.659827e-03,5.659827e-03,5.659827e-03,5.659827e-03,5.659827e-03,5.659827e-03,5.659827e-03,5.659827e-03,5.659827e-03,5.659827e-03,5.659827e-03,5.659827e-03,5.659827e-03,5.659827e-03,5.659827e-03,5.659827e-03,5.659827e-03,5.659827e-03,5.659827e-03,5.659827e-03,5.659827e-03,5.659827e-03,5.659827e-03,5.659827e-03,5.659827e-03,5.659827e-03,5.659827e-03,5.659827e-03,5.659827e-03,5.659827e-03,5.659827e-03,5.659827e-03,5.659827e-03,5.659827e-03,5.659827e-03,5.659827e-03,5.659827e-03,5.659827e-03,5.659827e-03,5.659827e-03,5.659827e-03,5.659827e-03,5.659827e-03,5.659827e-03,5.659827e-03,5.659827e-03,5.659827e-03,5.659827e-03,5.659827e-03,5.659827e-03,5.659827e-03,5.659827e-03,5.659827e-03,5.659827e-03,5.659827e-03,5.659827e-03,5.659827e-03,5.659827e-03,5.659827e-03,5.659827e-03,5.659827e-03,5.659827e-03,5.659827e-03,5.659827e-03,5.659827e-03,5.659827e-03,5.659827e-03,5.659827e-03,5.659827e-03,5.659827e-03,5.659827e-03,5.659827e-03,5.659827e-03,5.659827e-03,5.659827e-03,5.659827e-03,5.659827e-03,5.659827e-03,5.659827e-03,5.659827e-03,5.659827e-03,5.659827e-03,5.659827e-03,5.659827e-03,5.659827e-03,5.659827e-03,5.659827e-03,5.659827e-03
2.579147e-02,2.577454e-02,2.575388e-02,2.573238e-02,2.571014e-02,2.569549e-02,2.568158e-02,2.566713e-02,2.565964e-02,2.564761e-02,2.564241e-02,2.563033e-02,2.562951e-02,2.562771e-02,2.561940e-02,2.561789e-02,2.561614e-02,2.561371e-02,2.561663e-02,2.562007e-02,2.562206e-02,2.562342e-02,2.563051e-02,2.563636e-02,2.565016e-02,2.565961e-02,2.567559e-02,2.569600e-02,2.571120e-02,2.573373e-02,2.575883e-02,2.577743e-02,2.580826e-02,2.583428e-02,2.586699e-02,2.589886e-02,2.592361e-02,2.595431e-02,2.599002e-02,2.601320e-02,2.604184e-02,2.607327e-02,2.610003e-02,2.612366e-02,2.615025e-02,2.617746e-02,2.620378e-02,2.621802e-02,2.624744e-02,2.627369e-02,2.629820e-02,2.633086e-02,2.635903e-02,2.638807e-02,2.641845e-02,2.644919e-02,2.648609e-02,2.651963e-02,2.654748e-02,2.658831e-02,2.662379e-02,2.666126e-02,2.670441e-02,2.674137e-02,2.678722e-02,2.682665e-02,2.687144e-02,2.691633e-02,2.695510e-02,2.699687e-02,2.703747e-02,2.706811e-02,2.709373e-02,2.712240e-02,2.713603e-02,2.715964e-02,2.718188e-02,2.720490e-02,2.722154e-02,2.725040e-02,2.728217e-02,2.731972e-02,2.736682e-02,2.742001e-02,2.747933e-02,2.755780e-02,2.763921e-02,2.771853e-02,2.782010e-02,2.792388e-02,2.803863e-02,2.815088e-02,2.828166e-02,2.841061e-02,2.854942e-02,2.869049e-02,2.884585e-02,2.900856e-02,2.917100e-02,2.935559e-02,2.955076e-02,2.974825e-02,2.996357e-02,3.018542e-02,3.043401e-02,3.069311e-02,3.096837e-02,3.127632e-02,3.161501e-02,3.196392e-02,3.233782e-02,3.273185e-02,3.314421e-02,3.362413e-02,3.414437e-02,3.466571e-02,3.523720e-02,3.584337e-02,3.649900e-02,3.720048e-02,3.795491e-02,3.873180e-02,3.956047e-02,4.041562e-02,4.132918e-02,4.226428e-02,4.323215e-02,4.424881e-02,4.533557e-02,4.641446e-02,4.757393e-02,4.876137e-02,5.007998e-02,5.136757e-02,5.274720e-02,5.413887e-02,5.562390e-02,5.707597e-02,5.863467e-02,6.018005e-02,6.188358e-02,6.344360e-02,6.499086e-02,6.673415e-02,6.839723e-02,7.019082e-02,7.187302e-02,7.372302e-02,7.542187e-02,7.712347e-02,7.891112e-02,8.049824e-02,8.197764e-02,8.355702e-02,8.491209e-02,8.597100e-02,8.659606e-02,8.726898e-02,8.765358e-02,8.787711e-02,8.811218e-02,8.852177e-02,8.875429e-02,8.915309e-02,8.954537e-02,8.993911e-02,9.032705e-02,9.052194e-02,9.089595e-02,9.126758e-02,9.162442e-02,9.197745e-02,9.232759e-02,9.269124e-02,9.304777e-02,9.339628e-02,9.375815e-02,9.413075e-02,9.451064e-02,9.489705e-02,9.528853e-02,9.569615e-02,9.610842e-02,9.652674e-02,9.695900e-02,9.739294e-02,9.783478e-02,9.827861e-02,9.873002e-02,9.917972e-02,9.965012e-02,1.001161e-01,1.005999e-01,1.008562e-01,1.013490e-01,1.018513e-01,1.023488e-01,1.028646e-01,1.033840e-01,1.039050e-01,1.041794e-01,1.046922e-01,1.052001e-01,1.056965e-01,1.059303e-01,1.064119e-01,1.068723e-01,1.070610e-01,1.074938e-01,1.079047e-01,1.083204e-01,1.084587e-01,1.088600e-01,1.092465e-01,1.093636e-01,1.097501e-01,1.098716e-01,1.102554e-01,1.106594e-01,1.108079e-01,1.112480e-01,1.114281e-01,1.119055e-01,1.121245e-01,1.126392e-01,1.128944e-01,1.131640e-01,1.137377e-01,1.140361e-01,1.146296e-01,1.149295e-01,1.155140e-01,1.157871e-01,1.160184e-01,1.165240e-01,1.166881e-01,1.171068e-01,1.171644e-01,1.171770e-01,1.174327e-01,1.173543e-01,1.172274e-01,1.173630e-01,1.171593e-01,1.169335e-01,1.166846e-01,1.167318e-01,1.164943e-01,1.162731e-01,1.163996e-01,1.162627e-01,1.161774e-01,1.161013e-01,1.163244e-01,1.162305e-01,1.160834e-01,1.158767e-01,1.158522e-01,1.154493e-01,1.149044e-01,1.142774e-01,1.135013e-01,1.129232e-01,1.119919e-01,1.110196e-01,1.102692e-01,1.092418e-01,1.083237e-01,1.074470e-01,1.069607e-01,1.062738e-01,1.057710e-01,1.055940e-01,1.053291e-01,1.051413e-01,1.053663e-01,1.054235e-01,1.057425e-01,1.064263e-01,1.072871e-01,1.086107e-01,1.103875e-01,1.124071e-01,1.153671e-01,1.182849e-01,1.217218e-01,1.256200e-01,1.294051e-01,1.332605e-01,1.376052e-01,1.415603e-01,1.454449e-01,1.492617e-01,1.534689e-01,1.570574e-01,1.604579e-01,1.637064e-01,1.673609e-01,1.702907e-01,1.730178e-01,1.756118e-01,1.787131e-01,1.810133e-01,1.831930e-01,1.852607e-01,1.872275e-01,1.891050e-01,1.909062e-01,1.926451e-01,1.951250e-01,1.967964e-01,1.984269e-01,2.000300e-01,2.016015e-01,2.031553e-01,2.046819e-01,2.062117e-01,2.077049e-01,2.091865e-01,2.106405e-01,2.130308e-01,2.144692e-01,2.159030e-01,2.170366e-01,2.184498e-01,2.198558e-01,2.212559e-01,2.227463e-01,2.241369e-01,2.255232e-01,2.269056e-01,2.283012e-01,2.296800e-01,2.310754e-01,2.323708e-01,2.337616e-01,2.351546e-01,2.365484e-01,2.378251e-01,2.392245e-01,2.406266e-01,2.417879e-01,2.430578e-01,2.442029e-01,2.454774e-01,2.466259e-01,2.479069e-01,2.490603e-01,2.503298e-01,2.514906e-01,2.527843e-01,2.538323e-01,2.548835e-01,2.560802e-01,2.571479e-01,2.583589e-01,2.594479e-01,2.605395e-01,2.617781e-01,2.628861e-01,2.641484e-01,2.651303e-01,2.662614e-01,2.674000e-01,2.684000e-01,2.695476e-01,2.707074e-01,2.718746e-01,2.728985e-01,2.740742e-01,2.752623e-01,2.764573e-01,2.776546e-01,2.788849e-01,2.800967e-01,2.813154e-01,2.825458e-01,2.837782e-01,2.850174e-01,2.862416e-01,2.874942e-01,2.884016e-01,2.895009e-01,2.905859e-01,2.916787e-01,2.927751e-01,2.938624e-01,2.949803e-01,2.959283e-01,2.970602e-01,2.981966e-01,2.991650e-01,3.003220e-01,3.013037e-01,3.023099e-01,3.033037e-01,3.043041e-01,3.054944e-01,3.065088e-01,3.075064e-01,3.085297e-01,3.095398e-01,3.105559e-01,3.115751e-01,3.124084e-01,3.134431e-01,3.144846e-01,3.155287e-01,3.165847e-01,3.174432e-01,3.185110e-01,3.193800e-01,3.202777e-01,3.213884e-01,3.222969e-01,3.232104e-01,3.241284e-01,3.250509e-01,3.259789e-01,3.269374e-01,3.278758e-01,3.288174e-01,3.297895e-01,3.305228e-01,3.315054e-01,3.324651e-01,3.332003e-01,3.341714e-01,3.351470e-01,3.360965e-01,3.368275e-01,3.375621e-01,3.385009e-01,3.392136e-01,3.399342e-01,3.408924e-01,3.416181e-01,3.423231e-01,3.430586e-01,3.440336e-01,3.447754e-01,3.455215e-01,3.462971e-01,3.470487e-01,3.478315e-01,3.486178e-01,3.494097e-01,3.502035e-01,3.510275e-01,3.518263e-01,3.526587e-01,3.534938e-01,3.540793e-01,3.549208e-01,3.555118e-01,3.563592e-01,3.572095e-01,3.578104e-01,3.586694e-01,3.592699e-01,3.601350e-01,3.607418e-01,3.615844e-01,3.621957e-01,3.627807e-01,3.633678e-01,3.642217e-01,3.648124e-01,3.653769e-01,3.659730e-01,3.668108e-01,3.673805e-01,3.679517e-01,3.685259e-01,3.690701e-01,3.696460e-01,3.702266e-01,3.708050e-01,3.713876e-01,3.719708e-01,3.725843e-01,3.729200e-01,3.735380e-01,3.741870e-01,3.748372e-01,3.752069e-01,3.758622e-01,3.765502e-01,3.772056e-01,3.776093e-01,3.782717e-01,3.789352e-01,3.793408e-01,3.797190e-01,3.803907e-01,3.807695e-01,3.814385e-01,3.818215e-01,3.824976e-01,3.828776e-01,3.832305e-01,3.835855e-01,3.839364e-01,3.842891e-01,3.846472e-01,3.850042e-01,3.853593e-01,3.857112e-01,3.860678e-01,3.864260e-01,3.867848e-01,3.871410e-01,3.875256e-01,3.879119e-01,3.883028e-01,3.886958e-01,3.890823e-01,3.894603e-01,3.898469e-01,3.902690e-01,3.906607e-01,3.910447e-01,3.914462e-01,3.918289e-01,3.922154e-01,3.926001e-01,3.929853e-01,3.933699e-01,3.937498e-01,3.941335e-01,3.945002e-01,3.948257e-01,3.952002e-01,3.955201e-01,3.958707e-01,3.962097e-01,3.964964e-01,3.968217e-01,3.971054e-01,3.974269e-01,3.977480e-01,3.980030e-01,3.983239e-01,3.986027e-01,3.988993e-01,3.992156e-01,3.994995e-01,3.997972e-01,4.001032e-01,4.003794e-01,4.005750e-01,4.008449e-01,4.011180e-01,4.013885e-01,4.016534e-01,4.019244e-01,4.022164e-01,4.025096e-01,4.028230e-01,4.031513e-01,4.034594e-01,4.037463e-01,4.041222e-01,4.045000e-01,4.048722e-01,4.052373e-01,4.055778e-01,4.059509e-01,4.063394e-01,4.066549e-01,4.070117e-01,4.073359e-01,4.076199e-01,4.079452e-01,4.081971e-01,4.084899e-01,4.087902e-01,4.090977e-01,4.093988e-01,4.097477e-01,4.100634e-01,4.104132e-01,4.107564e-01,4.111473e-01,4.115321e-01,4.119246e-01,4.122835e-01,4.126844e-01,4.131195e-01,4.135142e-01,4.139166e-01,4.143275e-01,4.147384e-01,4.151358e-01,4.155070e-01,4.159470e-01,4.163267e-01,4.166728e-01,4.170882e-01,4.174697e-01,4.178177e-01,4.181662e-01,4.185224e-01,4.188645e-01,4.192145e-01,4.195650e-01,4.199234e-01,4.202130e-01,4.205723e-01,4.209666e-01,4.212918e-01,4.216873e-01,4.220134e-01,4.224024e-01,4.227565e-01,4.231888e-01,4.235440e-01,4.238998e-01,4.242559e-01,4.246277e-01,4.249924e-01,4.253577e-01,4.256885e-01,4.260548e-01,4.263865e-01,4.267110e-01,4.270360e-01,4.273255e-01,4.276238e-01,4.279290e-01,4.282203e-01,4.284601e-01,4.287001e-01,4.289769e-01,4.292329e-01,4.294892e-01,4.297457e-01,4.299947e-01,4.302517e-01,4.305012e-01,4.307510e-01,4.309642e-01,4.312499e-01,4.314926e-01,4.317341e-01,4.320050e-01,4.322471e-01,4.324972e-01,4.327767e-01,4.330544e-01,4.333331e-01,4.336042e-01,4.339157e-01,4.341836e-01,4.344919e-01,4.347810e-01,4.350782e-01,4.354002e-01,4.356863e-01,4.360014e-01,4.362878e-01,4.365715e-01,4.368800e-01,4.371525e-01,4.374460e-01,4.377115e-01,4.379692e-01,4.382276e-01,4.384862e-01,4.386921e-01,4.389028e-01,4.391060e-01,4.392692e-01,4.394689e-01,4.396284e-01,4.397467e-01,4.398826e-01,4.400266e-01,4.401712e-01,4.402792e-01,4.404201e-01,4.405401e-01,4.406572e-01,4.407745e-01,4.408841e-01,4.410018e-01,4.411077e-01,4.412170e-01,4.413157e-01,4.414113e-01,4.414955e-01,4.415762e-01,4.416611e-01,4.417512e-01,4.418302e-01,4.418977e-01,4.419536e-01,4.420060e-01,4.420459e-01,4.421077e-01,4.421660e-01,4.422225e-01,4.422629e-01,4.423032e-01,4.423589e-01,4.424155e-01,4.424641e-01,4.425045e-01,4.425368e-01,4.425845e-01,4.426412e-01,4.426898e-01,4.427222e-01,4.427258e-01,4.427907e-01,4.428709e-01,4.429358e-01,4.429683e-01,4.430008e-01,4.430785e-01,4.431191e-01,4.431878e-01,4.432412e-01,4.432946e-01,4.433643e-01,4.434421e-01,4.434875e-01,4.434915e-01,4.434883e-01,4.435094e-01,4.435306e-01,4.435194e-01,4.433983e-01,4.432901e-01,4.431693e-01,4.430648e-01,4.429678e-01,4.428636e-01,4.426822e-01,4.424574e-01,4.421077e-01,4.417666e-01,4.415304e-01,4.413265e-01,4.410590e-01,4.406797e-01,4.402859e-01,4.400200e-01,4.398418e-01,4.396877e-01,4.395020e-01,4.392770e-01,4.390760e-01,4.389116e-01,4.387112e-01,4.386263e-01,4.386204e-01,4.386145e-01,4.386451e-01,4.386758e-01,4.387065e-01,4.387739e-01,4.388412e-01,4.389874e-01,4.390549e-01,4.392011e-01,4.393841e-01,4.395305e-01,4.395982e-01,4.397448e-01,4.398547e-01,4.399648e-01,4.399959e-01,4.399903e-01,4.400637e-01,4.401371e-01,4.401737e-01,4.402472e-01,4.403206e-01,4.402784e-01,4.403518e-01,4.404253e-01,4.404988e-01,4.404934e-01,4.405669e-01,4.405615e-01,4.406351e-01,4.407455e-01,4.407823e-01,4.407770e-01,4.408506e-01,4.408875e-01,4.409611e-01,4.409190e-01,4.409559e-01,4.409927e-01,4.410296e-01,4.410296e-01,4.410665e-01,4.411033e-01,4.412192e-01,4.412561e-01,4.412930e-01,4.413299e-01,4.413668e-01,4.414037e-01,4.411610e-01,4.412768e-01,4.413138e-01,4.413507e-01,4.413876e-01,4.412241e-01,4.412241e-01,4.413399e-01,4.413768e-01,4.411346e-01,4.411346e-01,4.412873e-01,4.411240e-01,4.411610e-01,4.410349e-01,4.411088e-01,4.411827e-01,4.410150e-01,4.411258e-01,4.410369e-01,4.411478e-01,4.409805e-01,4.411283e-01,4.410397e-01,4.409097e-01,4.411360e-01,4.409693e-01,4.411172e-01,4.410292e-01,4.411403e-01,4.410522e-01,4.408860e-01,4.409971e-01,4.407942e-01,4.408683e-01,4.407439e-01,4.405047e-01,4.406200e-01,4.403810e-01,4.402203e-01,4.402207e-01,4.399824e-01,4.398221e-01,4.398593e-01,4.396216e-01,4.394622e-01,4.395363e-01,4.394133e-01,4.392132e-01,4.392872e-01,4.390873e-01,4.391613e-01,4.389617e-01,4.387991e-01,4.389503e-01,4.387512e-01,4.385890e-01,4.387401e-01,4.385414e-01,4.386154e-01,4.384170e-01,4.382189e-01,4.382929e-01,4.380593e-01,4.381333e-01,4.378992e-01,4.378966e-01,4.376629e-01,4.376238e-01,4.373905e-01,4.373515e-01,4.370822e-01,4.371196e-01,4.368109e-01,4.368483e-01,4.368096e-01,4.365017e-01,4.364640e-01,4.364255e-01,4.361942e-01,4.361557e-01,4.361173e-01,4.358865e-01,4.358483e-01,4.358100e-01,4.357718e-01,4.354661e-01,4.354280e-01,4.353900e-01,4.353520e-01,4.352386e-01,4.352007e-01,4.350874e-01,4.350496e-01,4.352784e-01,4.346327e-01,4.348610e-01,4.350143e-01,4.351677e-01,4.352458e-01,4.351328e-01,4.352110e-01,4.350980e-01,4.349851e-01,4.351384e-01,4.349505e-01,4.348378e-01,4.346503e-01,4.347283e-01,4.345409e-01,4.343538e-01,4.341669e-01,4.339802e-01,4.337950e-01,4.332708e-01,4.332741e-01,4.327514e-01,4.325665e-01,4.323817e-01,4.323852e-01,4.323887e-01,4.317950e-01,4.314638e-01,4.311333e-01,4.311370e-01,4.308805e-01,4.304383e-01,4.300740e-01,4.294150e-01,4.287584e-01,4.286172e-01,4.277798e-01,4.272730e-01,4.267676e-01,4.266248e-01,4.261567e-01,4.256899e-01,4.254056e-01,4.247986e-01,4.241229e-01,4.231998e-01,4.225300e-01,4.215072e-01,4.208756e-01,4.198619e-01,4.194117e-01,4.186151e-01,4.178906e-01,4.171005e-01,4.166230e-01,4.158384e-01,4.153642e-01,4.149954e-01,4.156182e-01,4.165181e-01,4.169382e-01,4.161186e-01,4.154067e-01,4.150381e-01,4.146361e-01,4.139299e-01,4.137006e-01,4.133037e-01,4.122998e-01,4.109667e-01,4.092821e-01,4.074788e-01,4.057877e-01,4.040177e-01,4.020738e-01,4.004960e-01,3.990604e-01,3.981686e-01,3.973769e-01,3.973938e-01,3.960808e-01,3.942851e-01,3.916878e-01,3.892705e-01,3.858303e-01,3.820782e-01,3.788863e-01,3.753042e-01,3.726294e-01,3.691416e-01,3.661176e-01,3.629332e-01,3.595079e-01,3.557989e-01,3.536770e-01,3.507348e-01,3.469044e-01,3.436158e-01,3.400716e-01,3.373532e-01,3.339377e-01,3.304218e-01,3.272928e-01,3.246310e-01,3.221047e-01,3.191067e-01,3.161642e-01,3.137915e-01,3.107115e-01,3.080528e-01,3.054396e-01,3.030199e-01,3.009890e-01,2.990085e-01,2.966989e-01,2.945380e-01,2.924314e-01,2.905663e-01,2.889541e-01,2.871412e-01,2.852339e-01,2.834841e-01,2.820634e-01,2.803606e-01,2.786727e-01,2.773023e-01,2.759459e-01,2.750044e-01,2.737949e-01,2.725761e-01,2.717600e-01,2.706809e-01,2.698706e-01,2.692630e-01,2.684685e-01,2.677703e-01,2.671732e-01,2.664889e-01,2.658021e-01,2.651946e-01,2.648593e-01,2.642631e-01,2.641200e-01,2.639772e-01,2.638412e-01,2.634322e-01,2.631962e-01,2.631553e-01,2.630139e-01,2.633261e-01,2.631912e-01,2.631638e-01,2.629554e-01,2.631933e-01,2.629849e-01,2.633168e-01,2.635551e-01,2.639891e-01,2.639817e-01,2.641331e-01,2.646401e-01,2.650021e-01,2.653380e-01,2.658556e-01,2.663682e-01,2.669856e-01,2.677755e-01,2.683987e-01,2.690951e-01,2.698049e-01,2.703105e-01,2.711252e-01,2.719169e-01,2.724366e-01,2.735202e-01,2.741468e-01,2.749551e-01,2.757536e-01,2.764859e-01,2.776071e-01,2.780427e-01,2.786633e-01,2.793985e-01,2.802360e-01,2.807851e-01,2.815238e-01,2.822729e-01,2.829370e-01,2.841008e-01,2.846638e-01,2.855312e-01,2.865208e-01,2.872059e-01,2.879960e-01,2.887774e-01,2.900070e-01,2.909122e-01,2.916142e-01,2.924993e-01,2.935348e-01,2.941098e-01,2.952660e-01,2.962001e-01,2.974747e-01,2.981767e-01,2.990085e-01,3.001556e-01,3.008766e-01,3.016009e-01,3.029138e-01,3.036475e-01,3.045087e-01,3.053677e-01,3.061125e-01,3.072107e-01,3.078595e-01,3.091045e-01,3.101174e-01,3.105193e-01,3.112814e-01,3.126840e-01,3.133303e-01,3.142378e-01,3.151325e-01,3.160501e-01,3.169796e-01,3.175328e-01,3.184639e-01,3.192955e-01,3.197378e-01,3.207130e-01,3.213286e-01,3.220538e-01,3.230674e-01,3.235699e-01,3.247328e-01,3.252208e-01,3.258202e-01,3.263110e-01,3.273488e-01,3.278111e-01,3.282812e-01,3.291599e-01,3.297458e-01,3.301948e-01,3.309108e-01,3.314764e-01,3.319296e-01,3.323577e-01,3.333455e-01,3.337770e-01,3.342096e-01,3.347860e-01,3.352209e-01,3.356569e-01,3.363887e-01,3.369360e-01,3.370964e-01,3.374877e-01,3.377343e-01,3.378658e-01,3.382490e-01,3.385395e-01,3.388746e-01,3.392363e-01,3.395787e-01,3.401127e-01,3.403298e-01,3.407177e-01,3.411273e-01,3.415440e-01,3.419177e-01,3.424855e-01,3.429324e-01,3.431080e-01,3.437236e-01,3.437429e-01,3.442715e-01,3.446501e-01,3.449572e-01,3.455751e-01,3.458146e-01,3.464587e-01,3.465754e-01,3.471770e-01,3.476142e-01,3.478701e-01,3.480635e-01,3.484748e-01,3.487142e-01,3.493624e-01,3.497827e-01,3.505055e-01,3.511661e-01,3.517364e-01,3.519275e-01,3.526183e-01,3.529753e-01,3.535043e-01,3.539441e-01,3.543792e-01,3.548649e-01,3.555950e-01,3.559864e-01,3.564317e-01,3.568304e-01,3.573743e-01,3.578007e-01,3.582444e-01,3.583806e-01,3.589052e-01,3.592548e-01,3.598300e-01,3.601868e-01,3.607106e-01,3.610202e-01,3.613790e-01,3.616841e-01,3.620929e-01,3.623501e-01,3.625865e-01,3.631219e-01,3.634787e-01,3.638910e-01,3.641997e-01,3.642134e-01,3.645775e-01,3.648376e-01,3.650269e-01,3.652876e-01,3.654772e-01,3.655123e-01,3.659083e-01,3.663521e-01,3.667143e-01,3.668049e-01,3.671177e-01,3.673861e-01,3.676998e-01,3.674048e-01,3.678664e-01,3.681055e-01,3.682619e-01,3.681947e-01,3.683511e-01,3.684120e-01,3.682618e-01,3.680938e-01,3.684286e-01,3.681325e-01,3.677395e-01,3.676171e-01,3.675803e-01,3.669064e-01,3.666931e-01,3.665019e-01,3.663192e-01,3.654752e-01,3.650395e-01,3.647251e-01,3.641666e-01,3.638048e-01,3.632006e-01,3.626875e-01,3.621360e-01,3.613130e-01,3.607662e-01,3.599498e-01,3.593891e-01,3.594239e-01,3.612430e-01,3.604251e-01,3.600330e-01,3.594488e-01,3.588431e-01,3.580664e-01,3.576333e-01,3.570291e-01,3.563136e-01,3.555492e-01,3.549586e-01,3.539617e-01,3.532542e-01,3.526436e-01,3.517061e-01,3.509405e-01,3.500578e-01,3.491758e-01,3.483530e-01,3.475243e-01,3.469070e-01,3.462860e-01,3.455555e-01,3.445916e-01,3.439791e-01,3.432821e-01,3.425275e-01,3.417703e-01,3.409309e-01,3.401444e-01,3.395057e-01,3.387851e-01,3.380509e-01,3.376755e-01,3.370464e-01,3.365318e-01,3.359072e-01,3.350972e-01,3.347760e-01,3.343669e-01,3.337096e-01,3.330550e-01,3.325670e-01,3.319169e-01,3.315960e-01,3.310925e-01,3.307795e-01,3.303404e-01,3.298809e-01,3.294709e-01,3.291478e-01,3.288193e-01,3.285923e-01,3.283656e-01,3.281789e-01,3.279198e-01,3.279393e-01,3.280938e-01,3.281214e-01,3.280356e-01,3.283829e-01,3.286578e-01,3.288656e-01,3.290555e-01,3.293649e-01,3.298562e-01,3.301887e-01,3.304601e-01,3.304879e-01,3.307196e-01,3.309783e-01,3.311145e-01,3.311692e-01,3.312457e-01,3.311043e-01,3.309765e-01,3.311952e-01,3.309870e-01,3.308594e-01,3.308338e-01,3.306262e-01,3.303523e-01,3.302602e-01,3.301466e-01,3.301560e-01,3.300241e-01,3.298924e-01,3.298006e-01,3.298630e-01,3.298326e-01,3.300231e-01,3.300856e-01,3.303162e-01,3.302241e-01,3.304150e-01,3.306460e-01,3.310193e-01,3.312512e-01,3.316124e-01,3.319877e-01,3.326150e-01,3.332581e-01,3.334792e-01,3.338228e-01,3.342708e-01,3.345749e-01,3.352796e-01,3.357724e-01,3.359740e-01,3.363222e-01,3.364133e-01,3.367623e-01,3.366714e-01,3.366219e-01,3.363847e-01,3.361892e-01,3.362449e-01,3.366347e-01,3.368785e-01,3.369698e-01,3.372971e-01,3.371835e-01,3.374695e-01,3.377144e-01,3.379228e-01,3.379503e-01,3.382792e-01,3.387710e-01,3.389529e-01,3.390284e-01,3.395439e-01,3.395919e-01,3.398310e-01,3.400138e-01,3.403606e-01,3.405102e-01,3.406381e-01,3.404943e-01,3.406076e-01,3.406931e-01,3.408863e-01,3.408161e-01,3.409441e-01,3.411799e-01,3.415011e-01,3.413940e-01,3.416246e-01,3.418188e-01,3.419049e-01,3.423359e-01,3.422709e-01,3.423572e-01,3.425143e-01,3.424716e-01,3.428611e-01,3.429757e-01,3.430756e-01,3.428010e-01,3.430526e-01,3.433650e-01,3.433130e-01,3.433355e-01,3.435299e-01,3.436815e-01,3.437844e-01,3.441982e-01,3.446128e-01,3.446636e-01,3.449868e-01,3.454265e-01,3.450987e-01,3.450348e-01,3.446974e-01,3.445276e-01,3.445885e-01,3.444909e-01,3.442466e-01,3.435451e-01,3.426955e-01,3.424201e-01,3.418486e-01,3.407068e-01,3.398376e-01,3.392467e-01,3.382415e-01,3.370898e-01,3.359515e-01,3.346490e-01,3.334934e-01,3.314080e-01,3.301390e-01,3.271475e-01,3.248331e-01,3.226057e-01,3.207560e-01,3.180500e-01,3.162468e-01,3.136411e-01,3.119542e-01,3.082381e-01,3.050506e-01,3.019500e-01,2.982270e-01,2.947786e-01,2.903885e-01,2.860808e-01,2.793642e-01,2.741526e-01,2.690031e-01,2.640279e-01,2.581477e-01,2.529685e-01,2.449663e-01,2.391150e-01,2.333819e-01,2.276890e-01,2.214483e-01,2.140205e-01,2.079703e-01,2.025379e-01,1.972729e-01,1.918929e-01,1.854715e-01,1.807161e-01,1.763934e-01,1.723850e-01,1.688223e-01,1.636977e-01,1.605348e-01,1.575481e-01,1.543438e-01,1.511588e-01,1.480643e-01,1.459125e-01,1.438318e-01,1.418057e-01,1.398038e-01,1.378937e-01,1.367238e-01,1.349278e-01,1.338662e-01,1.321278e-01,1.312031e-01,1.302554e-01,1.293786e-01,1.285485e-01,1.277517e-01,1.269642e-01,1.268411e-01,1.259986e-01,1.258549e-01,1.251243e-01,1.249393e-01,1.248417e-01,1.247777e-01,1.240486e-01,1.239742e-01,1.238669e-01,1.238142e-01,1.244008e-01,1.243792e-01,1.243363e-01,1.242388e-01,1.248079e-01,1.247965e-01,1.254366e-01,1.254370e-01,1.260167e-01,1.266585e-01,1.266928e-01,1.273524e-01,1.280189e-01,1.286920e-01,1.294296e-01,1.294652e-01,1.301995e-01,1.310007e-01,1.317269e-01,1.324967e-01,1.332134e-01,1.340001e-01,1.348064e-01,1.355850e-01,1.363720e-01,1.371665e-01,1.379705e-01,1.387712e-01,1.395917e-01,1.404224e-01,1.412072e-01,1.420266e-01,1.435989e-01,1.436663e-01,1.453295e-01,1.462247e-01,1.463527e-01,1.477913e-01,1.486220e-01,1.496980e-01,1.505302e-01,1.517787e-01,1.525349e-01,1.532411e-01,1.545376e-01,1.553945e-01,1.565002e-01,1.573358e-01,1.586497e-01,1.593742e-01,1.605620e-01,1.615091e-01,1.623156e-01,1.635330e-01,1.644001e-01,1.656164e-01,1.663489e-01,1.674782e-01,1.682093e-01,1.692916e-01,1.701511e-01,1.710120e-01,1.717354e-01,1.728032e-01,1.735410e-01,1.744758e-01,1.751298e-01,1.761647e-01,1.768530e-01,1.778335e-01,1.784836e-01,1.789952e-01,1.800012e-01,1.810178e-01,1.816238e-01,1.824380e-01,1.830527e-01,1.838367e-01,1.842855e-01,1.851712e-01,1.855335e-01,1.862022e-01,1.865994e-01,1.874432e-01,1.877981e-01,1.883274e-01,1.885424e-01,1.892673e-01,1.893331e-01,1.893375e-01,1.895547e-01,1.899085e-01,1.904003e-01,1.899984e-01,1.903536e-01,1.904357e-01,1.904438e-01,1.899055e-01,1.902603e-01,1.901318e-01,1.902138e-01,1.899490e-01,1.895493e-01,1.899027e-01,1.893677e-01,1.892405e-01,1.889785e-01,1.885829e-01,1.883228e-01,1.877966e-01,1.880102e-01,1.878849e-01,1.873459e-01,1.870892e-01,1.865699e-01,1.861843e-01,1.859309e-01,1.854180e-01,1.851666e-01,1.851153e-01,1.847510e-01,1.843882e-01,1.839024e-01,1.835583e-01,1.837779e-01,1.831655e-01,1.833994e-01,1.827897e-01,1.829924e-01,1.830841e-01,1.829078e-01,1.829843e-01,1.830457e-01,1.829806e-01,1.833520e-01,1.834136e-01,1.833483e-01,1.832679e-01,1.837798e-01,1.835869e-01,1.839879e-01,1.840651e-01,1.843584e-01,1.843077e-01,1.848708e-01,1.847064e-01,1.851271e-01,1.851066e-01,1.853991e-01,1.858259e-01,1.857897e-01,1.856239e-01,1.860325e-01,1.859809e-01,1.862639e-01,1.860818e-01,1.864923e-01,1.864404e-01,1.867057e-01,1.865228e-01,1.869384e-01,1.867551e-01,1.870366e-01,1.869845e-01,1.872666e-01,1.870862e-01,1.873840e-01,1.873317e-01,1.876147e-01,1.874147e-01,1.876979e-01,1.876333e-01,1.877847e-01,1.881862e-01,1.879850e-01,1.882542e-01,1.883909e-01,1.886647e-01,1.884470e-01,1.887174e-01,1.889887e-01,1.886522e-01,1.889267e-01,1.891986e-01,1.893365e-01,1.891329e-01,1.892708e-01,1.895436e-01,1.896855e-01,1.899594e-01,1.902341e-01,1.905095e-01,1.901677e-01,1.904430e-01,1.906020e-01,1.908784e-01,1.910187e-01,1.911592e-01,1.909554e-01,1.910799e-01,1.912205e-01,1.914986e-01,1.916239e-01,1.917529e-01,1.913909e-01,1.916696e-01,1.917792e-01,1.919085e-01,1.915458e-01,1.916712e-01,1.917808e-01,1.914060e-01,1.915313e-01,1.916408e-01,1.917504e-01,1.918602e-01,1.919702e-01,1.915943e-01,1.915500e-01,1.916596e-01,1.917693e-01,1.918793e-01,1.919928e-01,1.920870e-01,1.921974e-01,1.921529e-01,1.922474e-01,1.923420e-01,1.924242e-01,1.923635e-01,1.924423e-01,1.925052e-01,1.924318e-01,1.924787e-01,1.925256e-01,1.924327e-01,1.929765e-01,1.928706e-01,1.929180e-01,1.928086e-01,1.933559e-01,1.932657e-01,1.933136e-01,1.937224e-01,1.937709e-01,1.936932e-01,1.942507e-01,1.941565e-01,1.945702e-01,1.946196e-01,1.951675e-01,1.955701e-01,1.956042e-01,1.960093e-01,1.958976e-01,1.964350e-01,1.963262e-01,1.968834e-01,1.972956e-01,1.971830e-01,1.977629e-01,1.976665e-01,1.981197e-01,1.985554e-01,1.984919e-01,1.989630e-01,1.994366e-01,1.993760e-01,1.998855e-01,1.998383e-01,2.005040e-01,2.004767e-01,2.010089e-01,2.015439e-01,2.015471e-01,2.021019e-01,2.021083e-01,2.026831e-01,2.027033e-01,2.032811e-01,2.033047e-01,2.038855e-01,2.039231e-01,2.045243e-01,2.045652e-01,2.046028e-01,2.052074e-01,2.050848e-01,2.051258e-01,2.051808e-01,2.057881e-01,2.058260e-01,2.058672e-01,2.059224e-01,2.059604e-01,2.054282e-01,2.053088e-01,2.053467e-01,2.048179e-01,2.042746e-01,2.035934e-01,2.036342e-01,2.030972e-01,2.020112e-01,2.013449e-01,2.008196e-01,1.997600e-01,1.990914e-01,1.980295e-01,1.975207e-01,1.963272e-01,1.952928e-01,1.941274e-01,1.931146e-01,1.914721e-01,1.904852e-01,1.888682e-01,1.879062e-01,1.868192e-01,1.854233e-01,1.843657e-01,1.828754e-01,1.819855e-01,1.805315e-01,1.795388e-01,1.782441e-01,1.772752e-01,1.758917e-01,1.750677e-01,1.737166e-01,1.729098e-01,1.719953e-01,1.706741e-01,1.697672e-01,1.688693e-01,1.679803e-01,1.672105e-01,1.663232e-01,1.654590e-01,1.642300e-01,1.633860e-01,1.630197e-01,1.621873e-01,1.617237e-01,1.608025e-01,1.603620e-01,1.595548e-01,1.592044e-01,1.587566e-01,1.582973e-01,1.578543e-01,1.570565e-01,1.566199e-01,1.561717e-01,1.553894e-01,1.546143e-01,1.540830e-01,1.536490e-01,1.527840e-01,1.520324e-01,1.516075e-01,1.511848e-01,1.503581e-01,1.499417e-01,1.495273e-01,1.491149e-01,1.486172e-01,1.479024e-01,1.474120e-01,1.470100e-01,1.466100e-01,1.462120e-01,1.457316e-01,1.453385e-01,1.448764e-01,1.447807e-01,1.443087e-01,1.442137e-01,1.440362e-01,1.442204e-01,1.440428e-01,1.439480e-01,1.440495e-01,1.442338e-01,1.439605e-01,1.444379e-01,1.442466e-01,1.443486e-01,1.442401e-01,1.446366e-01,1.445145e-01,1.443089e-01,1.443282e-01,1.442064e-01,1.442954e-01,1.440907e-01,1.438864e-01,1.440579e-01,1.434784e-01,1.432622e-01,1.431414e-01,1.429389e-01,1.424349e-01,1.422339e-01,1.418279e-01,1.414539e-01,1.410516e-01,1.408534e-01,1.406686e-01,1.401903e-01,1.398492e-01,1.397450e-01,1.392848e-01,1.391160e-01,1.389476e-01,1.387795e-01,1.385340e-01,1.386408e-01,1.384861e-01,1.385929e-01,1.384382e-01,1.384029e-01,1.385997e-01,1.386290e-01,1.384742e-01,1.383198e-01,1.384391e-01,1.384166e-01,1.385361e-01,1.389312e-01,1.387757e-01,1.388958e-01,1.387825e-01,1.389155e-01,1.390359e-01,1.391564e-01,1.391208e-01,1.389649e-01,1.388093e-01,1.385636e-01,1.386834e-01,1.386349e-01,1.384800e-01,1.382352e-01,1.383416e-01,1.382162e-01,1.383871e-01,1.381425e-01,1.378985e-01,1.380044e-01,1.378793e-01,1.377129e-01,1.374702e-01,1.375754e-01,1.371932e-01,1.370281e-01,1.370566e-01,1.368917e-01,1.365001e-01,1.363236e-01,1.360850e-01,1.359094e-01,1.355225e-01,1.349980e-01,1.347507e-01,1.348266e-01,1.344198e-01,1.342348e-01,1.339645e-01,1.337677e-01,1.333408e-01,8.153036e-03,8.153036e-03,8.153036e-03,8.153036e-03,8.153036e-03,8.153036e-03,8.153036e-03,8.153036e-03,8.153036e-03,8.153036e-03,8.153036e-03,8.153036e-03,8.153036e-03,8.153036e-03,8.153036e-03,8.153036e-03,8.153036e-03,8.153036e-03,8.153036e-03,8.153036e-03,8.153036e-03,8.153036e-03,8.153036e-03,8.153036e-03,8.153036e-03,8.153036e-03,8.153036e-03,8.153036e-03,8.153036e-03,8.153036e-03,8.153036e-03,8.153036e-03,8.153036e-03,8.153036e-03,8.153036e-03,8.153036e-03,8.153036e-03,8.153036e-03,8.153036e-03,8.153036e-03,8.153036e-03,8.153036e-03,8.153036e-03,8.153036e-03,8.153036e-03,8.153036e-03,8.153036e-03,8.153036e-03,8.153036e-03,8.153036e-03,8.153036e-03,8.153036e-03,8.153036e-03,8.153036e-03,8.153036e-03,8.153036e-03,8.153036e-03,8.153036e-03,8.153036e-03,8.153036e-03,8.153036e-03,8.153036e-03,8.153036e-03,8.153036e-03,8.153036e-03,8.153036e-03,8.153036e-03,8.153036e-03,8.153036e-03,8.153036e-03,8.153036e-03,8.153036e-03,8.153036e-03,8.153036e-03,8.153036e-03,8.153036e-03,8.153036e-03,8.153036e-03,8.153036e-03,8.153036e-03,8.153036e-03,8.153036e-03,8.153036e-03,8.153036e-03,8.153036e-03,8.153036e-03,8.153036e-03,8.153036e-03,8.153036e-03,8.153036e-03,8.153036e-03,8.153036e-03,8.153036e-03,8.153036e-03,8.153036e-03,8.153036e-03,8.153036e-03,8.153036e-03,8.153036e-03,8.153036e-03,8.153036e-03,8.153036e-03,8.153036e-03,8.153036e-03,8.153036e-03,8.153036e-03,8.153036e-03,8.153036e-03,8.153036e-03,8.153036e-03,8.153036e-03,8.153036e-03,8.153036e-03,8.153036e-03,8.153036e-03,8.153036e-03,8.153036e-03,8.153036e-03,8.153036e-03,8.153036e-03,8.153036e-03,8.153036e-03,8.153036e-03,8.153036e-03,8.153036e-03,8.153036e-03,8.153036e-03,8.153036e-03,8.153036e-03,8.153036e-03,8.153036e-03,8.153036e-03,8.153036e-03,8.153036e-03,8.153036e-03,8.153036e-03,8.153036e-03,8.153036e-03,8.153036e-03,8.153036e-03,8.153036e-03,8.153036e-03,8.153036e-03,8.153036e-03,8.153036e-03,8.153036e-03,8.153036e-03,8.153036e-03,8.153036e-03,8.153036e-03,8.153036e-03,8.153036e-03,8.153036e-03,8.153036e-03,8.153036e-03,8.153036e-03,8.153036e-03,8.153036e-03,8.153036e-03,8.153036e-03,8.153036e-03
5.943765e-03,5.936161e-03,5.927256e-03,5.918361e-03,5.909578e-03,5.901271e-03,5.891558e-03,5.883545e-03,5.875575e-03,5.866086e-03,5.858240e-03,5.848400e-03,5.840262e-03,5.832177e-03,5.822421e-03,5.814516e-03,5.806615e-03,5.798633e-03,5.792331e-03,5.784255e-03,5.777628e-03,5.770748e-03,5.763840e-03,5.758579e-03,5.753684e-03,5.747214e-03,5.742361e-03,5.738891e-03,5.733964e-03,5.729098e-03,5.725435e-03,5.719998e-03,5.716323e-03,5.711159e-03,5.707791e-03,5.704440e-03,5.699365e-03,5.696113e-03,5.692780e-03,5.687852e-03,5.684761e-03,5.682189e-03,5.678226e-03,5.675738e-03,5.671952e-03,5.670100e-03,5.668300e-03,5.664906e-03,5.663859e-03,5.663425e-03,5.662032e-03,5.663018e-03,5.664741e-03,5.666813e-03,5.669142e-03,5.671788e-03,5.676374e-03,5.679905e-03,5.683395e-03,5.688718e-03,5.692399e-03,5.696447e-03,5.701748e-03,5.705295e-03,5.711304e-03,5.715961e-03,5.721961e-03,5.727986e-03,5.732006e-03,5.737286e-03,5.742084e-03,5.744266e-03,5.747372e-03,5.749830e-03,5.750121e-03,5.751586e-03,5.752792e-03,5.754984e-03,5.755353e-03,5.757369e-03,5.760137e-03,5.763329e-03,5.769666e-03,5.777392e-03,5.786091e-03,5.799051e-03,5.815000e-03,5.832304e-03,5.855596e-03,5.881698e-03,5.913780e-03,5.948434e-03,5.989670e-03,6.035177e-03,6.087874e-03,6.146010e-03,6.213415e-03,6.288092e-03,6.372413e-03,6.468431e-03,6.575203e-03,6.694819e-03,6.828387e-03,6.977965e-03,7.146106e-03,7.332230e-03,7.539414e-03,7.776104e-03,8.045404e-03,8.337928e-03,8.663007e-03,9.017355e-03,9.409051e-03,9.863143e-03,1.036805e-02,1.090464e-02,1.149507e-02,1.214787e-02,1.286324e-02,1.364887e-02,1.450829e-02,1.541368e-02,1.639915e-02,1.743678e-02,1.855305e-02,1.971814e-02,2.096602e-02,2.224983e-02,2.361921e-02,2.500700e-02,2.648460e-02,2.795553e-02,2.951702e-02,3.109939e-02,3.277361e-02,3.444747e-02,3.622011e-02,3.795132e-02,3.978480e-02,4.158933e-02,4.347710e-02,4.536462e-02,4.724077e-02,4.925096e-02,5.128374e-02,5.337177e-02,5.546446e-02,5.762398e-02,5.976278e-02,6.188115e-02,6.395158e-02,6.589433e-02,6.764775e-02,6.949408e-02,7.096757e-02,7.193679e-02,7.221057e-02,7.223553e-02,7.201220e-02,7.152256e-02,7.098654e-02,7.040528e-02,6.973385e-02,6.899127e-02,6.816833e-02,6.726817e-02,6.628730e-02,6.523392e-02,6.413515e-02,6.298576e-02,6.181150e-02,6.062496e-02,5.944576e-02,5.830243e-02,5.719237e-02,5.613866e-02,5.514322e-02,5.420946e-02,5.333254e-02,5.251360e-02,5.174282e-02,5.101850e-02,5.032427e-02,4.968510e-02,4.906974e-02,4.850027e-02,4.798021e-02,4.748035e-02,4.702111e-02,4.660072e-02,4.622354e-02,4.587412e-02,4.555862e-02,4.527822e-02,4.502929e-02,4.480793e-02,4.459859e-02,4.438339e-02,4.418216e-02,4.397267e-02,4.373527e-02,4.347192e-02,4.317307e-02,4.284601e-02,4.246275e-02,4.203501e-02,4.156814e-02,4.103821e-02,4.048506e-02,3.988862e-02,3.928752e-02,3.867122e-02,3.804977e-02,3.740875e-02,3.676680e-02,3.616117e-02,3.556743e-02,3.500065e-02,3.447037e-02,3.399397e-02,3.357757e-02,3.320091e-02,3.288092e-02,3.260317e-02,3.236580e-02,3.217514e-02,3.201838e-02,3.190831e-02,3.180917e-02,3.172943e-02,3.163263e-02,3.151718e-02,3.135706e-02,3.113664e-02,3.084989e-02,3.047640e-02,3.002558e-02,2.947210e-02,2.885125e-02,2.815203e-02,2.740354e-02,2.661057e-02,2.579636e-02,2.496282e-02,2.413882e-02,2.332457e-02,2.254995e-02,2.182937e-02,2.116146e-02,2.058229e-02,2.006080e-02,1.961072e-02,1.919670e-02,1.880202e-02,1.839904e-02,1.796161e-02,1.749053e-02,1.695047e-02,1.636914e-02,1.572131e-02,1.504891e-02,1.432379e-02,1.361158e-02,1.290620e-02,1.223573e-02,1.160089e-02,1.101373e-02,1.051742e-02,1.007424e-02,9.709224e-03,9.387438e-03,9.137995e-03,8.930314e-03,8.771627e-03,8.640532e-03,8.559235e-03,8.498547e-03,8.505017e-03,8.540264e-03,8.687120e-03,8.893723e-03,9.309286e-03,9.830552e-03,1.062340e-02,1.160425e-02,1.294854e-02,1.456486e-02,1.655864e-02,1.892970e-02,2.178223e-02,2.509663e-02,2.890351e-02,3.324257e-02,3.816105e-02,4.361108e-02,4.952693e-02,5.597290e-02,6.286973e-02,7.021596e-02,7.785105e-02,8.584341e-02,9.406662e-02,1.024606e-01,1.109435e-01,1.195218e-01,1.281417e-01,1.367890e-01,1.454525e-01,1.541607e-01,1.630133e-01,1.718752e-01,1.807837e-01,1.898190e-01,1.989339e-01,2.082150e-01,2.175495e-01,2.270524e-01,2.366278e-01,2.463061e-01,2.561014e-01,2.660932e-01,2.759948e-01,2.859950e-01,2.959829e-01,3.060096e-01,3.160189e-01,3.260020e-01,3.358619e-01,3.456854e-01,3.553862e-01,3.649341e-01,3.742780e-01,3.835165e-01,3.925811e-01,4.012861e-01,4.097227e-01,4.179403e-01,4.258163e-01,4.333446e-01,4.406476e-01,4.475528e-01,4.539408e-01,4.601093e-01,4.657983e-01,4.712427e-01,4.762228e-01,4.809497e-01,4.852048e-01,4.891699e-01,4.927825e-01,4.960571e-01,4.993087e-01,5.025643e-01,5.059230e-01,5.092268e-01,5.125955e-01,5.159510e-01,5.192789e-01,5.226542e-01,5.259632e-01,5.293324e-01,5.325357e-01,5.357538e-01,5.389232e-01,5.419770e-01,5.449923e-01,5.479547e-01,5.508269e-01,5.535387e-01,5.561707e-01,5.587045e-01,5.611009e-01,5.633238e-01,5.654176e-01,5.673081e-01,5.690139e-01,5.705472e-01,5.718475e-01,5.729279e-01,5.737713e-01,5.743803e-01,5.747515e-01,5.751720e-01,5.755861e-01,5.760009e-01,5.763936e-01,5.768057e-01,5.772258e-01,5.775772e-01,5.779958e-01,5.783932e-01,5.787475e-01,5.791713e-01,5.795268e-01,5.798656e-01,5.802212e-01,5.805785e-01,5.809800e-01,5.813385e-01,5.816911e-01,5.820282e-01,5.823809e-01,5.827331e-01,5.830644e-01,5.833516e-01,5.837053e-01,5.840596e-01,5.843910e-01,5.847485e-01,5.850347e-01,5.853911e-01,5.856792e-01,5.859733e-01,5.863367e-01,5.866316e-01,5.869269e-01,5.872216e-01,5.875156e-01,5.878110e-01,5.881146e-01,5.884108e-01,5.887032e-01,5.890028e-01,5.892293e-01,5.895317e-01,5.898214e-01,5.900133e-01,5.903079e-01,5.906007e-01,5.908744e-01,5.910887e-01,5.913041e-01,5.915760e-01,5.917786e-01,5.919921e-01,5.922774e-01,5.924870e-01,5.926951e-01,5.929126e-01,5.931969e-01,5.934126e-01,5.936307e-01,5.938549e-01,5.940712e-01,5.942969e-01,5.945228e-01,5.947694e-01,5.949968e-01,5.952304e-01,5.954540e-01,5.956903e-01,5.959246e-01,5.960863e-01,5.963211e-01,5.964853e-01,5.967194e-01,5.969517e-01,5.971387e-01,5.973757e-01,5.975363e-01,5.977726e-01,5.979367e-01,5.981641e-01,5.983285e-01,5.984859e-01,5.986613e-01,5.988882e-01,5.990448e-01,5.991954e-01,5.993555e-01,5.995768e-01,5.997434e-01,5.998922e-01,6.000432e-01,6.001815e-01,6.003295e-01,6.005008e-01,6.006467e-01,6.007971e-01,6.009454e-01,6.011178e-01,6.012004e-01,6.013574e-01,6.015397e-01,6.017022e-01,6.017935e-01,6.019594e-01,6.021528e-01,6.023113e-01,6.024104e-01,6.025757e-01,6.027577e-01,6.028548e-01,6.029477e-01,6.031366e-01,6.032274e-01,6.033868e-01,6.035008e-01,6.036670e-01,6.037537e-01,6.038373e-01,6.039429e-01,6.040210e-01,6.041014e-01,6.042093e-01,6.042953e-01,6.043769e-01,6.044518e-01,6.045532e-01,6.046371e-01,6.047210e-01,6.047995e-01,6.048997e-01,6.049824e-01,6.050719e-01,6.051833e-01,6.052629e-01,6.053269e-01,6.054239e-01,6.055157e-01,6.055998e-01,6.056892e-01,6.057420e-01,6.058270e-01,6.058979e-01,6.059643e-01,6.060505e-01,6.061148e-01,6.061898e-01,6.062054e-01,6.062362e-01,6.063073e-01,6.063493e-01,6.064092e-01,6.064547e-01,6.064997e-01,6.064818e-01,6.064825e-01,6.065235e-01,6.065615e-01,6.065730e-01,6.064991e-01,6.064887e-01,6.065186e-01,6.065118e-01,6.065122e-01,6.064831e-01,6.064764e-01,6.065029e-01,6.064144e-01,6.062137e-01,6.061142e-01,6.060849e-01,6.059855e-01,6.058971e-01,6.057978e-01,6.057319e-01,6.056883e-01,6.056559e-01,6.056683e-01,6.056470e-01,6.055701e-01,6.056123e-01,6.056803e-01,6.057596e-01,6.058054e-01,6.058770e-01,6.059340e-01,6.060354e-01,6.060883e-01,6.061820e-01,6.062683e-01,6.063134e-01,6.063994e-01,6.064367e-01,6.065152e-01,6.066049e-01,6.066833e-01,6.067730e-01,6.068930e-01,6.069829e-01,6.071029e-01,6.072118e-01,6.073288e-01,6.074568e-01,6.075961e-01,6.077058e-01,6.078564e-01,6.080150e-01,6.081324e-01,6.082836e-01,6.084458e-01,6.086084e-01,6.087262e-01,6.088698e-01,6.090290e-01,6.091840e-01,6.093090e-01,6.094717e-01,6.096270e-01,6.097743e-01,6.099217e-01,6.100584e-01,6.101946e-01,6.103421e-01,6.104897e-01,6.106487e-01,6.107922e-01,6.109293e-01,6.110966e-01,6.112483e-01,6.114157e-01,6.115675e-01,6.117238e-01,6.118725e-01,6.120485e-01,6.121974e-01,6.123244e-01,6.124735e-01,6.126454e-01,6.128060e-01,6.129666e-01,6.131192e-01,6.132800e-01,6.134327e-01,6.135740e-01,6.137154e-01,6.138273e-01,6.139719e-01,6.141287e-01,6.142620e-01,6.143648e-01,6.144676e-01,6.145780e-01,6.147038e-01,6.148296e-01,6.149554e-01,6.150698e-01,6.151957e-01,6.153101e-01,6.154246e-01,6.155314e-01,6.156543e-01,6.157574e-01,6.158611e-01,6.159611e-01,6.160650e-01,6.161803e-01,6.162919e-01,6.164260e-01,6.165384e-01,6.166393e-01,6.167594e-01,6.168596e-01,6.169791e-01,6.170748e-01,6.171820e-01,6.172855e-01,6.173806e-01,6.174826e-01,6.176096e-01,6.177141e-01,6.178148e-01,6.179070e-01,6.179947e-01,6.180854e-01,6.181647e-01,6.182540e-01,6.183433e-01,6.184329e-01,6.185014e-01,6.185683e-01,6.186259e-01,6.186922e-01,6.187490e-01,6.188184e-01,6.188506e-01,6.188944e-01,6.189483e-01,6.189935e-01,6.190466e-01,6.190976e-01,6.191260e-01,6.191544e-01,6.191813e-01,6.192198e-01,6.192459e-01,6.193048e-01,6.193295e-01,6.193536e-01,6.193655e-01,6.193766e-01,6.194207e-01,6.194537e-01,6.194744e-01,6.194829e-01,6.194792e-01,6.194748e-01,6.194802e-01,6.194975e-01,6.195142e-01,6.195305e-01,6.195237e-01,6.195169e-01,6.195554e-01,6.195718e-01,6.195766e-01,6.195699e-01,6.195517e-01,6.195788e-01,6.195952e-01,6.196002e-01,6.195821e-01,6.195668e-01,6.195949e-01,6.196682e-01,6.196963e-01,6.196783e-01,6.196603e-01,6.196625e-01,6.196561e-01,6.196692e-01,6.196370e-01,6.196048e-01,6.195957e-01,6.195982e-01,6.195546e-01,6.194759e-01,6.193635e-01,6.192857e-01,6.192079e-01,6.190844e-01,6.188490e-01,6.185883e-01,6.183536e-01,6.181420e-01,6.179647e-01,6.177536e-01,6.174773e-01,6.170962e-01,6.165825e-01,6.160813e-01,6.157281e-01,6.154208e-01,6.150237e-01,6.144930e-01,6.139184e-01,6.135243e-01,6.132539e-01,6.130173e-01,6.127365e-01,6.124004e-01,6.120982e-01,6.118282e-01,6.115270e-01,6.113454e-01,6.112748e-01,6.112041e-01,6.111419e-01,6.110798e-01,6.110177e-01,6.109640e-01,6.109104e-01,6.109673e-01,6.109137e-01,6.109942e-01,6.110595e-01,6.111166e-01,6.110632e-01,6.111202e-01,6.111690e-01,6.112177e-01,6.111560e-01,6.110860e-01,6.111263e-01,6.111667e-01,6.111987e-01,6.112391e-01,6.112795e-01,6.112012e-01,6.112416e-01,6.112821e-01,6.113462e-01,6.112764e-01,6.113169e-01,6.112471e-01,6.112876e-01,6.113366e-01,6.113687e-01,6.112991e-01,6.113396e-01,6.113718e-01,6.114123e-01,6.113343e-01,6.113665e-01,6.113987e-01,6.114309e-01,6.114546e-01,6.114868e-01,6.115190e-01,6.116613e-01,6.116935e-01,6.117257e-01,6.117579e-01,6.117901e-01,6.118224e-01,6.115517e-01,6.116940e-01,6.117263e-01,6.117585e-01,6.117908e-01,6.116304e-01,6.116542e-01,6.117964e-01,6.118287e-01,6.115587e-01,6.115825e-01,6.117331e-01,6.115731e-01,6.116293e-01,6.114779e-01,6.115188e-01,6.115596e-01,6.113073e-01,6.113567e-01,6.112142e-01,6.112635e-01,6.110118e-01,6.110697e-01,6.109275e-01,6.106848e-01,6.108519e-01,6.106010e-01,6.106589e-01,6.105415e-01,6.105910e-01,6.104496e-01,6.101994e-01,6.102490e-01,6.099907e-01,6.100319e-01,6.098826e-01,6.096166e-01,6.097578e-01,6.094921e-01,6.093350e-01,6.093593e-01,6.090942e-01,6.089376e-01,6.089704e-01,6.087059e-01,6.085742e-01,6.086154e-01,6.084678e-01,6.082126e-01,6.082539e-01,6.079991e-01,6.080403e-01,6.077859e-01,6.075402e-01,6.076888e-01,6.074349e-01,6.071898e-01,6.073382e-01,6.070850e-01,6.071263e-01,6.068734e-01,6.066209e-01,6.066623e-01,6.064267e-01,6.064681e-01,6.062080e-01,6.061430e-01,6.058835e-01,6.058104e-01,6.055513e-01,6.054785e-01,6.052117e-01,6.052450e-01,6.048810e-01,6.049143e-01,6.048419e-01,6.044789e-01,6.044318e-01,6.043597e-01,6.041030e-01,6.040311e-01,6.039593e-01,6.037033e-01,6.036316e-01,6.035600e-01,6.034885e-01,6.031285e-01,6.030572e-01,6.029860e-01,6.029149e-01,6.027392e-01,6.026682e-01,6.024929e-01,6.024220e-01,6.026385e-01,6.018897e-01,6.021057e-01,6.022177e-01,6.023296e-01,6.023374e-01,6.021627e-01,6.021705e-01,6.019960e-01,6.018218e-01,6.019336e-01,6.016556e-01,6.014818e-01,6.012045e-01,6.012126e-01,6.009358e-01,6.006594e-01,6.003835e-01,6.001080e-01,5.998587e-01,5.991987e-01,5.991046e-01,5.984471e-01,5.981744e-01,5.979022e-01,5.978089e-01,5.977156e-01,5.969611e-01,5.964879e-01,5.960158e-01,5.959237e-01,5.955538e-01,5.950082e-01,5.945318e-01,5.936884e-01,5.928483e-01,5.925588e-01,5.915493e-01,5.909149e-01,5.902825e-01,5.900287e-01,5.894065e-01,5.887861e-01,5.883387e-01,5.875265e-01,5.866202e-01,5.854518e-01,5.845538e-01,5.833240e-01,5.825536e-01,5.813346e-01,5.807368e-01,5.797798e-01,5.789208e-01,5.779716e-01,5.773761e-01,5.764337e-01,5.758425e-01,5.753225e-01,5.759062e-01,5.767537e-01,5.770914e-01,5.761443e-01,5.752706e-01,5.747526e-01,5.742290e-01,5.733632e-01,5.730031e-01,5.724546e-01,5.712558e-01,5.697187e-01,5.677962e-01,5.656849e-01,5.637622e-01,5.616604e-01,5.593200e-01,5.574089e-01,5.555567e-01,5.542458e-01,5.529790e-01,5.526786e-01,5.507783e-01,5.483609e-01,5.450587e-01,5.420636e-01,5.377895e-01,5.331795e-01,5.291649e-01,5.246026e-01,5.212242e-01,5.167351e-01,5.127257e-01,5.085969e-01,5.040644e-01,4.992654e-01,4.963966e-01,4.925759e-01,4.875797e-01,4.833075e-01,4.787945e-01,4.752831e-01,4.709420e-01,4.665681e-01,4.625604e-01,4.591708e-01,4.560741e-01,4.523618e-01,4.487183e-01,4.457842e-01,4.420247e-01,4.387904e-01,4.356097e-01,4.326133e-01,4.301284e-01,4.276782e-01,4.249195e-01,4.222905e-01,4.197002e-01,4.174607e-01,4.154851e-01,4.133306e-01,4.110517e-01,4.089173e-01,4.072191e-01,4.051636e-01,4.030976e-01,4.014536e-01,3.998246e-01,3.987455e-01,3.972506e-01,3.957665e-01,3.948189e-01,3.934622e-01,3.924933e-01,3.917377e-01,3.908131e-01,3.899622e-01,3.892180e-01,3.884097e-01,3.875711e-01,3.868360e-01,3.864701e-01,3.857745e-01,3.856117e-01,3.854490e-01,3.853212e-01,3.847962e-01,3.845350e-01,3.845078e-01,3.843467e-01,3.847462e-01,3.846196e-01,3.845596e-01,3.843355e-01,3.846368e-01,3.844128e-01,3.848136e-01,3.851155e-01,3.856522e-01,3.855936e-01,3.858312e-01,3.864986e-01,3.869398e-01,3.873452e-01,3.880524e-01,3.887271e-01,3.895408e-01,3.905925e-01,3.914137e-01,3.923047e-01,3.933024e-01,3.939933e-01,3.951040e-01,3.961841e-01,3.969200e-01,3.983973e-01,3.992482e-01,4.003511e-01,4.014934e-01,4.024309e-01,4.039854e-01,4.046388e-01,4.055504e-01,4.066124e-01,4.077568e-01,4.085339e-01,4.095761e-01,4.106589e-01,4.115607e-01,4.131509e-01,4.139478e-01,4.151344e-01,4.164801e-01,4.174835e-01,4.184977e-01,4.196273e-01,4.212065e-01,4.224713e-01,4.234244e-01,4.246649e-01,4.260732e-01,4.269166e-01,4.284288e-01,4.296558e-01,4.313469e-01,4.323022e-01,4.334242e-01,4.349797e-01,4.359867e-01,4.369983e-01,4.387136e-01,4.397378e-01,4.408986e-01,4.420303e-01,4.430699e-01,4.445666e-01,4.453977e-01,4.470818e-01,4.483835e-01,4.489541e-01,4.499912e-01,4.518502e-01,4.527052e-01,4.539007e-01,4.551348e-01,4.563437e-01,4.575944e-01,4.583305e-01,4.595570e-01,4.606836e-01,4.612520e-01,4.625330e-01,4.632908e-01,4.642565e-01,4.655577e-01,4.661448e-01,4.676064e-01,4.682305e-01,4.690670e-01,4.696948e-01,4.710269e-01,4.716214e-01,4.722522e-01,4.734419e-01,4.741931e-01,4.748270e-01,4.758708e-01,4.766262e-01,4.772662e-01,4.779041e-01,4.792378e-01,4.798807e-01,4.805251e-01,4.812953e-01,4.819433e-01,4.825928e-01,4.835301e-01,4.842861e-01,4.846042e-01,4.851669e-01,4.856035e-01,4.859028e-01,4.864477e-01,4.869453e-01,4.873982e-01,4.879607e-01,4.884501e-01,4.891295e-01,4.894603e-01,4.900121e-01,4.905343e-01,4.910922e-01,4.915910e-01,4.922828e-01,4.928483e-01,4.931224e-01,4.938793e-01,4.939867e-01,4.946239e-01,4.951290e-01,4.955696e-01,4.963145e-01,4.967106e-01,4.975511e-01,4.977864e-01,4.985682e-01,4.991465e-01,4.995849e-01,4.999034e-01,5.004803e-01,5.008622e-01,5.016811e-01,5.022965e-01,5.031676e-01,5.040287e-01,5.047652e-01,5.050544e-01,5.059057e-01,5.063723e-01,5.070509e-01,5.076228e-01,5.081613e-01,5.087796e-01,5.096472e-01,5.101249e-01,5.107030e-01,5.112169e-01,5.118167e-01,5.123163e-01,5.128646e-01,5.130693e-01,5.137029e-01,5.141217e-01,5.148240e-01,5.152787e-01,5.158830e-01,5.162727e-01,5.167296e-01,5.170861e-01,5.176112e-01,5.179017e-01,5.182433e-01,5.188883e-01,5.193149e-01,5.198439e-01,5.202043e-01,5.202942e-01,5.207570e-01,5.210505e-01,5.213274e-01,5.216215e-01,5.218988e-01,5.219379e-01,5.224079e-01,5.229250e-01,5.233574e-01,5.234991e-01,5.238637e-01,5.241944e-01,5.245599e-01,5.243188e-01,5.248686e-01,5.251951e-01,5.254359e-01,5.254524e-01,5.256933e-01,5.258306e-01,5.257610e-01,5.256398e-01,5.260705e-01,5.258284e-01,5.254713e-01,5.253851e-01,5.254070e-01,5.246914e-01,5.245253e-01,5.243082e-01,5.241477e-01,5.232502e-01,5.228316e-01,5.224983e-01,5.219635e-01,5.215644e-01,5.209655e-01,5.204465e-01,5.199182e-01,5.190407e-01,5.185167e-01,5.176455e-01,5.170646e-01,5.171041e-01,5.190693e-01,5.181970e-01,5.177968e-01,5.171206e-01,5.164769e-01,5.156209e-01,5.151619e-01,5.144903e-01,5.137429e-01,5.128990e-01,5.122705e-01,5.111886e-01,5.104192e-01,5.097949e-01,5.087896e-01,5.079978e-01,5.070644e-01,5.061155e-01,5.052885e-01,5.044100e-01,5.038021e-01,5.031608e-01,5.024144e-01,5.014172e-01,5.007840e-01,5.000319e-01,4.992734e-01,4.984822e-01,4.975749e-01,4.967671e-01,4.960902e-01,4.952975e-01,4.945588e-01,4.941540e-01,4.934866e-01,4.929598e-01,4.922967e-01,4.914187e-01,4.911151e-01,4.906606e-01,4.899484e-01,4.892388e-01,4.887786e-01,4.880737e-01,4.877405e-01,4.871953e-01,4.869002e-01,4.864002e-01,4.859155e-01,4.854219e-01,4.850782e-01,4.846988e-01,4.844180e-01,4.841377e-01,4.839134e-01,4.836151e-01,4.836037e-01,4.837276e-01,4.837505e-01,4.836243e-01,4.840085e-01,4.843186e-01,4.845503e-01,4.847128e-01,4.850426e-01,4.855825e-01,4.858995e-01,4.861747e-01,4.861975e-01,4.864169e-01,4.866401e-01,4.867980e-01,4.868246e-01,4.868373e-01,4.866009e-01,4.864172e-01,4.865842e-01,4.862887e-01,4.861054e-01,4.860204e-01,4.857259e-01,4.853726e-01,4.852286e-01,4.850986e-01,4.850524e-01,4.848533e-01,4.846546e-01,4.845115e-01,4.845726e-01,4.844714e-01,4.846333e-01,4.846944e-01,4.849118e-01,4.847688e-01,4.849308e-01,4.851483e-01,4.855188e-01,4.857367e-01,4.860561e-01,4.864279e-01,4.870695e-01,4.877651e-01,4.879325e-01,4.882685e-01,4.887035e-01,4.889841e-01,4.896928e-01,4.901869e-01,4.903697e-01,4.907088e-01,4.907554e-01,4.910950e-01,4.909653e-01,4.908925e-01,4.906068e-01,4.903783e-01,4.904051e-01,4.908006e-01,4.910404e-01,4.910871e-01,4.914408e-01,4.913252e-01,4.916223e-01,4.918628e-01,4.920645e-01,4.920684e-01,4.924234e-01,4.929895e-01,4.931880e-01,4.932863e-01,4.938213e-01,4.939157e-01,4.942259e-01,4.944252e-01,4.948369e-01,4.949957e-01,4.951875e-01,4.950656e-01,4.952037e-01,4.953379e-01,4.955733e-01,4.955115e-01,4.957035e-01,4.959971e-01,4.964069e-01,4.963238e-01,4.965810e-01,4.968173e-01,4.969520e-01,4.974651e-01,4.974398e-01,4.975747e-01,4.977720e-01,4.977137e-01,4.981698e-01,4.983090e-01,4.983941e-01,4.980954e-01,4.983409e-01,4.985936e-01,4.985179e-01,4.984175e-01,4.985505e-01,4.986253e-01,4.986046e-01,4.989426e-01,4.992810e-01,4.991844e-01,4.993688e-01,4.996932e-01,4.992114e-01,4.989939e-01,4.984582e-01,4.980526e-01,4.979925e-01,4.977353e-01,4.973561e-01,4.963958e-01,4.952823e-01,4.948668e-01,4.940715e-01,4.925562e-01,4.914227e-01,4.906374e-01,4.892972e-01,4.877761e-01,4.863035e-01,4.846880e-01,4.831968e-01,4.805346e-01,4.789648e-01,4.751667e-01,4.722840e-01,4.693942e-01,4.670421e-01,4.635577e-01,4.611854e-01,4.577549e-01,4.552900e-01,4.503250e-01,4.461711e-01,4.421066e-01,4.372216e-01,4.327965e-01,4.271307e-01,4.216959e-01,4.130320e-01,4.064120e-01,3.998587e-01,3.934943e-01,3.859182e-01,3.793358e-01,3.689412e-01,3.613595e-01,3.539849e-01,3.466573e-01,3.385798e-01,3.288172e-01,3.209249e-01,3.137979e-01,3.068698e-01,2.997459e-01,2.910617e-01,2.846869e-01,2.788722e-01,2.734132e-01,2.686175e-01,2.615313e-01,2.571973e-01,2.531323e-01,2.487329e-01,2.443176e-01,2.400128e-01,2.370507e-01,2.341882e-01,2.313898e-01,2.285892e-01,2.259134e-01,2.243503e-01,2.217645e-01,2.203140e-01,2.177832e-01,2.164675e-01,2.151378e-01,2.138490e-01,2.126331e-01,2.114577e-01,2.102638e-01,2.101302e-01,2.088989e-01,2.087097e-01,2.076010e-01,2.073908e-01,2.072574e-01,2.071815e-01,2.060879e-01,2.060127e-01,2.058808e-01,2.058321e-01,2.067976e-01,2.067710e-01,2.067482e-01,2.066721e-01,2.076172e-01,2.076170e-01,2.086504e-01,2.086809e-01,2.096111e-01,2.106344e-01,2.106928e-01,2.116946e-01,2.127358e-01,2.137859e-01,2.148710e-01,2.149028e-01,2.160007e-01,2.171637e-01,2.182527e-01,2.193786e-01,2.204575e-01,2.216355e-01,2.227931e-01,2.239627e-01,2.251431e-01,2.263024e-01,2.275048e-01,2.287182e-01,2.299110e-01,2.311477e-01,2.323308e-01,2.335251e-01,2.359123e-01,2.359796e-01,2.384479e-01,2.397681e-01,2.399061e-01,2.420636e-01,2.432799e-01,2.448740e-01,2.460677e-01,2.479256e-01,2.490012e-01,2.500208e-01,2.519096e-01,2.531525e-01,2.547304e-01,2.559348e-01,2.578666e-01,2.589131e-01,2.606247e-01,2.619621e-01,2.631210e-01,2.649195e-01,2.661368e-01,2.679044e-01,2.689836e-01,2.706563e-01,2.717203e-01,2.733086e-01,2.745896e-01,2.759102e-01,2.770037e-01,2.785681e-01,2.796814e-01,2.810945e-01,2.821321e-01,2.836631e-01,2.846887e-01,2.861140e-01,2.871384e-01,2.879132e-01,2.894058e-01,2.909129e-01,2.918383e-01,2.930486e-01,2.939868e-01,2.951997e-01,2.959125e-01,2.972439e-01,2.978617e-01,2.988775e-01,2.995535e-01,3.008622e-01,3.014932e-01,3.024085e-01,3.028841e-01,3.040234e-01,3.043059e-01,3.046014e-01,3.050832e-01,3.057650e-01,3.066493e-01,3.063867e-01,3.070737e-01,3.073616e-01,3.076999e-01,3.072350e-01,3.079251e-01,3.080628e-01,3.083522e-01,3.082884e-01,3.080233e-01,3.087162e-01,3.082488e-01,3.083867e-01,3.083230e-01,3.080581e-01,3.079947e-01,3.075302e-01,3.080191e-01,3.081567e-01,3.076912e-01,3.076281e-01,3.071653e-01,3.069032e-01,3.068407e-01,3.063807e-01,3.063185e-01,3.064056e-01,3.061460e-01,3.058869e-01,3.054684e-01,3.052115e-01,3.056931e-01,3.050417e-01,3.055234e-01,3.048731e-01,3.053527e-01,3.056371e-01,3.055269e-01,3.058108e-01,3.060944e-01,3.061807e-01,3.068487e-01,3.071338e-01,3.072204e-01,3.073064e-01,3.081413e-01,3.080285e-01,3.086670e-01,3.089556e-01,3.094344e-01,3.095226e-01,3.103703e-01,3.102572e-01,3.109045e-01,3.109948e-01,3.114409e-01,3.121303e-01,3.122203e-01,3.121057e-01,3.127588e-01,3.128482e-01,3.133358e-01,3.132196e-01,3.138766e-01,3.139664e-01,3.144180e-01,3.143010e-01,3.149997e-01,3.148822e-01,3.153367e-01,3.154271e-01,3.158829e-01,3.158027e-01,3.162602e-01,3.163509e-01,3.168088e-01,3.166891e-01,3.171478e-01,3.172761e-01,3.175255e-01,3.181966e-01,3.180758e-01,3.185370e-01,3.187871e-01,3.192883e-01,3.191659e-01,3.196296e-01,3.200945e-01,3.197590e-01,3.202624e-01,3.207288e-01,3.209816e-01,3.208586e-01,3.211115e-01,3.215798e-01,3.218721e-01,3.223423e-01,3.228136e-01,3.232862e-01,3.229444e-01,3.234172e-01,3.237127e-01,3.241874e-01,3.244445e-01,3.247019e-01,3.246146e-01,3.248712e-01,3.251291e-01,3.256071e-01,3.258650e-01,3.261620e-01,3.258138e-01,3.262933e-01,3.265511e-01,3.268489e-01,3.264996e-01,3.267584e-01,3.270167e-01,3.267051e-01,3.269641e-01,3.272225e-01,3.274812e-01,3.277402e-01,3.279995e-01,3.276863e-01,3.277226e-01,3.279817e-01,3.282412e-01,3.285010e-01,3.288001e-01,3.290597e-01,3.293205e-01,3.293568e-01,3.296170e-01,3.298775e-01,3.301765e-01,3.302119e-01,3.304722e-01,3.307318e-01,3.308055e-01,3.310645e-01,3.313239e-01,3.313575e-01,3.322409e-01,3.323128e-01,3.325737e-01,3.326063e-01,3.334953e-01,3.335683e-01,3.338306e-01,3.344954e-01,3.347589e-01,3.347935e-01,3.357321e-01,3.357657e-01,3.364371e-01,3.367030e-01,3.376498e-01,3.383269e-01,3.385943e-01,3.392747e-01,3.393074e-01,3.402262e-01,3.402985e-01,3.412230e-01,3.419128e-01,3.419454e-01,3.428791e-01,3.429127e-01,3.436505e-01,3.443500e-01,3.443857e-01,3.450899e-01,3.457968e-01,3.458724e-01,3.465842e-01,3.466209e-01,3.475819e-01,3.476598e-01,3.483791e-01,3.491012e-01,3.491413e-01,3.498673e-01,3.499475e-01,3.506776e-01,3.507188e-01,3.514517e-01,3.515333e-01,3.522691e-01,3.523117e-01,3.530516e-01,3.531344e-01,3.531770e-01,3.539200e-01,3.537078e-01,3.537908e-01,3.538346e-01,3.545797e-01,3.546224e-01,3.547056e-01,3.547495e-01,3.547922e-01,3.541324e-01,3.539611e-01,3.540038e-01,3.533478e-01,3.526934e-01,3.517918e-01,3.518750e-01,3.512271e-01,3.498980e-01,3.490126e-01,3.483765e-01,3.471113e-01,3.462405e-01,3.449514e-01,3.443320e-01,3.428208e-01,3.415591e-01,3.401140e-01,3.388740e-01,3.367830e-01,3.355687e-01,3.335195e-01,3.323301e-01,3.309290e-01,3.291585e-01,3.278253e-01,3.258761e-01,3.247448e-01,3.228334e-01,3.215163e-01,3.198497e-01,3.185579e-01,3.167213e-01,3.156952e-01,3.138930e-01,3.128475e-01,3.116143e-01,3.098590e-01,3.086494e-01,3.074495e-01,3.062593e-01,3.053047e-01,3.041313e-01,3.029679e-01,3.013117e-01,3.001704e-01,2.997126e-01,2.985839e-01,2.979533e-01,2.966617e-01,2.960790e-01,2.949788e-01,2.945381e-01,2.939256e-01,2.933152e-01,2.927082e-01,2.916334e-01,2.910337e-01,2.904361e-01,2.893786e-01,2.883290e-01,2.875772e-01,2.870328e-01,2.858366e-01,2.848134e-01,2.842425e-01,2.836741e-01,2.825069e-01,2.819457e-01,2.813869e-01,2.808304e-01,2.801191e-01,2.791377e-01,2.784352e-01,2.778910e-01,2.773490e-01,2.768093e-01,2.761190e-01,2.756222e-01,2.749387e-01,2.748247e-01,2.741449e-01,2.740317e-01,2.737686e-01,2.740685e-01,2.738054e-01,2.736927e-01,2.738423e-01,2.741422e-01,2.737288e-01,2.744421e-01,2.741782e-01,2.743281e-01,2.742146e-01,2.747788e-01,2.746645e-01,2.743622e-01,2.743618e-01,2.742480e-01,2.743973e-01,2.741336e-01,2.738704e-01,2.741692e-01,2.733081e-01,2.730462e-01,2.729340e-01,2.726735e-01,2.719687e-01,2.717103e-01,2.711952e-01,2.706078e-01,2.700970e-01,2.698426e-01,2.695891e-01,2.689006e-01,2.683614e-01,2.682545e-01,2.675731e-01,2.673248e-01,2.670771e-01,2.668298e-01,2.664040e-01,2.665476e-01,2.663020e-01,2.664455e-01,2.662002e-01,2.660616e-01,2.663090e-01,2.663111e-01,2.660662e-01,2.658220e-01,2.659654e-01,2.658277e-01,2.659711e-01,2.665032e-01,2.662583e-01,2.664021e-01,2.661227e-01,2.662668e-01,2.664105e-01,2.665543e-01,2.664158e-01,2.661716e-01,2.659280e-01,2.655442e-01,2.656873e-01,2.655120e-01,2.652698e-01,2.648883e-01,2.650303e-01,2.647543e-01,2.650351e-01,2.646546e-01,2.642377e-01,2.643792e-01,2.641049e-01,2.638654e-01,2.634887e-01,2.635919e-01,2.629418e-01,2.627048e-01,2.627080e-01,2.624715e-01,2.617895e-01,2.615544e-01,2.611849e-01,2.609136e-01,2.602768e-01,2.595418e-01,2.591404e-01,2.592769e-01,2.586102e-01,2.583809e-01,2.579823e-01,2.577539e-01,2.570940e-01,4.795621e-03,4.795621e-03,4.795621e-03,4.795621e-03,4.795621e-03,4.795621e-03,4.795621e-03,4.795621e-03,4.795621e-03,4.795621e-03,4.795621e-03,4.795621e-03,4.795621e-03,4.795621e-03,4.795621e-03,4.795621e-03,4.795621e-03,4.795621e-03,4.795621e-03,4.795621e-03,4.795621e-03,4.795621e-03,4.795621e-03,4.795621e-03,4.795621e-03,4.795621e-03,4.795621e-03,4.795621e-03,4.795621e-03,4.795621e-03,4.795621e-03,4.795621e-03,4.795621e-03,4.795621e-03,4.795621e-03,4.795621e-03,4.795621e-03,4.795621e-03,4.795621e-03,4.795621e-03,4.795621e-03,4.795621e-03,4.795621e-03,4.795621e-03,4.795621e-03,4.795621e-03,4.795621e-03,4.795621e-03,4.795621e-03,4.795621e-03,4.795621e-03,4.795621e-03,4.795621e-03,4.795621e-03,4.795621e-03,4.795621e-03,4.795621e-03,4.795621e-03,4.795621e-03,4.795621e-03,4.795621e-03,4.795621e-03,4.795621e-03,4.795621e-03,4.795621e-03,4.795621e-03,4.795621e-03,4.795621e-03,4.795621e-03,4.795621e-03,4.795621e-03,4.795621e-03,4.795621e-03,4.795621e-03,4.795621e-03,4.795621e-03,4.795621e-03,4.795621e-03,4.795621e-03,4.795621e-03,4.795621e-03,4.795621e-03,4.795621e-03,4.795621e-03,4.795621e-03,4.795621e-03,4.795621e-03,4.795621e-03,4.795621e-03,4.795621e-03,4.795621e-03,4.795621e-03,4.795621e-03,4.795621e-03,4.795621e-03,4.795621e-03,4.795621e-03,4.795621e-03,4.795621e-03,4.795621e-03,4.795621e-03,4.795621e-03,4.795621e-03,4.795621e-03,4.795621e-03,4.795621e-03,4.795621e-03,4.795621e-03,4.795621e-03,4.795621e-03,4.795621e-03,4.795621e-03,4.795621e-03,4.795621e-03,4.795621e-03,4.795621e-03,4.795621e-03,4.795621e-03,4.795621e-03,4.795621e-03,4.795621e-03,4.795621e-03,4.795621e-03,4.795621e-03,4.795621e-03,4.795621e-03,4.795621e-03,4.795621e-03,4.795621e-03,4.795621e-03,4.795621e-03,4.795621e-03,4.795621e-03,4.795621e-03,4.795621e-03,4.795621e-03,4.795621e-03,4.795621e-03,4.795621e-03,4.795621e-03,4.795621e-03,4.795621e-03,4.795621e-03,4.795621e-03,4.795621e-03,4.795621e-03,4.795621e-03,4.795621e-03,4.795621e-03,4.795621e-03,4.795621e-03,4.795621e-03,4.795621e-03,4.795621e-03,4.795621e-03,4.795621e-03,4.795621e-03,4.795621e-03,4.795621e-03,4.795621e-03,4.795621e-03
2.187507e-02,2.185119e-02,2.182140e-02,2.179164e-02,2.176194e-02,2.173233e-02,2.169685e-02,2.166731e-02,2.163780e-02,2.160237e-02,2.157285e-02,2.153737e-02,2.150788e-02,2.147844e-02,2.144310e-02,2.141371e-02,2.138434e-02,2.135495e-02,2.133150e-02,2.130214e-02,2.127862e-02,2.125503e-02,2.123146e-02,2.121379e-02,2.119621e-02,2.117271e-02,2.115508e-02,2.114328e-02,2.112564e-02,2.110802e-02,2.109623e-02,2.107850e-02,2.106672e-02,2.104908e-02,2.103738e-02,2.102570e-02,2.100811e-02,2.099647e-02,2.098485e-02,2.096735e-02,2.095580e-02,2.094440e-02,2.092720e-02,2.091588e-02,2.089881e-02,2.088775e-02,2.087677e-02,2.085997e-02,2.084940e-02,2.083911e-02,2.082330e-02,2.081380e-02,2.080481e-02,2.079615e-02,2.078781e-02,2.077973e-02,2.077784e-02,2.077047e-02,2.076317e-02,2.076169e-02,2.075427e-02,2.074692e-02,2.074494e-02,2.073696e-02,2.073518e-02,2.072786e-02,2.072613e-02,2.072429e-02,2.071624e-02,2.071413e-02,2.071194e-02,2.070316e-02,2.070013e-02,2.069707e-02,2.068801e-02,2.068465e-02,2.068134e-02,2.067903e-02,2.067083e-02,2.066859e-02,2.066682e-02,2.066069e-02,2.066165e-02,2.066363e-02,2.066153e-02,2.066721e-02,2.067529e-02,2.068013e-02,2.069421e-02,2.070652e-02,2.072832e-02,2.074833e-02,2.077945e-02,2.081154e-02,2.085510e-02,2.090066e-02,2.096098e-02,2.102648e-02,2.110292e-02,2.119723e-02,2.130187e-02,2.142013e-02,2.155624e-02,2.171207e-02,2.189447e-02,2.209403e-02,2.231948e-02,2.257505e-02,2.285824e-02,2.317090e-02,2.352069e-02,2.390476e-02,2.432566e-02,2.479170e-02,2.530450e-02,2.583955e-02,2.641633e-02,2.702314e-02,2.766412e-02,2.832772e-02,2.901225e-02,2.970342e-02,3.039972e-02,3.108337e-02,3.175896e-02,3.239764e-02,3.299226e-02,3.355612e-02,3.408435e-02,3.455524e-02,3.499138e-02,3.538521e-02,3.576908e-02,3.606933e-02,3.634586e-02,3.657156e-02,3.677333e-02,3.691986e-02,3.706099e-02,3.716488e-02,3.728080e-02,3.733180e-02,3.735925e-02,3.743328e-02,3.747155e-02,3.755199e-02,3.760081e-02,3.769318e-02,3.774842e-02,3.780899e-02,3.788564e-02,3.791920e-02,3.793866e-02,3.795226e-02,3.792980e-02,3.785779e-02,3.772656e-02,3.760579e-02,3.742587e-02,3.722360e-02,3.701648e-02,3.682159e-02,3.657177e-02,3.631962e-02,3.603881e-02,3.572898e-02,3.539836e-02,3.501217e-02,3.463075e-02,3.423030e-02,3.382062e-02,3.340609e-02,3.299377e-02,3.259323e-02,3.221193e-02,3.184229e-02,3.149287e-02,3.116425e-02,3.086302e-02,3.057394e-02,3.030157e-02,3.004430e-02,2.980512e-02,2.957738e-02,2.936549e-02,2.916139e-02,2.897436e-02,2.880202e-02,2.864358e-02,2.849084e-02,2.836028e-02,2.823925e-02,2.812977e-02,2.801314e-02,2.792616e-02,2.784845e-02,2.777478e-02,2.770606e-02,2.763477e-02,2.756056e-02,2.746589e-02,2.737321e-02,2.727567e-02,2.716147e-02,2.701769e-02,2.687666e-02,2.671515e-02,2.652986e-02,2.633979e-02,2.614258e-02,2.593710e-02,2.572530e-02,2.551437e-02,2.530444e-02,2.508687e-02,2.488327e-02,2.468358e-02,2.450098e-02,2.433073e-02,2.417134e-02,2.403851e-02,2.390513e-02,2.380333e-02,2.370849e-02,2.363956e-02,2.357227e-02,2.351567e-02,2.347985e-02,2.344793e-02,2.342154e-02,2.338369e-02,2.335278e-02,2.330188e-02,2.322566e-02,2.314156e-02,2.302509e-02,2.289105e-02,2.271448e-02,2.252571e-02,2.232050e-02,2.210483e-02,2.187308e-02,2.164313e-02,2.140767e-02,2.117941e-02,2.095845e-02,2.076175e-02,2.057387e-02,2.040316e-02,2.026612e-02,2.013697e-02,2.003287e-02,1.993283e-02,1.984666e-02,1.975201e-02,1.965728e-02,1.955130e-02,1.944065e-02,1.931724e-02,1.919049e-02,1.905829e-02,1.892810e-02,1.880190e-02,1.868843e-02,1.858712e-02,1.849220e-02,1.841469e-02,1.834789e-02,1.829682e-02,1.825197e-02,1.821910e-02,1.818932e-02,1.817034e-02,1.815061e-02,1.813939e-02,1.812720e-02,1.812234e-02,1.811748e-02,1.811526e-02,1.812824e-02,1.814169e-02,1.818204e-02,1.823161e-02,1.831980e-02,1.845070e-02,1.864989e-02,1.892771e-02,1.932597e-02,1.985726e-02,2.058078e-02,2.151524e-02,2.270346e-02,2.416884e-02,2.596524e-02,2.808241e-02,3.049480e-02,3.323885e-02,3.630540e-02,3.964540e-02,4.320815e-02,4.699732e-02,5.100419e-02,5.509804e-02,5.927356e-02,6.352646e-02,6.781263e-02,7.214278e-02,7.649599e-02,8.088291e-02,8.546820e-02,8.995916e-02,9.447875e-02,9.905260e-02,1.036806e-01,1.083794e-01,1.131175e-01,1.179251e-01,1.227796e-01,1.276708e-01,1.326171e-01,1.379661e-01,1.429933e-01,1.480554e-01,1.529987e-01,1.580673e-01,1.631292e-01,1.681814e-01,1.732383e-01,1.782279e-01,1.831682e-01,1.880470e-01,1.928429e-01,1.976037e-01,2.022996e-01,2.067904e-01,2.112358e-01,2.156041e-01,2.198431e-01,2.238810e-01,2.279137e-01,2.317985e-01,2.353148e-01,2.388380e-01,2.420881e-01,2.453404e-01,2.483213e-01,2.513064e-01,2.540111e-01,2.567087e-01,2.591718e-01,2.616137e-01,2.638435e-01,2.660993e-01,2.685304e-01,2.708486e-01,2.733360e-01,2.757161e-01,2.781084e-01,2.806714e-01,2.831009e-01,2.857090e-01,2.880039e-01,2.904604e-01,2.929176e-01,2.952029e-01,2.976360e-01,3.000646e-01,3.024746e-01,3.046814e-01,3.070248e-01,3.093425e-01,3.116163e-01,3.138312e-01,3.160011e-01,3.180976e-01,3.201230e-01,3.220795e-01,3.239399e-01,3.257061e-01,3.273694e-01,3.289244e-01,3.300069e-01,3.313061e-01,3.326145e-01,3.339346e-01,3.352580e-01,3.366044e-01,3.379652e-01,3.391053e-01,3.404840e-01,3.418687e-01,3.430403e-01,3.444606e-01,3.456525e-01,3.468441e-01,3.480531e-01,3.492734e-01,3.507392e-01,3.519811e-01,3.532323e-01,3.544858e-01,3.557557e-01,3.570342e-01,3.583164e-01,3.593592e-01,3.606676e-01,3.619869e-01,3.633068e-01,3.646523e-01,3.657322e-01,3.670946e-01,3.681933e-01,3.692984e-01,3.706905e-01,3.718131e-01,3.729435e-01,3.740799e-01,3.752223e-01,3.763749e-01,3.775387e-01,3.787079e-01,3.798771e-01,3.810557e-01,3.819485e-01,3.831464e-01,3.843392e-01,3.852131e-01,3.864299e-01,3.876512e-01,3.888539e-01,3.897734e-01,3.907002e-01,3.919332e-01,3.928574e-01,3.938097e-01,3.950936e-01,3.960493e-01,3.970210e-01,3.980042e-01,3.993158e-01,4.003077e-01,4.013102e-01,4.023174e-01,4.033270e-01,4.043487e-01,4.053765e-01,4.064166e-01,4.074593e-01,4.085072e-01,4.095527e-01,4.106185e-01,4.116858e-01,4.123981e-01,4.134765e-01,4.142014e-01,4.152885e-01,4.163773e-01,4.171255e-01,4.182363e-01,4.189706e-01,4.200906e-01,4.208409e-01,4.219661e-01,4.227245e-01,4.234847e-01,4.242483e-01,4.253927e-01,4.261617e-01,4.269354e-01,4.277195e-01,4.288879e-01,4.296677e-01,4.304510e-01,4.312435e-01,4.320237e-01,4.328146e-01,4.336229e-01,4.344150e-01,4.352223e-01,4.360273e-01,4.368340e-01,4.372347e-01,4.380534e-01,4.388766e-01,4.396983e-01,4.401101e-01,4.409465e-01,4.417935e-01,4.426165e-01,4.430367e-01,4.438836e-01,4.447303e-01,4.451492e-01,4.455767e-01,4.464497e-01,4.468739e-01,4.477202e-01,4.481616e-01,4.490326e-01,4.494504e-01,4.498799e-01,4.503214e-01,4.507372e-01,4.511602e-01,4.516111e-01,4.520520e-01,4.524812e-01,4.528922e-01,4.533280e-01,4.537666e-01,4.542062e-01,4.546308e-01,4.550466e-01,4.554652e-01,4.559043e-01,4.563555e-01,4.567673e-01,4.571342e-01,4.575456e-01,4.579752e-01,4.584038e-01,4.587948e-01,4.591115e-01,4.594907e-01,4.598830e-01,4.602628e-01,4.606476e-01,4.610223e-01,4.613751e-01,4.616758e-01,4.619517e-01,4.622907e-01,4.626012e-01,4.629076e-01,4.632509e-01,4.635381e-01,4.636655e-01,4.638745e-01,4.641468e-01,4.644446e-01,4.646313e-01,4.645892e-01,4.647652e-01,4.650046e-01,4.651671e-01,4.653204e-01,4.654148e-01,4.655777e-01,4.657859e-01,4.656771e-01,4.652152e-01,4.650727e-01,4.651096e-01,4.649672e-01,4.648017e-01,4.646595e-01,4.646195e-01,4.645904e-01,4.646525e-01,4.647479e-01,4.647870e-01,4.647129e-01,4.649244e-01,4.652937e-01,4.655946e-01,4.658967e-01,4.661964e-01,4.665339e-01,4.669518e-01,4.672745e-01,4.676918e-01,4.680614e-01,4.683838e-01,4.688013e-01,4.691228e-01,4.694928e-01,4.698985e-01,4.703762e-01,4.707836e-01,4.712645e-01,4.717336e-01,4.722168e-01,4.726657e-01,4.731782e-01,4.736673e-01,4.741933e-01,4.746595e-01,4.752241e-01,4.757926e-01,4.763135e-01,4.768343e-01,4.774415e-01,4.780017e-01,4.785286e-01,4.790529e-01,4.796326e-01,4.801966e-01,4.807491e-01,4.813685e-01,4.819374e-01,4.825056e-01,4.830753e-01,4.836736e-01,4.842090e-01,4.847836e-01,4.853598e-01,4.859757e-01,4.865373e-01,4.871461e-01,4.877700e-01,4.883393e-01,4.889668e-01,4.895394e-01,4.901319e-01,4.906716e-01,4.913090e-01,4.918518e-01,4.923855e-01,4.929311e-01,4.935571e-01,4.941455e-01,4.947355e-01,4.953245e-01,4.959180e-01,4.965104e-01,4.970643e-01,4.976198e-01,4.981097e-01,4.987056e-01,4.992897e-01,4.998483e-01,5.002696e-01,5.006917e-01,5.011722e-01,5.016781e-01,5.021853e-01,5.026938e-01,5.031620e-01,5.036728e-01,5.041432e-01,5.046147e-01,5.050287e-01,5.055051e-01,5.059377e-01,5.063152e-01,5.067104e-01,5.070893e-01,5.075111e-01,5.079508e-01,5.083451e-01,5.087299e-01,5.090729e-01,5.094561e-01,5.097943e-01,5.101729e-01,5.104605e-01,5.107913e-01,5.110769e-01,5.113597e-01,5.116339e-01,5.119585e-01,5.122674e-01,5.125307e-01,5.127911e-01,5.129996e-01,5.132484e-01,5.134541e-01,5.136912e-01,5.139286e-01,5.141173e-01,5.143022e-01,5.144750e-01,5.146386e-01,5.148055e-01,5.149632e-01,5.151215e-01,5.151796e-01,5.152814e-01,5.154147e-01,5.155449e-01,5.156722e-01,5.157157e-01,5.157430e-01,5.157704e-01,5.157855e-01,5.158444e-01,5.158533e-01,5.159098e-01,5.159070e-01,5.158993e-01,5.158421e-01,5.157795e-01,5.157657e-01,5.157797e-01,5.157449e-01,5.156608e-01,5.155274e-01,5.153885e-01,5.152104e-01,5.151480e-01,5.150801e-01,5.150093e-01,5.148514e-01,5.146936e-01,5.146329e-01,5.145624e-01,5.144484e-01,5.142910e-01,5.140903e-01,5.139865e-01,5.139163e-01,5.138027e-01,5.136026e-01,5.134427e-01,5.134160e-01,5.134858e-01,5.134590e-01,5.132594e-01,5.130599e-01,5.129071e-01,5.127511e-01,5.125655e-01,5.122841e-01,5.120031e-01,5.118083e-01,5.116566e-01,5.113338e-01,5.108080e-01,5.102312e-01,5.097834e-01,5.093366e-01,5.087218e-01,5.077272e-01,5.066154e-01,5.056313e-01,5.047349e-01,5.038939e-01,5.030054e-01,5.019138e-01,5.004256e-01,4.985038e-01,4.966402e-01,4.953067e-01,4.941391e-01,4.926667e-01,4.906752e-01,4.886172e-01,4.871858e-01,4.861791e-01,4.852900e-01,4.842558e-01,4.830417e-01,4.819458e-01,4.808694e-01,4.797859e-01,4.790740e-01,4.787269e-01,4.783804e-01,4.780372e-01,4.776946e-01,4.773526e-01,4.770138e-01,4.766756e-01,4.766963e-01,4.763588e-01,4.763902e-01,4.764134e-01,4.764342e-01,4.760972e-01,4.761179e-01,4.761361e-01,4.761544e-01,4.758154e-01,4.754746e-01,4.754903e-01,4.755060e-01,4.755192e-01,4.755350e-01,4.755507e-01,4.752080e-01,4.752237e-01,4.752394e-01,4.752658e-01,4.749262e-01,4.749419e-01,4.746030e-01,4.746187e-01,4.746368e-01,4.746500e-01,4.743117e-01,4.743274e-01,4.743406e-01,4.743563e-01,4.740161e-01,4.740292e-01,4.740424e-01,4.740556e-01,4.740663e-01,4.740795e-01,4.740927e-01,4.744593e-01,4.744725e-01,4.744857e-01,4.744989e-01,4.745121e-01,4.745252e-01,4.740393e-01,4.744057e-01,4.744189e-01,4.744321e-01,4.744452e-01,4.743126e-01,4.743233e-01,4.746900e-01,4.747032e-01,4.742171e-01,4.742277e-01,4.745967e-01,4.744641e-01,4.744879e-01,4.743578e-01,4.743735e-01,4.743892e-01,4.739092e-01,4.739274e-01,4.738003e-01,4.738185e-01,4.733400e-01,4.733607e-01,4.732341e-01,4.727597e-01,4.731307e-01,4.726541e-01,4.726748e-01,4.725593e-01,4.725775e-01,4.724515e-01,4.719768e-01,4.719949e-01,4.715189e-01,4.715346e-01,4.714068e-01,4.709299e-01,4.712899e-01,4.708133e-01,4.706836e-01,4.706943e-01,4.702193e-01,4.700901e-01,4.701032e-01,4.696298e-01,4.695117e-01,4.695273e-01,4.694011e-01,4.689321e-01,4.689477e-01,4.684798e-01,4.684953e-01,4.680286e-01,4.675655e-01,4.679216e-01,4.674563e-01,4.669947e-01,4.673497e-01,4.668859e-01,4.669015e-01,4.664389e-01,4.659775e-01,4.659931e-01,4.655411e-01,4.655566e-01,4.650952e-01,4.647754e-01,4.643159e-01,4.639951e-01,4.635376e-01,4.632183e-01,4.627604e-01,4.627734e-01,4.619888e-01,4.620018e-01,4.616852e-01,4.609053e-01,4.606013e-01,4.602872e-01,4.598390e-01,4.595262e-01,4.592140e-01,4.587685e-01,4.584576e-01,4.581472e-01,4.578374e-01,4.570738e-01,4.567659e-01,4.564585e-01,4.561516e-01,4.555264e-01,4.552212e-01,4.545992e-01,4.542955e-01,4.544391e-01,4.529305e-01,4.530731e-01,4.529015e-01,4.527301e-01,4.522458e-01,4.516341e-01,4.511527e-01,4.505447e-01,4.499388e-01,4.497703e-01,4.488596e-01,4.482593e-01,4.473561e-01,4.468861e-01,4.459898e-01,4.450979e-01,4.442103e-01,4.433272e-01,4.424590e-01,4.408739e-01,4.401277e-01,4.385628e-01,4.377069e-01,4.368550e-01,4.361253e-01,4.353987e-01,4.335917e-01,4.321981e-01,4.308153e-01,4.301100e-01,4.290182e-01,4.278204e-01,4.264694e-01,4.244819e-01,4.225164e-01,4.213157e-01,4.192775e-01,4.178852e-01,4.165040e-01,4.157502e-01,4.143873e-01,4.130351e-01,4.117962e-01,4.099692e-01,4.079171e-01,4.055485e-01,4.035481e-01,4.013767e-01,4.000264e-01,3.978991e-01,3.966705e-01,3.949027e-01,3.933773e-01,3.916436e-01,3.904585e-01,3.887547e-01,3.875899e-01,3.863069e-01,3.864572e-01,3.869132e-01,3.867605e-01,3.850931e-01,3.833183e-01,3.820681e-01,3.808263e-01,3.790967e-01,3.779614e-01,3.764276e-01,3.742612e-01,3.716473e-01,3.684261e-01,3.648809e-01,3.617809e-01,3.580908e-01,3.539562e-01,3.505141e-01,3.467805e-01,3.435027e-01,3.399427e-01,3.378567e-01,3.334343e-01,3.285668e-01,3.228116e-01,3.179077e-01,3.111088e-01,3.042612e-01,2.980079e-01,2.910945e-01,2.861634e-01,2.795397e-01,2.735145e-01,2.676177e-01,2.611912e-01,2.548288e-01,2.507994e-01,2.458563e-01,2.395626e-01,2.343166e-01,2.290972e-01,2.249688e-01,2.201506e-01,2.154486e-01,2.111035e-01,2.075019e-01,2.044193e-01,2.008039e-01,1.973098e-01,1.945107e-01,1.910866e-01,1.882495e-01,1.854914e-01,1.828729e-01,1.807658e-01,1.787040e-01,1.765092e-01,1.744198e-01,1.723762e-01,1.707183e-01,1.692005e-01,1.676014e-01,1.659738e-01,1.644278e-01,1.632744e-01,1.617766e-01,1.603014e-01,1.592004e-01,1.581131e-01,1.574323e-01,1.564149e-01,1.554092e-01,1.547963e-01,1.538560e-01,1.532522e-01,1.527443e-01,1.521502e-01,1.516036e-01,1.511055e-01,1.505674e-01,1.500310e-01,1.495420e-01,1.493674e-01,1.488840e-01,1.487982e-01,1.487125e-01,1.486286e-01,1.482346e-01,1.481060e-01,1.480660e-01,1.479810e-01,1.482904e-01,1.482067e-01,1.481651e-01,1.480383e-01,1.483044e-01,1.481774e-01,1.484876e-01,1.487552e-01,1.491133e-01,1.490713e-01,1.492985e-01,1.498825e-01,1.502012e-01,1.505193e-01,1.511139e-01,1.517111e-01,1.523601e-01,1.532933e-01,1.539549e-01,1.546668e-01,1.555805e-01,1.562104e-01,1.571894e-01,1.581776e-01,1.588292e-01,1.601908e-01,1.609084e-01,1.619402e-01,1.629865e-01,1.637774e-01,1.652210e-01,1.658740e-01,1.668575e-01,1.679090e-01,1.690257e-01,1.697629e-01,1.708462e-01,1.719452e-01,1.727640e-01,1.743562e-01,1.751375e-01,1.763458e-01,1.776335e-01,1.787545e-01,1.796943e-01,1.809026e-01,1.823782e-01,1.836855e-01,1.846128e-01,1.859471e-01,1.873705e-01,1.882655e-01,1.897880e-01,1.909137e-01,1.925515e-01,1.935619e-01,1.946584e-01,1.962808e-01,1.973328e-01,1.983956e-01,2.001547e-01,2.012469e-01,2.024284e-01,2.036192e-01,2.047481e-01,2.064556e-01,2.072009e-01,2.090355e-01,2.103863e-01,2.109907e-01,2.121956e-01,2.142039e-01,2.150043e-01,2.163427e-01,2.177021e-01,2.190735e-01,2.204669e-01,2.212213e-01,2.226366e-01,2.239803e-01,2.246583e-01,2.261226e-01,2.269160e-01,2.282078e-01,2.297183e-01,2.304315e-01,2.320729e-01,2.328058e-01,2.340615e-01,2.348069e-01,2.364053e-01,2.371598e-01,2.379246e-01,2.394573e-01,2.403398e-01,2.411249e-01,2.425877e-01,2.434932e-01,2.442990e-01,2.451099e-01,2.468448e-01,2.476727e-01,2.485061e-01,2.494564e-01,2.503020e-01,2.511532e-01,2.522440e-01,2.531439e-01,2.536351e-01,2.544167e-01,2.550866e-01,2.557177e-01,2.564311e-01,2.571999e-01,2.578265e-01,2.586936e-01,2.593339e-01,2.601890e-01,2.607089e-01,2.614506e-01,2.621905e-01,2.629411e-01,2.636032e-01,2.644876e-01,2.652520e-01,2.656980e-01,2.666919e-01,2.670081e-01,2.678199e-01,2.685072e-01,2.691008e-01,2.699655e-01,2.706232e-01,2.716029e-01,2.720633e-01,2.729540e-01,2.737021e-01,2.743184e-01,2.747357e-01,2.754934e-01,2.760163e-01,2.770295e-01,2.778072e-01,2.787728e-01,2.798140e-01,2.806518e-01,2.810819e-01,2.819716e-01,2.825570e-01,2.833041e-01,2.840110e-01,2.847145e-01,2.853639e-01,2.862822e-01,2.868867e-01,2.876122e-01,2.882298e-01,2.888896e-01,2.893342e-01,2.900652e-01,2.903066e-01,2.909831e-01,2.914941e-01,2.922911e-01,2.928142e-01,2.934955e-01,2.939067e-01,2.944358e-01,2.948423e-01,2.954923e-01,2.957841e-01,2.962713e-01,2.969768e-01,2.975099e-01,2.981721e-01,2.985894e-01,2.987957e-01,2.993430e-01,2.996426e-01,3.000216e-01,3.003227e-01,3.007035e-01,3.007115e-01,3.012666e-01,3.017511e-01,3.023021e-01,3.024410e-01,3.028708e-01,3.031853e-01,3.036173e-01,3.034054e-01,3.040135e-01,3.043298e-01,3.047128e-01,3.048015e-01,3.051857e-01,3.053266e-01,3.054821e-01,3.053193e-01,3.058831e-01,3.056678e-01,3.054014e-01,3.053570e-01,3.054466e-01,3.047449e-01,3.046570e-01,3.043633e-01,3.042763e-01,3.034049e-01,3.030189e-01,3.026776e-01,3.022428e-01,3.017806e-01,3.012263e-01,3.007165e-01,3.002877e-01,2.994405e-01,2.990156e-01,2.981759e-01,2.976362e-01,2.976439e-01,2.994738e-01,2.986315e-01,2.982590e-01,2.975932e-01,2.969372e-01,2.961104e-01,2.956271e-01,2.949731e-01,2.942812e-01,2.934700e-01,2.928330e-01,2.917537e-01,2.910706e-01,2.904440e-01,2.894954e-01,2.887179e-01,2.878921e-01,2.868955e-01,2.861970e-01,2.853216e-01,2.847201e-01,2.841147e-01,2.834675e-01,2.824650e-01,2.818694e-01,2.810649e-01,2.803334e-01,2.795994e-01,2.786615e-01,2.778396e-01,2.771613e-01,2.762823e-01,2.755763e-01,2.750938e-01,2.744293e-01,2.738156e-01,2.731574e-01,2.722634e-01,2.718976e-01,2.713299e-01,2.705861e-01,2.698465e-01,2.693500e-01,2.686173e-01,2.682555e-01,2.676638e-01,2.673105e-01,2.666673e-01,2.661772e-01,2.655400e-01,2.650990e-01,2.646537e-01,2.642483e-01,2.638442e-01,2.635339e-01,2.630455e-01,2.629598e-01,2.628576e-01,2.627172e-01,2.624475e-01,2.626589e-01,2.626922e-01,2.627738e-01,2.626174e-01,2.627370e-01,2.630791e-01,2.630526e-01,2.630802e-01,2.629395e-01,2.628750e-01,2.628108e-01,2.627140e-01,2.625741e-01,2.622886e-01,2.618373e-01,2.614782e-01,2.613236e-01,2.607845e-01,2.604283e-01,2.601103e-01,2.595762e-01,2.589546e-01,2.585507e-01,2.582891e-01,2.579238e-01,2.574348e-01,2.569476e-01,2.565500e-01,2.563644e-01,2.559172e-01,2.557689e-01,2.555844e-01,2.555234e-01,2.551301e-01,2.549827e-01,2.549219e-01,2.549836e-01,2.549228e-01,2.548982e-01,2.549598e-01,2.553180e-01,2.557639e-01,2.556160e-01,2.557295e-01,2.558791e-01,2.559055e-01,2.563542e-01,2.565923e-01,2.565826e-01,2.566970e-01,2.566458e-01,2.567602e-01,2.565025e-01,2.563330e-01,2.559528e-01,2.556608e-01,2.555283e-01,2.557288e-01,2.558063e-01,2.557555e-01,2.560076e-01,2.558899e-01,2.560549e-01,2.561327e-01,2.562622e-01,2.562626e-01,2.565157e-01,2.569811e-01,2.571112e-01,2.572049e-01,2.576679e-01,2.577617e-01,2.580695e-01,2.582007e-01,2.585463e-01,2.586722e-01,2.588031e-01,2.586824e-01,2.587245e-01,2.587662e-01,2.588448e-01,2.587551e-01,2.588861e-01,2.590542e-01,2.594016e-01,2.592273e-01,2.593905e-01,2.594694e-01,2.595113e-01,2.598971e-01,2.598121e-01,2.598541e-01,2.599866e-01,2.598965e-01,2.601932e-01,2.602357e-01,2.601884e-01,2.597962e-01,2.598761e-01,2.598980e-01,2.597237e-01,2.592654e-01,2.591663e-01,2.589778e-01,2.586951e-01,2.586700e-01,2.586448e-01,2.581907e-01,2.579829e-01,2.578172e-01,2.570284e-01,2.564043e-01,2.554805e-01,2.544674e-01,2.539765e-01,2.533617e-01,2.526346e-01,2.510684e-01,2.494042e-01,2.486943e-01,2.472909e-01,2.449864e-01,2.433959e-01,2.420505e-01,2.399491e-01,2.377722e-01,2.356380e-01,2.334377e-01,2.313740e-01,2.278532e-01,2.257914e-01,2.210211e-01,2.176124e-01,2.139515e-01,2.110036e-01,2.068856e-01,2.037943e-01,1.996268e-01,1.961313e-01,1.903932e-01,1.857685e-01,1.813466e-01,1.762503e-01,1.717611e-01,1.662546e-01,1.612676e-01,1.535237e-01,1.478805e-01,1.423808e-01,1.372285e-01,1.311809e-01,1.261883e-01,1.185143e-01,1.131646e-01,1.081560e-01,1.033370e-01,9.830658e-02,9.232031e-02,8.773901e-02,8.376100e-02,7.997067e-02,7.621549e-02,7.179575e-02,6.864725e-02,6.586702e-02,6.334430e-02,6.117660e-02,5.803981e-02,5.621324e-02,5.452574e-02,5.277702e-02,5.102155e-02,4.935211e-02,4.826093e-02,4.720464e-02,4.618568e-02,4.520057e-02,4.425149e-02,4.373682e-02,4.284782e-02,4.237093e-02,4.152224e-02,4.108546e-02,4.065097e-02,4.023892e-02,3.983434e-02,3.944141e-02,3.905954e-02,3.902571e-02,3.863156e-02,3.859816e-02,3.822998e-02,3.818309e-02,3.815970e-02,3.813634e-02,3.777528e-02,3.775220e-02,3.772921e-02,3.771075e-02,3.802893e-02,3.802427e-02,3.801025e-02,3.798690e-02,3.830468e-02,3.830465e-02,3.864156e-02,3.863688e-02,3.896913e-02,3.931154e-02,3.931185e-02,3.966434e-02,4.001760e-02,4.037640e-02,4.075600e-02,4.075147e-02,4.112723e-02,4.152988e-02,4.191259e-02,4.231718e-02,4.270675e-02,4.311984e-02,4.354439e-02,4.396543e-02,4.439346e-02,4.483314e-02,4.527561e-02,4.572550e-02,4.618751e-02,4.665284e-02,4.711272e-02,4.759152e-02,4.855490e-02,4.855768e-02,4.957305e-02,5.009700e-02,5.011505e-02,5.101023e-02,5.154079e-02,5.220422e-02,5.267720e-02,5.347366e-02,5.394496e-02,5.436723e-02,5.517091e-02,5.571653e-02,5.642058e-02,5.694016e-02,5.779808e-02,5.826193e-02,5.906864e-02,5.964876e-02,6.015732e-02,6.100331e-02,6.158778e-02,6.241296e-02,6.292853e-02,6.375042e-02,6.428808e-02,6.507006e-02,6.570381e-02,6.639564e-02,6.695444e-02,6.778186e-02,6.835989e-02,6.911070e-02,6.968202e-02,7.048271e-02,7.101936e-02,7.182230e-02,7.241739e-02,7.285431e-02,7.368787e-02,7.453715e-02,7.508246e-02,7.582914e-02,7.639006e-02,7.713973e-02,7.759430e-02,7.839431e-02,7.883010e-02,7.951124e-02,7.997316e-02,8.079771e-02,8.125574e-02,8.191872e-02,8.233729e-02,8.308256e-02,8.339036e-02,8.389597e-02,8.433144e-02,8.489462e-02,8.558965e-02,8.573468e-02,8.631351e-02,8.664160e-02,8.717714e-02,8.719695e-02,8.779235e-02,8.820750e-02,8.854774e-02,8.883500e-02,8.898954e-02,8.960552e-02,8.962648e-02,9.005629e-02,9.035185e-02,9.051093e-02,9.080903e-02,9.083056e-02,9.132791e-02,9.177155e-02,9.179349e-02,9.209877e-02,9.212093e-02,9.228541e-02,9.259350e-02,9.261589e-02,9.292588e-02,9.315253e-02,9.332025e-02,9.348849e-02,9.350870e-02,9.367761e-02,9.420176e-02,9.407761e-02,9.460561e-02,9.448061e-02,9.501234e-02,9.539829e-02,9.548429e-02,9.587344e-02,9.626522e-02,9.650591e-02,9.696327e-02,9.736261e-02,9.760799e-02,9.785438e-02,9.848393e-02,9.857481e-02,9.905163e-02,9.946565e-02,9.978474e-02,1.000407e-01,1.006943e-01,1.007889e-01,1.012840e-01,1.015467e-01,1.018797e-01,1.023816e-01,1.026490e-01,1.027469e-01,1.032584e-01,1.035297e-01,1.038715e-01,1.039713e-01,1.044932e-01,1.047701e-01,1.051213e-01,1.052233e-01,1.057536e-01,1.058567e-01,1.062141e-01,1.064989e-01,1.068601e-01,1.069628e-01,1.073268e-01,1.076167e-01,1.079844e-01,1.080913e-01,1.084618e-01,1.087547e-01,1.089406e-01,1.095057e-01,1.096152e-01,1.099946e-01,1.101841e-01,1.105648e-01,1.106761e-01,1.110619e-01,1.114500e-01,1.113672e-01,1.117551e-01,1.121473e-01,1.123433e-01,1.124579e-01,1.126548e-01,1.130525e-01,1.132493e-01,1.136506e-01,1.140544e-01,1.144606e-01,1.143742e-01,1.147824e-01,1.149846e-01,1.153966e-01,1.156025e-01,1.158091e-01,1.159281e-01,1.161356e-01,1.163439e-01,1.167644e-01,1.169745e-01,1.171835e-01,1.170936e-01,1.175188e-01,1.177313e-01,1.179426e-01,1.178518e-01,1.180654e-01,1.182796e-01,1.181864e-01,1.184011e-01,1.186165e-01,1.188325e-01,1.190492e-01,1.192666e-01,1.191721e-01,1.191700e-01,1.193878e-01,1.196063e-01,1.198255e-01,1.200436e-01,1.202641e-01,1.204855e-01,1.204834e-01,1.207054e-01,1.209280e-01,1.211495e-01,1.211474e-01,1.213714e-01,1.215961e-01,1.215921e-01,1.218174e-01,1.220435e-01,1.220412e-01,1.225929e-01,1.225888e-01,1.228174e-01,1.228150e-01,1.233729e-01,1.233688e-01,1.236000e-01,1.239288e-01,1.241618e-01,1.241596e-01,1.247263e-01,1.247241e-01,1.250581e-01,1.252949e-01,1.258706e-01,1.262099e-01,1.264504e-01,1.267924e-01,1.267901e-01,1.273795e-01,1.273755e-01,1.279698e-01,1.283190e-01,1.283167e-01,1.289187e-01,1.289165e-01,1.292688e-01,1.296243e-01,1.296223e-01,1.299797e-01,1.303388e-01,1.303353e-01,1.306963e-01,1.306945e-01,1.313164e-01,1.313131e-01,1.316790e-01,1.320467e-01,1.320451e-01,1.324147e-01,1.324116e-01,1.327831e-01,1.327816e-01,1.331550e-01,1.331520e-01,1.335271e-01,1.335258e-01,1.339029e-01,1.339001e-01,1.338987e-01,1.342778e-01,1.340070e-01,1.340041e-01,1.340028e-01,1.343824e-01,1.343811e-01,1.343782e-01,1.343769e-01,1.343756e-01,1.339931e-01,1.337214e-01,1.337200e-01,1.333405e-01,1.329627e-01,1.323228e-01,1.323196e-01,1.319465e-01,1.312072e-01,1.305811e-01,1.302161e-01,1.294909e-01,1.288782e-01,1.281670e-01,1.278130e-01,1.268654e-01,1.261725e-01,1.252429e-01,1.245644e-01,1.233244e-01,1.226631e-01,1.214540e-01,1.208091e-01,1.199455e-01,1.190010e-01,1.181561e-01,1.170192e-01,1.164124e-01,1.153028e-01,1.145027e-01,1.136270e-01,1.128458e-01,1.117910e-01,1.112248e-01,1.101944e-01,1.096439e-01,1.089064e-01,1.079104e-01,1.071915e-01,1.064804e-01,1.057768e-01,1.052582e-01,1.045673e-01,1.038838e-01,1.029605e-01,1.022937e-01,1.020473e-01,1.013898e-01,1.009775e-01,1.001639e-01,9.975626e-02,9.912206e-02,9.888743e-02,9.849099e-02,9.809697e-02,9.770548e-02,9.709166e-02,9.670646e-02,9.632358e-02,9.572339e-02,9.512908e-02,9.460341e-02,9.423003e-02,9.350039e-02,9.292760e-02,9.256784e-02,9.221024e-02,9.150507e-02,9.115385e-02,9.080471e-02,9.045763e-02,8.997172e-02,8.943235e-02,8.895500e-02,8.861882e-02,8.828460e-02,8.795231e-02,8.748715e-02,8.715570e-02,8.669706e-02,8.656062e-02,8.610673e-02,8.597168e-02,8.570640e-02,8.575627e-02,8.549195e-02,8.535830e-02,8.527826e-02,8.532770e-02,8.493650e-02,8.516776e-02,8.490602e-02,8.482655e-02,8.469430e-02,8.479609e-02,8.466382e-02,8.440821e-02,8.420228e-02,8.407139e-02,8.399294e-02,8.373648e-02,8.348121e-02,8.352879e-02,8.297817e-02,8.272635e-02,8.259881e-02,8.234876e-02,8.193168e-02,8.168472e-02,8.138916e-02,8.090952e-02,8.061825e-02,8.037728e-02,8.013744e-02,7.973773e-02,7.926915e-02,7.914948e-02,7.875747e-02,7.852498e-02,7.829352e-02,7.806308e-02,7.772565e-02,7.765560e-02,7.742803e-02,7.735835e-02,7.713205e-02,7.684200e-02,7.688747e-02,7.670848e-02,7.648500e-02,7.626249e-02,7.619430e-02,7.590954e-02,7.584178e-02,7.592667e-02,7.570649e-02,7.563897e-02,7.525034e-02,7.518342e-02,7.511653e-02,7.504971e-02,7.477113e-02,7.455585e-02,7.434150e-02,7.402382e-02,7.395834e-02,7.369012e-02,7.347947e-02,7.316731e-02,7.310283e-02,7.273350e-02,7.277079e-02,7.246308e-02,7.216179e-02,7.209853e-02,7.173679e-02,7.153430e-02,7.123442e-02,7.117677e-02,7.068483e-02,7.048675e-02,7.032917e-02,7.013254e-02,6.965594e-02,6.946209e-02,6.917515e-02,6.898784e-02,6.851859e-02,6.810786e-02,6.783387e-02,6.777570e-02,6.732342e-02,6.713911e-02,6.687101e-02,6.668849e-02,6.624723e-02,4.412439e-03,4.412439e-03,4.412439e-03,4.412439e-03,4.412439e-03,4.412439e-03,4.412439e-03,4.412439e-03,4.412439e-03,4.412439e-03,4.412439e-03,4.412439e-03,4.412439e-03,4.412439e-03,4.412439e-03,4.412439e-03,4.412439e-03,4.412439e-03,4.412439e-03,4.412439e-03,4.412439e-03,4.412439e-03,4.412439e-03,4.412439e-03,4.412439e-03,4.412439e-03,4.412439e-03,4.412439e-03,4.412439e-03,4.412439e-03,4.412439e-03,4.412439e-03,4.412439e-03,4.412439e-03,4.412439e-03,4.412439e-03,4.412439e-03,4.412439e-03,4.412439e-03,4.412439e-03,4.412439e-03,4.412439e-03,4.412439e-03,4.412439e-03,4.412439e-03,4.412439e-03,4.412439e-03,4.412439e-03,4.412439e-03,4.412439e-03,4.412439e-03,4.412439e-03,4.412439e-03,4.412439e-03,4.412439e-03,4.412439e-03,4.412439e-03,4.412439e-03,4.412439e-03,4.412439e-03,4.412439e-03,4.412439e-03,4.412439e-03,4.412439e-03,4.412439e-03,4.412439e-03,4.412439e-03,4.412439e-03,4.412439e-03,4.412439e-03,4.412439e-03,4.412439e-03,4.412439e-03,4.412439e-03,4.412439e-03,4.412439e-03,4.412439e-03,4.412439e-03,4.412439e-03,4.412439e-03,4.412439e-03,4.412439e-03,4.412439e-03,4.412439e-03,4.412439e-03,4.412439e-03,4.412439e-03,4.412439e-03,4.412439e-03,4.412439e-03,4.412439e-03,4.412439e-03,4.412439e-03,4.412439e-03,4.412439e-03,4.412439e-03,4.412439e-03,4.412439e-03,4.412439e-03,4.412439e-03,4.412439e-03,4.412439e-03,4.412439e-03,4.412439e-03,4.412439e-03,4.412439e-03,4.412439e-03,4.412439e-03,4.412439e-03,4.412439e-03,4.412439e-03,4.412439e-03,4.412439e-03,4.412439e-03,4.412439e-03,4.412439e-03,4.412439e-03,4.412439e-03,4.412439e-03,4.412439e-03,4.412439e-03,4.412439e-03,4.412439e-03,4.412439e-03,4.412439e-03,4.412439e-03,4.412439e-03,4.412439e-03,4.412439e-03,4.412439e-03,4.412439e-03,4.412439e-03,4.412439e-03,4.412439e-03,4.412439e-03,4.412439e-03,4.412439e-03,4.412439e-03,4.412439e-03,4.412439e-03,4.412439e-03,4.412439e-03,4.412439e-03,4.412439e-03,4.412439e-03,4.412439e-03,4.412439e-03,4.412439e-03,4.412439e-03,4.412439e-03,4.412439e-03,4.412439e-03,4.412439e-03,4.412439e-03,4.412439e-03,4.412439e-03,4.412439e-03,4.412439e-03,4.412439e-03,4.412439e-03,4.412439e-03
1.475766e-02,1.474147e-02,1.472129e-02,1.470114e-02,1.468102e-02,1.466107e-02,1.463727e-02,1.461737e-02,1.459760e-02,1.457383e-02,1.455407e-02,1.453027e-02,1.451063e-02,1.449103e-02,1.446743e-02,1.444786e-02,1.442830e-02,1.440873e-02,1.439318e-02,1.437374e-02,1.435815e-02,1.434252e-02,1.432703e-02,1.431540e-02,1.430395e-02,1.428850e-02,1.427702e-02,1.426950e-02,1.425802e-02,1.424667e-02,1.423928e-02,1.422787e-02,1.422060e-02,1.420937e-02,1.420214e-02,1.419492e-02,1.418371e-02,1.417652e-02,1.416945e-02,1.415829e-02,1.415115e-02,1.414408e-02,1.413307e-02,1.412592e-02,1.411498e-02,1.410797e-02,1.410099e-02,1.408995e-02,1.408317e-02,1.407643e-02,1.406588e-02,1.405953e-02,1.405330e-02,1.404724e-02,1.404134e-02,1.403555e-02,1.403390e-02,1.402847e-02,1.402295e-02,1.402150e-02,1.401605e-02,1.401064e-02,1.400897e-02,1.400326e-02,1.400169e-02,1.399631e-02,1.399478e-02,1.399320e-02,1.398748e-02,1.398577e-02,1.398401e-02,1.397793e-02,1.397564e-02,1.397346e-02,1.396711e-02,1.396478e-02,1.396246e-02,1.396064e-02,1.395485e-02,1.395318e-02,1.395175e-02,1.394723e-02,1.394730e-02,1.394788e-02,1.394553e-02,1.394824e-02,1.395204e-02,1.395321e-02,1.396019e-02,1.396530e-02,1.397612e-02,1.398508e-02,1.400083e-02,1.401601e-02,1.403811e-02,1.406039e-02,1.409133e-02,1.412416e-02,1.416283e-02,1.421212e-02,1.426631e-02,1.432825e-02,1.440020e-02,1.448338e-02,1.458273e-02,1.469185e-02,1.481647e-02,1.496155e-02,1.512617e-02,1.530967e-02,1.551792e-02,1.574867e-02,1.600568e-02,1.630125e-02,1.663370e-02,1.698288e-02,1.736719e-02,1.778222e-02,1.823076e-02,1.870729e-02,1.921173e-02,1.972585e-02,2.025749e-02,2.078631e-02,2.132186e-02,2.183603e-02,2.233089e-02,2.280068e-02,2.325374e-02,2.365607e-02,2.404022e-02,2.437907e-02,2.471606e-02,2.498386e-02,2.523793e-02,2.544237e-02,2.563367e-02,2.576626e-02,2.589960e-02,2.599192e-02,2.609675e-02,2.614408e-02,2.616804e-02,2.623515e-02,2.627419e-02,2.634268e-02,2.638519e-02,2.646185e-02,2.650918e-02,2.655593e-02,2.661384e-02,2.663269e-02,2.663401e-02,2.664210e-02,2.660866e-02,2.651967e-02,2.635971e-02,2.620567e-02,2.601143e-02,2.580137e-02,2.560225e-02,2.541504e-02,2.518783e-02,2.495791e-02,2.470784e-02,2.443270e-02,2.414344e-02,2.381549e-02,2.349366e-02,2.315884e-02,2.282142e-02,2.248440e-02,2.215347e-02,2.183400e-02,2.153188e-02,2.124277e-02,2.097194e-02,2.071725e-02,2.048437e-02,2.026260e-02,2.005508e-02,1.985711e-02,1.967360e-02,1.950050e-02,1.933994e-02,1.918518e-02,1.904377e-02,1.891420e-02,1.879530e-02,1.868116e-02,1.858264e-02,1.849158e-02,1.840913e-02,1.832306e-02,1.825608e-02,1.819550e-02,1.813802e-02,1.808309e-02,1.802732e-02,1.797003e-02,1.790089e-02,1.783247e-02,1.776135e-02,1.768115e-02,1.758341e-02,1.748755e-02,1.737931e-02,1.725759e-02,1.713297e-02,1.700444e-02,1.687169e-02,1.673642e-02,1.660200e-02,1.646846e-02,1.633164e-02,1.620354e-02,1.607914e-02,1.596502e-02,1.585908e-02,1.576087e-02,1.567850e-02,1.559635e-02,1.553305e-02,1.547453e-02,1.543135e-02,1.538947e-02,1.535403e-02,1.533053e-02,1.531006e-02,1.529227e-02,1.526824e-02,1.524825e-02,1.521706e-02,1.517082e-02,1.512018e-02,1.505130e-02,1.497216e-02,1.486881e-02,1.475924e-02,1.464047e-02,1.451718e-02,1.438502e-02,1.425434e-02,1.412154e-02,1.399348e-02,1.387017e-02,1.376128e-02,1.365741e-02,1.356341e-02,1.348866e-02,1.341798e-02,1.336178e-02,1.330716e-02,1.326072e-02,1.320927e-02,1.315861e-02,1.310136e-02,1.304240e-02,1.297618e-02,1.290903e-02,1.283854e-02,1.277012e-02,1.270302e-02,1.264375e-02,1.259098e-02,1.254074e-02,1.250053e-02,1.246509e-02,1.243872e-02,1.241486e-02,1.239801e-02,1.238205e-02,1.237247e-02,1.236179e-02,1.235643e-02,1.234971e-02,1.234771e-02,1.234488e-02,1.234356e-02,1.235099e-02,1.235781e-02,1.237961e-02,1.240534e-02,1.245131e-02,1.252027e-02,1.262410e-02,1.276947e-02,1.298025e-02,1.326344e-02,1.365452e-02,1.416927e-02,1.483823e-02,1.568266e-02,1.674415e-02,1.802991e-02,1.953523e-02,2.129420e-02,2.331072e-02,2.556524e-02,2.802755e-02,3.070768e-02,3.359937e-02,3.661678e-02,3.975185e-02,4.300015e-02,4.632845e-02,4.973884e-02,5.321497e-02,5.676356e-02,6.051037e-02,6.423113e-02,6.801687e-02,7.189152e-02,7.584836e-02,7.990801e-02,8.403610e-02,8.826644e-02,9.257073e-02,9.694732e-02,1.014083e-01,1.062421e-01,1.108409e-01,1.155089e-01,1.201087e-01,1.248450e-01,1.296045e-01,1.343830e-01,1.391837e-01,1.439549e-01,1.487026e-01,1.534135e-01,1.580657e-01,1.627028e-01,1.672956e-01,1.717052e-01,1.760821e-01,1.803960e-01,1.845923e-01,1.885996e-01,1.926081e-01,1.964744e-01,1.999867e-01,2.035061e-01,2.067563e-01,2.100075e-01,2.129896e-01,2.159726e-01,2.186755e-01,2.213651e-01,2.238220e-01,2.262452e-01,2.284800e-01,2.307364e-01,2.331681e-01,2.354903e-01,2.379752e-01,2.403676e-01,2.427689e-01,2.453329e-01,2.477732e-01,2.503892e-01,2.527035e-01,2.551713e-01,2.576396e-01,2.599440e-01,2.623816e-01,2.648191e-01,2.672363e-01,2.694563e-01,2.717974e-01,2.741144e-01,2.763853e-01,2.785883e-01,2.807490e-01,2.828238e-01,2.848226e-01,2.867523e-01,2.885748e-01,2.902966e-01,2.919063e-01,2.934022e-01,2.944458e-01,2.956912e-01,2.969435e-01,2.982066e-01,2.994657e-01,3.007481e-01,3.020454e-01,3.031359e-01,3.044528e-01,3.057670e-01,3.068854e-01,3.082369e-01,3.093738e-01,3.105074e-01,3.116610e-01,3.128237e-01,3.142129e-01,3.153952e-01,3.165828e-01,3.177685e-01,3.189740e-01,3.201884e-01,3.213978e-01,3.223864e-01,3.236276e-01,3.248787e-01,3.261243e-01,3.273963e-01,3.284216e-01,3.297111e-01,3.307519e-01,3.318032e-01,3.331239e-01,3.341908e-01,3.352648e-01,3.363454e-01,3.374327e-01,3.385278e-01,3.396352e-01,3.407451e-01,3.418605e-01,3.429880e-01,3.438395e-01,3.449817e-01,3.461239e-01,3.469698e-01,3.481280e-01,3.492931e-01,3.504549e-01,3.513367e-01,3.522237e-01,3.534031e-01,3.542926e-01,3.551924e-01,3.563994e-01,3.573081e-01,3.582194e-01,3.591418e-01,3.603757e-01,3.613085e-01,3.622476e-01,3.631965e-01,3.641447e-01,3.651046e-01,3.660698e-01,3.670544e-01,3.680309e-01,3.690179e-01,3.700030e-01,3.710023e-01,3.720060e-01,3.726830e-01,3.736963e-01,3.743810e-01,3.754035e-01,3.764306e-01,3.771411e-01,3.781807e-01,3.788802e-01,3.799294e-01,3.806378e-01,3.816899e-01,3.824052e-01,3.831174e-01,3.838447e-01,3.849149e-01,3.856362e-01,3.863548e-01,3.870839e-01,3.881677e-01,3.889072e-01,3.896374e-01,3.903719e-01,3.910994e-01,3.918376e-01,3.925943e-01,3.933371e-01,3.940856e-01,3.948357e-01,3.956067e-01,3.959925e-01,3.967576e-01,3.975444e-01,3.983210e-01,3.987199e-01,3.995036e-01,4.003107e-01,4.010960e-01,4.015076e-01,4.023023e-01,4.031114e-01,4.035260e-01,4.039368e-01,4.047571e-01,4.051692e-01,4.059749e-01,4.064049e-01,4.072203e-01,4.076347e-01,4.080460e-01,4.084726e-01,4.088818e-01,4.092935e-01,4.097242e-01,4.101415e-01,4.105565e-01,4.109680e-01,4.113977e-01,4.118171e-01,4.122373e-01,4.126547e-01,4.130892e-01,4.135134e-01,4.139432e-01,4.143883e-01,4.148130e-01,4.152278e-01,4.156655e-01,4.161037e-01,4.165353e-01,4.169705e-01,4.173840e-01,4.178178e-01,4.182437e-01,4.186675e-01,4.191048e-01,4.195288e-01,4.199600e-01,4.204236e-01,4.208264e-01,4.212177e-01,4.216302e-01,4.220150e-01,4.224295e-01,4.228427e-01,4.231750e-01,4.235594e-01,4.239317e-01,4.243066e-01,4.246991e-01,4.249935e-01,4.253732e-01,4.257405e-01,4.260859e-01,4.264735e-01,4.268036e-01,4.271508e-01,4.275210e-01,4.278111e-01,4.280522e-01,4.283348e-01,4.286653e-01,4.289488e-01,4.292382e-01,4.295225e-01,4.298323e-01,4.301565e-01,4.304926e-01,4.308232e-01,4.311658e-01,4.314697e-01,4.318640e-01,4.322792e-01,4.326636e-01,4.330635e-01,4.334410e-01,4.338509e-01,4.342927e-01,4.346587e-01,4.350937e-01,4.354835e-01,4.358432e-01,4.362720e-01,4.366245e-01,4.370086e-01,4.374020e-01,4.378290e-01,4.382239e-01,4.386456e-01,4.390457e-01,4.394690e-01,4.398843e-01,4.403131e-01,4.407476e-01,4.411917e-01,4.415759e-01,4.420307e-01,4.424953e-01,4.429295e-01,4.433483e-01,4.438158e-01,4.442453e-01,4.446832e-01,4.450964e-01,4.455677e-01,4.459916e-01,4.463938e-01,4.468679e-01,4.472944e-01,4.477125e-01,4.481314e-01,4.485470e-01,4.489583e-01,4.493795e-01,4.498016e-01,4.502336e-01,4.506078e-01,4.510282e-01,4.514720e-01,4.518576e-01,4.523030e-01,4.526900e-01,4.531277e-01,4.535161e-01,4.539743e-01,4.543643e-01,4.547418e-01,4.551331e-01,4.555440e-01,4.559462e-01,4.563491e-01,4.567430e-01,4.571473e-01,4.575426e-01,4.579291e-01,4.583161e-01,4.586396e-01,4.590278e-01,4.593845e-01,4.597642e-01,4.600736e-01,4.603834e-01,4.607453e-01,4.610754e-01,4.614059e-01,4.617368e-01,4.620585e-01,4.623903e-01,4.627128e-01,4.630358e-01,4.633068e-01,4.636406e-01,4.639550e-01,4.642273e-01,4.645426e-01,4.648156e-01,4.650987e-01,4.654251e-01,4.657219e-01,4.660063e-01,4.662812e-01,4.665713e-01,4.668416e-01,4.671270e-01,4.673876e-01,4.676584e-01,4.679246e-01,4.681807e-01,4.684369e-01,4.687054e-01,4.689564e-01,4.692027e-01,4.694388e-01,4.696647e-01,4.698906e-01,4.701065e-01,4.703220e-01,4.705377e-01,4.707346e-01,4.709246e-01,4.711039e-01,4.712674e-01,4.714416e-01,4.715998e-01,4.717547e-01,4.718819e-01,4.720194e-01,4.721563e-01,4.722826e-01,4.724142e-01,4.725325e-01,4.726329e-01,4.727334e-01,4.728230e-01,4.729229e-01,4.730071e-01,4.731086e-01,4.731826e-01,4.732522e-01,4.733067e-01,4.733563e-01,4.734243e-01,4.734845e-01,4.735302e-01,4.735608e-01,4.735763e-01,4.735868e-01,4.735946e-01,4.736157e-01,4.736318e-01,4.736454e-01,4.736386e-01,4.736318e-01,4.736579e-01,4.736715e-01,4.736750e-01,4.736682e-01,4.736513e-01,4.736673e-01,4.736810e-01,4.736845e-01,4.736676e-01,4.736501e-01,4.736741e-01,4.737309e-01,4.737549e-01,4.737381e-01,4.737213e-01,4.737255e-01,4.737189e-01,4.737255e-01,4.736993e-01,4.736730e-01,4.736672e-01,4.736716e-01,4.736352e-01,4.735606e-01,4.734633e-01,4.733966e-01,4.733300e-01,4.732228e-01,4.730135e-01,4.727849e-01,4.725761e-01,4.723879e-01,4.722226e-01,4.720348e-01,4.717860e-01,4.714476e-01,4.709887e-01,4.705408e-01,4.702240e-01,4.699476e-01,4.695919e-01,4.691104e-01,4.685975e-01,4.682443e-01,4.680006e-01,4.677868e-01,4.675338e-01,4.672319e-01,4.669600e-01,4.667121e-01,4.664411e-01,4.662789e-01,4.662149e-01,4.661510e-01,4.660976e-01,4.660442e-01,4.659909e-01,4.659481e-01,4.659053e-01,4.659604e-01,4.659177e-01,4.659860e-01,4.660517e-01,4.661070e-01,4.660644e-01,4.661196e-01,4.661644e-01,4.662092e-01,4.661562e-01,4.660926e-01,4.661269e-01,4.661612e-01,4.661850e-01,4.662193e-01,4.662537e-01,4.661797e-01,4.662140e-01,4.662484e-01,4.662960e-01,4.662326e-01,4.662669e-01,4.662036e-01,4.662380e-01,4.662830e-01,4.663068e-01,4.662435e-01,4.662780e-01,4.663018e-01,4.663363e-01,4.662625e-01,4.662863e-01,4.663102e-01,4.663341e-01,4.663474e-01,4.663713e-01,4.663952e-01,4.665168e-01,4.665407e-01,4.665646e-01,4.665885e-01,4.666124e-01,4.666363e-01,4.661756e-01,4.662970e-01,4.663210e-01,4.663449e-01,4.663688e-01,4.660063e-01,4.660197e-01,4.661410e-01,4.661649e-01,4.657058e-01,4.657191e-01,4.658509e-01,4.654897e-01,4.655270e-01,4.651770e-01,4.652115e-01,4.652461e-01,4.648106e-01,4.648557e-01,4.645177e-01,4.645628e-01,4.641289e-01,4.641845e-01,4.638478e-01,4.634262e-01,4.635778e-01,4.631463e-01,4.632019e-01,4.628806e-01,4.629257e-01,4.625915e-01,4.621624e-01,4.622074e-01,4.617689e-01,4.618034e-01,4.614609e-01,4.610137e-01,4.611327e-01,4.606863e-01,4.603355e-01,4.603492e-01,4.599047e-01,4.595554e-01,4.595795e-01,4.591369e-01,4.588029e-01,4.588373e-01,4.585003e-01,4.580706e-01,4.581050e-01,4.576762e-01,4.577106e-01,4.572827e-01,4.568659e-01,4.569932e-01,4.565670e-01,4.561519e-01,4.562787e-01,4.558542e-01,4.558886e-01,4.554649e-01,4.550423e-01,4.550766e-01,4.546589e-01,4.546932e-01,4.542623e-01,4.542051e-01,4.537754e-01,4.537083e-01,4.532797e-01,4.532129e-01,4.527755e-01,4.527997e-01,4.522827e-01,4.523069e-01,4.522405e-01,4.517251e-01,4.516733e-01,4.516072e-01,4.511837e-01,4.511179e-01,4.510521e-01,4.506299e-01,4.505643e-01,4.504988e-01,4.504334e-01,4.499232e-01,4.498580e-01,4.497928e-01,4.497277e-01,4.495732e-01,4.495082e-01,4.493541e-01,4.492892e-01,4.496672e-01,4.486288e-01,4.490057e-01,4.492940e-01,4.495827e-01,4.497824e-01,4.496281e-01,4.498278e-01,4.496736e-01,4.495195e-01,4.498084e-01,4.495650e-01,4.494111e-01,4.491684e-01,4.493676e-01,4.491249e-01,4.488826e-01,4.486407e-01,4.483990e-01,4.481723e-01,4.474049e-01,4.475143e-01,4.467496e-01,4.465105e-01,4.462718e-01,4.463807e-01,4.464896e-01,4.456418e-01,4.452299e-01,4.448189e-01,4.449271e-01,4.446037e-01,4.439373e-01,4.435196e-01,4.425988e-01,4.416823e-01,4.416180e-01,4.403686e-01,4.396319e-01,4.388979e-01,4.386784e-01,4.379574e-01,4.372391e-01,4.368544e-01,4.359738e-01,4.350143e-01,4.336509e-01,4.327027e-01,4.311143e-01,4.301004e-01,4.285329e-01,4.278487e-01,4.266841e-01,4.256054e-01,4.244543e-01,4.237760e-01,4.226357e-01,4.219639e-01,4.215235e-01,4.226912e-01,4.242628e-01,4.250639e-01,4.239083e-01,4.229902e-01,4.225478e-01,4.220979e-01,4.211887e-01,4.210474e-01,4.207439e-01,4.193851e-01,4.175755e-01,4.152770e-01,4.128426e-01,4.105767e-01,4.083349e-01,4.059054e-01,4.039974e-01,4.024531e-01,4.018183e-01,4.015209e-01,4.023339e-01,4.013418e-01,3.996010e-01,3.966593e-01,3.938326e-01,3.897980e-01,3.852229e-01,3.815797e-01,3.775035e-01,3.744225e-01,3.705611e-01,3.673604e-01,3.639299e-01,3.602923e-01,3.561913e-01,3.540468e-01,3.508748e-01,3.467340e-01,3.431935e-01,3.392399e-01,3.363349e-01,3.325413e-01,3.286183e-01,3.252229e-01,3.223389e-01,3.195053e-01,3.160906e-01,3.127493e-01,3.100879e-01,3.064974e-01,3.033638e-01,3.002942e-01,2.974762e-01,2.950796e-01,2.927250e-01,2.898920e-01,2.872714e-01,2.847010e-01,2.823462e-01,2.803606e-01,2.780920e-01,2.756840e-01,2.734776e-01,2.716187e-01,2.694913e-01,2.673815e-01,2.656034e-01,2.638484e-01,2.625693e-01,2.610002e-01,2.594465e-01,2.583504e-01,2.569698e-01,2.558794e-01,2.550728e-01,2.540132e-01,2.530827e-01,2.522935e-01,2.513903e-01,2.504787e-01,2.497028e-01,2.491961e-01,2.484430e-01,2.482019e-01,2.479612e-01,2.477359e-01,2.472354e-01,2.468677e-01,2.467733e-01,2.465356e-01,2.468147e-01,2.465917e-01,2.464853e-01,2.461373e-01,2.462896e-01,2.459422e-01,2.462223e-01,2.463747e-01,2.467992e-01,2.466953e-01,2.467342e-01,2.471467e-01,2.474467e-01,2.477299e-01,2.481603e-01,2.485772e-01,2.491412e-01,2.498261e-01,2.503952e-01,2.510820e-01,2.516583e-01,2.520835e-01,2.527985e-01,2.534995e-01,2.539455e-01,2.549276e-01,2.555155e-01,2.562306e-01,2.569619e-01,2.576826e-01,2.587073e-01,2.590290e-01,2.594794e-01,2.600886e-01,2.608277e-01,2.612972e-01,2.618988e-01,2.625184e-01,2.631385e-01,2.641882e-01,2.646688e-01,2.654324e-01,2.663643e-01,2.668572e-01,2.676305e-01,2.682752e-01,2.695135e-01,2.703194e-01,2.709739e-01,2.717689e-01,2.727426e-01,2.732488e-01,2.743737e-01,2.753595e-01,2.766733e-01,2.773374e-01,2.781817e-01,2.793390e-01,2.800312e-01,2.807266e-01,2.820731e-01,2.827779e-01,2.836534e-01,2.845180e-01,2.852342e-01,2.862807e-01,2.870028e-01,2.882507e-01,2.893160e-01,2.897030e-01,2.904275e-01,2.918807e-01,2.926256e-01,2.935429e-01,2.944784e-01,2.954068e-01,2.963573e-01,2.969444e-01,2.978877e-01,2.986719e-01,2.990693e-01,3.000459e-01,3.006544e-01,3.012515e-01,3.022455e-01,3.026599e-01,3.038539e-01,3.042850e-01,3.047033e-01,3.051365e-01,3.061548e-01,3.065711e-01,3.070051e-01,3.078347e-01,3.084479e-01,3.088825e-01,3.095190e-01,3.101343e-01,3.105731e-01,3.110088e-01,3.120346e-01,3.124740e-01,3.129145e-01,3.135424e-01,3.139857e-01,3.144300e-01,3.152688e-01,3.158808e-01,3.159988e-01,3.163898e-01,3.165914e-01,3.166111e-01,3.169829e-01,3.172269e-01,3.175412e-01,3.178323e-01,3.181645e-01,3.187320e-01,3.188605e-01,3.192369e-01,3.196017e-01,3.199841e-01,3.203248e-01,3.209040e-01,3.212938e-01,3.213811e-01,3.220068e-01,3.218808e-01,3.224220e-01,3.227672e-01,3.230651e-01,3.237775e-01,3.239479e-01,3.247199e-01,3.247820e-01,3.255136e-01,3.260127e-01,3.263061e-01,3.265164e-01,3.270134e-01,3.272688e-01,3.280382e-01,3.285564e-01,3.294648e-01,3.302611e-01,3.309703e-01,3.311686e-01,3.320622e-01,3.324886e-01,3.331607e-01,3.336578e-01,3.341393e-01,3.347712e-01,3.356881e-01,3.361284e-01,3.366336e-01,3.370932e-01,3.377289e-01,3.382840e-01,3.387781e-01,3.389123e-01,3.395661e-01,3.399682e-01,3.406737e-01,3.410952e-01,3.417398e-01,3.421154e-01,3.425401e-01,3.429002e-01,3.433752e-01,3.436882e-01,3.439228e-01,3.445944e-01,3.450075e-01,3.454878e-01,3.458535e-01,3.457963e-01,3.462291e-01,3.465467e-01,3.467349e-01,3.470534e-01,3.472421e-01,3.472647e-01,3.477063e-01,3.482912e-01,3.487123e-01,3.488022e-01,3.491742e-01,3.495138e-01,3.498872e-01,3.494719e-01,3.500896e-01,3.504249e-01,3.505936e-01,3.504779e-01,3.506466e-01,3.507313e-01,3.504487e-01,3.502324e-01,3.506515e-01,3.502350e-01,3.496261e-01,3.494442e-01,3.493354e-01,3.483657e-01,3.480108e-01,3.477372e-01,3.473895e-01,3.461871e-01,3.455449e-01,3.450819e-01,3.442514e-01,3.437437e-01,3.428721e-01,3.421729e-01,3.413576e-01,3.401989e-01,3.393937e-01,3.382489e-01,3.374122e-01,3.374345e-01,3.398573e-01,3.387100e-01,3.381035e-01,3.372100e-01,3.363331e-01,3.352158e-01,3.345771e-01,3.336978e-01,3.326609e-01,3.315688e-01,3.307229e-01,3.293743e-01,3.283485e-01,3.275149e-01,3.262366e-01,3.251998e-01,3.239829e-01,3.228541e-01,3.217143e-01,3.206437e-01,3.198462e-01,3.190360e-01,3.180662e-01,3.168338e-01,3.160393e-01,3.151678e-01,3.141987e-01,3.132189e-01,3.121659e-01,3.111763e-01,3.103715e-01,3.094928e-01,3.085596e-01,3.081139e-01,3.073252e-01,3.067095e-01,3.059283e-01,3.049249e-01,3.045445e-01,3.040732e-01,3.032683e-01,3.024677e-01,3.019053e-01,3.011121e-01,3.007255e-01,3.001207e-01,2.997533e-01,2.992608e-01,2.986985e-01,2.982136e-01,2.978192e-01,2.974093e-01,2.971432e-01,2.968776e-01,2.966483e-01,2.963644e-01,2.963531e-01,2.965859e-01,2.966728e-01,2.965859e-01,2.970649e-01,2.974898e-01,2.977922e-01,2.981301e-01,2.985774e-01,2.992430e-01,2.997651e-01,3.001804e-01,3.002690e-01,3.006487e-01,3.010335e-01,3.012853e-01,3.013786e-01,3.015445e-01,3.013848e-01,3.012581e-01,3.016072e-01,3.014064e-01,3.012797e-01,3.012992e-01,3.010990e-01,3.008582e-01,3.008368e-01,3.007433e-01,3.008675e-01,3.008094e-01,3.007513e-01,3.007300e-01,3.009235e-01,3.010111e-01,3.013551e-01,3.015493e-01,3.019313e-01,3.019097e-01,3.022555e-01,3.026392e-01,3.032086e-01,3.035945e-01,3.041341e-01,3.047088e-01,3.055530e-01,3.064355e-01,3.067953e-01,3.072705e-01,3.078992e-01,3.083391e-01,3.092457e-01,3.099209e-01,3.102118e-01,3.106970e-01,3.108173e-01,3.113043e-01,3.112080e-01,3.111510e-01,3.108607e-01,3.106100e-01,3.107080e-01,3.112336e-01,3.115659e-01,3.116868e-01,3.120987e-01,3.119247e-01,3.122977e-01,3.126320e-01,3.128543e-01,3.128588e-01,3.132735e-01,3.139220e-01,3.141413e-01,3.142027e-01,3.148424e-01,3.148994e-01,3.151955e-01,3.154164e-01,3.158730e-01,3.160731e-01,3.162858e-01,3.161023e-01,3.162793e-01,3.164517e-01,3.167848e-01,3.167396e-01,3.169530e-01,3.173276e-01,3.177845e-01,3.177153e-01,3.180745e-01,3.184106e-01,3.185851e-01,3.192080e-01,3.191792e-01,3.193543e-01,3.195755e-01,3.195343e-01,3.201194e-01,3.203002e-01,3.204446e-01,3.201324e-01,3.204819e-01,3.209382e-01,3.208771e-01,3.209838e-01,3.212568e-01,3.214885e-01,3.216619e-01,3.222672e-01,3.228748e-01,3.229875e-01,3.234963e-01,3.241913e-01,3.238379e-01,3.238619e-01,3.235701e-01,3.235504e-01,3.237788e-01,3.237807e-01,3.235904e-01,3.229752e-01,3.221549e-01,3.219447e-01,3.215375e-01,3.205116e-01,3.196823e-01,3.192762e-01,3.184627e-01,3.174350e-01,3.164309e-01,3.152301e-01,3.142186e-01,3.122481e-01,3.110790e-01,3.081864e-01,3.058954e-01,3.038404e-01,3.021756e-01,2.996073e-01,2.981593e-01,2.958464e-01,2.947806e-01,2.914656e-01,2.885768e-01,2.857474e-01,2.823071e-01,2.791171e-01,2.749272e-01,2.707090e-01,2.641665e-01,2.590265e-01,2.540667e-01,2.492697e-01,2.436764e-01,2.386679e-01,2.309566e-01,2.253511e-01,2.198073e-01,2.143171e-01,2.081551e-01,2.009486e-01,1.949892e-01,1.896354e-01,1.844784e-01,1.791534e-01,1.727795e-01,1.680940e-01,1.638064e-01,1.598109e-01,1.562632e-01,1.511401e-01,1.479585e-01,1.449479e-01,1.416648e-01,1.384276e-01,1.352725e-01,1.330510e-01,1.308999e-01,1.288070e-01,1.267242e-01,1.247429e-01,1.234669e-01,1.215984e-01,1.204458e-01,1.186197e-01,1.176153e-01,1.165914e-01,1.156406e-01,1.147424e-01,1.138874e-01,1.130360e-01,1.128567e-01,1.119328e-01,1.117189e-01,1.109319e-01,1.106678e-01,1.105180e-01,1.104060e-01,1.096336e-01,1.095225e-01,1.093746e-01,1.092934e-01,1.098674e-01,1.098376e-01,1.097849e-01,1.096722e-01,1.102195e-01,1.102188e-01,1.108611e-01,1.108679e-01,1.114182e-01,1.120420e-01,1.120804e-01,1.127041e-01,1.133405e-01,1.139829e-01,1.146888e-01,1.146981e-01,1.153869e-01,1.161725e-01,1.168432e-01,1.175787e-01,1.182292e-01,1.189868e-01,1.197457e-01,1.204848e-01,1.212316e-01,1.219783e-01,1.227405e-01,1.235099e-01,1.242803e-01,1.250667e-01,1.257868e-01,1.265435e-01,1.280089e-01,1.280580e-01,1.296230e-01,1.304669e-01,1.305968e-01,1.319382e-01,1.326767e-01,1.336792e-01,1.344834e-01,1.356370e-01,1.363242e-01,1.369826e-01,1.382158e-01,1.389800e-01,1.400100e-01,1.407895e-01,1.420348e-01,1.426944e-01,1.437725e-01,1.446823e-01,1.454571e-01,1.465797e-01,1.473641e-01,1.485112e-01,1.491721e-01,1.501923e-01,1.508550e-01,1.518431e-01,1.526325e-01,1.533775e-01,1.540221e-01,1.549816e-01,1.556378e-01,1.564622e-01,1.570193e-01,1.579659e-01,1.585879e-01,1.594300e-01,1.599505e-01,1.603608e-01,1.612299e-01,1.621071e-01,1.625854e-01,1.632312e-01,1.637152e-01,1.643209e-01,1.646326e-01,1.653628e-01,1.655587e-01,1.660447e-01,1.663007e-01,1.669820e-01,1.671799e-01,1.675014e-01,1.675180e-01,1.680846e-01,1.679769e-01,1.676188e-01,1.676354e-01,1.677745e-01,1.680368e-01,1.673225e-01,1.674612e-01,1.673556e-01,1.670108e-01,1.661837e-01,1.663208e-01,1.658595e-01,1.657558e-01,1.651780e-01,1.644853e-01,1.646200e-01,1.638138e-01,1.633648e-01,1.628017e-01,1.621265e-01,1.615709e-01,1.607908e-01,1.608066e-01,1.603722e-01,1.596010e-01,1.590606e-01,1.583017e-01,1.576590e-01,1.571301e-01,1.563872e-01,1.558658e-01,1.556656e-01,1.550427e-01,1.544241e-01,1.537147e-01,1.531065e-01,1.531224e-01,1.523099e-01,1.523269e-01,1.515217e-01,1.515363e-01,1.514495e-01,1.511571e-01,1.510696e-01,1.509810e-01,1.507908e-01,1.511152e-01,1.510266e-01,1.508363e-01,1.506453e-01,1.510623e-01,1.507702e-01,1.510867e-01,1.509993e-01,1.512254e-01,1.510359e-01,1.514579e-01,1.511668e-01,1.514858e-01,1.512979e-01,1.515148e-01,1.518449e-01,1.516551e-01,1.513635e-01,1.516819e-01,1.514915e-01,1.517176e-01,1.514247e-01,1.517433e-01,1.515527e-01,1.517679e-01,1.514749e-01,1.518035e-01,1.515104e-01,1.517265e-01,1.515361e-01,1.517523e-01,1.514693e-01,1.516864e-01,1.514961e-01,1.517121e-01,1.514183e-01,1.516341e-01,1.514528e-01,1.515661e-01,1.518839e-01,1.515896e-01,1.518046e-01,1.519173e-01,1.521431e-01,1.518469e-01,1.520625e-01,1.522786e-01,1.518803e-01,1.521059e-01,1.523221e-01,1.524354e-01,1.521394e-01,1.522524e-01,1.524689e-01,1.525924e-01,1.528097e-01,1.530275e-01,1.532458e-01,1.528433e-01,1.530612e-01,1.531865e-01,1.534051e-01,1.535197e-01,1.536344e-01,1.533446e-01,1.534579e-01,1.535725e-01,1.537920e-01,1.539058e-01,1.540299e-01,1.536230e-01,1.538425e-01,1.539553e-01,1.540793e-01,1.536723e-01,1.537859e-01,1.538986e-01,1.535013e-01,1.536147e-01,1.537271e-01,1.538396e-01,1.539522e-01,1.540650e-01,1.536671e-01,1.536737e-01,1.537861e-01,1.538987e-01,1.540114e-01,1.541342e-01,1.542460e-01,1.543591e-01,1.543657e-01,1.544778e-01,1.545899e-01,1.547112e-01,1.547166e-01,1.548279e-01,1.549381e-01,1.549525e-01,1.550616e-01,1.551709e-01,1.551740e-01,1.558132e-01,1.558253e-01,1.559354e-01,1.559373e-01,1.565818e-01,1.565950e-01,1.567061e-01,1.572471e-01,1.573589e-01,1.573631e-01,1.580278e-01,1.580308e-01,1.585796e-01,1.586929e-01,1.593657e-01,1.599211e-01,1.600347e-01,1.605940e-01,1.605957e-01,1.612704e-01,1.612826e-01,1.619635e-01,1.625342e-01,1.625358e-01,1.632270e-01,1.632299e-01,1.638214e-01,1.644045e-01,1.644100e-01,1.649993e-01,1.655922e-01,1.656084e-01,1.662077e-01,1.662145e-01,1.669377e-01,1.669567e-01,1.675655e-01,1.681782e-01,1.681891e-01,1.688070e-01,1.688289e-01,1.694521e-01,1.694644e-01,1.700917e-01,1.701151e-01,1.707464e-01,1.707603e-01,1.713970e-01,1.714221e-01,1.714360e-01,1.720770e-01,1.719643e-01,1.719894e-01,1.720048e-01,1.726494e-01,1.726634e-01,1.726886e-01,1.727041e-01,1.727181e-01,1.721012e-01,1.719998e-01,1.720138e-01,1.714014e-01,1.707915e-01,1.700628e-01,1.700876e-01,1.694860e-01,1.682818e-01,1.675718e-01,1.669857e-01,1.658231e-01,1.651299e-01,1.639778e-01,1.634136e-01,1.621681e-01,1.610517e-01,1.598475e-01,1.587586e-01,1.570360e-01,1.559799e-01,1.543075e-01,1.532828e-01,1.521673e-01,1.506670e-01,1.495936e-01,1.480387e-01,1.470852e-01,1.455744e-01,1.445540e-01,1.431791e-01,1.421870e-01,1.407604e-01,1.398941e-01,1.385061e-01,1.376544e-01,1.367261e-01,1.353895e-01,1.344859e-01,1.335923e-01,1.327086e-01,1.319235e-01,1.310574e-01,1.302017e-01,1.289700e-01,1.281369e-01,1.277659e-01,1.269457e-01,1.265055e-01,1.256246e-01,1.252008e-01,1.244078e-01,1.240547e-01,1.236310e-01,1.232090e-01,1.227901e-01,1.220215e-01,1.216094e-01,1.211987e-01,1.204465e-01,1.197020e-01,1.192340e-01,1.188440e-01,1.180481e-01,1.173279e-01,1.169409e-01,1.165560e-01,1.157859e-01,1.154072e-01,1.150306e-01,1.146560e-01,1.142200e-01,1.135377e-01,1.131087e-01,1.127443e-01,1.123818e-01,1.120213e-01,1.116016e-01,1.112521e-01,1.108379e-01,1.107838e-01,1.103717e-01,1.103180e-01,1.102046e-01,1.104472e-01,1.103336e-01,1.102799e-01,1.104628e-01,1.107063e-01,1.105315e-01,1.110749e-01,1.109595e-01,1.111442e-01,1.110891e-01,1.115759e-01,1.115198e-01,1.113960e-01,1.115209e-01,1.114649e-01,1.116502e-01,1.115331e-01,1.114162e-01,1.116623e-01,1.111761e-01,1.110591e-01,1.110034e-01,1.108874e-01,1.104659e-01,1.103508e-01,1.099996e-01,1.097591e-01,1.094110e-01,1.092977e-01,1.091854e-01,1.087750e-01,1.085469e-01,1.084940e-01,1.080885e-01,1.079789e-01,1.078694e-01,1.077602e-01,1.075870e-01,1.077634e-01,1.076550e-01,1.078315e-01,1.077231e-01,1.077852e-01,1.080139e-01,1.081334e-01,1.080245e-01,1.079157e-01,1.080935e-01,1.081567e-01,1.083353e-01,1.088038e-01,1.086937e-01,1.088737e-01,1.088783e-01,1.090595e-01,1.092404e-01,1.094217e-01,1.094854e-01,1.093743e-01,1.092633e-01,1.090930e-01,1.092740e-01,1.093301e-01,1.092191e-01,1.090490e-01,1.092292e-01,1.092331e-01,1.094720e-01,1.093013e-01,1.091242e-01,1.093045e-01,1.093085e-01,1.091969e-01,1.090269e-01,1.092002e-01,1.089137e-01,1.088028e-01,1.089237e-01,1.088128e-01,1.085206e-01,1.084096e-01,1.082416e-01,1.081244e-01,1.078419e-01,1.073894e-01,1.072166e-01,1.073905e-01,1.071031e-01,1.069938e-01,1.068207e-01,1.067112e-01,1.064253e-01,4.009750e-03,4.009750e-03,4.009750e-03,4.009750e-03,4.009750e-03,4.009750e-03,4.009750e-03,4.009750e-03,4.009750e-03,4.009750e-03,4.009750e-03,4.009750e-03,4.009750e-03,4.009750e-03,4.009750e-03,4.009750e-03,4.009750e-03,4.009750e-03,4.009750e-03,4.009750e-03,4.009750e-03,4.009750e-03,4.009750e-03,4.009750e-03,4.009750e-03,4.009750e-03,4.009750e-03,4.009750e-03,4.009750e-03,4.009750e-03,4.009750e-03,4.009750e-03,4.009750e-03,4.009750e-03,4.009750e-03,4.009750e-03,4.009750e-03,4.009750e-03,4.009750e-03,4.009750e-03,4.009750e-03,4.009750e-03,4.009750e-03,4.009750e-03,4.009750e-03,4.009750e-03,4.009750e-03,4.009750e-03,4.009750e-03,4.009750e-03,4.009750e-03,4.009750e-03,4.009750e-03,4.009750e-03,4.009750e-03,4.009750e-03,4.009750e-03,4.009750e-03,4.009750e-03,4.009750e-03,4.009750e-03,4.009750e-03,4.009750e-03,4.009750e-03,4.009750e-03,4.009750e-03,4.009750e-03,4.009750e-03,4.009750e-03,4.009750e-03,4.009750e-03,4.009750e-03,4.009750e-03,4.009750e-03,4.009750e-03,4.009750e-03,4.009750e-03,4.009750e-03,4.009750e-03,4.009750e-03,4.009750e-03,4.009750e-03,4.009750e-03,4.009750e-03,4.009750e-03,4.009750e-03,4.009750e-03,4.009750e-03,4.009750e-03,4.009750e-03,4.009750e-03,4.009750e-03,4.009750e-03,4.009750e-03,4.009750e-03,4.009750e-03,4.009750e-03,4.009750e-03,4.009750e-03,4.009750e-03,4.009750e-03,4.009750e-03,4.009750e-03,4.009750e-03,4.009750e-03,4.009750e-03,4.009750e-03,4.009750e-03,4.009750e-03,4.009750e-03,4.009750e-03,4.009750e-03,4.009750e-03,4.009750e-03,4.009750e-03,4.009750e-03,4.009750e-03,4.009750e-03,4.009750e-03,4.009750e-03,4.009750e-03,4.009750e-03,4.009750e-03,4.009750e-03,4.009750e-03,4.009750e-03,4.009750e-03,4.009750e-03,4.009750e-03,4.009750e-03,4.009750e-03,4.009750e-03,4.009750e-03,4.009750e-03,4.009750e-03,4.009750e-03,4.009750e-03,4.009750e-03,4.009750e-03,4.009750e-03,4.009750e-03,4.009750e-03,4.009750e-03,4.009750e-03,4.009750e-03,4.009750e-03,4.009750e-03,4.009750e-03,4.009750e-03,4.009750e-03,4.009750e-03,4.009750e-03,4.009750e-03,4.009750e-03,4.009750e-03,4.009750e-03,4.009750e-03,4.009750e-03,4.009750e-03,4.009750e-03,4.009750e-03
1.827988e-02,1.826593e-02,1.825034e-02,1.823346e-02,1.821598e-02,1.820185e-02,1.818441e-02,1.817150e-02,1.815955e-02,1.814450e-02,1.813487e-02,1.811778e-02,1.810511e-02,1.809188e-02,1.807315e-02,1.806088e-02,1.804834e-02,1.803468e-02,1.802542e-02,1.801109e-02,1.799918e-02,1.798526e-02,1.797090e-02,1.796021e-02,1.795315e-02,1.794282e-02,1.793739e-02,1.793394e-02,1.792728e-02,1.792208e-02,1.791633e-02,1.790444e-02,1.789823e-02,1.788907e-02,1.788601e-02,1.788257e-02,1.787296e-02,1.786930e-02,1.786454e-02,1.785472e-02,1.785076e-02,1.785241e-02,1.785178e-02,1.785249e-02,1.785271e-02,1.785967e-02,1.786621e-02,1.786788e-02,1.788061e-02,1.789831e-02,1.791721e-02,1.794569e-02,1.797785e-02,1.801126e-02,1.804568e-02,1.808092e-02,1.812148e-02,1.816065e-02,1.819874e-02,1.824268e-02,1.828148e-02,1.832242e-02,1.836605e-02,1.840368e-02,1.845060e-02,1.849257e-02,1.853754e-02,1.858212e-02,1.862023e-02,1.865944e-02,1.869560e-02,1.872101e-02,1.874508e-02,1.876503e-02,1.877598e-02,1.878893e-02,1.880009e-02,1.881449e-02,1.882311e-02,1.883687e-02,1.885495e-02,1.887805e-02,1.891268e-02,1.895494e-02,1.900398e-02,1.906964e-02,1.914835e-02,1.923192e-02,1.933743e-02,1.945298e-02,1.958898e-02,1.973008e-02,1.988893e-02,2.005915e-02,2.024548e-02,2.044309e-02,2.066213e-02,2.089722e-02,2.114915e-02,2.142534e-02,2.172277e-02,2.203744e-02,2.237954e-02,2.274728e-02,2.314769e-02,2.357462e-02,2.403307e-02,2.454874e-02,2.512396e-02,2.571575e-02,2.635711e-02,2.702818e-02,2.774669e-02,2.857689e-02,2.947621e-02,3.038872e-02,3.137368e-02,3.243799e-02,3.358374e-02,3.481600e-02,3.614043e-02,3.749851e-02,3.895134e-02,4.044711e-02,4.204380e-02,4.367651e-02,4.539081e-02,4.714780e-02,4.901539e-02,5.087896e-02,5.285957e-02,5.483643e-02,5.697275e-02,5.909346e-02,6.134809e-02,6.359623e-02,6.598558e-02,6.830599e-02,7.077574e-02,7.320620e-02,7.580401e-02,7.829143e-02,8.075024e-02,8.345178e-02,8.609819e-02,8.887862e-02,9.156668e-02,9.441952e-02,9.714661e-02,9.985194e-02,1.025890e-01,1.050867e-01,1.073755e-01,1.098325e-01,1.118606e-01,1.133137e-01,1.139390e-01,1.144458e-01,1.145809e-01,1.144304e-01,1.142849e-01,1.142609e-01,1.140482e-01,1.139135e-01,1.137188e-01,1.134743e-01,1.131661e-01,1.126708e-01,1.122534e-01,1.117877e-01,1.112810e-01,1.107434e-01,1.101870e-01,1.096392e-01,1.090941e-01,1.085659e-01,1.080637e-01,1.075974e-01,1.071621e-01,1.067582e-01,1.063794e-01,1.060375e-01,1.057102e-01,1.054165e-01,1.051361e-01,1.048882e-01,1.046757e-01,1.044724e-01,1.042992e-01,1.041534e-01,1.040473e-01,1.039599e-01,1.039022e-01,1.037650e-01,1.037673e-01,1.037956e-01,1.038318e-01,1.038680e-01,1.039123e-01,1.039455e-01,1.038364e-01,1.038065e-01,1.037369e-01,1.036243e-01,1.033360e-01,1.031028e-01,1.028131e-01,1.023382e-01,1.019294e-01,1.014600e-01,1.009702e-01,1.003474e-01,9.980549e-02,9.922900e-02,9.853644e-02,9.797166e-02,9.731400e-02,9.677508e-02,9.627287e-02,9.573601e-02,9.536646e-02,9.494773e-02,9.469799e-02,9.441032e-02,9.427112e-02,9.410071e-02,9.397695e-02,9.401034e-02,9.397040e-02,9.404578e-02,9.400378e-02,9.402750e-02,9.389194e-02,9.365952e-02,9.341841e-02,9.294951e-02,9.244273e-02,9.167270e-02,9.078481e-02,8.983693e-02,8.870391e-02,8.746703e-02,8.624224e-02,8.487031e-02,8.348002e-02,8.207119e-02,8.077214e-02,7.946711e-02,7.823320e-02,7.721502e-02,7.622269e-02,7.536109e-02,7.455622e-02,7.384012e-02,7.302922e-02,7.212895e-02,7.113260e-02,7.001141e-02,6.870532e-02,6.720183e-02,6.558841e-02,6.378344e-02,6.198414e-02,6.008366e-02,5.820155e-02,5.637914e-02,5.458312e-02,5.300474e-02,5.154071e-02,5.032576e-02,4.919060e-02,4.829172e-02,4.755326e-02,4.696341e-02,4.647050e-02,4.619855e-02,4.598000e-02,4.603800e-02,4.624038e-02,4.686781e-02,4.775116e-02,4.938828e-02,5.134628e-02,5.418118e-02,5.742205e-02,6.153949e-02,6.616186e-02,7.137464e-02,7.709047e-02,8.350290e-02,9.030881e-02,9.753274e-02,1.051464e-01,1.132597e-01,1.214826e-01,1.297686e-01,1.381658e-01,1.467367e-01,1.550766e-01,1.631883e-01,1.711446e-01,1.791258e-01,1.865423e-01,1.936274e-01,2.004151e-01,2.068912e-01,2.130810e-01,2.190003e-01,2.246891e-01,2.306871e-01,2.360240e-01,2.411770e-01,2.461974e-01,2.510710e-01,2.558442e-01,2.604724e-01,2.650159e-01,2.694304e-01,2.737402e-01,2.779496e-01,2.827956e-01,2.868002e-01,2.907210e-01,2.943000e-01,2.980073e-01,3.016119e-01,3.051184e-01,3.085856e-01,3.118895e-01,3.150928e-01,3.181940e-01,3.211955e-01,3.241140e-01,3.269530e-01,3.295833e-01,3.322161e-01,3.347767e-01,3.372501e-01,3.395368e-01,3.418722e-01,3.441297e-01,3.460761e-01,3.480828e-01,3.498933e-01,3.517761e-01,3.534673e-01,3.552371e-01,3.568172e-01,3.584664e-01,3.599535e-01,3.615102e-01,3.628439e-01,3.641763e-01,3.656484e-01,3.669943e-01,3.684714e-01,3.698391e-01,3.711956e-01,3.726863e-01,3.740474e-01,3.755542e-01,3.767867e-01,3.781486e-01,3.795076e-01,3.807278e-01,3.820655e-01,3.834082e-01,3.847435e-01,3.859343e-01,3.872388e-01,3.885462e-01,3.898379e-01,3.911046e-01,3.923800e-01,3.936180e-01,3.948380e-01,3.960493e-01,3.972286e-01,3.983854e-01,3.995080e-01,4.006185e-01,4.014145e-01,4.023680e-01,4.033124e-01,4.042616e-01,4.052083e-01,4.061634e-01,4.071374e-01,4.079498e-01,4.089222e-01,4.098961e-01,4.107239e-01,4.117212e-01,4.125567e-01,4.133964e-01,4.142356e-01,4.150821e-01,4.160844e-01,4.169390e-01,4.177861e-01,4.186417e-01,4.194925e-01,4.203433e-01,4.211953e-01,4.218936e-01,4.227549e-01,4.236198e-01,4.244786e-01,4.253589e-01,4.260605e-01,4.269400e-01,4.276511e-01,4.283725e-01,4.292700e-01,4.299973e-01,4.307271e-01,4.314557e-01,4.321829e-01,4.329167e-01,4.336692e-01,4.344085e-01,4.351342e-01,4.358748e-01,4.364381e-01,4.371916e-01,4.379110e-01,4.384214e-01,4.391617e-01,4.398964e-01,4.405715e-01,4.411064e-01,4.416467e-01,4.423317e-01,4.428376e-01,4.433866e-01,4.441280e-01,4.446635e-01,4.452089e-01,4.457770e-01,4.465183e-01,4.470814e-01,4.476546e-01,4.482381e-01,4.488059e-01,4.493969e-01,4.499895e-01,4.505840e-01,4.511843e-01,4.517952e-01,4.523815e-01,4.530046e-01,4.536208e-01,4.540386e-01,4.546579e-01,4.550866e-01,4.557045e-01,4.563152e-01,4.567558e-01,4.573875e-01,4.578038e-01,4.584341e-01,4.588661e-01,4.594767e-01,4.599108e-01,4.603319e-01,4.607440e-01,4.613555e-01,4.617749e-01,4.621858e-01,4.626206e-01,4.632281e-01,4.636222e-01,4.640273e-01,4.644425e-01,4.648212e-01,4.652240e-01,4.656402e-01,4.660351e-01,4.664495e-01,4.668553e-01,4.672605e-01,4.674737e-01,4.679004e-01,4.683312e-01,4.687645e-01,4.689983e-01,4.694471e-01,4.699096e-01,4.703269e-01,4.705769e-01,4.710242e-01,4.714562e-01,4.716980e-01,4.719397e-01,4.724023e-01,4.726352e-01,4.730579e-01,4.733040e-01,4.737568e-01,4.739719e-01,4.741918e-01,4.744195e-01,4.746155e-01,4.748215e-01,4.750595e-01,4.752901e-01,4.755016e-01,4.756840e-01,4.758936e-01,4.761154e-01,4.763374e-01,4.765352e-01,4.767213e-01,4.769197e-01,4.771477e-01,4.773835e-01,4.775677e-01,4.776833e-01,4.778556e-01,4.780751e-01,4.782797e-01,4.784179e-01,4.784652e-01,4.785839e-01,4.787297e-01,4.788558e-01,4.789796e-01,4.790960e-01,4.791705e-01,4.790684e-01,4.790365e-01,4.791233e-01,4.791409e-01,4.791783e-01,4.792302e-01,4.791906e-01,4.789734e-01,4.788277e-01,4.788006e-01,4.788305e-01,4.786431e-01,4.781803e-01,4.779860e-01,4.779099e-01,4.777432e-01,4.775079e-01,4.772434e-01,4.770772e-01,4.769678e-01,4.764260e-01,4.753165e-01,4.747304e-01,4.743805e-01,4.737970e-01,4.731749e-01,4.725946e-01,4.721595e-01,4.717333e-01,4.714429e-01,4.712499e-01,4.709209e-01,4.704417e-01,4.703658e-01,4.705043e-01,4.705972e-01,4.706408e-01,4.707192e-01,4.708104e-01,4.710050e-01,4.711081e-01,4.712882e-01,4.714473e-01,4.715359e-01,4.717016e-01,4.717754e-01,4.719200e-01,4.721125e-01,4.723512e-01,4.725440e-01,4.728477e-01,4.731287e-01,4.734331e-01,4.736898e-01,4.740499e-01,4.743705e-01,4.747398e-01,4.750801e-01,4.754991e-01,4.759338e-01,4.762976e-01,4.767123e-01,4.771830e-01,4.776481e-01,4.780147e-01,4.784171e-01,4.788573e-01,4.793105e-01,4.797412e-01,4.802180e-01,4.806738e-01,4.811149e-01,4.815568e-01,4.820417e-01,4.824354e-01,4.828797e-01,4.833249e-01,4.838211e-01,4.842803e-01,4.847710e-01,4.852860e-01,4.857639e-01,4.862811e-01,4.867608e-01,4.872291e-01,4.876757e-01,4.882131e-01,4.886614e-01,4.891033e-01,4.895534e-01,4.901075e-01,4.906112e-01,4.911159e-01,4.916053e-01,4.921121e-01,4.926035e-01,4.930436e-01,4.934844e-01,4.938958e-01,4.943743e-01,4.948996e-01,4.953271e-01,4.956262e-01,4.959257e-01,4.962490e-01,4.966553e-01,4.970622e-01,4.974697e-01,4.978246e-01,4.982334e-01,4.985893e-01,4.989457e-01,4.992788e-01,4.996531e-01,4.999572e-01,5.002547e-01,5.005226e-01,5.008208e-01,5.011733e-01,5.014963e-01,5.018192e-01,5.021360e-01,5.023989e-01,5.027313e-01,5.029924e-01,5.033232e-01,5.035428e-01,5.038172e-01,5.040523e-01,5.042702e-01,5.045008e-01,5.047754e-01,5.050415e-01,5.052680e-01,5.054773e-01,5.056444e-01,5.058491e-01,5.059989e-01,5.061990e-01,5.063993e-01,5.065284e-01,5.066536e-01,5.067741e-01,5.068745e-01,5.069926e-01,5.070906e-01,5.071748e-01,5.071574e-01,5.071953e-01,5.072836e-01,5.073542e-01,5.074401e-01,5.074193e-01,5.073897e-01,5.073601e-01,5.073256e-01,5.073465e-01,5.073096e-01,5.073319e-01,5.072905e-01,5.072471e-01,5.071463e-01,5.070435e-01,5.070002e-01,5.070034e-01,5.069494e-01,5.068382e-01,5.066699e-01,5.064995e-01,5.062786e-01,5.062140e-01,5.061473e-01,5.060794e-01,5.059020e-01,5.057247e-01,5.056637e-01,5.055961e-01,5.054739e-01,5.052972e-01,5.050661e-01,5.049509e-01,5.048838e-01,5.047622e-01,5.045319e-01,5.043386e-01,5.043261e-01,5.044291e-01,5.044167e-01,5.041870e-01,5.039575e-01,5.038001e-01,5.036254e-01,5.034210e-01,5.031021e-01,5.027837e-01,5.025736e-01,5.024176e-01,5.020466e-01,5.014152e-01,5.007254e-01,5.001976e-01,4.996711e-01,4.989339e-01,4.977072e-01,4.963470e-01,4.951345e-01,4.940323e-01,4.929950e-01,4.919037e-01,4.905458e-01,4.887060e-01,4.863133e-01,4.839958e-01,4.823412e-01,4.808946e-01,4.790694e-01,4.765962e-01,4.740475e-01,4.722791e-01,4.710385e-01,4.699444e-01,4.686712e-01,4.671760e-01,4.658281e-01,4.645132e-01,4.631823e-01,4.623226e-01,4.619135e-01,4.615054e-01,4.611127e-01,4.607209e-01,4.603298e-01,4.599541e-01,4.595792e-01,4.596471e-01,4.592729e-01,4.593508e-01,4.594334e-01,4.595014e-01,4.591278e-01,4.591958e-01,4.592494e-01,4.593030e-01,4.589155e-01,4.585143e-01,4.585533e-01,4.585923e-01,4.586169e-01,4.586560e-01,4.586951e-01,4.582801e-01,4.583192e-01,4.583583e-01,4.584075e-01,4.580078e-01,4.580469e-01,4.576481e-01,4.576872e-01,4.577407e-01,4.577653e-01,4.573673e-01,4.574064e-01,4.574310e-01,4.574701e-01,4.570584e-01,4.570831e-01,4.571077e-01,4.571324e-01,4.571426e-01,4.571673e-01,4.571919e-01,4.576530e-01,4.576777e-01,4.577024e-01,4.577270e-01,4.577517e-01,4.577764e-01,4.575171e-01,4.579785e-01,4.580032e-01,4.580280e-01,4.580527e-01,4.582302e-01,4.582404e-01,4.587031e-01,4.587278e-01,4.584675e-01,4.584777e-01,4.589553e-01,4.591334e-01,4.591683e-01,4.593612e-01,4.594006e-01,4.594400e-01,4.592084e-01,4.592625e-01,4.594701e-01,4.595243e-01,4.592927e-01,4.593616e-01,4.595693e-01,4.593525e-01,4.598610e-01,4.596292e-01,4.596983e-01,4.599165e-01,4.599710e-01,4.601792e-01,4.599474e-01,4.600019e-01,4.597556e-01,4.597954e-01,4.599887e-01,4.597278e-01,4.601924e-01,4.599313e-01,4.601099e-01,4.601202e-01,4.598593e-01,4.600378e-01,4.600628e-01,4.598021e-01,4.599908e-01,4.600306e-01,4.602240e-01,4.599780e-01,4.600179e-01,4.597722e-01,4.598121e-01,4.595668e-01,4.593366e-01,4.598145e-01,4.595693e-01,4.593392e-01,4.598170e-01,4.595719e-01,4.596119e-01,4.593671e-01,4.591227e-01,4.591626e-01,4.589142e-01,4.589541e-01,4.586956e-01,4.583002e-01,4.580427e-01,4.576340e-01,4.573774e-01,4.569701e-01,4.566998e-01,4.567249e-01,4.560391e-01,4.560643e-01,4.556599e-01,4.549779e-01,4.545863e-01,4.541850e-01,4.539332e-01,4.535332e-01,4.531342e-01,4.528837e-01,4.524860e-01,4.520891e-01,4.516931e-01,4.510248e-01,4.506309e-01,4.502378e-01,4.498455e-01,4.490383e-01,4.486485e-01,4.478461e-01,4.474587e-01,4.473398e-01,4.460097e-01,4.458918e-01,4.453657e-01,4.448411e-01,4.439125e-01,4.431291e-01,4.422085e-01,4.414318e-01,4.406581e-01,4.401459e-01,4.389816e-01,4.382175e-01,4.370644e-01,4.361714e-01,4.350300e-01,4.338952e-01,4.327668e-01,4.316448e-01,4.305409e-01,4.288103e-01,4.275801e-01,4.258750e-01,4.247916e-01,4.237142e-01,4.225154e-01,4.213240e-01,4.193136e-01,4.175545e-01,4.158112e-01,4.146601e-01,4.132897e-01,4.120497e-01,4.103434e-01,4.081047e-01,4.058917e-01,4.041348e-01,4.020817e-01,4.005868e-01,3.991037e-01,3.981727e-01,3.967196e-01,3.952777e-01,3.937373e-01,3.916968e-01,3.893717e-01,3.868786e-01,3.846131e-01,3.825815e-01,3.813486e-01,3.793531e-01,3.780414e-01,3.762577e-01,3.747744e-01,3.730229e-01,3.717472e-01,3.700252e-01,3.687709e-01,3.671593e-01,3.665237e-01,3.660751e-01,3.652783e-01,3.636093e-01,3.616013e-01,3.600546e-01,3.585126e-01,3.565626e-01,3.549631e-01,3.528694e-01,3.505749e-01,3.479016e-01,3.446512e-01,3.409829e-01,3.378421e-01,3.337868e-01,3.291775e-01,3.252554e-01,3.206642e-01,3.161921e-01,3.111194e-01,3.075824e-01,3.017479e-01,2.957266e-01,2.891083e-01,2.836360e-01,2.761016e-01,2.687660e-01,2.618069e-01,2.541335e-01,2.487462e-01,2.413894e-01,2.345875e-01,2.280690e-01,2.209544e-01,2.141249e-01,2.096485e-01,2.043639e-01,1.976914e-01,1.921767e-01,1.868441e-01,1.825639e-01,1.777048e-01,1.730407e-01,1.686675e-01,1.650703e-01,1.620954e-01,1.586387e-01,1.553118e-01,1.526447e-01,1.494824e-01,1.468996e-01,1.443948e-01,1.419956e-01,1.400994e-01,1.382494e-01,1.363669e-01,1.345497e-01,1.327764e-01,1.314060e-01,1.301098e-01,1.287924e-01,1.274689e-01,1.261943e-01,1.252983e-01,1.240662e-01,1.228502e-01,1.219951e-01,1.211504e-01,1.206761e-01,1.198703e-01,1.190722e-01,1.186331e-01,1.178718e-01,1.174359e-01,1.170441e-01,1.166179e-01,1.162104e-01,1.158257e-01,1.154273e-01,1.150270e-01,1.146474e-01,1.145753e-01,1.142025e-01,1.141704e-01,1.141383e-01,1.141105e-01,1.137754e-01,1.137239e-01,1.137159e-01,1.136841e-01,1.139942e-01,1.139664e-01,1.139558e-01,1.139100e-01,1.142029e-01,1.141570e-01,1.144709e-01,1.147663e-01,1.151075e-01,1.150983e-01,1.153807e-01,1.159919e-01,1.163206e-01,1.166447e-01,1.172720e-01,1.179005e-01,1.185605e-01,1.195293e-01,1.202051e-01,1.209029e-01,1.218876e-01,1.225576e-01,1.235884e-01,1.246275e-01,1.253289e-01,1.267568e-01,1.275030e-01,1.285999e-01,1.297168e-01,1.305130e-01,1.320510e-01,1.328008e-01,1.339262e-01,1.351005e-01,1.363139e-01,1.371336e-01,1.383515e-01,1.395945e-01,1.404773e-01,1.422204e-01,1.431033e-01,1.444455e-01,1.458467e-01,1.471818e-01,1.481750e-01,1.495773e-01,1.511250e-01,1.526098e-01,1.536424e-01,1.551618e-01,1.567519e-01,1.577974e-01,1.594639e-01,1.606493e-01,1.624116e-01,1.635545e-01,1.647570e-01,1.665519e-01,1.677552e-01,1.689742e-01,1.708950e-01,1.721551e-01,1.734730e-01,1.748008e-01,1.761129e-01,1.780961e-01,1.788693e-01,1.809620e-01,1.824400e-01,1.831565e-01,1.845749e-01,1.868373e-01,1.876770e-01,1.892077e-01,1.907674e-01,1.923443e-01,1.939545e-01,1.948053e-01,1.964436e-01,1.980677e-01,1.988922e-01,2.006070e-01,2.015181e-01,2.031581e-01,2.049442e-01,2.058286e-01,2.077151e-01,2.086281e-01,2.103174e-01,2.112514e-01,2.131701e-01,2.141132e-01,2.150744e-01,2.169918e-01,2.180249e-01,2.190147e-01,2.209296e-01,2.219936e-01,2.230167e-01,2.240446e-01,2.261604e-01,2.272151e-01,2.282789e-01,2.294094e-01,2.304923e-01,2.315846e-01,2.328163e-01,2.338908e-01,2.346105e-01,2.356166e-01,2.365695e-01,2.375574e-01,2.384896e-01,2.395785e-01,2.403985e-01,2.416244e-01,2.424691e-01,2.435022e-01,2.442864e-01,2.452680e-01,2.462497e-01,2.472506e-01,2.481366e-01,2.492200e-01,2.502482e-01,2.509480e-01,2.521804e-01,2.528078e-01,2.538020e-01,2.547320e-01,2.555342e-01,2.564980e-01,2.574872e-01,2.586042e-01,2.593252e-01,2.603231e-01,2.612283e-01,2.620583e-01,2.626261e-01,2.635411e-01,2.642523e-01,2.654122e-01,2.663579e-01,2.673453e-01,2.685435e-01,2.694657e-01,2.700509e-01,2.709323e-01,2.716178e-01,2.724139e-01,2.732712e-01,2.741208e-01,2.747823e-01,2.756985e-01,2.764124e-01,2.772932e-01,2.780276e-01,2.787055e-01,2.790878e-01,2.799717e-01,2.803107e-01,2.810059e-01,2.815904e-01,2.824475e-01,2.830505e-01,2.837453e-01,2.841953e-01,2.848051e-01,2.852452e-01,2.860190e-01,2.863023e-01,2.869766e-01,2.877026e-01,2.883132e-01,2.891025e-01,2.895550e-01,2.899724e-01,2.906051e-01,2.908967e-01,2.914253e-01,2.917185e-01,2.922498e-01,2.922692e-01,2.929175e-01,2.933355e-01,2.939686e-01,2.941697e-01,2.946369e-01,2.949491e-01,2.954185e-01,2.953936e-01,2.959686e-01,2.962766e-01,2.968032e-01,2.970610e-01,2.975902e-01,2.977889e-01,2.982683e-01,2.981821e-01,2.988277e-01,2.988018e-01,2.988432e-01,2.989170e-01,2.991846e-01,2.987525e-01,2.989068e-01,2.986404e-01,2.988012e-01,2.982579e-01,2.981265e-01,2.979219e-01,2.978510e-01,2.974749e-01,2.972326e-01,2.969113e-01,2.968411e-01,2.963053e-01,2.962355e-01,2.957020e-01,2.954696e-01,2.954893e-01,2.968064e-01,2.962711e-01,2.961485e-01,2.957392e-01,2.953377e-01,2.948144e-01,2.945250e-01,2.941138e-01,2.937755e-01,2.932580e-01,2.928636e-01,2.920695e-01,2.917231e-01,2.913266e-01,2.907047e-01,2.902048e-01,2.897506e-01,2.889105e-01,2.886348e-01,2.879620e-01,2.875698e-01,2.871658e-01,2.868187e-01,2.860640e-01,2.856643e-01,2.849503e-01,2.844644e-01,2.839674e-01,2.831605e-01,2.825259e-01,2.819817e-01,2.811324e-01,2.806597e-01,2.801685e-01,2.796333e-01,2.790601e-01,2.785291e-01,2.777527e-01,2.774337e-01,2.768049e-01,2.761343e-01,2.754669e-01,2.750518e-01,2.743896e-01,2.740660e-01,2.735030e-01,2.731940e-01,2.724398e-01,2.720271e-01,2.712849e-01,2.708441e-01,2.703923e-01,2.698925e-01,2.693945e-01,2.690390e-01,2.684164e-01,2.682999e-01,2.679407e-01,2.676254e-01,2.672261e-01,2.672318e-01,2.669723e-01,2.668878e-01,2.663405e-01,2.662083e-01,2.663037e-01,2.658482e-01,2.655793e-01,2.652696e-01,2.648653e-01,2.644677e-01,2.641255e-01,2.638247e-01,2.632075e-01,2.625581e-01,2.620401e-01,2.615176e-01,2.607386e-01,2.602275e-01,2.596725e-01,2.589041e-01,2.580050e-01,2.573248e-01,2.569502e-01,2.562306e-01,2.554321e-01,2.546384e-01,2.539753e-01,2.535172e-01,2.526914e-01,2.521995e-01,2.517477e-01,2.513827e-01,2.507358e-01,2.502513e-01,2.498906e-01,2.496100e-01,2.492511e-01,2.488558e-01,2.485776e-01,2.486249e-01,2.487881e-01,2.483159e-01,2.482062e-01,2.480546e-01,2.478251e-01,2.479972e-01,2.479661e-01,2.477787e-01,2.476695e-01,2.475127e-01,2.474039e-01,2.470619e-01,2.468400e-01,2.464223e-01,2.461244e-01,2.458628e-01,2.458736e-01,2.458075e-01,2.456530e-01,2.458232e-01,2.457628e-01,2.458149e-01,2.457488e-01,2.458471e-01,2.458520e-01,2.460223e-01,2.463837e-01,2.464775e-01,2.466128e-01,2.469690e-01,2.470999e-01,2.474281e-01,2.475225e-01,2.478098e-01,2.478879e-01,2.479727e-01,2.479063e-01,2.478761e-01,2.478409e-01,2.477638e-01,2.476391e-01,2.477238e-01,2.477666e-01,2.480493e-01,2.478161e-01,2.478472e-01,2.477702e-01,2.477351e-01,2.479757e-01,2.478625e-01,2.478273e-01,2.479170e-01,2.477971e-01,2.479179e-01,2.478877e-01,2.477426e-01,2.473179e-01,2.472511e-01,2.470120e-01,2.467906e-01,2.460182e-01,2.457211e-01,2.453072e-01,2.447660e-01,2.443903e-01,2.440157e-01,2.432647e-01,2.426516e-01,2.420128e-01,2.410070e-01,2.400430e-01,2.387740e-01,2.372352e-01,2.363662e-01,2.354211e-01,2.344240e-01,2.323644e-01,2.302703e-01,2.292983e-01,2.273835e-01,2.244334e-01,2.224548e-01,2.206400e-01,2.179059e-01,2.151632e-01,2.124931e-01,2.098221e-01,2.072578e-01,2.030353e-01,2.005755e-01,1.949888e-01,1.910948e-01,1.867747e-01,1.833103e-01,1.785817e-01,1.748663e-01,1.700337e-01,1.656936e-01,1.591781e-01,1.540478e-01,1.491999e-01,1.436950e-01,1.389299e-01,1.332079e-01,1.281709e-01,1.203965e-01,1.148740e-01,1.095101e-01,1.045461e-01,9.876442e-02,9.410908e-02,8.702493e-02,8.217104e-02,7.772284e-02,7.350266e-02,6.920128e-02,6.411907e-02,6.033442e-02,5.709579e-02,5.404649e-02,5.108025e-02,4.763489e-02,4.522204e-02,4.312628e-02,4.124824e-02,3.965924e-02,3.738103e-02,3.608139e-02,3.489689e-02,3.369006e-02,3.248384e-02,3.135105e-02,3.062575e-02,2.992915e-02,2.926132e-02,2.862147e-02,2.800776e-02,2.769266e-02,2.712126e-02,2.682906e-02,2.629090e-02,2.602212e-02,2.575640e-02,2.550265e-02,2.525333e-02,2.501034e-02,2.477497e-02,2.476403e-02,2.452619e-02,2.451693e-02,2.429021e-02,2.427539e-02,2.426912e-02,2.426199e-02,2.403930e-02,2.403155e-02,2.402472e-02,2.401834e-02,2.422578e-02,2.422439e-02,2.421864e-02,2.420941e-02,2.441926e-02,2.441856e-02,2.463676e-02,2.463383e-02,2.485482e-02,2.508080e-02,2.508012e-02,2.531416e-02,2.554983e-02,2.579013e-02,2.604194e-02,2.604130e-02,2.629436e-02,2.655956e-02,2.682119e-02,2.709354e-02,2.736399e-02,2.764459e-02,2.793433e-02,2.822465e-02,2.852094e-02,2.882592e-02,2.913456e-02,2.944888e-02,2.977304e-02,3.010142e-02,3.043236e-02,3.077488e-02,3.147219e-02,3.147447e-02,3.220890e-02,3.258926e-02,3.259679e-02,3.325589e-02,3.365353e-02,3.414582e-02,3.448962e-02,3.508843e-02,3.544283e-02,3.575932e-02,3.636060e-02,3.678101e-02,3.731432e-02,3.771034e-02,3.836637e-02,3.872687e-02,3.935639e-02,3.979794e-02,4.018836e-02,4.085678e-02,4.131802e-02,4.196721e-02,4.238309e-02,4.304905e-02,4.348388e-02,4.411894e-02,4.463668e-02,4.521896e-02,4.568562e-02,4.637168e-02,4.685853e-02,4.749518e-02,4.799139e-02,4.866398e-02,4.911946e-02,4.981020e-02,5.034318e-02,5.073374e-02,5.146162e-02,5.220686e-02,5.270275e-02,5.337816e-02,5.389250e-02,5.458657e-02,5.502084e-02,5.575138e-02,5.618845e-02,5.683375e-02,5.729024e-02,5.806319e-02,5.852931e-02,5.919735e-02,5.965775e-02,6.037523e-02,6.074004e-02,6.137015e-02,6.185852e-02,6.246766e-02,6.320321e-02,6.352087e-02,6.415699e-02,6.456110e-02,6.525725e-02,6.546817e-02,6.613644e-02,6.673282e-02,6.716376e-02,6.764476e-02,6.799974e-02,6.871066e-02,6.894017e-02,6.957833e-02,7.008786e-02,7.046399e-02,7.098413e-02,7.122619e-02,7.184896e-02,7.253157e-02,7.278110e-02,7.332941e-02,7.358468e-02,7.399190e-02,7.455515e-02,7.481743e-02,7.539096e-02,7.575985e-02,7.618813e-02,7.662034e-02,7.689709e-02,7.733715e-02,7.805056e-02,7.816944e-02,7.889666e-02,7.901765e-02,7.975512e-02,8.033263e-02,8.056838e-02,8.115419e-02,8.174563e-02,8.216518e-02,8.270594e-02,8.331599e-02,8.374882e-02,8.418399e-02,8.493448e-02,8.519136e-02,8.576609e-02,8.641486e-02,8.681082e-02,8.727515e-02,8.807544e-02,8.835089e-02,8.896223e-02,8.944833e-02,8.986508e-02,9.049585e-02,9.099422e-02,9.128471e-02,9.192805e-02,9.243788e-02,9.287857e-02,9.317748e-02,9.384280e-02,9.437015e-02,9.482200e-02,9.513123e-02,9.582222e-02,9.613682e-02,9.660419e-02,9.715722e-02,9.763275e-02,9.795997e-02,9.844353e-02,9.901395e-02,9.950449e-02,9.983760e-02,1.003349e-01,1.009248e-01,1.011797e-01,1.019398e-01,1.022864e-01,1.028023e-01,1.030634e-01,1.035890e-01,1.039433e-01,1.044731e-01,1.050073e-01,1.051038e-01,1.056467e-01,1.061908e-01,1.064664e-01,1.068388e-01,1.071171e-01,1.076739e-01,1.079593e-01,1.085233e-01,1.090922e-01,1.096661e-01,1.097698e-01,1.103496e-01,1.106487e-01,1.112361e-01,1.115337e-01,1.118326e-01,1.122405e-01,1.125407e-01,1.128441e-01,1.134510e-01,1.137566e-01,1.140676e-01,1.141766e-01,1.147955e-01,1.151054e-01,1.154225e-01,1.155337e-01,1.158488e-01,1.161634e-01,1.162780e-01,1.165965e-01,1.169146e-01,1.172341e-01,1.175551e-01,1.178776e-01,1.179951e-01,1.179936e-01,1.183181e-01,1.186441e-01,1.189716e-01,1.193049e-01,1.196336e-01,1.199657e-01,1.199643e-01,1.202960e-01,1.206293e-01,1.209666e-01,1.209632e-01,1.212977e-01,1.216318e-01,1.216308e-01,1.219646e-01,1.222998e-01,1.222925e-01,1.228541e-01,1.228493e-01,1.231887e-01,1.231794e-01,1.237480e-01,1.237451e-01,1.240888e-01,1.243107e-01,1.246571e-01,1.246517e-01,1.252365e-01,1.252290e-01,1.254545e-01,1.258063e-01,1.263984e-01,1.266254e-01,1.269808e-01,1.272097e-01,1.272000e-01,1.277965e-01,1.277915e-01,1.283949e-01,1.286281e-01,1.286183e-01,1.292304e-01,1.292227e-01,1.294676e-01,1.297063e-01,1.297027e-01,1.299464e-01,1.301908e-01,1.301921e-01,1.304416e-01,1.304402e-01,1.310757e-01,1.310813e-01,1.313357e-01,1.315911e-01,1.315960e-01,1.318543e-01,1.318643e-01,1.321256e-01,1.321327e-01,1.323950e-01,1.324071e-01,1.326702e-01,1.326796e-01,1.329458e-01,1.329602e-01,1.329696e-01,1.332367e-01,1.328502e-01,1.328646e-01,1.328761e-01,1.331429e-01,1.331523e-01,1.331668e-01,1.331783e-01,1.331877e-01,1.329395e-01,1.325595e-01,1.325689e-01,1.323226e-01,1.320749e-01,1.314414e-01,1.314555e-01,1.312106e-01,1.307159e-01,1.300932e-01,1.298525e-01,1.293712e-01,1.287570e-01,1.282756e-01,1.280405e-01,1.271954e-01,1.267236e-01,1.258973e-01,1.254335e-01,1.243860e-01,1.239313e-01,1.229024e-01,1.224566e-01,1.216714e-01,1.210145e-01,1.202487e-01,1.192733e-01,1.188509e-01,1.178941e-01,1.171582e-01,1.165408e-01,1.158188e-01,1.149016e-01,1.145080e-01,1.136077e-01,1.132175e-01,1.125288e-01,1.116519e-01,1.109767e-01,1.103082e-01,1.096461e-01,1.092795e-01,1.086257e-01,1.079799e-01,1.071597e-01,1.065279e-01,1.063527e-01,1.057286e-01,1.052855e-01,1.044051e-01,1.039755e-01,1.033737e-01,1.032067e-01,1.027805e-01,1.023553e-01,1.019347e-01,1.013501e-01,1.009360e-01,1.005230e-01,9.995125e-02,9.938469e-02,9.873829e-02,9.834214e-02,9.754963e-02,9.700460e-02,9.661689e-02,9.623164e-02,9.546756e-02,9.508955e-02,9.471391e-02,9.434061e-02,9.374554e-02,9.323383e-02,9.264979e-02,9.228927e-02,9.193095e-02,9.157483e-02,9.100712e-02,9.065867e-02,9.010137e-02,8.989229e-02,8.934092e-02,8.913459e-02,8.872368e-02,8.865110e-02,8.824367e-02,8.804126e-02,8.776767e-02,8.769625e-02,8.709479e-02,8.715367e-02,8.675547e-02,8.648804e-02,8.629038e-02,8.615233e-02,8.595440e-02,8.556154e-02,8.510747e-02,8.491322e-02,8.465310e-02,8.427107e-02,8.389171e-02,8.382351e-02,8.313938e-02,8.276650e-02,8.258037e-02,8.221272e-02,8.172746e-02,8.136567e-02,8.106846e-02,8.035640e-02,8.006488e-02,7.971440e-02,7.936763e-02,7.890959e-02,7.823066e-02,7.806121e-02,7.761618e-02,7.728477e-02,7.695554e-02,7.662848e-02,7.614106e-02,7.592367e-02,7.560467e-02,7.538963e-02,7.507410e-02,7.454964e-02,7.449517e-02,7.413008e-02,7.382268e-02,7.351724e-02,7.331253e-02,7.280830e-02,7.260662e-02,7.250287e-02,7.220582e-02,7.200669e-02,7.136908e-02,7.117474e-02,7.097996e-02,7.078600e-02,7.030719e-02,7.002390e-02,6.974237e-02,6.932184e-02,6.913479e-02,6.867145e-02,6.839825e-02,6.799016e-02,6.780739e-02,6.722515e-02,6.717674e-02,6.677978e-02,6.638613e-02,6.620987e-02,6.564862e-02,6.539249e-02,6.501163e-02,6.484070e-02,6.421785e-02,6.397022e-02,6.368136e-02,6.343687e-02,6.283348e-02,6.259282e-02,6.223671e-02,6.199953e-02,6.141711e-02,6.099462e-02,6.065137e-02,6.049547e-02,5.993256e-02,5.970750e-02,5.937313e-02,5.915012e-02,5.860415e-02,4.542783e-03,4.542783e-03,4.542783e-03,4.542783e-03,4.542783e-03,4.542783e-03,4.542783e-03,4.542783e-03,4.542783e-03,4.542783e-03,4.542783e-03,4.542783e-03,4.542783e-03,4.542783e-03,4.542783e-03,4.542783e-03,4.542783e-03,4.542783e-03,4.542783e-03,4.542783e-03,4.542783e-03,4.542783e-03,4.542783e-03,4.542783e-03,4.542783e-03,4.542783e-03,4.542783e-03,4.542783e-03,4.542783e-03,4.542783e-03,4.542783e-03,4.542783e-03,4.542783e-03,4.542783e-03,4.542783e-03,4.542783e-03,4.542783e-03,4.542783e-03,4.542783e-03,4.542783e-03,4.542783e-03,4.542783e-03,4.542783e-03,4.542783e-03,4.542783e-03,4.542783e-03,4.542783e-03,4.542783e-03,4.542783e-03,4.542783e-03,4.542783e-03,4.542783e-03,4.542783e-03,4.542783e-03,4.542783e-03,4.542783e-03,4.542783e-03,4.542783e-03,4.542783e-03,4.542783e-03,4.542783e-03,4.542783e-03,4.542783e-03,4.542783e-03,4.542783e-03,4.542783e-03,4.542783e-03,4.542783e-03,4.542783e-03,4.542783e-03,4.542783e-03,4.542783e-03,4.542783e-03,4.542783e-03,4.542783e-03,4.542783e-03,4.542783e-03,4.542783e-03,4.542783e-03,4.542783e-03,4.542783e-03,4.542783e-03,4.542783e-03,4.542783e-03,4.542783e-03,4.542783e-03,4.542783e-03,4.542783e-03,4.542783e-03,4.542783e-03,4.542783e-03,4.542783e-03,4.542783e-03,4.542783e-03,4.542783e-03,4.542783e-03,4.542783e-03,4.542783e-03,4.542783e-03,4.542783e-03,4.542783e-03,4.542783e-03,4.542783e-03,4.542783e-03,4.542783e-03,4.542783e-03,4.542783e-03,4.542783e-03,4.542783e-03,4.542783e-03,4.542783e-03,4.542783e-03,4.542783e-03,4.542783e-03,4.542783e-03,4.542783e-03,4.542783e-03,4.542783e-03,4.542783e-03,4.542783e-03,4.542783e-03,4.542783e-03,4.542783e-03,4.542783e-03,4.542783e-03,4.542783e-03,4.542783e-03,4.542783e-03,4.542783e-03,4.542783e-03,4.542783e-03,4.542783e-03,4.542783e-03,4.542783e-03,4.542783e-03,4.542783e-03,4.542783e-03,4.542783e-03,4.542783e-03,4.542783e-03,4.542783e-03,4.542783e-03,4.542783e-03,4.542783e-03,4.542783e-03,4.542783e-03,4.542783e-03,4.542783e-03,4.542783e-03,4.542783e-03,4.542783e-03,4.542783e-03,4.542783e-03,4.542783e-03,4.542783e-03,4.542783e-03,4.542783e-03,4.542783e-03,4.542783e-03,4.542783e-03,4.542783e-03
2.577940e-02,2.575706e-02,2.573337e-02,2.570711e-02,2.567914e-02,2.565786e-02,2.563408e-02,2.561405e-02,2.559744e-02,2.557716e-02,2.556464e-02,2.554182e-02,2.552627e-02,2.550896e-02,2.548403e-02,2.546801e-02,2.545170e-02,2.543415e-02,2.542262e-02,2.540642e-02,2.539210e-02,2.537577e-02,2.536123e-02,2.534973e-02,2.534473e-02,2.533577e-02,2.533413e-02,2.533587e-02,2.533309e-02,2.533399e-02,2.533512e-02,2.532863e-02,2.533174e-02,2.533033e-02,2.533670e-02,2.534253e-02,2.534021e-02,2.534543e-02,2.535119e-02,2.534758e-02,2.535148e-02,2.536086e-02,2.536644e-02,2.537195e-02,2.537782e-02,2.538941e-02,2.540048e-02,2.540260e-02,2.541963e-02,2.543978e-02,2.545973e-02,2.549136e-02,2.552442e-02,2.555886e-02,2.559425e-02,2.563118e-02,2.567525e-02,2.571689e-02,2.575528e-02,2.580479e-02,2.584813e-02,2.589459e-02,2.594631e-02,2.599070e-02,2.604706e-02,2.609680e-02,2.615140e-02,2.620622e-02,2.625305e-02,2.630172e-02,2.634645e-02,2.637893e-02,2.640828e-02,2.643456e-02,2.644723e-02,2.646532e-02,2.648094e-02,2.649961e-02,2.651057e-02,2.653044e-02,2.655504e-02,2.658620e-02,2.663098e-02,2.668396e-02,2.674596e-02,2.682991e-02,2.692568e-02,2.702562e-02,2.715381e-02,2.729161e-02,2.745139e-02,2.761614e-02,2.780395e-02,2.799945e-02,2.821553e-02,2.844302e-02,2.869568e-02,2.896398e-02,2.925046e-02,2.956853e-02,2.990806e-02,3.027119e-02,3.066481e-02,3.108673e-02,3.155108e-02,3.204661e-02,3.257976e-02,3.318561e-02,3.386666e-02,3.457494e-02,3.534097e-02,3.614601e-02,3.701128e-02,3.802534e-02,3.913423e-02,4.026254e-02,4.149405e-02,4.283663e-02,4.429915e-02,4.588920e-02,4.761996e-02,4.941418e-02,5.135840e-02,5.338580e-02,5.558452e-02,5.786670e-02,6.032490e-02,6.286766e-02,6.562241e-02,6.841501e-02,7.144435e-02,7.449431e-02,7.782316e-02,8.122231e-02,8.491295e-02,8.867081e-02,9.275182e-02,9.679592e-02,1.011972e-01,1.056235e-01,1.103925e-01,1.151927e-01,1.200517e-01,1.254210e-01,1.308928e-01,1.366609e-01,1.424623e-01,1.486416e-01,1.548001e-01,1.610439e-01,1.673591e-01,1.733751e-01,1.790096e-01,1.851830e-01,1.903688e-01,1.941237e-01,1.956940e-01,1.967432e-01,1.970105e-01,1.965079e-01,1.960404e-01,1.956938e-01,1.951133e-01,1.945975e-01,1.939956e-01,1.932871e-01,1.924920e-01,1.914493e-01,1.904887e-01,1.894446e-01,1.883472e-01,1.872128e-01,1.860637e-01,1.849308e-01,1.838148e-01,1.827316e-01,1.817053e-01,1.807256e-01,1.798070e-01,1.789359e-01,1.781139e-01,1.773211e-01,1.765656e-01,1.758674e-01,1.752070e-01,1.745791e-01,1.740144e-01,1.734852e-01,1.730088e-01,1.725681e-01,1.721989e-01,1.718640e-01,1.715828e-01,1.712190e-01,1.710237e-01,1.708669e-01,1.707226e-01,1.705744e-01,1.704412e-01,1.702947e-01,1.699925e-01,1.697616e-01,1.694819e-01,1.691564e-01,1.686279e-01,1.681512e-01,1.675930e-01,1.668239e-01,1.661101e-01,1.653136e-01,1.644947e-01,1.635320e-01,1.626509e-01,1.617161e-01,1.606605e-01,1.597496e-01,1.587506e-01,1.578793e-01,1.570668e-01,1.562486e-01,1.556311e-01,1.549797e-01,1.545331e-01,1.540699e-01,1.537827e-01,1.534860e-01,1.532556e-01,1.532108e-01,1.531011e-01,1.531172e-01,1.530062e-01,1.529559e-01,1.527212e-01,1.523501e-01,1.519420e-01,1.512559e-01,1.504879e-01,1.493911e-01,1.481353e-01,1.467677e-01,1.451817e-01,1.434508e-01,1.417070e-01,1.397875e-01,1.378400e-01,1.358640e-01,1.340134e-01,1.321764e-01,1.304358e-01,1.289721e-01,1.275657e-01,1.263423e-01,1.251932e-01,1.241474e-01,1.229883e-01,1.217029e-01,1.202788e-01,1.186560e-01,1.167862e-01,1.146271e-01,1.123049e-01,1.096979e-01,1.070662e-01,1.042942e-01,1.015329e-01,9.882824e-02,9.616098e-02,9.380140e-02,9.159975e-02,8.975272e-02,8.802727e-02,8.665670e-02,8.551336e-02,8.460837e-02,8.385040e-02,8.342152e-02,8.308498e-02,8.317504e-02,8.347987e-02,8.444447e-02,8.578576e-02,8.827365e-02,9.122237e-02,9.543413e-02,1.001983e-01,1.061659e-01,1.127466e-01,1.200742e-01,1.279863e-01,1.366986e-01,1.458339e-01,1.553865e-01,1.653127e-01,1.756947e-01,1.861099e-01,1.964617e-01,2.068154e-01,2.171841e-01,2.272005e-01,2.368211e-01,2.461481e-01,2.553088e-01,2.637897e-01,2.718085e-01,2.794091e-01,2.865809e-01,2.933710e-01,2.998006e-01,3.059209e-01,3.121842e-01,3.178203e-01,3.232135e-01,3.284166e-01,3.334293e-01,3.382915e-01,3.429716e-01,3.475316e-01,3.519219e-01,3.561665e-01,3.602682e-01,3.648032e-01,3.686390e-01,3.723569e-01,3.757706e-01,3.792290e-01,3.825631e-01,3.857792e-01,3.889230e-01,3.919023e-01,3.947660e-01,3.975156e-01,4.001662e-01,4.027121e-01,4.051809e-01,4.074843e-01,4.097356e-01,4.119075e-01,4.139861e-01,4.159128e-01,4.178414e-01,4.196865e-01,4.212983e-01,4.229102e-01,4.243710e-01,4.258548e-01,4.271953e-01,4.285641e-01,4.297935e-01,4.310313e-01,4.321686e-01,4.333343e-01,4.343463e-01,4.353604e-01,4.364577e-01,4.374754e-01,4.385751e-01,4.395947e-01,4.406107e-01,4.417085e-01,4.427201e-01,4.438139e-01,4.447349e-01,4.457340e-01,4.467269e-01,4.476276e-01,4.486040e-01,4.495722e-01,4.505304e-01,4.513923e-01,4.523267e-01,4.532499e-01,4.541581e-01,4.550508e-01,4.559511e-01,4.568123e-01,4.576555e-01,4.584799e-01,4.592840e-01,4.600669e-01,4.608052e-01,4.615436e-01,4.620657e-01,4.627038e-01,4.633199e-01,4.639377e-01,4.645587e-01,4.651598e-01,4.657866e-01,4.663186e-01,4.669447e-01,4.675756e-01,4.681131e-01,4.687481e-01,4.692884e-01,4.698536e-01,4.703953e-01,4.709396e-01,4.715806e-01,4.721277e-01,4.726528e-01,4.732046e-01,4.737309e-01,4.742572e-01,4.747881e-01,4.752231e-01,4.757528e-01,4.762838e-01,4.768170e-01,4.773532e-01,4.777890e-01,4.783248e-01,4.787639e-01,4.792263e-01,4.797880e-01,4.802525e-01,4.807178e-01,4.811828e-01,4.816473e-01,4.821140e-01,4.826073e-01,4.830760e-01,4.835401e-01,4.840295e-01,4.843992e-01,4.848931e-01,4.853553e-01,4.857121e-01,4.861814e-01,4.866489e-01,4.870762e-01,4.874163e-01,4.877584e-01,4.881686e-01,4.884786e-01,4.888031e-01,4.892320e-01,4.895519e-01,4.898544e-01,4.901851e-01,4.906137e-01,4.909426e-01,4.912748e-01,4.916310e-01,4.919613e-01,4.923200e-01,4.926792e-01,4.930340e-01,4.933957e-01,4.937817e-01,4.941388e-01,4.945288e-01,4.949166e-01,4.951984e-01,4.955873e-01,4.958727e-01,4.962612e-01,4.966474e-01,4.969318e-01,4.973248e-01,4.976065e-01,4.979992e-01,4.982859e-01,4.986512e-01,4.989387e-01,4.992009e-01,4.994550e-01,4.998205e-01,5.000822e-01,5.003198e-01,5.005864e-01,5.009292e-01,5.011562e-01,5.013919e-01,5.016308e-01,5.018366e-01,5.020715e-01,5.023054e-01,5.025378e-01,5.027764e-01,5.030122e-01,5.032641e-01,5.034176e-01,5.036816e-01,5.039632e-01,5.042510e-01,5.044328e-01,5.047256e-01,5.050390e-01,5.053220e-01,5.055309e-01,5.058234e-01,5.061058e-01,5.063123e-01,5.064970e-01,5.067892e-01,5.069713e-01,5.072564e-01,5.074374e-01,5.077321e-01,5.079088e-01,5.080651e-01,5.082185e-01,5.083674e-01,5.085194e-01,5.086761e-01,5.088359e-01,5.089898e-01,5.091346e-01,5.092825e-01,5.094396e-01,5.095968e-01,5.097466e-01,5.099093e-01,5.100814e-01,5.102627e-01,5.104411e-01,5.106089e-01,5.107555e-01,5.109143e-01,5.111154e-01,5.112898e-01,5.114382e-01,5.115860e-01,5.117284e-01,5.118848e-01,5.120351e-01,5.121793e-01,5.123267e-01,5.124557e-01,5.125218e-01,5.126232e-01,5.127294e-01,5.128463e-01,5.129372e-01,5.130425e-01,5.131139e-01,5.131309e-01,5.131746e-01,5.132230e-01,5.133172e-01,5.133424e-01,5.132822e-01,5.133105e-01,5.133436e-01,5.133761e-01,5.133859e-01,5.133875e-01,5.134200e-01,5.134648e-01,5.134011e-01,5.131334e-01,5.130544e-01,5.130223e-01,5.129433e-01,5.128461e-01,5.127673e-01,5.127346e-01,5.126991e-01,5.127126e-01,5.127698e-01,5.127651e-01,5.127171e-01,5.128164e-01,5.129683e-01,5.131180e-01,5.132393e-01,5.133620e-01,5.134988e-01,5.136637e-01,5.137776e-01,5.139153e-01,5.140419e-01,5.141287e-01,5.142393e-01,5.142989e-01,5.143983e-01,5.145132e-01,5.146305e-01,5.147455e-01,5.149188e-01,5.150678e-01,5.152413e-01,5.153994e-01,5.156191e-01,5.158204e-01,5.160374e-01,5.162462e-01,5.164791e-01,5.167397e-01,5.169605e-01,5.172102e-01,5.174595e-01,5.177253e-01,5.179469e-01,5.181698e-01,5.184320e-01,5.186710e-01,5.188855e-01,5.191363e-01,5.193758e-01,5.195877e-01,5.197997e-01,5.200309e-01,5.202275e-01,5.204400e-01,5.206526e-01,5.208813e-01,5.210704e-01,5.213027e-01,5.215599e-01,5.217777e-01,5.220353e-01,5.222534e-01,5.224955e-01,5.227263e-01,5.230130e-01,5.232441e-01,5.234789e-01,5.237104e-01,5.239741e-01,5.242221e-01,5.244702e-01,5.246901e-01,5.249387e-01,5.251590e-01,5.253633e-01,5.255678e-01,5.257643e-01,5.259566e-01,5.261820e-01,5.263584e-01,5.264908e-01,5.266233e-01,5.267677e-01,5.269326e-01,5.270976e-01,5.272627e-01,5.274117e-01,5.275769e-01,5.277260e-01,5.278752e-01,5.280126e-01,5.281907e-01,5.283238e-01,5.284740e-01,5.286199e-01,5.287702e-01,5.289368e-01,5.290992e-01,5.292748e-01,5.294544e-01,5.296178e-01,5.298255e-01,5.299879e-01,5.301947e-01,5.303677e-01,5.305572e-01,5.307584e-01,5.309306e-01,5.311297e-01,5.313122e-01,5.314975e-01,5.316947e-01,5.318627e-01,5.320413e-01,5.322072e-01,5.323567e-01,5.325203e-01,5.326841e-01,5.327956e-01,5.329125e-01,5.330269e-01,5.331108e-01,5.332241e-01,5.333069e-01,5.333549e-01,5.334023e-01,5.334661e-01,5.335441e-01,5.335926e-01,5.336694e-01,5.337080e-01,5.337494e-01,5.337908e-01,5.338298e-01,5.338854e-01,5.339233e-01,5.339724e-01,5.340080e-01,5.340427e-01,5.340598e-01,5.340758e-01,5.341033e-01,5.341502e-01,5.341796e-01,5.341915e-01,5.341858e-01,5.341790e-01,5.341507e-01,5.341747e-01,5.341977e-01,5.342201e-01,5.342096e-01,5.341991e-01,5.342176e-01,5.342401e-01,5.342461e-01,5.342357e-01,5.342089e-01,5.342110e-01,5.342336e-01,5.342398e-01,5.342130e-01,5.341730e-01,5.342121e-01,5.342803e-01,5.343194e-01,5.342928e-01,5.342662e-01,5.342858e-01,5.342757e-01,5.342750e-01,5.342455e-01,5.342159e-01,5.342193e-01,5.342391e-01,5.341933e-01,5.340617e-01,5.339177e-01,5.338229e-01,5.337283e-01,5.335683e-01,5.332318e-01,5.328765e-01,5.325411e-01,5.322388e-01,5.319497e-01,5.316484e-01,5.312370e-01,5.306944e-01,5.299465e-01,5.292172e-01,5.286983e-01,5.282446e-01,5.276642e-01,5.268599e-01,5.260298e-01,5.254552e-01,5.250555e-01,5.247037e-01,5.242897e-01,5.237981e-01,5.233546e-01,5.229382e-01,5.224965e-01,5.222400e-01,5.221394e-01,5.220388e-01,5.219671e-01,5.218954e-01,5.218238e-01,5.217810e-01,5.217382e-01,5.218507e-01,5.218080e-01,5.219183e-01,5.220597e-01,5.221724e-01,5.221299e-01,5.222427e-01,5.223268e-01,5.224109e-01,5.223398e-01,5.222399e-01,5.222953e-01,5.223507e-01,5.223773e-01,5.224327e-01,5.224881e-01,5.223596e-01,5.224150e-01,5.224705e-01,5.225238e-01,5.224242e-01,5.224797e-01,5.223802e-01,5.224357e-01,5.225201e-01,5.225468e-01,5.224474e-01,5.225030e-01,5.225297e-01,5.225853e-01,5.224571e-01,5.224839e-01,5.225106e-01,5.225374e-01,5.225353e-01,5.225620e-01,5.225888e-01,5.227705e-01,5.227973e-01,5.228240e-01,5.228508e-01,5.228776e-01,5.229044e-01,5.227307e-01,5.229124e-01,5.229392e-01,5.229660e-01,5.229928e-01,5.229741e-01,5.229719e-01,5.231537e-01,5.231805e-01,5.230068e-01,5.230047e-01,5.232154e-01,5.231967e-01,5.232213e-01,5.232317e-01,5.232876e-01,5.233435e-01,5.232280e-01,5.233130e-01,5.233525e-01,5.234375e-01,5.233222e-01,5.234364e-01,5.234760e-01,5.233900e-01,5.236592e-01,5.235440e-01,5.236584e-01,5.236962e-01,5.237815e-01,5.238214e-01,5.237065e-01,5.237919e-01,5.236479e-01,5.237042e-01,5.237151e-01,5.235421e-01,5.237239e-01,5.235510e-01,5.235328e-01,5.235308e-01,5.233581e-01,5.233399e-01,5.233671e-01,5.231946e-01,5.231745e-01,5.232309e-01,5.232419e-01,5.230988e-01,5.231552e-01,5.230123e-01,5.230687e-01,5.229259e-01,5.228124e-01,5.230227e-01,5.228800e-01,5.227667e-01,5.229769e-01,5.228345e-01,5.228910e-01,5.227486e-01,5.226065e-01,5.226630e-01,5.224900e-01,5.225465e-01,5.223755e-01,5.222788e-01,5.221081e-01,5.219825e-01,5.218121e-01,5.216867e-01,5.214875e-01,5.215149e-01,5.211925e-01,5.212200e-01,5.210951e-01,5.207734e-01,5.206473e-01,5.205228e-01,5.203538e-01,5.202296e-01,5.201054e-01,5.199369e-01,5.198129e-01,5.196891e-01,5.195654e-01,5.192464e-01,5.191230e-01,5.189997e-01,5.188765e-01,5.186029e-01,5.184800e-01,5.182069e-01,5.180843e-01,5.181559e-01,5.174957e-01,5.175672e-01,5.174890e-01,5.174109e-01,5.171834e-01,5.169122e-01,5.166853e-01,5.164149e-01,5.161448e-01,5.160674e-01,5.156494e-01,5.153804e-01,5.149638e-01,5.147392e-01,5.143239e-01,5.139094e-01,5.134957e-01,5.130829e-01,5.126701e-01,5.119240e-01,5.115570e-01,5.108147e-01,5.104071e-01,5.100002e-01,5.096366e-01,5.092737e-01,5.083955e-01,5.077059e-01,5.070185e-01,5.066600e-01,5.061181e-01,5.055358e-01,5.048276e-01,5.038261e-01,5.028291e-01,5.021979e-01,5.011672e-01,5.004593e-01,4.997536e-01,4.993938e-01,4.987187e-01,4.980458e-01,4.974152e-01,4.964737e-01,4.954006e-01,4.941583e-01,4.930965e-01,4.919613e-01,4.912701e-01,4.901444e-01,4.894979e-01,4.885254e-01,4.876882e-01,4.867237e-01,4.860616e-01,4.851043e-01,4.844473e-01,4.837013e-01,4.837257e-01,4.839423e-01,4.838257e-01,4.828530e-01,4.817945e-01,4.810579e-01,4.802985e-01,4.792524e-01,4.785362e-01,4.775468e-01,4.762283e-01,4.746094e-01,4.726014e-01,4.703669e-01,4.683705e-01,4.659517e-01,4.632074e-01,4.608789e-01,4.582985e-01,4.559618e-01,4.533569e-01,4.517357e-01,4.484910e-01,4.449084e-01,4.406582e-01,4.369796e-01,4.317914e-01,4.264961e-01,4.215208e-01,4.159112e-01,4.118437e-01,4.062561e-01,4.010669e-01,3.958857e-01,3.901453e-01,3.843690e-01,3.806323e-01,3.759955e-01,3.699998e-01,3.649092e-01,3.597807e-01,3.556475e-01,3.507799e-01,3.459556e-01,3.414334e-01,3.376375e-01,3.343536e-01,3.304882e-01,3.267122e-01,3.236522e-01,3.199107e-01,3.167828e-01,3.137161e-01,3.107881e-01,3.084209e-01,3.061024e-01,3.036352e-01,3.012635e-01,2.989412e-01,2.970635e-01,2.953298e-01,2.935046e-01,2.916367e-01,2.898623e-01,2.885524e-01,2.868227e-01,2.851071e-01,2.838406e-01,2.825854e-01,2.818251e-01,2.806537e-01,2.794809e-01,2.787913e-01,2.776987e-01,2.770116e-01,2.764331e-01,2.757591e-01,2.751340e-01,2.745637e-01,2.739509e-01,2.733343e-01,2.727609e-01,2.725847e-01,2.720212e-01,2.719477e-01,2.718743e-01,2.718075e-01,2.713422e-01,2.712185e-01,2.712028e-01,2.711299e-01,2.715496e-01,2.714831e-01,2.714716e-01,2.713654e-01,2.717457e-01,2.716393e-01,2.720712e-01,2.724532e-01,2.729453e-01,2.729445e-01,2.732842e-01,2.740674e-01,2.745241e-01,2.749645e-01,2.757635e-01,2.765602e-01,2.774209e-01,2.786377e-01,2.795108e-01,2.804248e-01,2.816196e-01,2.824376e-01,2.837041e-01,2.849631e-01,2.858068e-01,2.875209e-01,2.884362e-01,2.897364e-01,2.910431e-01,2.920316e-01,2.938265e-01,2.946622e-01,2.958978e-01,2.972111e-01,2.985896e-01,2.995128e-01,3.008503e-01,3.022067e-01,3.032145e-01,3.051389e-01,3.061018e-01,3.075620e-01,3.091085e-01,3.104856e-01,3.116067e-01,3.130592e-01,3.147881e-01,3.163381e-01,3.174394e-01,3.189940e-01,3.206550e-01,3.217012e-01,3.234540e-01,3.247340e-01,3.265855e-01,3.277360e-01,3.289756e-01,3.307788e-01,3.319660e-01,3.331614e-01,3.351018e-01,3.363195e-01,3.376237e-01,3.389306e-01,3.401757e-01,3.420384e-01,3.428462e-01,3.448263e-01,3.462708e-01,3.469338e-01,3.482303e-01,3.503562e-01,3.511868e-01,3.525998e-01,3.540152e-01,3.554508e-01,3.569051e-01,3.576954e-01,3.591608e-01,3.605728e-01,3.612994e-01,3.628177e-01,3.636667e-01,3.650325e-01,3.665985e-01,3.673827e-01,3.690612e-01,3.698453e-01,3.711630e-01,3.719556e-01,3.735800e-01,3.743583e-01,3.751465e-01,3.766839e-01,3.775544e-01,3.783378e-01,3.797847e-01,3.806514e-01,3.814474e-01,3.822284e-01,3.838809e-01,3.846718e-01,3.854658e-01,3.863583e-01,3.871590e-01,3.879630e-01,3.889700e-01,3.898048e-01,3.902746e-01,3.910043e-01,3.916383e-01,3.922443e-01,3.929249e-01,3.936464e-01,3.942436e-01,3.950710e-01,3.956785e-01,3.964715e-01,3.969948e-01,3.976910e-01,3.984030e-01,3.991233e-01,3.997619e-01,4.005903e-01,4.013377e-01,4.017879e-01,4.027097e-01,4.030521e-01,4.038078e-01,4.044605e-01,4.050090e-01,4.057772e-01,4.063904e-01,4.072365e-01,4.076532e-01,4.084166e-01,4.090633e-01,4.095830e-01,4.099474e-01,4.105784e-01,4.110332e-01,4.118925e-01,4.125348e-01,4.133368e-01,4.142110e-01,4.149075e-01,4.152753e-01,4.160020e-01,4.164896e-01,4.171019e-01,4.177098e-01,4.183143e-01,4.188393e-01,4.195989e-01,4.201158e-01,4.207319e-01,4.212563e-01,4.218259e-01,4.221929e-01,4.228098e-01,4.230289e-01,4.235863e-01,4.240180e-01,4.246725e-01,4.251109e-01,4.256687e-01,4.260136e-01,4.264545e-01,4.267959e-01,4.273341e-01,4.275807e-01,4.279962e-01,4.285656e-01,4.290067e-01,4.295500e-01,4.298959e-01,4.300925e-01,4.305409e-01,4.307908e-01,4.311142e-01,4.313647e-01,4.316889e-01,4.317155e-01,4.321891e-01,4.325719e-01,4.330205e-01,4.331498e-01,4.335009e-01,4.337581e-01,4.341100e-01,4.339616e-01,4.344193e-01,4.346548e-01,4.349563e-01,4.350346e-01,4.353366e-01,4.354442e-01,4.355886e-01,4.354682e-01,4.358994e-01,4.357495e-01,4.355931e-01,4.355679e-01,4.356689e-01,4.351817e-01,4.351541e-01,4.349535e-01,4.349487e-01,4.343357e-01,4.340822e-01,4.338539e-01,4.335722e-01,4.332464e-01,4.328677e-01,4.324919e-01,4.322124e-01,4.316082e-01,4.313301e-01,4.307287e-01,4.303774e-01,4.304040e-01,4.318101e-01,4.312076e-01,4.309812e-01,4.305511e-01,4.301040e-01,4.295292e-01,4.292090e-01,4.287609e-01,4.282903e-01,4.277210e-01,4.272810e-01,4.264753e-01,4.260059e-01,4.255481e-01,4.248435e-01,4.242672e-01,4.236607e-01,4.228754e-01,4.223706e-01,4.216830e-01,4.212140e-01,4.207416e-01,4.202432e-01,4.194493e-01,4.189811e-01,4.183320e-01,4.177539e-01,4.171727e-01,4.164129e-01,4.157507e-01,4.152018e-01,4.144759e-01,4.139093e-01,4.135065e-01,4.129639e-01,4.124537e-01,4.119140e-01,4.111745e-01,4.108700e-01,4.103861e-01,4.097652e-01,4.091462e-01,4.087122e-01,4.080966e-01,4.077920e-01,4.072906e-01,4.069925e-01,4.064327e-01,4.060203e-01,4.054838e-01,4.051240e-01,4.047597e-01,4.044212e-01,4.040832e-01,4.038303e-01,4.034144e-01,4.033759e-01,4.032825e-01,4.031441e-01,4.029173e-01,4.030807e-01,4.030812e-01,4.031358e-01,4.029630e-01,4.030423e-01,4.033145e-01,4.032504e-01,4.032456e-01,4.031073e-01,4.030185e-01,4.029500e-01,4.028418e-01,4.027241e-01,4.024636e-01,4.020909e-01,4.017823e-01,4.016310e-01,4.011567e-01,4.008497e-01,4.005676e-01,4.000961e-01,3.995233e-01,3.991409e-01,3.988995e-01,3.985425e-01,3.980802e-01,3.976191e-01,3.972406e-01,3.970296e-01,3.965950e-01,3.964284e-01,3.962183e-01,3.961330e-01,3.957576e-01,3.955917e-01,3.955068e-01,3.955263e-01,3.954414e-01,3.954000e-01,3.954195e-01,3.957247e-01,3.960914e-01,3.959451e-01,3.960416e-01,3.961618e-01,3.961774e-01,3.965845e-01,3.967862e-01,3.967779e-01,3.968747e-01,3.968373e-01,3.969340e-01,3.967157e-01,3.965787e-01,3.962561e-01,3.960148e-01,3.959021e-01,3.960793e-01,3.961520e-01,3.961148e-01,3.963492e-01,3.962697e-01,3.964234e-01,3.964961e-01,3.966460e-01,3.966659e-01,3.969009e-01,3.973025e-01,3.974330e-01,3.975395e-01,3.979571e-01,3.980439e-01,3.983179e-01,3.984489e-01,3.987475e-01,3.988534e-01,3.989444e-01,3.988436e-01,3.988729e-01,3.988820e-01,3.989151e-01,3.988131e-01,3.989040e-01,3.990191e-01,3.992982e-01,3.991191e-01,3.992291e-01,3.992622e-01,3.992712e-01,3.995747e-01,3.994775e-01,3.994864e-01,3.995977e-01,3.995156e-01,3.997371e-01,3.997663e-01,3.997335e-01,3.993860e-01,3.994594e-01,3.994699e-01,3.993311e-01,3.989332e-01,3.988631e-01,3.987113e-01,3.984730e-01,3.984511e-01,3.984292e-01,3.980537e-01,3.978641e-01,3.977037e-01,3.970190e-01,3.964650e-01,3.956226e-01,3.946959e-01,3.942322e-01,3.936614e-01,3.929949e-01,3.915227e-01,3.899607e-01,3.892824e-01,3.879189e-01,3.857009e-01,3.841610e-01,3.828145e-01,3.807320e-01,3.785714e-01,3.764406e-01,3.742224e-01,3.721163e-01,3.685487e-01,3.664217e-01,3.615097e-01,3.579470e-01,3.540812e-01,3.509120e-01,3.464738e-01,3.430500e-01,3.384489e-01,3.344880e-01,3.280020e-01,3.226944e-01,3.175662e-01,3.115692e-01,3.062012e-01,2.995633e-01,2.934577e-01,2.838118e-01,2.766490e-01,2.695199e-01,2.627270e-01,2.546239e-01,2.478211e-01,2.371891e-01,2.295946e-01,2.223768e-01,2.153119e-01,2.078356e-01,1.987710e-01,1.917042e-01,1.854573e-01,1.794189e-01,1.733582e-01,1.661099e-01,1.608470e-01,1.561401e-01,1.518112e-01,1.480456e-01,1.425414e-01,1.392759e-01,1.362348e-01,1.330494e-01,1.298265e-01,1.267274e-01,1.246715e-01,1.226782e-01,1.207403e-01,1.188459e-01,1.170179e-01,1.160275e-01,1.142915e-01,1.133663e-01,1.116951e-01,1.108454e-01,1.099926e-01,1.091769e-01,1.083843e-01,1.076111e-01,1.068496e-01,1.067983e-01,1.060185e-01,1.059610e-01,1.052320e-01,1.051557e-01,1.051166e-01,1.050891e-01,1.043662e-01,1.043342e-01,1.042910e-01,1.042677e-01,1.049289e-01,1.049202e-01,1.049006e-01,1.048588e-01,1.055182e-01,1.055134e-01,1.062072e-01,1.062052e-01,1.068823e-01,1.075884e-01,1.076005e-01,1.083221e-01,1.090505e-01,1.097876e-01,1.105597e-01,1.105729e-01,1.113482e-01,1.121594e-01,1.129445e-01,1.137561e-01,1.145508e-01,1.153814e-01,1.162293e-01,1.170709e-01,1.179234e-01,1.187884e-01,1.196633e-01,1.205444e-01,1.214437e-01,1.223538e-01,1.232527e-01,1.241763e-01,1.260189e-01,1.260465e-01,1.279649e-01,1.289639e-01,1.290178e-01,1.307033e-01,1.317020e-01,1.329465e-01,1.338339e-01,1.353137e-01,1.361881e-01,1.369774e-01,1.384520e-01,1.394663e-01,1.407458e-01,1.416983e-01,1.432441e-01,1.440924e-01,1.455387e-01,1.465819e-01,1.474919e-01,1.489939e-01,1.500319e-01,1.514842e-01,1.523985e-01,1.538404e-01,1.547734e-01,1.561362e-01,1.572347e-01,1.584338e-01,1.594002e-01,1.608115e-01,1.618044e-01,1.630870e-01,1.640598e-01,1.654148e-01,1.663255e-01,1.676800e-01,1.686899e-01,1.694394e-01,1.708415e-01,1.722648e-01,1.731880e-01,1.744331e-01,1.753774e-01,1.766307e-01,1.774003e-01,1.787255e-01,1.794658e-01,1.805913e-01,1.813616e-01,1.827100e-01,1.834730e-01,1.845665e-01,1.852707e-01,1.864824e-01,1.870008e-01,1.878561e-01,1.885836e-01,1.895120e-01,1.906468e-01,1.909373e-01,1.918871e-01,1.924416e-01,1.933454e-01,1.934396e-01,1.944124e-01,1.951263e-01,1.956981e-01,1.962115e-01,1.965176e-01,1.975190e-01,1.976170e-01,1.983526e-01,1.988789e-01,1.991926e-01,1.997230e-01,1.998230e-01,2.006377e-01,2.013940e-01,2.014871e-01,2.020287e-01,2.021308e-01,2.024540e-01,2.030004e-01,2.031033e-01,2.036529e-01,2.040466e-01,2.043840e-01,2.047224e-01,2.048383e-01,2.051866e-01,2.060504e-01,2.059362e-01,2.068144e-01,2.066995e-01,2.075662e-01,2.082151e-01,2.083914e-01,2.090363e-01,2.096760e-01,2.100824e-01,2.107923e-01,2.114422e-01,2.118549e-01,2.122602e-01,2.132331e-01,2.134083e-01,2.141543e-01,2.148326e-01,2.153519e-01,2.157880e-01,2.168185e-01,2.170175e-01,2.177961e-01,2.182597e-01,2.187909e-01,2.195844e-01,2.200457e-01,2.202499e-01,2.210404e-01,2.214978e-01,2.220374e-01,2.222356e-01,2.230393e-01,2.235043e-01,2.240400e-01,2.242415e-01,2.250621e-01,2.252652e-01,2.258184e-01,2.262941e-01,2.268519e-01,2.270615e-01,2.276325e-01,2.281153e-01,2.286813e-01,2.288807e-01,2.294502e-01,2.299340e-01,2.302276e-01,2.310756e-01,2.312788e-01,2.318496e-01,2.321378e-01,2.327162e-01,2.329121e-01,2.334904e-01,2.340714e-01,2.339901e-01,2.345771e-01,2.351631e-01,2.354590e-01,2.356695e-01,2.359666e-01,2.365591e-01,2.368621e-01,2.374588e-01,2.380583e-01,2.386607e-01,2.385764e-01,2.391812e-01,2.395008e-01,2.401099e-01,2.404175e-01,2.407259e-01,2.409490e-01,2.412481e-01,2.415584e-01,2.421774e-01,2.424795e-01,2.427861e-01,2.426884e-01,2.433128e-01,2.436069e-01,2.439162e-01,2.438177e-01,2.441236e-01,2.444196e-01,2.443138e-01,2.446209e-01,2.449181e-01,2.452159e-01,2.455145e-01,2.458137e-01,2.457068e-01,2.456785e-01,2.459781e-01,2.462785e-01,2.465796e-01,2.468852e-01,2.471769e-01,2.474801e-01,2.474514e-01,2.477444e-01,2.480381e-01,2.483254e-01,2.482857e-01,2.485698e-01,2.488436e-01,2.487966e-01,2.490600e-01,2.493240e-01,2.492620e-01,2.499502e-01,2.498807e-01,2.501466e-01,2.500732e-01,2.507661e-01,2.507072e-01,2.509750e-01,2.513409e-01,2.516101e-01,2.515582e-01,2.522633e-01,2.522001e-01,2.525697e-01,2.528417e-01,2.535428e-01,2.539052e-01,2.541689e-01,2.545332e-01,2.544578e-01,2.551533e-01,2.550811e-01,2.557915e-01,2.561607e-01,2.560846e-01,2.568122e-01,2.567471e-01,2.571456e-01,2.575305e-01,2.574880e-01,2.578970e-01,2.583072e-01,2.582679e-01,2.587024e-01,2.586711e-01,2.594600e-01,2.594435e-01,2.598935e-01,2.603449e-01,2.603482e-01,2.608128e-01,2.608195e-01,2.612973e-01,2.613124e-01,2.617919e-01,2.618103e-01,2.622914e-01,2.623184e-01,2.628130e-01,2.628433e-01,2.628703e-01,2.633668e-01,2.630309e-01,2.630613e-01,2.631002e-01,2.635973e-01,2.636244e-01,2.636549e-01,2.636939e-01,2.637210e-01,2.632778e-01,2.629457e-01,2.629727e-01,2.625320e-01,2.620808e-01,2.612848e-01,2.613149e-01,2.608678e-01,2.599630e-01,2.591792e-01,2.587390e-01,2.578513e-01,2.570680e-01,2.561764e-01,2.557458e-01,2.545217e-01,2.536465e-01,2.524441e-01,2.515821e-01,2.499681e-01,2.491217e-01,2.475258e-01,2.466946e-01,2.455497e-01,2.443326e-01,2.432108e-01,2.417054e-01,2.409207e-01,2.394416e-01,2.383687e-01,2.372168e-01,2.361623e-01,2.347368e-01,2.339961e-01,2.325946e-01,2.318639e-01,2.308530e-01,2.294759e-01,2.284740e-01,2.274801e-01,2.264941e-01,2.257906e-01,2.248080e-01,2.238430e-01,2.225412e-01,2.215938e-01,2.212553e-01,2.203179e-01,2.197230e-01,2.185400e-01,2.179655e-01,2.170532e-01,2.167271e-01,2.161498e-01,2.155657e-01,2.149939e-01,2.140946e-01,2.135298e-01,2.129583e-01,2.120742e-01,2.111967e-01,2.103961e-01,2.098412e-01,2.087341e-01,2.078811e-01,2.073363e-01,2.067939e-01,2.057243e-01,2.051894e-01,2.046570e-01,2.041271e-01,2.033735e-01,2.025591e-01,2.018158e-01,2.012988e-01,2.007840e-01,2.002716e-01,1.995431e-01,1.990375e-01,1.983256e-01,1.981025e-01,1.973878e-01,1.971665e-01,1.967327e-01,1.967791e-01,1.963467e-01,1.961274e-01,1.959619e-01,1.960079e-01,1.953594e-01,1.956775e-01,1.952406e-01,1.950763e-01,1.948507e-01,1.949576e-01,1.947236e-01,1.942807e-01,1.939099e-01,1.936780e-01,1.935072e-01,1.930698e-01,1.926341e-01,1.926698e-01,1.917667e-01,1.913275e-01,1.911004e-01,1.906720e-01,1.899767e-01,1.895526e-01,1.890716e-01,1.882470e-01,1.877716e-01,1.873557e-01,1.869495e-01,1.862854e-01,1.854982e-01,1.852904e-01,1.846446e-01,1.842565e-01,1.838697e-01,1.834844e-01,1.829125e-01,1.827726e-01,1.823992e-01,1.822599e-01,1.818883e-01,1.813876e-01,1.814419e-01,1.811194e-01,1.807518e-01,1.803856e-01,1.802567e-01,1.797717e-01,1.796435e-01,1.797505e-01,1.793877e-01,1.792600e-01,1.785919e-01,1.784731e-01,1.783465e-01,1.782201e-01,1.777367e-01,1.773810e-01,1.770265e-01,1.764892e-01,1.763650e-01,1.758826e-01,1.755333e-01,1.750038e-01,1.748736e-01,1.742260e-01,1.742610e-01,1.737380e-01,1.732179e-01,1.730899e-01,1.724535e-01,1.721081e-01,1.715961e-01,1.714703e-01,1.706367e-01,1.702975e-01,1.700079e-01,1.696707e-01,1.688452e-01,1.685045e-01,1.680108e-01,1.676734e-01,1.668640e-01,1.661585e-01,1.656696e-01,1.655357e-01,1.647299e-01,1.643956e-01,1.639009e-01,1.635621e-01,1.627580e-01,6.407489e-03,6.407489e-03,6.407489e-03,6.407489e-03,6.407489e-03,6.407489e-03,6.407489e-03,6.407489e-03,6.407489e-03,6.407489e-03,6.407489e-03,6.407489e-03,6.407489e-03,6.407489e-03,6.407489e-03,6.407489e-03,6.407489e-03,6.407489e-03,6.407489e-03,6.407489e-03,6.407489e-03,6.407489e-03,6.407489e-03,6.407489e-03,6.407489e-03,6.407489e-03,6.407489e-03,6.407489e-03,6.407489e-03,6.407489e-03,6.407489e-03,6.407489e-03,6.407489e-03,6.407489e-03,6.407489e-03,6.407489e-03,6.407489e-03,6.407489e-03,6.407489e-03,6.407489e-03,6.407489e-03,6.407489e-03,6.407489e-03,6.407489e-03,6.407489e-03,6.407489e-03,6.407489e-03,6.407489e-03,6.407489e-03,6.407489e-03,6.407489e-03,6.407489e-03,6.407489e-03,6.407489e-03,6.407489e-03,6.407489e-03,6.407489e-03,6.407489e-03,6.407489e-03,6.407489e-03,6.407489e-03,6.407489e-03,6.407489e-03,6.407489e-03,6.407489e-03,6.407489e-03,6.407489e-03,6.407489e-03,6.407489e-03,6.407489e-03,6.407489e-03,6.407489e-03,6.407489e-03,6.407489e-03,6.407489e-03,6.407489e-03,6.407489e-03,6.407489e-03,6.407489e-03,6.407489e-03,6.407489e-03,6.407489e-03,6.407489e-03,6.407489e-03,6.407489e-03,6.407489e-03,6.407489e-03,6.407489e-03,6.407489e-03,6.407489e-03,6.407489e-03,6.407489e-03,6.407489e-03,6.407489e-03,6.407489e-03,6.407489e-03,6.407489e-03,6.407489e-03,6.407489e-03,6.407489e-03,6.407489e-03,6.407489e-03,6.407489e-03,6.407489e-03,6.407489e-03,6.407489e-03,6.407489e-03,6.407489e-03,6.407489e-03,6.407489e-03,6.407489e-03,6.407489e-03,6.407489e-03,6.407489e-03,6.407489e-03,6.407489e-03,6.407489e-03,6.407489e-03,6.407489e-03,6.407489e-03,6.407489e-03,6.407489e-03,6.407489e-03,6.407489e-03,6.407489e-03,6.407489e-03,6.407489e-03,6.407489e-03,6.407489e-03,6.407489e-03,6.407489e-03,6.407489e-03,6.407489e-03,6.407489e-03,6.407489e-03,6.407489e-03,6.407489e-03,6.407489e-03,6.407489e-03,6.407489e-03,6.407489e-03,6.407489e-03,6.407489e-03,6.407489e-03,6.407489e-03,6.407489e-03,6.407489e-03,6.407489e-03,6.407489e-03,6.407489e-03,6.407489e-03,6.407489e-03,6.407489e-03,6.407489e-03,6.407489e-03,6.407489e-03,6.407489e-03,6.407489e-03,6.407489e-03,6.407489e-03,6.407489e-03
2.685869e-02,2.683683e-02,2.680951e-02,2.678220e-02,2.675489e-02,2.673718e-02,2.672362e-02,2.670593e-02,2.669784e-02,2.668429e-02,2.667621e-02,2.666268e-02,2.666421e-02,2.666573e-02,2.666182e-02,2.666336e-02,2.666491e-02,2.666646e-02,2.667346e-02,2.668461e-02,2.669162e-02,2.669863e-02,2.671524e-02,2.672769e-02,2.674974e-02,2.676636e-02,2.678841e-02,2.681591e-02,2.683797e-02,2.686962e-02,2.690671e-02,2.693836e-02,2.698505e-02,2.702630e-02,2.707300e-02,2.711969e-02,2.716095e-02,2.720764e-02,2.726394e-02,2.730520e-02,2.735190e-02,2.739861e-02,2.743989e-02,2.747700e-02,2.751828e-02,2.755541e-02,2.759253e-02,2.761464e-02,2.765177e-02,2.767932e-02,2.770145e-02,2.772902e-02,2.774701e-02,2.776502e-02,2.778304e-02,2.780108e-02,2.782455e-02,2.784263e-02,2.785111e-02,2.787463e-02,2.789272e-02,2.791083e-02,2.793435e-02,2.795244e-02,2.797598e-02,2.799412e-02,2.801767e-02,2.804123e-02,2.805935e-02,2.808290e-02,2.810645e-02,2.812455e-02,2.813847e-02,2.816199e-02,2.817049e-02,2.819399e-02,2.821750e-02,2.824107e-02,2.825922e-02,2.829240e-02,2.832561e-02,2.836309e-02,2.840608e-02,2.844914e-02,2.849652e-02,2.855907e-02,2.861223e-02,2.866020e-02,2.872351e-02,2.878182e-02,2.883638e-02,2.888603e-02,2.895138e-02,2.900263e-02,2.906020e-02,2.911362e-02,2.917399e-02,2.923096e-02,2.928057e-02,2.934789e-02,2.941344e-02,2.948266e-02,2.955667e-02,2.962681e-02,2.971858e-02,2.981268e-02,2.991604e-02,3.003085e-02,3.015376e-02,3.030395e-02,3.046162e-02,3.064693e-02,3.084306e-02,3.107083e-02,3.133046e-02,3.160752e-02,3.192737e-02,3.226205e-02,3.263039e-02,3.302285e-02,3.344288e-02,3.388534e-02,3.434525e-02,3.481437e-02,3.528782e-02,3.575277e-02,3.620692e-02,3.665125e-02,3.708451e-02,3.746636e-02,3.784388e-02,3.818489e-02,3.852372e-02,3.879625e-02,3.905718e-02,3.928125e-02,3.948997e-02,3.964226e-02,3.980314e-02,3.992223e-02,4.005686e-02,4.014313e-02,4.020792e-02,4.030679e-02,4.038772e-02,4.048435e-02,4.056463e-02,4.068360e-02,4.076238e-02,4.085962e-02,4.095274e-02,4.101862e-02,4.107152e-02,4.112418e-02,4.114390e-02,4.112016e-02,4.104476e-02,4.097241e-02,4.086722e-02,4.073455e-02,4.061211e-02,4.048356e-02,4.033104e-02,4.016681e-02,3.998666e-02,3.978369e-02,3.957357e-02,3.932911e-02,3.909294e-02,3.884751e-02,3.859352e-02,3.834329e-02,3.810176e-02,3.788228e-02,3.767319e-02,3.746522e-02,3.728480e-02,3.711887e-02,3.697537e-02,3.683960e-02,3.671695e-02,3.660188e-02,3.650257e-02,3.640998e-02,3.634097e-02,3.626426e-02,3.619882e-02,3.614647e-02,3.610291e-02,3.605084e-02,3.602353e-02,3.599264e-02,3.597829e-02,3.594901e-02,3.593663e-02,3.592905e-02,3.591426e-02,3.591376e-02,3.591012e-02,3.590565e-02,3.589334e-02,3.588163e-02,3.587136e-02,3.585261e-02,3.582234e-02,3.580651e-02,3.577005e-02,3.572822e-02,3.568203e-02,3.562721e-02,3.557706e-02,3.551952e-02,3.546994e-02,3.541493e-02,3.535879e-02,3.530591e-02,3.525930e-02,3.521004e-02,3.517617e-02,3.514773e-02,3.512930e-02,3.510825e-02,3.510188e-02,3.509863e-02,3.510776e-02,3.511464e-02,3.512539e-02,3.514314e-02,3.516597e-02,3.518714e-02,3.520477e-02,3.522797e-02,3.524479e-02,3.524014e-02,3.524597e-02,3.524165e-02,3.523180e-02,3.520564e-02,3.518002e-02,3.515021e-02,3.513203e-02,3.510698e-02,3.508401e-02,3.506140e-02,3.504263e-02,3.502762e-02,3.502437e-02,3.502106e-02,3.502328e-02,3.503851e-02,3.505246e-02,3.507680e-02,3.508884e-02,3.510835e-02,3.512240e-02,3.514098e-02,3.515360e-02,3.517003e-02,3.518056e-02,3.518599e-02,3.519679e-02,3.521341e-02,3.521779e-02,3.523931e-02,3.526358e-02,3.528500e-02,3.531396e-02,3.534007e-02,3.537302e-02,3.541176e-02,3.544703e-02,3.548754e-02,3.552431e-02,3.556583e-02,3.561295e-02,3.565515e-02,3.570282e-02,3.574562e-02,3.579824e-02,3.584737e-02,3.589174e-02,3.594346e-02,3.599161e-02,3.605411e-02,3.611808e-02,3.618913e-02,3.627678e-02,3.639729e-02,3.655195e-02,3.675854e-02,3.705540e-02,3.745540e-02,3.799786e-02,3.870775e-02,3.961835e-02,4.073267e-02,4.208838e-02,4.369703e-02,4.554940e-02,4.761539e-02,4.991808e-02,5.244376e-02,5.510662e-02,5.791626e-02,6.085468e-02,6.388545e-02,6.701394e-02,7.021925e-02,7.350503e-02,7.697870e-02,8.045650e-02,8.400260e-02,8.763356e-02,9.134967e-02,9.516059e-02,9.904148e-02,1.030273e-01,1.070727e-01,1.111793e-01,1.153471e-01,1.198635e-01,1.241533e-01,1.284956e-01,1.327701e-01,1.371595e-01,1.415610e-01,1.459698e-01,1.503920e-01,1.547716e-01,1.591178e-01,1.634181e-01,1.676699e-01,1.718776e-01,1.760501e-01,1.800721e-01,1.840271e-01,1.879138e-01,1.916848e-01,1.952863e-01,1.988700e-01,2.023191e-01,2.054598e-01,2.085701e-01,2.114470e-01,2.143088e-01,2.169396e-01,2.195564e-01,2.219353e-01,2.242669e-01,2.264249e-01,2.285479e-01,2.305036e-01,2.324813e-01,2.345935e-01,2.366187e-01,2.387742e-01,2.408425e-01,2.429204e-01,2.451278e-01,2.472288e-01,2.494617e-01,2.514517e-01,2.535617e-01,2.556673e-01,2.576359e-01,2.597144e-01,2.617803e-01,2.638249e-01,2.657077e-01,2.676891e-01,2.696394e-01,2.715472e-01,2.734039e-01,2.752405e-01,2.769874e-01,2.786699e-01,2.802858e-01,2.818212e-01,2.832738e-01,2.846091e-01,2.858785e-01,2.867597e-01,2.878314e-01,2.888805e-01,2.899368e-01,2.909978e-01,2.920420e-01,2.931238e-01,2.940429e-01,2.951349e-01,2.962336e-01,2.971722e-01,2.982899e-01,2.992407e-01,3.002236e-01,3.011845e-01,3.021525e-01,3.032997e-01,3.042805e-01,3.052368e-01,3.062273e-01,3.071941e-01,3.081654e-01,3.091421e-01,3.099432e-01,3.109313e-01,3.119255e-01,3.129228e-01,3.139321e-01,3.147531e-01,3.157710e-01,3.166026e-01,3.174685e-01,3.185336e-01,3.194094e-01,3.202896e-01,3.211728e-01,3.220591e-01,3.229513e-01,3.238819e-01,3.247835e-01,3.256838e-01,3.266212e-01,3.273297e-01,3.282788e-01,3.291908e-01,3.298887e-01,3.308153e-01,3.317435e-01,3.326250e-01,3.333134e-01,3.340060e-01,3.348718e-01,3.355278e-01,3.362020e-01,3.370983e-01,3.377724e-01,3.384235e-01,3.391142e-01,3.400228e-01,3.407167e-01,3.414167e-01,3.421521e-01,3.428546e-01,3.435975e-01,3.443435e-01,3.450910e-01,3.458448e-01,3.466347e-01,3.473881e-01,3.481879e-01,3.489877e-01,3.495549e-01,3.503604e-01,3.509349e-01,3.517444e-01,3.525539e-01,3.531362e-01,3.539585e-01,3.545365e-01,3.553630e-01,3.559504e-01,3.567436e-01,3.573350e-01,3.578924e-01,3.584453e-01,3.592471e-01,3.598082e-01,3.603366e-01,3.609064e-01,3.616843e-01,3.622079e-01,3.627395e-01,3.632763e-01,3.637690e-01,3.643033e-01,3.648416e-01,3.653752e-01,3.659178e-01,3.664583e-01,3.670283e-01,3.673505e-01,3.679338e-01,3.685487e-01,3.691687e-01,3.695332e-01,3.701618e-01,3.708261e-01,3.714451e-01,3.718506e-01,3.724841e-01,3.731100e-01,3.735146e-01,3.738879e-01,3.745295e-01,3.749007e-01,3.755313e-01,3.759062e-01,3.765516e-01,3.769181e-01,3.772551e-01,3.775926e-01,3.779207e-01,3.782533e-01,3.785962e-01,3.789398e-01,3.792758e-01,3.796004e-01,3.799333e-01,3.802749e-01,3.806170e-01,3.809495e-01,3.813066e-01,3.816725e-01,3.820511e-01,3.824301e-01,3.827916e-01,3.831251e-01,3.834792e-01,3.838890e-01,3.842608e-01,3.846021e-01,3.849420e-01,3.852759e-01,3.856250e-01,3.859664e-01,3.863037e-01,3.866419e-01,3.869594e-01,3.872125e-01,3.874895e-01,3.877612e-01,3.880597e-01,3.883111e-01,3.885919e-01,3.888307e-01,3.889789e-01,3.891767e-01,3.893690e-01,3.896222e-01,3.897990e-01,3.898428e-01,3.900203e-01,3.901922e-01,3.903621e-01,3.905184e-01,3.906463e-01,3.908165e-01,3.910073e-01,3.910485e-01,3.908261e-01,3.908463e-01,3.909318e-01,3.909520e-01,3.909509e-01,3.909711e-01,3.910545e-01,3.911375e-01,3.912839e-01,3.914828e-01,3.916080e-01,3.916704e-01,3.919406e-01,3.922773e-01,3.926035e-01,3.928987e-01,3.931860e-01,3.935030e-01,3.938625e-01,3.941327e-01,3.944533e-01,3.947450e-01,3.949763e-01,3.952581e-01,3.954500e-01,3.957030e-01,3.959777e-01,3.962643e-01,3.965397e-01,3.968986e-01,3.972185e-01,3.975785e-01,3.979172e-01,3.983408e-01,3.987427e-01,3.991670e-01,3.995627e-01,4.000102e-01,4.004990e-01,4.009270e-01,4.013873e-01,4.018600e-01,4.023441e-01,4.027752e-01,4.031979e-01,4.036926e-01,4.041391e-01,4.045463e-01,4.050250e-01,4.054738e-01,4.058823e-01,4.062914e-01,4.067249e-01,4.071130e-01,4.075242e-01,4.079361e-01,4.083714e-01,4.087349e-01,4.091729e-01,4.096521e-01,4.100591e-01,4.105399e-01,4.109484e-01,4.114078e-01,4.118365e-01,4.123625e-01,4.127926e-01,4.132250e-01,4.136566e-01,4.141355e-01,4.145919e-01,4.150491e-01,4.154648e-01,4.159235e-01,4.163407e-01,4.167350e-01,4.171299e-01,4.174948e-01,4.178721e-01,4.182837e-01,4.186384e-01,4.189134e-01,4.191887e-01,4.194970e-01,4.198208e-01,4.201449e-01,4.204695e-01,4.207705e-01,4.210959e-01,4.213976e-01,4.216997e-01,4.219692e-01,4.223151e-01,4.225941e-01,4.228834e-01,4.231820e-01,4.234719e-01,4.237864e-01,4.241103e-01,4.244422e-01,4.247768e-01,4.250874e-01,4.254628e-01,4.257707e-01,4.261436e-01,4.264645e-01,4.268102e-01,4.271721e-01,4.274906e-01,4.278463e-01,4.281809e-01,4.285149e-01,4.288649e-01,4.291714e-01,4.294905e-01,4.297907e-01,4.300663e-01,4.303602e-01,4.306544e-01,4.308704e-01,4.310924e-01,4.313078e-01,4.314757e-01,4.316879e-01,4.318525e-01,4.319670e-01,4.320749e-01,4.322078e-01,4.323590e-01,4.324659e-01,4.326137e-01,4.327055e-01,4.327964e-01,4.328873e-01,4.329714e-01,4.330806e-01,4.331613e-01,4.332610e-01,4.333352e-01,4.334067e-01,4.334500e-01,4.334903e-01,4.335503e-01,4.336346e-01,4.336910e-01,4.337193e-01,4.337194e-01,4.337165e-01,4.336828e-01,4.337238e-01,4.337617e-01,4.337980e-01,4.337842e-01,4.337705e-01,4.338044e-01,4.338408e-01,4.338522e-01,4.338386e-01,4.338001e-01,4.338092e-01,4.338457e-01,4.338573e-01,4.338189e-01,4.337611e-01,4.338227e-01,4.339318e-01,4.339935e-01,4.339553e-01,4.339171e-01,4.339485e-01,4.339354e-01,4.339395e-01,4.338963e-01,4.338532e-01,4.338599e-01,4.338915e-01,4.338237e-01,4.336297e-01,4.334136e-01,4.332721e-01,4.331309e-01,4.328912e-01,4.323859e-01,4.318526e-01,4.313506e-01,4.308989e-01,4.304712e-01,4.300221e-01,4.294092e-01,4.286008e-01,4.274884e-01,4.264064e-01,4.256392e-01,4.249699e-01,4.241144e-01,4.229337e-01,4.217148e-01,4.208743e-01,4.202916e-01,4.197799e-01,4.191779e-01,4.184635e-01,4.178203e-01,4.172214e-01,4.165828e-01,4.162146e-01,4.160730e-01,4.159315e-01,4.158325e-01,4.157337e-01,4.156350e-01,4.155787e-01,4.155225e-01,4.156911e-01,4.156351e-01,4.158036e-01,4.160145e-01,4.161833e-01,4.161274e-01,4.162962e-01,4.164229e-01,4.165496e-01,4.164516e-01,4.163115e-01,4.163960e-01,4.164805e-01,4.165228e-01,4.166073e-01,4.166919e-01,4.165097e-01,4.165943e-01,4.166789e-01,4.167636e-01,4.166238e-01,4.167085e-01,4.165689e-01,4.166536e-01,4.167805e-01,4.168229e-01,4.166835e-01,4.167682e-01,4.168106e-01,4.168954e-01,4.167139e-01,4.167563e-01,4.167988e-01,4.168412e-01,4.168414e-01,4.168839e-01,4.169263e-01,4.171927e-01,4.172352e-01,4.172777e-01,4.173202e-01,4.173627e-01,4.174052e-01,4.172695e-01,4.175360e-01,4.175785e-01,4.176211e-01,4.176636e-01,4.177520e-01,4.177521e-01,4.180190e-01,4.180616e-01,4.179256e-01,4.179257e-01,4.182352e-01,4.183237e-01,4.183664e-01,4.184974e-01,4.185826e-01,4.186678e-01,4.186167e-01,4.187445e-01,4.189182e-01,4.190460e-01,4.189951e-01,4.191655e-01,4.193394e-01,4.193311e-01,4.197268e-01,4.196758e-01,4.198466e-01,4.200210e-01,4.201493e-01,4.203236e-01,4.202727e-01,4.204011e-01,4.203075e-01,4.203932e-01,4.205249e-01,4.203887e-01,4.206569e-01,4.205207e-01,4.206098e-01,4.206100e-01,4.204739e-01,4.205629e-01,4.206059e-01,4.204700e-01,4.205592e-01,4.206450e-01,4.207768e-01,4.206837e-01,4.207695e-01,4.206764e-01,4.207623e-01,4.206694e-01,4.206193e-01,4.209298e-01,4.208370e-01,4.207870e-01,4.210976e-01,4.210048e-01,4.210907e-01,4.209981e-01,4.209055e-01,4.209915e-01,4.208568e-01,4.209428e-01,4.208077e-01,4.206698e-01,4.205351e-01,4.203549e-01,4.202206e-01,4.200408e-01,4.198641e-01,4.199073e-01,4.195511e-01,4.195943e-01,4.194154e-01,4.190603e-01,4.188827e-01,4.187048e-01,4.185721e-01,4.183946e-01,4.182172e-01,4.180851e-01,4.179082e-01,4.177315e-01,4.175551e-01,4.172045e-01,4.170287e-01,4.168531e-01,4.166778e-01,4.162846e-01,4.161099e-01,4.157182e-01,4.155442e-01,4.155430e-01,4.148085e-01,4.148075e-01,4.145905e-01,4.143739e-01,4.139425e-01,4.135560e-01,4.131267e-01,4.127422e-01,4.123585e-01,4.121450e-01,4.115505e-01,4.111696e-01,4.105784e-01,4.101567e-01,4.095690e-01,4.089832e-01,4.083995e-01,4.078177e-01,4.072396e-01,4.062911e-01,4.056743e-01,4.047341e-01,4.041645e-01,4.035967e-01,4.029894e-01,4.023842e-01,4.012606e-01,4.003026e-01,3.993498e-01,3.987571e-01,3.980095e-01,3.973053e-01,3.963287e-01,3.950483e-01,3.937770e-01,3.928193e-01,3.916026e-01,3.907341e-01,3.898699e-01,3.893863e-01,3.885679e-01,3.877535e-01,3.869053e-01,3.857304e-01,3.843807e-01,3.828973e-01,3.815696e-01,3.803252e-01,3.795864e-01,3.783567e-01,3.775908e-01,3.764771e-01,3.755442e-01,3.744437e-01,3.736587e-01,3.725703e-01,3.717940e-01,3.708175e-01,3.705146e-01,3.703834e-01,3.699842e-01,3.688829e-01,3.675884e-01,3.666361e-01,3.656529e-01,3.643824e-01,3.633789e-01,3.620234e-01,3.604929e-01,3.586570e-01,3.564095e-01,3.538791e-01,3.516532e-01,3.488283e-01,3.456102e-01,3.428535e-01,3.396597e-01,3.365794e-01,3.330601e-01,3.306241e-01,3.264728e-01,3.220973e-01,3.171768e-01,3.130262e-01,3.072432e-01,3.015251e-01,2.960662e-01,2.899780e-01,2.856439e-01,2.796730e-01,2.741211e-01,2.686923e-01,2.627310e-01,2.569051e-01,2.530813e-01,2.484796e-01,2.426153e-01,2.377046e-01,2.328874e-01,2.289936e-01,2.245242e-01,2.201656e-01,2.160800e-01,2.126870e-01,2.098223e-01,2.065014e-01,2.032854e-01,2.006888e-01,1.976032e-01,1.950625e-01,1.925877e-01,1.902305e-01,1.883545e-01,1.865359e-01,1.846613e-01,1.828533e-01,1.811011e-01,1.797369e-01,1.784548e-01,1.771371e-01,1.758072e-01,1.745459e-01,1.736602e-01,1.724365e-01,1.712282e-01,1.703797e-01,1.695408e-01,1.690771e-01,1.682974e-01,1.675082e-01,1.670837e-01,1.663513e-01,1.659305e-01,1.655634e-01,1.651509e-01,1.647629e-01,1.644022e-01,1.640219e-01,1.636405e-01,1.632684e-01,1.632081e-01,1.628418e-01,1.628311e-01,1.628204e-01,1.628130e-01,1.624947e-01,1.624598e-01,1.624770e-01,1.624665e-01,1.628123e-01,1.628050e-01,1.628365e-01,1.628223e-01,1.631621e-01,1.631478e-01,1.635133e-01,1.638554e-01,1.642519e-01,1.643011e-01,1.646244e-01,1.652863e-01,1.656813e-01,1.660567e-01,1.667328e-01,1.674106e-01,1.681233e-01,1.691425e-01,1.698696e-01,1.706076e-01,1.716333e-01,1.723317e-01,1.734058e-01,1.744706e-01,1.751961e-01,1.766443e-01,1.774169e-01,1.785319e-01,1.796464e-01,1.804712e-01,1.820136e-01,1.827719e-01,1.838930e-01,1.850641e-01,1.862777e-01,1.871040e-01,1.883116e-01,1.895396e-01,1.904283e-01,1.921419e-01,1.930203e-01,1.943405e-01,1.957192e-01,1.970298e-01,1.980204e-01,1.993777e-01,2.008981e-01,2.023331e-01,2.033440e-01,2.047877e-01,2.063181e-01,2.073079e-01,2.089111e-01,2.100486e-01,2.117203e-01,2.127990e-01,2.139369e-01,2.156009e-01,2.167256e-01,2.178620e-01,2.196559e-01,2.208233e-01,2.220490e-01,2.232822e-01,2.244884e-01,2.262986e-01,2.270298e-01,2.289364e-01,2.302967e-01,2.309543e-01,2.322382e-01,2.342846e-01,2.350439e-01,2.364259e-01,2.378067e-01,2.392214e-01,2.406594e-01,2.414305e-01,2.428884e-01,2.443393e-01,2.450955e-01,2.466286e-01,2.474866e-01,2.489514e-01,2.505565e-01,2.513995e-01,2.530942e-01,2.539343e-01,2.554122e-01,2.562666e-01,2.579624e-01,2.588002e-01,2.596499e-01,2.612995e-01,2.621958e-01,2.630407e-01,2.646412e-01,2.655337e-01,2.663997e-01,2.672446e-01,2.689970e-01,2.698584e-01,2.707253e-01,2.716594e-01,2.725378e-01,2.734219e-01,2.744446e-01,2.753229e-01,2.758872e-01,2.766965e-01,2.774460e-01,2.782110e-01,2.789777e-01,2.798307e-01,2.805071e-01,2.814897e-01,2.821807e-01,2.830359e-01,2.836875e-01,2.844830e-01,2.853042e-01,2.861368e-01,2.868777e-01,2.877886e-01,2.886632e-01,2.892409e-01,2.902638e-01,2.907689e-01,2.916037e-01,2.923706e-01,2.930120e-01,2.938091e-01,2.945781e-01,2.954625e-01,2.959994e-01,2.967895e-01,2.974950e-01,2.980987e-01,2.985268e-01,2.992107e-01,2.997465e-01,3.006548e-01,3.013555e-01,3.021455e-01,3.030752e-01,3.037954e-01,3.042327e-01,3.049360e-01,3.054629e-01,3.060850e-01,3.067624e-01,3.074360e-01,3.079553e-01,3.087061e-01,3.092764e-01,3.099670e-01,3.105482e-01,3.111329e-01,3.114691e-01,3.121621e-01,3.124332e-01,3.129995e-01,3.134702e-01,3.141545e-01,3.146350e-01,3.152020e-01,3.155695e-01,3.160538e-01,3.164165e-01,3.170197e-01,3.172675e-01,3.177804e-01,3.183642e-01,3.188496e-01,3.194612e-01,3.198309e-01,3.201376e-01,3.206343e-01,3.208870e-01,3.212905e-01,3.215440e-01,3.219489e-01,3.219875e-01,3.225214e-01,3.228790e-01,3.233767e-01,3.235429e-01,3.239209e-01,3.241842e-01,3.245635e-01,3.245041e-01,3.249486e-01,3.251807e-01,3.255544e-01,3.257147e-01,3.260896e-01,3.262252e-01,3.265282e-01,3.264426e-01,3.269173e-01,3.268567e-01,3.268541e-01,3.268856e-01,3.270796e-01,3.267257e-01,3.268213e-01,3.266389e-01,3.267673e-01,3.263166e-01,3.261914e-01,3.260351e-01,3.259353e-01,3.256570e-01,3.254354e-01,3.251505e-01,3.250515e-01,3.246066e-01,3.245082e-01,3.240650e-01,3.238788e-01,3.239177e-01,3.250813e-01,3.246369e-01,3.245465e-01,3.242653e-01,3.239586e-01,3.235506e-01,3.233412e-01,3.230306e-01,3.227516e-01,3.223475e-01,3.220458e-01,3.213987e-01,3.211171e-01,3.207861e-01,3.202624e-01,3.198403e-01,3.194369e-01,3.187458e-01,3.184682e-01,3.178973e-01,3.175423e-01,3.171817e-01,3.168454e-01,3.161961e-01,3.158387e-01,3.152545e-01,3.148156e-01,3.143715e-01,3.137034e-01,3.131569e-01,3.126949e-01,3.120114e-01,3.115821e-01,3.111904e-01,3.107345e-01,3.102640e-01,3.098109e-01,3.091629e-01,3.088932e-01,3.083999e-01,3.078442e-01,3.072905e-01,3.069079e-01,3.063577e-01,3.060867e-01,3.056245e-01,3.053614e-01,3.047737e-01,3.044215e-01,3.038681e-01,3.035337e-01,3.031936e-01,3.028330e-01,3.024734e-01,3.022189e-01,3.017637e-01,3.017273e-01,3.015144e-01,3.012928e-01,3.010196e-01,3.010663e-01,3.009130e-01,3.008775e-01,3.005119e-01,3.004555e-01,3.005838e-01,3.003007e-01,3.001417e-01,2.999223e-01,2.996615e-01,2.994313e-01,2.991989e-01,2.990111e-01,2.985998e-01,2.981600e-01,2.977925e-01,2.974651e-01,2.968990e-01,2.965351e-01,2.961518e-01,2.955912e-01,2.949044e-01,2.943975e-01,2.941090e-01,2.935850e-01,2.929853e-01,2.923881e-01,2.918902e-01,2.915379e-01,2.909271e-01,2.905868e-01,2.902376e-01,2.899945e-01,2.895049e-01,2.891680e-01,2.889267e-01,2.887612e-01,2.885207e-01,2.882904e-01,2.881256e-01,2.882536e-01,2.884470e-01,2.881420e-01,2.881200e-01,2.880787e-01,2.879627e-01,2.882138e-01,2.882667e-01,2.881699e-01,2.881479e-01,2.880637e-01,2.880418e-01,2.877958e-01,2.876440e-01,2.873243e-01,2.870989e-01,2.869289e-01,2.870007e-01,2.869983e-01,2.869150e-01,2.870990e-01,2.870606e-01,2.871514e-01,2.871490e-01,2.872880e-01,2.873170e-01,2.875014e-01,2.878250e-01,2.879353e-01,2.880649e-01,2.884121e-01,2.885128e-01,2.887828e-01,2.888937e-01,2.891450e-01,2.892201e-01,2.892729e-01,2.892044e-01,2.891918e-01,2.891500e-01,2.890888e-01,2.889652e-01,2.890178e-01,2.890511e-01,2.892734e-01,2.890618e-01,2.890884e-01,2.890272e-01,2.889853e-01,2.891882e-01,2.890711e-01,2.890292e-01,2.891110e-01,2.890165e-01,2.891249e-01,2.891123e-01,2.890344e-01,2.886830e-01,2.886804e-01,2.885577e-01,2.884055e-01,2.878694e-01,2.877090e-01,2.874556e-01,2.871031e-01,2.869059e-01,2.867092e-01,2.862097e-01,2.858232e-01,2.854259e-01,2.846661e-01,2.839645e-01,2.829790e-01,2.818201e-01,2.811761e-01,2.804579e-01,2.796803e-01,2.780063e-01,2.762842e-01,2.754957e-01,2.739112e-01,2.714465e-01,2.697708e-01,2.682236e-01,2.658952e-01,2.635374e-01,2.612268e-01,2.588692e-01,2.566052e-01,2.528780e-01,2.506642e-01,2.456549e-01,2.420952e-01,2.381770e-01,2.349791e-01,2.306027e-01,2.271310e-01,2.226122e-01,2.185672e-01,2.123713e-01,2.074091e-01,2.026914e-01,1.972727e-01,1.925023e-01,1.867530e-01,1.815997e-01,1.736121e-01,1.678441e-01,1.621644e-01,1.568551e-01,1.506297e-01,1.455372e-01,1.377812e-01,1.323685e-01,1.273534e-01,1.225420e-01,1.176141e-01,1.117693e-01,1.073526e-01,1.035327e-01,9.991163e-02,9.637781e-02,9.228187e-02,8.935580e-02,8.680001e-02,8.450294e-02,8.252729e-02,7.973711e-02,7.810294e-02,7.660179e-02,7.506803e-02,7.354364e-02,7.210356e-02,7.115406e-02,7.024884e-02,6.937755e-02,6.853891e-02,6.774211e-02,6.731865e-02,6.658322e-02,6.619872e-02,6.551252e-02,6.517812e-02,6.483659e-02,6.452071e-02,6.422065e-02,6.392854e-02,6.364554e-02,6.363982e-02,6.335236e-02,6.334832e-02,6.308606e-02,6.307442e-02,6.307488e-02,6.308479e-02,6.281715e-02,6.281619e-02,6.280585e-02,6.280697e-02,6.306321e-02,6.306111e-02,6.305327e-02,6.303023e-02,6.328871e-02,6.327770e-02,6.354732e-02,6.354372e-02,6.381526e-02,6.410362e-02,6.411338e-02,6.442160e-02,6.473156e-02,6.504693e-02,6.538733e-02,6.541733e-02,6.576892e-02,6.612627e-02,6.648747e-02,6.685220e-02,6.722325e-02,6.759749e-02,6.799312e-02,6.837820e-02,6.877025e-02,6.917266e-02,6.957911e-02,6.998157e-02,7.040627e-02,7.083564e-02,7.126658e-02,7.171183e-02,7.258249e-02,7.261785e-02,7.353276e-02,7.402194e-02,7.406519e-02,7.488646e-02,7.539326e-02,7.601379e-02,7.645874e-02,7.720415e-02,7.765884e-02,7.806872e-02,7.881718e-02,7.935905e-02,8.002485e-02,8.052738e-02,8.132527e-02,8.178400e-02,8.255856e-02,8.311451e-02,8.359769e-02,8.440375e-02,8.497868e-02,8.576213e-02,8.626994e-02,8.706796e-02,8.758530e-02,8.834631e-02,8.895824e-02,8.964082e-02,9.019072e-02,9.099401e-02,9.156557e-02,9.230792e-02,9.287415e-02,9.365803e-02,9.419150e-02,9.500396e-02,9.561937e-02,9.608594e-02,9.693722e-02,9.780684e-02,9.838989e-02,9.917522e-02,9.977755e-02,1.005797e-01,1.010882e-01,1.019324e-01,1.024394e-01,1.031824e-01,1.036987e-01,1.045714e-01,1.050950e-01,1.058405e-01,1.063506e-01,1.071556e-01,1.075443e-01,1.082230e-01,1.087601e-01,1.094302e-01,1.102388e-01,1.105649e-01,1.112607e-01,1.116994e-01,1.124391e-01,1.126441e-01,1.133698e-01,1.139950e-01,1.144583e-01,1.149548e-01,1.153128e-01,1.160776e-01,1.162974e-01,1.169591e-01,1.174799e-01,1.178554e-01,1.183850e-01,1.186143e-01,1.192739e-01,1.199736e-01,1.201945e-01,1.207474e-01,1.209866e-01,1.213869e-01,1.219518e-01,1.221960e-01,1.227691e-01,1.231483e-01,1.235794e-01,1.240135e-01,1.242824e-01,1.247369e-01,1.254876e-01,1.255895e-01,1.263662e-01,1.264694e-01,1.272259e-01,1.278286e-01,1.280610e-01,1.286562e-01,1.292416e-01,1.296480e-01,1.301904e-01,1.307915e-01,1.312088e-01,1.316132e-01,1.323825e-01,1.326168e-01,1.332188e-01,1.338671e-01,1.342988e-01,1.347570e-01,1.356149e-01,1.358941e-01,1.365436e-01,1.370501e-01,1.375011e-01,1.381674e-01,1.386692e-01,1.389605e-01,1.396230e-01,1.401188e-01,1.405751e-01,1.408576e-01,1.415390e-01,1.420489e-01,1.424997e-01,1.427901e-01,1.434928e-01,1.437873e-01,1.442668e-01,1.447970e-01,1.452834e-01,1.455872e-01,1.460960e-01,1.466400e-01,1.471389e-01,1.474314e-01,1.479359e-01,1.484788e-01,1.487439e-01,1.494887e-01,1.497912e-01,1.502949e-01,1.505493e-01,1.510606e-01,1.513524e-01,1.518675e-01,1.523862e-01,1.524414e-01,1.529666e-01,1.534933e-01,1.537592e-01,1.540803e-01,1.543484e-01,1.548851e-01,1.551585e-01,1.557011e-01,1.562478e-01,1.567984e-01,1.568571e-01,1.574123e-01,1.577132e-01,1.582746e-01,1.585581e-01,1.588427e-01,1.591890e-01,1.594579e-01,1.597459e-01,1.603226e-01,1.605956e-01,1.608724e-01,1.609162e-01,1.615019e-01,1.617611e-01,1.620424e-01,1.620871e-01,1.623670e-01,1.626295e-01,1.626589e-01,1.629411e-01,1.632060e-01,1.634719e-01,1.637388e-01,1.640069e-01,1.640373e-01,1.639843e-01,1.642535e-01,1.645238e-01,1.647952e-01,1.650705e-01,1.653254e-01,1.656000e-01,1.655466e-01,1.658036e-01,1.660615e-01,1.663046e-01,1.662322e-01,1.664733e-01,1.666965e-01,1.666079e-01,1.668131e-01,1.670193e-01,1.669085e-01,1.673691e-01,1.672420e-01,1.674505e-01,1.673203e-01,1.677855e-01,1.676769e-01,1.678879e-01,1.680336e-01,1.682463e-01,1.681536e-01,1.686297e-01,1.685175e-01,1.686657e-01,1.688817e-01,1.693453e-01,1.694769e-01,1.696772e-01,1.698101e-01,1.696776e-01,1.701268e-01,1.699968e-01,1.704687e-01,1.706047e-01,1.704713e-01,1.709674e-01,1.708532e-01,1.710328e-01,1.711906e-01,1.711152e-01,1.713127e-01,1.715109e-01,1.714381e-01,1.716761e-01,1.716201e-01,1.722061e-01,1.721723e-01,1.724326e-01,1.726938e-01,1.726965e-01,1.729783e-01,1.729839e-01,1.732865e-01,1.733090e-01,1.736126e-01,1.736380e-01,1.739426e-01,1.739851e-01,1.743106e-01,1.743560e-01,1.743986e-01,1.747253e-01,1.744110e-01,1.744565e-01,1.745190e-01,1.748458e-01,1.748885e-01,1.749341e-01,1.749968e-01,1.750395e-01,1.747978e-01,1.744871e-01,1.745297e-01,1.742898e-01,1.740308e-01,1.734407e-01,1.734859e-01,1.732296e-01,1.726969e-01,1.721166e-01,1.718647e-01,1.713434e-01,1.707533e-01,1.702168e-01,1.699707e-01,1.691052e-01,1.685790e-01,1.677301e-01,1.672124e-01,1.661181e-01,1.656103e-01,1.645178e-01,1.640195e-01,1.632131e-01,1.624963e-01,1.617071e-01,1.607022e-01,1.602456e-01,1.592592e-01,1.585179e-01,1.578429e-01,1.571151e-01,1.561680e-01,1.557398e-01,1.548097e-01,1.543874e-01,1.536923e-01,1.527692e-01,1.520709e-01,1.513791e-01,1.506935e-01,1.502780e-01,1.495845e-01,1.489151e-01,1.480488e-01,1.473932e-01,1.471942e-01,1.465462e-01,1.461010e-01,1.452173e-01,1.447992e-01,1.441724e-01,1.439820e-01,1.435525e-01,1.431082e-01,1.426839e-01,1.420582e-01,1.416401e-01,1.412073e-01,1.405942e-01,1.399863e-01,1.393376e-01,1.389193e-01,1.380869e-01,1.375000e-01,1.370913e-01,1.366849e-01,1.358950e-01,1.354955e-01,1.350982e-01,1.347032e-01,1.341015e-01,1.335473e-01,1.329557e-01,1.325728e-01,1.321920e-01,1.318133e-01,1.312367e-01,1.308639e-01,1.303118e-01,1.300994e-01,1.295375e-01,1.293275e-01,1.289252e-01,1.288537e-01,1.284541e-01,1.282473e-01,1.279860e-01,1.279151e-01,1.273163e-01,1.273955e-01,1.269880e-01,1.267310e-01,1.265129e-01,1.264050e-01,1.261716e-01,1.257545e-01,1.253188e-01,1.250886e-01,1.248220e-01,1.244128e-01,1.240059e-01,1.239216e-01,1.231989e-01,1.227831e-01,1.225601e-01,1.221635e-01,1.216160e-01,1.212247e-01,1.208705e-01,1.201299e-01,1.197813e-01,1.194003e-01,1.190370e-01,1.185297e-01,1.178462e-01,1.176530e-01,1.171721e-01,1.168368e-01,1.165034e-01,1.161718e-01,1.156861e-01,1.154827e-01,1.151721e-01,1.149705e-01,1.146627e-01,1.141735e-01,1.141425e-01,1.137933e-01,1.134922e-01,1.131926e-01,1.130129e-01,1.125535e-01,1.123759e-01,1.123153e-01,1.120224e-01,1.118465e-01,1.112386e-01,1.110804e-01,1.109076e-01,1.107354e-01,1.102812e-01,1.099994e-01,1.097192e-01,1.092872e-01,1.091202e-01,1.086659e-01,1.083928e-01,1.079715e-01,1.077939e-01,1.072173e-01,1.071598e-01,1.067480e-01,1.063404e-01,1.061679e-01,1.056089e-01,1.053369e-01,1.049394e-01,1.047723e-01,1.041436e-01,1.038793e-01,1.035911e-01,1.033296e-01,1.027060e-01,1.024346e-01,1.020594e-01,1.017925e-01,1.011870e-01,1.007002e-01,1.003249e-01,1.001425e-01,9.952994e-02,9.926017e-02,9.886700e-02,9.858618e-02,9.796371e-02,9.748543e-03,9.748543e-03,9.748543e-03,9.748543e-03,9.748543e-03,9.748543e-03,9.748543e-03,9.748543e-03,9.748543e-03,9.748543e-03,9.748543e-03,9.748543e-03,9.748543e-03,9.748543e-03,9.748543e-03,9.748543e-03,9.748543e-03,9.748543e-03,9.748543e-03,9.748543e-03,9.748543e-03,9.748543e-03,9.748543e-03,9.748543e-03,9.748543e-03,9.748543e-03,9.748543e-03,9.748543e-03,9.748543e-03,9.748543e-03,9.748543e-03,9.748543e-03,9.748543e-03,9.748543e-03,9.748543e-03,9.748543e-03,9.748543e-03,9.748543e-03,9.748543e-03,9.748543e-03,9.748543e-03,9.748543e-03,9.748543e-03,9.748543e-03,9.748543e-03,9.748543e-03,9.748543e-03,9.748543e-03,9.748543e-03,9.748543e-03,9.748543e-03,9.748543e-03,9.748543e-03,9.748543e-03,9.748543e-03,9.748543e-03,9.748543e-03,9.748543e-03,9.748543e-03,9.748543e-03,9.748543e-03,9.748543e-03,9.748543e-03,9.748543e-03,9.748543e-03,9.748543e-03,9.748543e-03,9.748543e-03,9.748543e-03,9.748543e-03,9.748543e-03,9.748543e-03,9.748543e-03,9.748543e-03,9.748543e-03,9.748543e-03,9.748543e-03,9.748543e-03,9.748543e-03,9.748543e-03,9.748543e-03,9.748543e-03,9.748543e-03,9.748543e-03,9.748543e-03,9.748543e-03,9.748543e-03,9.748543e-03,9.748543e-03,9.748543e-03,9.748543e-03,9.748543e-03,9.748543e-03,9.748543e-03,9.748543e-03,9.748543e-03,9.748543e-03,9.748543e-03,9.748543e-03,9.748543e-03,9.748543e-03,9.748543e-03,9.748543e-03,9.748543e-03,9.748543e-03,9.748543e-03,9.748543e-03,9.748543e-03,9.748543e-03,9.748543e-03,9.748543e-03,9.748543e-03,9.748543e-03,9.748543e-03,9.748543e-03,9.748543e-03,9.748543e-03,9.748543e-03,9.748543e-03,9.748543e-03,9.748543e-03,9.748543e-03,9.748543e-03,9.748543e-03,9.748543e-03,9.748543e-03,9.748543e-03,9.748543e-03,9.748543e-03,9.748543e-03,9.748543e-03,9.748543e-03,9.748543e-03,9.748543e-03,9.748543e-03,9.748543e-03,9.748543e-03,9.748543e-03,9.748543e-03,9.748543e-03,9.748543e-03,9.748543e-03,9.748543e-03,9.748543e-03,9.748543e-03,9.748543e-03,9.748543e-03,9.748543e-03,9.748543e-03,9.748543e-03,9.748543e-03,9.748543e-03,9.748543e-03,9.748543e-03,9.748543e-03,9.748543e-03,9.748543e-03,9.748543e-03,9.748543e-03,9.748543e-03,9.748543e-03
